example/E5 - XRays/X-ray-tomography/rastert_juap25.txt
ncols         356
nrows         356
xllcorner     -0.5
yllcorner     -355.5
cellsize      1
NODATA_value  -9999
[rows 210 to 251 of 356, columns 188 to 281 of 356]
136 140 151 149 150 154 158 138 140 158 158 135 109 132 157 159 166 171 169 165 159 158 167 168 167 172 159 151 143 130 136 153 160 156 160 176 170 161 157 160 172 170 169 171 172 172 173 172 170 162 163 168 163 167 155 156 168 169 163 164 159 157 158 157 149 128 117 130 127 130 128 127 119 85 61 50 48 51 51 52 82 123 137 140 109 65 59 76 129 163 164 171 174 176
145 141 142 138 146 148 145 138 150 160 158 137 124 149 160 161 156 161 167 164 159 158 166 170 161 165 155 148 144 141 146 144 144 151 160 174 165 164 169 166 172 176 170 172 172 164 173 180 181 163 162 166 158 172 174 160 161 170 163 160 164 166 163 161 151 131 124 125 108 103 107 109 117 110 93 67 42 30 26 44 83 115 131 134 108 72 69 97 145 165 162 170 173 174
154 147 140 140 150 146 132 137 148 151 141 132 140 158 153 161 164 169 169 155 151 155 161 166 156 158 157 157 150 143 141 129 130 146 161 173 164 167 176 176 169 170 170 174 174 168 170 169 173 166 166 173 168 172 178 167 157 163 163 159 163 162 154 149 139 131 131 118 89 81 83 89 107 120 120 87 45 24 30 57 94 118 127 134 117 89 93 124 156 168 167 175 180 182
150 151 150 150 147 150 146 148 154 144 129 136 147 155 151 153 159 165 164 149 151 160 161 168 163 161 155 156 150 139 136 130 138 148 158 167 175 172 169 175 169 163 165 171 172 172 179 173 166 167 171 167 164 165 164 173 169 166 163 163 157 148 146 143 138 134 130 108 87 84 86 92 106 120 124 106 70 38 42 72 112 126 121 128 127 115 122 144 163 172 178 186 184 184
139 139 141 152 153 151 150 151 164 147 138 150 154 154 144 129 135 143 148 150 154 157 155 164 163 166 159 154 153 142 130 132 142 141 149 164 179 168 162 170 167 168 167 167 168 168 172 168 163 167 176 164 170 172 153 161 169 171 162 156 151 136 142 143 141 137 123 104 95 95 101 105 102 103 114 126 114 79 66 91 119 109 94 111 125 130 143 159 170 173 179 178 178 177
137 137 133 141 143 143 143 147 156 141 149 162 160 143 120 115 132 137 140 142 142 152 148 151 156 163 157 154 153 143 137 141 144 144 146 159 170 167 165 167 173 175 170 163 159 160 164 169 167 164 175 171 175 178 166 160 160 164 159 152 144 122 124 137 150 144 115 92 83 89 98 106 100 100 110 127 128 110 106 111 104 77 56 79 118 146 164 166 168 172 173 171 175 172
124 128 132 134 138 148 146 145 140 132 152 161 159 147 133 128 131 133 142 139 138 149 147 149 157 159 153 149 146 143 145 155 149 154 154 153 159 172 175 166 166 168 168 168 166 167 170 168 171 167 168 173 169 166 162 156 149 148 153 153 137 108 110 130 140 132 105 77 72 89 93 105 115 125 134 142 128 113 125 115 85 66 54 69 118 152 170 171 165 172 173 172 174 176
115 124 140 142 141 142 135 137 144 147 156 145 146 153 147 143 146 140 141 140 144 140 149 147 146 143 154 160 151 149 149 161 158 159 161 156 155 165 169 168 170 170 163 167 171 168 161 160 174 169 176 182 169 151 145 147 146 140 148 150 136 119 121 128 127 119 102 73 67 84 102 124 140 144 148 153 125 105 118 111 92 90 92 89 111 140 162 175 169 171 171 167 168 177
128 133 140 146 141 127 130 143 152 163 162 142 136 139 153 153 158 153 144 143 146 141 147 136 139 144 144 150 144 141 142 151 152 149 156 164 156 156 157 165 166 169 163 165 171 170 165 165 164 157 169 170 164 153 146 153 155 146 149 149 143 139 134 142 136 110 95 69 62 65 95 123 140 154 155 154 143 123 117 116 119 127 133 118 120 139 156 164 163 163 163 164 168 176
138 140 148 156 151 132 128 146 151 159 157 142 133 119 152 159 155 152 143 144 147 144 146 134 131 142 141 142 141 142 146 146 148 146 147 159 159 157 154 161 162 162 162 167 171 168 166 160 160 161 157 149 152 150 140 149 153 148 147 142 145 147 142 155 140 102 83 69 63 41 61 107 137 155 165 161 156 145 130 121 131 140 138 129 134 139 147 154 161 157 157 164 170 174
144 153 166 164 162 144 119 128 147 158 153 144 140 116 139 150 155 155 147 147 156 152 148 138 129 139 148 153 146 144 148 137 136 144 151 156 156 158 160 159 152 161 165 156 152 157 159 159 165 158 145 134 139 149 136 128 138 148 147 137 135 141 147 155 134 105 95 90 75 34 42 97 135 140 148 151 150 157 149 132 128 134 139 136 138 138 139 148 156 153 161 163 164 169
130 148 166 162 157 141 105 112 151 165 154 142 131 116 136 148 152 146 143 145 153 155 152 155 142 145 156 156 145 144 142 143 148 149 149 153 149 148 151 147 145 156 159 146 146 157 161 165 158 147 140 135 138 149 139 121 134 141 143 140 139 144 157 163 140 119 112 101 67 34 40 78 123 139 146 147 141 150 147 134 124 133 137 130 136 139 140 142 146 145 152 156 155 154
138 143 151 143 137 137 108 117 151 165 153 147 133 126 144 147 148 144 132 133 138 142 149 158 143 142 154 147 144 146 142 150 152 141 133 142 156 140 124 125 139 140 137 126 120 123 139 157 153 145 140 141 139 146 145 134 140 144 142 142 146 151 162 168 146 128 123 103 66 49 51 72 112 131 139 143 141 140 140 144 149 136 123 123 138 139 140 135 139 141 133 130 135 137
155 145 146 140 131 138 135 131 140 160 149 150 138 133 150 148 138 146 142 136 136 134 142 147 142 146 155 148 145 147 150 151 156 144 140 135 143 131 118 121 131 133 125 105 97 108 135 156 154 138 137 138 125 136 145 138 139 137 137 138 139 146 148 153 142 131 122 110 94 76 55 62 96 115 125 131 139 134 137 151 157 132 116 126 141 141 142 134 131 138 130 128 138 136
159 142 141 149 148 150 158 146 143 152 145 146 144 143 150 150 136 144 145 138 144 144 149 146 148 150 142 140 141 151 155 152 163 153 152 136 135 141 128 141 146 142 136 120 119 141 155 165 161 142 138 140 130 134 144 144 142 138 139 144 143 148 156 151 137 125 122 125 128 116 73 59 91 115 126 128 126 121 121 136 140 127 115 120 138 145 146 139 136 145 144 138 143 141
152 144 140 149 155 158 156 149 153 140 137 141 140 147 152 155 148 154 156 143 143 148 146 138 148 156 143 145 148 155 160 158 158 154 150 139 144 151 140 151 148 138 131 115 117 151 157 158 157 151 142 144 142 130 136 151 156 160 156 152 151 148 153 150 129 123 129 137 134 128 101 89 108 119 124 128 119 111 120 137 132 115 97 109 140 143 139 134 132 141 147 138 134 131
149 155 153 154 156 158 155 146 150 143 135 137 142 152 153 158 164 159 155 145 148 163 155 151 156 157 154 160 159 156 161 161 157 162 155 145 146 155 149 152 132 104 89 86 112 145 150 152 152 151 146 147 147 137 140 159 165 170 164 150 136 123 130 141 131 130 116 115 123 128 120 106 109 108 112 119 118 126 143 151 144 126 104 115 135 137 138 134 122 129 139 130 121 111
143 144 156 160 160 158 153 139 135 139 140 146 156 160 145 152 169 152 143 146 158 172 167 169 174 167 155 153 149 150 157 157 157 159 154 152 151 160 143 138 100 55 56 82 120 132 144 147 151 151 145 149 154 161 156 159 158 162 158 142 122 117 132 141 142 140 108 100 111 113 107 97 97 94 104 120 128 138 143 151 150 142 130 128 128 135 137 133 121 118 129 127 112 99
146 142 155 162 158 159 156 140 130 139 153 164 170 171 147 141 155 157 158 158 173 173 166 173 173 174 152 133 136 149 158 157 162 163 155 158 157 156 134 120 82 54 85 123 135 134 142 140 159 162 142 140 153 167 163 158 146 148 144 128 115 121 138 149 157 157 132 122 114 95 91 85 84 93 115 137 138 136 135 143 146 144 137 124 123 129 128 128 127 124 133 138 122 110
142 145 153 163 160 148 144 135 131 159 169 170 168 164 150 131 138 157 163 161 177 177 170 176 167 172 157 147 156 154 156 151 150 153 148 147 140 147 124 90 77 92 125 148 144 138 144 146 161 170 161 155 153 154 162 160 150 159 148 140 136 139 142 152 159 158 145 141 121 91 90 91 90 102 124 144 144 139 137 142 145 141 134 123 125 132 126 132 141 136 140 145 133 118
140 130 145 148 144 139 135 128 128 156 169 163 161 162 151 132 141 155 160 163 172 177 169 168 166 164 158 160 160 154 149 137 128 142 148 141 133 138 131 101 95 122 142 157 152 144 149 153 153 163 165 164 157 150 154 157 154 159 155 163 164 163 159 161 156 153 150 147 134 110 116 124 115 104 114 133 138 131 130 143 150 142 132 130 133 133 123 136 150 145 140 150 145 130
136 127 147 147 149 153 146 140 142 161 171 159 160 162 145 136 145 158 165 168 178 180 167 167 173 161 144 148 150 142 132 138 127 129 142 137 135 133 141 121 104 123 140 159 151 140 146 157 153 156 151 152 154 147 155 162 157 154 152 162 164 171 171 170 164 162 160 144 140 137 138 136 131 119 110 118 131 131 133 139 137 134 125 130 134 125 122 136 147 147 142 150 146 135
143 136 145 153 161 152 153 154 154 168 167 153 161 158 141 144 156 169 175 169 172 174 165 168 170 155 127 132 143 151 142 148 134 114 128 137 130 108 109 110 116 132 132 140 129 120 139 151 147 147 141 132 113 102 127 149 153 161 162 160 158 169 163 162 163 163 164 151 153 155 156 154 148 141 134 131 136 136 131 116 109 106 109 121 128 131 131 137 136 133 130 141 143 133
147 150 151 150 150 146 141 142 150 163 165 154 156 147 138 139 161 172 167 163 177 178 177 172 150 133 127 136 152 163 153 151 143 127 137 151 137 100 78 85 124 140 125 132 133 124 135 138 138 149 138 107 76 75 109 139 155 166 170 166 162 168 162 165 163 161 162 151 147 153 169 170 155 141 144 138 133 131 122 92 73 73 88 108 121 129 130 137 138 122 109 119 127 121
147 152 147 137 137 143 130 134 148 152 154 144 142 142 147 154 173 178 169 170 181 172 164 145 112 90 102 117 145 153 149 153 153 146 153 165 142 114 83 73 113 134 129 141 138 130 135 128 114 126 117 85 76 96 119 140 151 151 156 161 166 168 167 164 154 146 150 140 144 153 159 158 147 141 139 131 127 125 110 81 77 94 109 120 120 124 129 136 136 121 111 109 114 112
149 151 146 147 145 144 142 138 135 139 144 143 150 152 155 166 177 186 175 169 174 165 145 117 78 45 57 82 119 133 140 146 133 124 140 159 139 121 104 84 96 121 131 134 134 132 130 113 77 76 96 90 101 128 134 139 148 149 155 162 166 160 163 161 149 140 140 139 152 156 153 158 158 150 144 139 129 125 111 90 106 136 142 133 117 120 125 120 114 116 121 119 125 122
152 151 143 146 147 146 153 148 137 123 119 133 142 153 161 169 169 176 173 167 176 162 124 96 64 38 55 94 124 133 143 150 118 109 129 145 138 133 127 102 93 111 127 121 127 136 137 119 83 67 101 126 131 144 147 145 148 146 148 156 159 150 153 157 148 140 136 139 147 142 148 156 156 151 149 147 142 140 131 117 129 153 143 131 123 128 127 115 103 109 128 138 142 141
159 154 145 138 134 142 150 150 143 122 100 124 141 157 174 170 170 181 180 170 168 149 113 90 65 50 74 115 137 152 162 164 139 126 128 124 116 126 132 115 105 104 122 128 127 139 141 121 102 87 108 136 135 151 162 158 156 147 147 155 159 147 146 162 162 149 137 133 132 122 135 146 151 152 153 148 145 154 148 135 139 150 140 127 131 140 132 125 113 118 139 146 142 137
159 148 151 139 132 145 147 148 138 121 95 106 132 154 170 167 173 172 174 171 163 149 123 88 65 74 109 142 149 163 169 167 162 154 140 117 95 101 121 125 128 116 121 127 123 139 132 104 95 87 96 121 125 144 158 156 151 152 162 161 161 146 140 161 163 150 140 132 117 104 124 140 146 148 148 143 146 158 147 143 148 145 139 126 136 150 140 136 130 131 134 128 126 130
161 158 161 142 141 145 128 132 128 120 106 93 117 152 165 175 174 168 172 173 167 134 87 64 67 103 135 153 162 166 172 173 170 171 152 121 105 101 109 125 143 137 123 115 119 137 120 107 98 87 102 130 139 140 145 144 129 148 164 156 151 139 140 155 149 143 141 138 124 116 134 138 140 151 149 142 140 141 132 134 138 134 133 128 139 154 152 150 142 132 128 118 111 125
157 166 163 153 155 142 125 142 142 134 135 107 106 148 163 171 169 169 166 166 161 114 56 51 92 140 152 162 168 168 169 170 173 172 162 144 133 128 119 117 134 144 142 125 115 134 133 137 130 115 120 139 153 142 138 136 130 152 163 156 157 144 140 141 129 135 142 146 139 131 138 140 140 151 150 144 139 138 134 130 131 128 132 137 145 156 158 158 145 135 139 123 114 134
150 169 170 163 160 149 144 150 151 150 152 127 110 138 162 170 167 167 163 163 154 118 63 52 110 157 162 173 160 150 162 170 170 170 172 167 150 152 148 127 131 138 147 138 121 139 144 140 137 127 121 128 147 146 139 130 140 160 163 155 160 152 136 120 110 129 140 129 108 104 121 141 147 151 148 142 148 149 139 137 133 135 135 132 145 157 153 154 148 135 134 128 124 143
148 156 157 153 151 149 146 143 150 150 149 138 133 143 160 169 162 167 169 168 150 115 64 69 124 155 165 169 160 142 154 176 169 162 171 174 159 158 159 137 128 125 132 127 132 150 145 139 142 136 129 129 144 151 141 128 143 150 157 161 160 159 140 112 101 125 139 121 90 91 121 150 155 155 148 145 148 141 134 141 141 144 147 135 134 142 141 141 143 138 133 129 121 127
148 146 145 132 141 148 140 145 156 149 150 139 147 147 148 152 152 164 166 167 148 112 73 91 132 152 164 164 172 167 162 174 171 161 169 179 173 166 157 142 132 125 123 120 134 141 141 146 154 151 149 147 149 151 135 122 141 146 154 170 170 165 149 122 115 131 142 135 117 109 127 151 153 155 153 157 152 136 129 136 138 139 151 138 131 139 139 141 138 138 139 133 120 117
151 157 154 136 136 138 141 153 151 141 142 137 152 147 129 121 132 148 155 155 141 106 80 105 135 154 170 172 172 179 171 169 171 173 179 179 167 162 156 143 137 133 121 123 142 142 137 148 159 163 165 157 152 155 151 134 141 144 149 168 170 168 161 147 146 145 151 151 149 136 135 149 154 158 159 159 153 141 121 123 122 119 138 140 138 142 139 137 130 136 142 135 120 112
137 139 143 139 138 134 134 147 150 152 146 142 150 148 137 130 127 129 140 137 126 104 101 130 153 157 163 173 175 174 171 172 168 168 173 176 169 166 154 135 135 138 131 134 142 153 151 158 165 165 163 165 164 158 168 161 157 149 151 164 164 172 171 159 160 154 158 158 158 151 148 149 150 156 161 158 149 138 118 115 110 96 118 143 148 142 132 131 125 131 139 132 123 120
132 128 143 143 148 153 145 150 154 165 154 147 146 133 134 143 140 139 149 142 126 108 117 152 170 164 158 164 178 176 171 176 166 167 170 175 170 167 155 139 134 131 134 149 144 158 165 163 165 166 160 163 165 159 167 162 154 152 159 166 168 176 170 157 161 157 159 158 150 145 146 143 145 153 156 154 147 124 99 98 106 93 104 136 147 134 126 127 128 129 133 132 131 134
129 135 154 154 141 142 149 154 157 164 151 147 147 136 135 139 147 148 146 146 140 117 129 157 160 162 162 153 164 170 157 169 165 163 170 174 169 171 151 125 106 99 116 148 150 159 168 166 165 170 166 164 164 162 165 166 158 161 170 170 168 176 177 168 168 165 162 153 139 131 132 137 139 140 134 135 137 109 83 97 115 105 103 122 132 123 118 134 141 136 133 129 127 135
137 139 151 160 150 144 143 138 138 154 157 156 152 145 153 156 156 158 153 159 148 119 124 146 154 157 148 142 151 159 149 160 159 149 160 169 165 164 147 118 98 98 118 147 157 162 169 163 162 174 168 168 172 166 167 171 163 165 175 174 167 171 173 163 165 168 161 156 149 139 144 149 143 129 103 91 99 80 73 109 133 122 114 124 132 131 129 146 147 133 125 113 110 125
137 132 140 150 150 151 137 125 119 137 155 165 167 162 166 165 162 163 157 155 146 130 120 140 158 157 146 141 145 155 156 161 153 142 151 161 157 147 145 139 131 131 141 151 160 164 167 160 168 182 176 172 175 169 170 171 168 167 171 170 164 163 168 171 169 166 166 165 165 166 165 164 158 134 93 57 54 44 51 101 141 144 135 140 146 149 149 151 138 116 105 98 97 109
137 126 130 138 143 144 136 141 134 150 163 173 173 170 162 159 165 161 156 152 156 145 116 129 144 150 159 159 160 164 161 167 168 162 164 169 171 159 154 149 141 140 148 153 163 167 170 166 168 175 175 169 163 165 177 176 166 163 161 164 167 170 173 174 169 169 174 178 175 171 162 164 160 148 113 71 48 37 51 100 146 162 161 164 165 167 161 159 147 124 106 100 96 94
139 122 124 140 141 137 145 148 142 155 165 176 171 169 164 160 166 164 165 163 167 156 137 148 134 130 151 161 167 167 164 168 172 173 169 166 175 171 157 147 127 131 144 149 165 165 169 172 174 174 171 167 166 171 178 177 170 174 167 162 171 177 175 175 170 173 176 174 175 172 168 169 163 154 133 95 65 56 77 116 152 167 164 165 168 169 164 168 164 152 139 127 110 83
