example/E5 - XRays/X-ray-tomography/rastert_juap11.txt
ncols         356
nrows         356
xllcorner     -0.5
yllcorner     -355.5
cellsize      1
NODATA_value  -9999
[rows 168 to 209 of 356, columns 0 to 93 of 356]
255 153 160 161 159 158 160 164 166 165 168 169 169 175 175 173 171 169 167 168 169 174 171 170 169 164 151 142 148 149 143 149 147 141 149 150 145 145 147 142 137 136 133 138 145 156 155 142 145 147 135 125 135 146 140 141 144 146 151 159 152 154 155 157 149 144 147 148 150 147 157 166 163 160 170 167 158 156 159 169 172 162 160 159 158 166 161 158 137 109 112 128 126 101
255 151 152 155 159 161 161 163 169 171 173 172 170 173 169 163 164 167 165 164 168 170 167 166 159 155 148 137 144 149 143 144 146 155 161 153 144 140 141 143 135 132 142 147 151 152 148 141 143 146 137 129 139 150 142 140 144 141 146 154 158 158 152 151 149 143 145 150 144 147 156 158 163 163 166 173 166 156 160 157 160 158 157 164 159 159 166 161 134 105 109 127 131 102
255 158 160 164 167 169 168 163 163 165 168 172 173 170 165 168 170 167 166 164 165 161 157 160 162 158 151 141 147 153 153 143 135 145 152 146 140 140 148 157 152 142 144 141 146 150 144 141 142 147 146 139 142 146 143 141 147 145 141 146 156 154 148 154 154 139 135 136 134 139 151 150 161 164 160 162 164 164 165 151 152 167 165 168 167 156 156 163 151 134 122 117 128 107
255 155 164 168 164 162 169 170 167 164 162 166 170 172 168 171 179 175 169 169 170 162 161 157 161 163 155 151 151 146 147 145 138 138 136 140 141 147 152 154 159 157 148 134 145 150 152 151 141 139 138 136 134 138 144 141 140 146 149 146 144 141 136 141 145 136 133 134 137 148 153 146 150 158 162 157 152 156 168 166 164 172 165 167 167 168 168 168 161 153 128 116 122 96
255 141 155 165 168 166 166 168 172 171 166 162 160 167 171 172 171 171 171 173 174 169 164 157 156 156 154 160 156 144 138 138 146 152 142 143 142 149 152 148 154 154 145 142 154 157 152 153 148 142 142 137 129 137 143 142 142 143 149 148 138 133 130 132 129 127 135 135 131 149 151 152 154 153 165 172 165 165 160 159 163 163 158 157 150 159 164 161 152 140 130 126 123 104
255 140 149 162 168 168 166 166 166 166 163 164 166 171 171 175 176 172 170 168 166 166 161 157 153 148 147 152 153 148 145 140 148 153 149 148 149 152 155 148 144 143 142 149 152 156 153 154 157 152 151 142 136 146 144 144 147 141 138 140 137 136 139 140 132 133 140 138 139 149 142 138 149 150 153 168 172 174 171 161 160 163 164 161 154 155 150 149 154 141 140 133 129 127
255 152 155 164 166 166 167 170 170 169 166 164 167 168 166 171 177 174 167 164 161 156 155 158 159 152 142 144 143 137 140 143 149 148 145 148 153 152 152 146 139 137 137 147 148 150 152 153 152 149 148 148 150 153 149 145 141 139 142 135 133 134 132 135 138 149 149 143 152 153 142 133 145 150 152 160 165 163 165 167 167 168 165 159 159 160 150 145 153 144 138 133 135 136
255 156 157 160 162 162 163 170 171 171 170 172 171 167 169 167 166 169 167 164 164 160 154 155 164 164 158 158 149 134 135 140 145 154 148 141 137 144 153 153 143 134 134 138 143 144 143 144 155 158 152 147 142 143 146 146 143 139 146 141 137 139 135 137 137 146 146 147 156 155 150 153 159 164 157 152 156 161 162 165 172 176 172 164 163 160 153 147 144 140 142 147 147 144
255 154 155 157 159 158 157 159 161 162 164 168 171 170 170 167 167 170 166 160 157 154 147 147 165 161 151 153 152 142 148 149 144 150 152 143 129 132 139 140 144 143 151 149 147 149 144 137 153 162 156 148 148 153 144 138 141 143 148 147 149 145 138 145 144 143 148 154 162 159 152 163 158 158 156 151 153 165 168 163 171 172 174 165 161 154 144 143 139 135 136 142 147 151
162 158 157 156 159 161 161 155 156 161 161 164 168 172 172 170 166 166 161 158 155 149 142 148 166 160 151 145 147 149 154 152 151 150 152 153 145 139 128 125 136 140 143 146 145 149 146 130 133 152 162 161 157 159 150 138 138 146 152 150 151 144 141 147 144 144 153 155 157 159 158 165 164 157 155 161 160 153 149 152 162 159 161 165 163 152 137 148 149 140 137 136 142 148
255 156 158 163 165 163 161 160 162 164 163 163 162 160 166 165 155 155 155 153 148 140 138 145 155 157 153 145 138 138 142 142 145 151 159 160 162 159 148 144 140 135 136 138 139 148 150 138 139 154 157 152 146 147 154 150 146 145 147 144 139 141 148 137 125 130 143 150 157 158 161 164 159 148 146 154 154 147 143 151 163 163 160 167 165 156 143 148 147 142 140 133 132 137
255 158 159 161 163 159 162 165 162 163 164 160 160 161 164 162 152 145 144 149 144 133 130 134 144 151 153 148 139 131 130 136 139 148 159 160 164 166 162 159 153 145 149 143 130 131 145 154 162 164 165 158 150 143 149 146 140 136 137 139 136 134 130 109 102 118 129 140 157 161 160 159 156 145 146 142 138 138 135 144 158 155 152 161 159 155 150 145 149 149 136 128 126 130
255 161 159 157 151 147 155 166 168 163 158 159 160 161 161 160 155 143 143 151 145 138 140 138 140 143 150 152 146 134 127 137 151 157 161 164 169 168 163 160 156 152 150 152 146 131 136 146 155 157 162 163 152 146 143 142 140 138 147 147 145 139 126 110 111 120 126 139 143 145 157 165 163 150 151 144 139 146 141 136 141 139 142 148 147 149 143 143 159 161 148 130 128 135
255 158 160 163 157 150 154 160 163 160 153 151 156 157 153 152 153 151 150 140 132 135 140 135 133 138 143 152 147 131 128 140 153 160 162 162 165 167 167 167 162 156 143 144 149 142 139 146 156 165 154 152 152 148 147 152 148 146 154 142 140 142 134 128 136 143 142 152 148 147 148 151 155 153 151 140 136 137 138 135 128 121 136 141 133 138 145 145 155 158 154 130 130 144
255 158 158 160 162 162 164 158 154 158 157 152 153 148 136 142 151 148 146 135 129 136 144 136 133 146 151 148 143 135 127 132 149 158 157 160 158 157 161 162 160 162 148 140 140 140 143 149 149 153 155 151 148 141 143 149 146 147 152 144 137 132 126 126 134 143 153 154 142 144 133 132 158 173 164 143 142 141 140 141 133 119 131 134 133 141 149 147 153 153 144 131 131 137
255 152 156 159 162 160 158 155 154 157 158 155 150 138 129 135 151 153 143 139 138 133 140 144 143 147 146 140 140 137 133 138 153 161 161 169 167 162 154 145 146 155 154 151 142 140 143 143 141 146 156 158 161 157 148 141 140 146 149 148 141 131 117 117 130 132 143 149 141 139 126 135 169 179 166 155 147 146 150 139 123 115 116 111 134 143 147 145 147 152 150 148 145 137
255 147 155 156 159 159 157 155 153 148 150 150 147 142 142 144 153 156 149 144 147 140 135 143 146 141 136 137 141 143 145 144 140 147 157 159 155 159 158 152 146 143 145 152 144 140 144 145 137 144 159 167 173 175 159 148 150 147 144 142 137 135 121 112 125 136 144 149 147 147 145 150 166 175 169 171 156 146 149 135 125 128 120 112 135 138 143 145 148 156 156 150 145 130
255 150 148 146 150 153 154 161 156 145 147 149 145 139 140 146 151 153 155 149 153 151 147 148 150 146 134 129 134 145 148 143 134 131 142 149 156 162 161 160 158 152 152 155 149 142 138 143 143 143 164 183 180 186 175 162 159 147 145 146 129 137 143 138 135 143 148 147 152 151 147 147 158 180 181 177 162 147 144 141 141 144 134 121 130 143 149 152 148 147 144 137 135 115
255 156 143 134 137 145 153 164 159 147 147 152 150 144 142 141 144 151 153 146 148 152 154 152 151 151 151 151 146 150 149 146 143 139 144 153 158 160 155 151 155 162 162 153 153 153 146 140 143 150 175 185 178 193 186 155 142 139 136 136 130 142 146 142 142 155 155 147 152 147 142 141 154 173 179 174 162 153 148 151 149 142 141 139 140 154 160 155 149 151 146 150 139 95
255 155 145 134 138 147 148 149 149 150 152 142 143 147 148 141 137 136 130 133 139 147 152 151 149 153 162 163 156 152 149 143 144 146 149 151 152 153 154 155 158 161 159 156 160 157 156 150 142 148 172 190 193 198 184 143 132 138 132 125 129 135 136 136 132 148 161 154 150 151 157 147 140 149 165 171 158 149 143 149 148 143 147 157 152 149 155 149 153 164 156 155 144 92
255 155 155 149 143 145 145 143 146 149 144 137 141 147 150 153 152 149 129 126 131 133 144 150 151 155 156 152 150 147 139 140 152 149 143 143 149 154 154 156 159 160 161 166 169 156 153 150 144 151 158 169 177 175 162 132 134 148 147 133 133 138 142 142 135 138 150 155 158 158 157 140 129 137 142 145 147 148 145 145 144 146 148 153 151 151 155 155 156 154 147 145 129 90
255 155 158 158 151 149 149 143 143 144 138 146 147 145 146 158 162 163 148 135 136 134 139 145 144 149 151 151 152 150 142 141 151 148 141 136 145 151 152 155 160 160 162 166 169 161 155 148 142 148 150 152 150 141 140 137 138 139 149 149 150 141 138 140 146 150 146 143 142 150 146 130 123 133 137 134 144 160 160 150 150 156 147 141 148 155 147 144 158 164 155 148 127 111
255 153 155 155 154 152 149 145 144 143 137 135 136 143 143 150 156 157 150 137 142 141 142 143 142 142 147 149 149 150 148 139 136 145 145 139 148 139 132 137 146 156 160 153 148 151 150 149 146 140 143 150 149 141 148 145 137 131 141 145 153 152 149 147 148 147 143 138 137 147 144 136 132 134 138 145 147 147 145 147 150 151 143 139 149 152 145 146 158 161 163 150 132 142
255 145 149 149 149 146 140 135 140 144 137 132 139 154 151 146 146 151 150 141 147 145 142 137 141 142 147 147 145 148 152 150 145 147 144 139 143 138 141 141 147 159 159 150 152 160 157 153 151 148 142 134 135 138 151 144 134 138 145 145 153 159 155 150 151 154 145 139 145 147 144 135 132 136 139 141 139 142 145 140 145 151 150 151 147 143 141 150 155 142 149 148 140 151
255 141 146 152 151 145 140 134 141 152 147 140 144 152 150 147 144 143 146 148 153 150 147 136 130 134 143 146 146 143 143 148 149 144 140 138 140 141 132 122 133 149 143 132 129 137 144 144 138 142 142 135 139 141 145 148 141 146 152 153 156 153 153 156 163 168 144 127 136 145 135 117 119 138 141 136 133 141 149 140 143 151 153 149 143 149 146 143 148 145 150 149 143 150
255 141 145 156 155 143 134 134 144 155 155 142 138 145 149 146 140 137 142 141 136 136 139 140 136 138 144 144 136 135 145 146 143 142 143 137 136 136 107 95 116 133 124 95 76 91 125 139 128 128 133 122 125 138 140 144 141 143 150 160 162 159 159 165 159 154 145 139 136 138 131 126 130 144 145 144 145 140 135 138 142 144 149 149 144 149 148 141 145 146 151 149 148 148
255 144 146 155 156 144 137 140 148 152 155 149 149 155 149 132 126 134 146 148 140 140 138 135 140 146 147 138 132 138 151 151 144 138 142 142 137 133 121 120 129 135 129 95 65 82 126 139 126 127 131 118 102 105 126 140 150 154 157 168 171 164 151 151 154 151 140 130 127 129 133 133 139 149 145 147 157 144 141 150 145 141 141 146 146 139 138 136 134 135 141 143 149 152
255 146 140 138 143 143 146 149 148 145 149 151 156 154 137 125 134 139 146 152 151 152 149 145 139 140 148 143 143 151 153 152 148 142 144 146 144 140 137 142 146 141 131 117 108 112 126 134 138 138 139 132 106 100 126 140 150 158 163 169 165 157 151 157 162 143 114 105 111 120 136 141 142 153 161 156 159 154 159 155 142 134 127 124 135 140 141 140 140 136 142 148 155 162
255 255 133 125 141 145 144 144 140 140 142 145 152 147 136 129 144 148 148 150 152 149 143 145 143 139 142 145 142 142 144 151 152 152 155 159 155 149 148 149 152 149 146 141 139 141 134 127 137 144 154 152 137 138 137 143 154 158 161 161 161 150 140 149 143 118 98 102 111 121 137 154 155 156 164 159 153 151 153 149 145 143 146 138 150 154 148 151 153 149 150 148 151 163
255 255 138 127 142 144 141 140 136 137 140 145 151 149 142 138 142 143 151 156 150 141 145 146 145 147 141 142 141 142 149 154 156 161 161 165 162 158 161 161 158 160 163 163 147 143 134 115 110 127 149 146 149 163 150 153 161 161 156 159 169 154 130 136 135 117 105 116 129 134 136 149 157 156 152 146 146 149 149 146 148 147 154 151 153 150 147 150 147 153 150 140 138 151
255 255 152 142 147 144 143 139 132 132 139 147 147 143 143 144 143 145 152 154 148 138 144 145 141 144 136 134 137 141 147 146 155 163 165 169 166 164 166 167 170 172 169 175 164 148 128 104 89 110 140 142 153 163 162 166 166 165 162 164 164 153 140 145 140 116 101 115 138 140 134 144 143 141 143 142 150 160 157 150 147 144 149 147 150 147 144 142 128 138 146 145 150 159
255 255 147 142 144 143 142 136 129 129 133 138 141 141 144 151 155 155 148 142 141 145 146 143 143 142 139 145 144 140 146 151 157 164 170 170 167 170 170 170 175 177 170 171 169 151 132 119 106 114 137 149 158 168 166 162 162 158 166 164 150 151 144 138 122 98 94 105 120 127 129 139 148 155 152 147 147 157 169 161 154 151 148 145 151 145 132 132 131 136 146 152 153 162
255 255 145 142 146 147 141 142 140 136 134 137 142 145 140 140 150 150 151 147 142 143 143 143 150 147 147 154 151 153 160 164 169 170 168 166 163 167 170 169 171 170 164 161 154 145 139 130 121 129 148 159 165 169 166 167 164 164 166 162 153 152 142 127 105 68 63 93 121 129 140 152 163 167 161 161 160 159 161 156 151 150 149 148 152 150 140 135 149 154 150 148 149 154
255 255 152 146 146 147 145 149 146 147 144 144 151 160 150 134 135 141 144 138 141 144 140 139 147 143 139 147 156 169 176 175 175 170 165 165 165 168 170 165 167 171 172 170 160 156 150 139 123 136 160 163 165 168 168 172 166 165 149 144 146 135 130 118 88 50 55 101 140 153 156 162 161 162 170 167 168 168 158 160 153 146 144 142 146 142 142 144 155 154 146 135 133 136
255 255 155 145 140 141 147 153 152 157 156 150 150 160 156 140 135 142 148 143 146 150 140 136 138 129 134 154 167 171 170 170 167 162 165 170 171 171 171 165 170 173 169 170 162 157 159 143 122 129 148 160 165 164 166 166 161 155 140 135 128 117 122 114 99 86 94 121 145 158 160 165 157 160 169 164 163 174 166 157 144 142 145 151 147 135 141 146 146 134 107 93 117 135
255 255 150 145 145 143 142 144 149 156 158 153 147 152 149 148 149 145 139 139 143 144 143 148 148 145 157 165 163 167 168 174 168 166 164 165 169 173 180 177 175 167 161 167 165 155 141 112 113 133 144 164 166 160 161 165 167 157 140 131 117 107 118 132 139 136 134 145 150 153 160 162 159 162 165 169 164 168 164 155 147 150 152 146 141 132 132 141 143 128 108 111 133 142
255 255 255 150 152 145 137 137 144 155 157 150 142 143 135 130 132 114 107 118 132 137 141 145 140 151 171 169 169 172 172 177 174 173 164 163 170 169 170 174 174 171 169 162 157 154 127 82 93 133 147 161 163 162 172 178 171 160 140 116 104 101 120 146 150 148 157 166 163 166 168 166 159 153 156 170 167 163 162 159 154 153 151 137 131 126 120 126 135 127 123 136 144 151
255 255 255 153 145 140 142 145 149 155 152 144 138 138 120 97 87 77 100 126 138 141 143 146 140 149 163 168 170 170 173 177 175 169 162 162 167 173 174 169 172 171 172 168 159 155 125 71 77 129 154 165 167 171 171 168 163 162 148 117 93 90 126 151 150 152 163 163 155 165 170 170 168 162 160 167 165 162 160 161 159 151 149 137 133 129 121 119 130 133 125 132 142 154
255 255 255 148 134 137 146 150 152 150 144 141 139 139 115 83 71 78 115 138 148 151 151 152 154 158 160 165 171 166 166 172 176 175 174 160 160 175 176 170 174 177 176 170 165 162 133 80 69 117 147 156 162 168 162 156 157 160 152 118 80 84 128 143 152 160 163 164 160 159 156 157 160 162 161 163 163 167 161 162 154 141 149 146 144 142 141 140 142 151 147 148 147 149
255 255 255 151 141 138 138 136 136 135 132 134 135 131 112 92 96 117 135 137 146 153 152 152 155 159 161 165 171 171 169 174 177 173 169 153 152 168 170 168 169 173 171 170 167 159 142 98 74 106 145 148 147 155 161 166 160 158 147 107 69 80 123 144 156 158 159 165 160 164 165 162 159 163 164 164 160 160 157 161 144 119 128 137 139 141 148 158 159 156 153 155 145 144
255 255 255 157 155 153 150 143 123 111 113 122 138 143 134 128 132 142 140 129 137 151 159 162 160 160 163 164 165 169 172 173 170 170 170 165 156 161 167 168 170 170 163 164 169 160 156 126 91 101 143 161 159 161 167 167 160 160 148 95 59 82 126 150 163 167 162 160 155 158 168 165 164 169 161 167 164 162 155 149 143 121 117 132 141 146 146 149 154 151 146 144 143 146
255 255 255 155 151 151 148 145 127 112 112 125 142 150 154 154 152 152 147 138 145 154 159 160 164 165 163 167 172 174 172 171 168 167 165 163 154 159 174 174 171 171 171 166 167 159 152 137 111 112 145 161 161 165 168 160 152 152 138 90 66 101 135 149 159 161 162 161 154 150 156 154 157 170 173 181 167 160 159 153 146 130 119 129 139 145 139 145 150 147 159 153 157 158
