example/E5 - XRays/X-ray-tomography/rastert_juap41.txt
ncols         356
nrows         356
xllcorner     -0.5
yllcorner     -355.5
cellsize      1
NODATA_value  -9999
[rows 42 to 83 of 356, columns 188 to 281 of 356]
141 134 131 132 141 147 151 154 154 150 142 135 131 118 122 134 132 134 140 146 146 147 145 140 141 143 147 146 142 133 122 112 78 48 71 107 123 140 143 135 133 148 150 144 147 142 145 144 144 141 146 148 143 145 154 157 160 158 154 149 144 144 146 142 136 136 138 131 131 144 142 137 139 136 139 143 151 151 151 146 139 135 126 121 120 125 137 150 155 156 155 152 159 168
140 144 141 138 140 139 141 143 154 154 148 143 136 125 123 130 128 130 135 144 136 140 134 136 145 145 144 147 144 134 127 111 75 60 92 126 135 147 151 145 141 147 141 139 149 144 143 149 147 145 150 150 143 140 154 158 159 161 160 153 141 134 135 137 131 138 142 131 135 147 142 141 138 131 133 145 154 151 151 151 151 151 143 135 133 137 146 151 156 158 156 156 168 173
144 153 148 145 140 135 134 137 157 158 148 145 141 138 135 138 138 132 132 147 141 140 140 151 153 149 146 145 134 134 136 108 82 82 110 134 136 150 153 146 143 146 137 138 145 142 150 151 145 148 151 153 144 144 156 159 157 158 163 157 144 138 136 138 138 141 144 140 147 150 148 148 133 122 126 139 145 144 149 155 158 160 152 144 142 146 148 153 160 163 161 162 172 168
146 154 154 153 138 127 133 132 145 150 141 136 142 147 146 145 143 138 141 150 149 149 153 161 157 159 154 145 131 131 137 108 93 102 122 133 136 151 148 141 140 145 139 133 140 142 150 147 146 149 149 149 143 148 153 159 161 162 160 156 147 141 139 140 140 135 140 148 156 150 148 143 129 126 129 135 139 142 149 154 162 160 154 148 147 147 148 158 164 170 161 160 167 164
141 148 150 146 135 127 136 130 127 138 142 132 136 140 140 135 128 131 144 147 149 150 153 160 159 161 157 145 128 126 126 102 96 109 125 131 137 148 142 143 141 139 139 139 141 140 146 140 145 143 138 139 142 152 152 153 157 160 156 154 148 140 139 139 136 127 136 150 153 147 146 142 137 144 144 139 138 138 135 141 154 148 148 149 148 147 153 161 167 171 161 159 162 161
135 146 141 135 136 137 142 134 127 138 145 135 136 142 141 126 117 128 139 137 139 136 145 159 161 161 160 145 123 123 118 94 95 112 124 129 136 141 141 148 141 136 141 143 142 139 145 140 146 139 134 134 137 148 154 149 151 161 157 153 149 148 143 140 139 132 138 153 156 149 146 145 149 155 148 139 136 134 127 131 138 140 144 145 145 152 157 164 167 171 165 161 162 165
139 145 138 137 136 138 147 142 136 143 139 135 144 149 144 129 126 135 134 133 131 126 143 157 157 160 158 145 129 126 115 83 85 109 120 129 140 141 139 144 138 137 136 141 144 146 154 150 151 141 139 144 139 143 151 150 150 161 160 158 158 156 150 147 145 137 137 151 151 147 146 149 157 150 143 138 137 135 127 115 122 133 137 144 146 154 159 162 164 170 168 167 168 170
140 148 144 140 138 135 147 149 138 141 134 134 149 151 140 129 130 137 138 141 126 123 144 150 147 151 148 138 130 129 115 90 92 116 127 136 144 142 142 139 137 136 134 143 144 147 155 153 151 145 146 152 143 141 148 151 152 156 160 165 165 167 160 156 149 139 130 137 140 141 142 151 153 143 145 143 138 137 125 109 112 122 133 142 149 158 160 163 163 167 170 170 172 172
138 142 145 146 145 139 145 148 134 127 127 131 142 141 137 135 137 143 138 139 131 134 152 152 146 142 134 132 131 130 121 108 111 121 135 146 142 141 148 143 147 143 143 147 144 149 153 151 155 150 146 151 143 142 147 150 151 154 164 164 162 168 158 152 148 142 129 125 132 132 138 147 147 144 149 147 145 144 135 125 121 125 131 143 151 159 164 168 165 169 175 174 172 176
143 140 135 145 153 145 135 135 130 123 129 132 138 137 140 137 138 141 135 138 144 146 153 155 149 141 132 135 133 130 121 120 128 132 138 150 146 149 151 145 143 136 143 140 136 145 152 155 159 148 140 136 136 142 145 146 145 153 159 159 164 165 155 153 151 145 139 130 132 133 139 144 144 148 152 151 154 151 147 138 135 129 132 144 150 158 164 166 164 167 175 173 174 178
140 138 134 145 157 149 132 128 129 126 133 134 140 143 145 133 138 140 138 136 141 146 149 151 147 156 152 142 138 133 120 130 138 147 148 155 152 153 151 138 132 131 141 137 132 143 148 151 153 149 143 134 135 141 148 150 147 150 158 160 163 165 161 161 156 152 151 145 141 138 141 139 134 135 144 154 158 151 149 145 140 132 141 148 151 162 168 164 157 165 173 172 171 172
138 135 145 151 152 146 140 133 131 126 129 137 140 141 145 142 143 139 134 131 134 145 151 146 144 164 163 149 140 138 132 134 136 146 146 151 145 147 148 133 132 137 144 141 138 147 148 146 147 147 146 145 145 142 152 158 156 156 161 161 160 166 162 162 157 159 153 146 143 138 144 135 118 110 120 138 149 152 150 146 140 140 147 152 155 165 170 162 159 167 173 172 170 174
140 135 151 153 152 140 137 132 134 132 130 139 139 141 143 146 141 136 137 137 132 131 139 147 148 156 150 143 136 140 141 135 140 148 144 149 142 144 146 132 130 138 141 143 140 147 146 145 144 142 149 149 144 142 154 155 155 156 160 163 159 161 159 162 160 157 149 141 143 142 145 135 119 113 110 120 138 145 145 145 146 144 145 150 153 157 164 164 160 159 166 168 170 173
135 134 153 152 151 139 135 132 133 135 132 137 138 138 141 150 146 138 140 139 133 133 139 148 152 147 142 140 134 137 146 143 144 149 148 151 139 135 141 133 129 135 146 144 138 144 139 135 131 135 147 145 141 142 151 146 147 155 163 165 162 162 163 164 162 157 149 142 146 144 144 136 134 131 120 124 138 141 145 151 146 139 138 144 153 160 163 163 157 151 158 165 171 174
145 134 149 151 143 139 141 135 135 143 138 134 135 132 136 145 148 140 143 146 138 141 143 144 146 146 141 139 135 133 151 149 144 146 139 145 141 140 149 139 133 139 148 141 136 144 138 133 132 139 147 142 138 138 145 145 147 153 159 160 162 162 156 158 157 154 149 148 150 149 148 142 144 141 137 141 148 143 144 144 136 134 133 140 152 158 159 166 161 156 158 164 173 173
146 137 143 141 130 134 138 135 139 145 138 132 132 123 125 136 139 133 143 147 143 148 144 141 141 148 138 134 137 134 154 149 141 148 138 142 148 149 148 140 136 143 150 143 137 144 143 133 133 146 154 150 146 146 148 151 144 144 154 158 158 153 142 147 146 148 151 149 147 149 148 150 146 140 145 153 156 147 143 137 133 139 143 145 148 154 160 166 163 161 160 163 167 169
140 146 146 131 131 138 130 131 144 143 135 132 135 126 125 137 132 125 142 143 137 144 143 141 141 147 139 132 139 135 148 144 138 145 138 140 148 149 151 147 140 143 147 146 140 144 143 129 132 143 149 149 147 150 151 150 144 145 151 151 153 148 143 145 141 152 154 148 143 147 148 151 147 140 143 150 152 146 144 139 137 144 150 148 150 158 159 162 160 160 159 155 160 166
144 150 143 127 142 146 132 131 145 146 138 134 142 144 143 142 130 130 143 144 138 133 135 142 140 145 142 132 141 141 147 143 135 141 144 144 143 145 151 141 130 139 143 144 143 143 139 134 143 142 142 147 149 152 144 141 143 143 140 137 152 153 144 136 138 147 146 145 141 144 146 144 145 146 139 143 146 140 139 135 133 139 144 146 152 157 157 161 158 163 159 153 157 159
141 140 134 129 150 153 147 151 153 144 134 134 154 157 153 146 141 145 146 140 142 135 134 147 145 145 144 136 144 147 145 141 137 146 151 148 140 138 140 137 133 143 144 149 150 142 139 136 141 141 141 147 153 160 152 151 150 142 139 137 146 148 138 130 139 150 151 150 145 140 142 140 147 146 137 141 140 136 139 134 129 135 139 140 145 151 154 157 160 168 165 161 160 158
139 135 133 134 156 159 155 159 149 134 138 139 149 157 155 149 146 143 139 136 140 135 136 149 157 155 153 144 143 144 139 136 138 146 148 142 141 140 134 142 148 148 139 140 145 143 147 149 148 144 147 153 159 164 164 167 152 140 141 141 135 130 128 132 139 148 150 151 145 139 141 141 149 147 141 142 140 138 140 136 133 134 134 136 141 145 148 151 160 169 166 161 159 156
135 134 140 142 155 159 153 148 131 121 135 138 142 160 159 149 142 145 141 138 142 145 147 147 153 157 157 152 145 138 138 142 144 141 148 144 138 137 139 144 146 143 139 139 141 153 158 158 156 152 153 152 157 159 163 169 157 145 144 142 133 131 133 134 132 131 140 148 147 139 140 137 142 147 149 149 141 139 144 139 132 130 134 142 141 142 145 146 152 155 154 157 158 160
128 137 148 147 158 157 148 144 124 118 126 129 137 151 149 141 132 144 146 145 148 145 144 149 145 146 149 139 139 134 139 146 147 137 141 143 134 126 133 134 137 137 140 148 148 157 158 157 161 161 157 149 148 153 160 164 158 147 138 135 137 142 144 140 132 135 143 146 149 143 140 133 135 145 148 146 141 145 144 139 133 135 143 149 144 148 147 144 141 137 138 148 154 159
137 142 146 150 159 152 145 146 139 129 127 134 137 141 135 132 132 141 141 138 142 146 146 152 138 135 145 138 137 132 136 144 143 136 134 138 138 129 129 132 139 141 141 149 152 155 160 159 162 159 157 150 139 140 147 148 144 138 131 134 139 142 136 143 139 142 143 142 142 145 144 138 141 146 143 143 148 149 144 145 144 145 145 146 146 149 142 142 141 135 138 144 150 156
139 145 146 154 161 151 147 149 151 137 130 137 138 140 134 132 138 142 139 126 133 147 148 144 126 135 154 141 133 129 131 134 136 143 138 141 141 130 129 139 149 146 146 155 151 146 155 158 158 161 158 151 137 129 133 130 122 127 134 141 140 141 133 144 145 145 142 141 140 144 148 147 146 143 140 136 144 147 146 144 144 145 144 144 143 140 138 146 141 134 138 138 147 154
146 150 148 151 157 148 148 144 145 134 132 141 141 142 133 140 143 141 142 133 141 142 144 140 123 131 143 129 127 128 132 134 137 148 150 151 146 140 141 137 142 138 147 160 153 143 149 153 150 149 144 147 139 131 130 122 116 131 144 144 139 138 130 135 142 141 140 142 140 139 145 144 140 140 136 129 134 144 142 136 137 142 146 142 143 144 147 151 145 144 142 141 146 150
147 139 138 142 143 144 151 141 139 133 137 144 137 138 138 141 138 142 142 138 146 141 141 142 132 130 133 131 130 131 140 139 136 149 150 151 153 154 154 140 136 141 145 156 152 143 150 151 133 122 131 145 142 130 116 112 128 142 148 146 135 130 131 139 148 142 139 142 142 141 143 139 138 139 136 130 134 145 143 142 144 150 151 145 145 146 151 152 151 152 152 150 150 153
140 133 140 147 141 144 147 141 135 127 137 142 142 147 143 138 135 146 145 146 142 135 132 139 144 139 144 155 146 142 151 142 131 137 141 150 157 157 158 145 135 143 149 154 148 141 138 136 129 120 128 143 147 133 114 120 137 142 144 144 131 127 135 138 142 135 134 134 135 140 142 138 138 138 136 132 136 140 145 145 144 147 149 152 152 145 144 147 152 155 155 152 150 156
132 139 145 154 155 153 146 129 124 121 131 140 154 161 149 136 137 150 154 156 142 134 139 153 158 151 155 163 152 147 157 146 139 131 136 147 152 160 158 142 138 143 151 151 143 138 125 129 135 134 134 141 153 145 137 142 144 141 145 143 136 128 130 130 129 132 136 127 124 133 137 135 138 138 135 141 141 141 145 143 137 141 149 154 151 144 138 143 152 153 147 148 149 160
139 140 142 148 163 152 142 124 125 132 138 143 155 154 153 140 135 148 159 157 142 143 151 158 154 152 154 154 152 151 152 139 144 133 136 146 149 154 152 141 144 144 146 144 141 132 128 136 138 142 142 142 150 144 145 148 142 138 142 137 139 132 133 130 127 130 136 126 120 134 140 140 139 140 142 147 144 145 142 136 140 149 152 149 144 144 142 145 150 146 147 150 144 143
144 137 137 137 152 148 140 131 131 137 143 143 157 149 151 143 145 151 153 151 145 147 149 154 153 144 144 150 154 147 138 136 147 139 142 141 146 153 149 142 144 139 143 145 147 140 142 143 141 144 137 140 146 143 146 147 146 136 135 137 145 137 139 134 129 131 136 126 123 133 143 139 137 145 148 145 142 144 140 138 149 162 158 149 145 145 145 147 146 142 147 153 137 124
149 139 131 128 142 143 135 131 131 136 149 154 154 148 148 148 151 151 146 142 140 139 143 151 147 130 132 149 157 138 122 130 141 137 138 137 144 155 149 140 141 137 143 144 152 148 143 144 141 147 141 141 138 133 142 146 149 143 138 142 145 131 135 143 139 138 136 134 136 139 144 137 141 147 140 139 143 148 144 146 152 157 150 148 148 144 145 146 142 140 148 148 135 127
161 154 133 133 148 144 134 133 135 135 148 156 150 155 155 154 158 159 151 140 135 134 144 141 135 129 131 147 148 137 128 130 138 140 138 141 142 152 150 139 144 145 144 137 148 146 140 148 148 153 151 145 124 109 127 144 155 151 144 148 145 130 136 146 140 137 135 139 138 144 150 143 144 150 143 142 144 145 148 150 148 145 139 146 146 142 145 147 146 138 142 143 135 129
162 157 136 139 143 142 144 150 147 142 145 154 156 156 158 162 167 165 153 146 145 138 148 138 137 143 138 142 136 133 138 142 151 152 138 131 137 146 149 150 154 158 154 141 141 136 140 157 154 151 145 135 108 97 127 146 159 157 153 150 145 136 132 125 125 136 130 129 130 138 144 141 143 148 148 147 148 144 146 143 140 137 137 142 140 140 140 139 140 131 133 133 129 123
156 139 122 140 144 148 160 165 153 150 150 157 158 155 157 166 167 163 163 159 155 145 154 142 141 143 137 137 135 125 134 149 156 152 136 124 134 145 157 161 164 166 157 142 138 134 136 146 143 140 132 116 92 93 132 152 157 164 162 156 152 138 126 121 123 131 120 121 121 125 136 141 141 143 144 145 149 143 142 135 138 143 143 138 136 135 133 128 127 116 121 132 137 125
145 119 121 147 151 148 158 156 152 158 159 159 155 159 163 167 163 156 163 151 132 135 152 147 144 147 138 134 143 133 139 149 155 154 141 129 141 149 157 157 161 155 144 143 147 142 141 141 139 134 126 102 82 84 117 151 161 166 164 162 155 133 126 130 131 135 130 129 123 123 132 135 140 143 137 142 144 138 140 134 140 145 143 138 137 136 136 128 129 121 126 132 133 129
148 130 142 151 153 150 156 154 153 152 151 155 158 163 167 162 163 156 152 134 108 114 141 158 147 140 136 139 154 148 147 148 153 156 149 147 152 152 148 143 152 152 138 140 140 130 140 150 150 143 132 110 88 82 103 137 154 161 159 158 143 131 128 130 135 136 139 139 135 140 141 132 142 148 145 141 134 133 137 137 141 139 140 142 142 141 139 139 142 134 132 125 125 133
163 141 147 150 156 159 161 161 162 153 153 157 167 166 164 160 163 159 153 137 125 128 142 161 149 130 133 142 153 153 153 152 156 162 156 159 160 152 144 132 138 140 130 129 118 119 138 155 159 152 140 120 99 98 110 133 147 154 158 152 140 134 129 135 137 133 136 130 129 147 149 134 141 149 145 136 129 132 139 139 132 130 135 138 140 139 142 145 143 137 138 130 131 138
160 137 152 155 156 163 166 162 159 154 160 161 166 163 165 168 164 161 157 147 151 152 148 153 143 124 122 126 143 155 152 156 162 169 163 162 158 149 147 135 133 131 129 123 113 126 144 158 160 157 145 122 119 131 126 133 147 152 155 147 145 144 137 136 140 140 146 143 131 133 131 123 128 138 137 134 140 137 141 140 136 133 128 121 129 137 142 144 146 145 147 139 139 136
153 146 154 163 168 165 165 163 156 152 155 156 159 157 165 171 162 161 161 157 158 152 146 147 135 121 119 121 141 160 148 148 160 160 158 164 159 156 152 141 133 125 131 127 129 136 143 154 156 152 145 126 133 148 140 138 151 152 151 148 150 152 147 134 148 159 163 159 141 125 121 117 124 131 137 143 145 137 142 145 142 138 124 117 127 138 140 139 144 147 144 143 142 129
149 157 155 163 174 164 164 167 155 149 154 158 159 160 164 163 159 165 166 159 152 148 142 144 136 130 139 140 144 161 148 150 160 161 163 163 161 160 155 148 139 128 121 110 124 132 135 147 151 145 143 139 146 153 150 146 156 157 155 154 155 151 148 140 154 161 166 163 141 127 134 128 131 135 140 142 142 135 139 146 147 140 128 125 130 138 137 136 142 139 135 144 141 128
149 154 156 160 163 156 161 169 164 159 157 161 160 160 166 165 159 168 164 160 154 146 136 146 146 140 150 151 143 158 150 154 156 163 171 167 165 163 164 159 142 131 112 88 96 116 132 140 143 139 138 144 155 157 148 144 151 154 152 150 154 150 141 144 156 154 159 159 143 136 146 143 142 137 138 133 133 130 132 136 143 137 130 131 134 139 135 137 144 136 137 145 140 125
157 157 152 157 155 159 163 160 160 161 158 155 154 159 165 167 164 168 166 161 150 139 128 136 142 140 147 150 141 151 146 147 162 174 167 160 167 164 164 154 137 122 112 97 89 106 117 121 135 140 137 141 152 155 153 147 148 150 149 146 150 150 145 154 159 158 161 156 152 155 157 148 139 131 141 135 129 129 130 129 137 136 136 132 135 139 132 135 134 132 138 142 142 129
