example/E5 - XRays/X-ray-tomography/rastert_juap31.txt
ncols         356
nrows         356
xllcorner     -0.5
yllcorner     -355.5
cellsize      1
NODATA_value  -9999
[rows 84 to 125 of 356, columns 190 to 284 of 356]
141 144 144 144 142 155 151 142 149 150 140 131 139 147 146 145 149 153 147 143 147 151 160 160 152 146 154 159 157 157 159 152 147 139 147 157 144 132 133 133 134 135 126 133 144 138 137 115 106 120 134 142 137 122 120 121 115 114 125 128 134 129 107 94 109 131 137 132 119 125 132 123 136 149 149 146 151 165 170 167 161 156 148 141 140 148 144 139 146 153 151 147 140 148 147
143 148 152 155 146 139 149 147 153 160 153 136 138 140 142 148 144 143 145 143 148 150 161 158 140 136 147 150 154 158 154 146 143 138 142 149 140 142 142 137 142 134 127 135 135 135 134 117 122 133 139 143 142 136 133 136 133 134 132 128 141 138 118 104 112 128 128 129 128 137 139 128 138 147 151 151 153 165 170 168 162 160 158 148 141 145 140 131 136 143 147 144 138 149 151
148 152 155 160 147 132 151 152 155 159 156 139 140 145 145 148 136 139 148 148 152 151 155 158 147 143 147 143 151 150 145 144 143 148 144 136 138 147 140 133 137 128 125 135 134 132 127 121 125 126 133 143 139 137 136 137 132 124 120 131 141 133 128 123 129 133 127 132 129 134 138 140 148 153 158 152 152 160 167 170 166 166 158 149 146 147 146 140 138 141 150 153 147 154 157
157 158 160 161 151 134 153 159 161 161 157 150 151 152 147 147 134 139 146 147 149 145 153 163 159 150 142 139 152 152 155 150 137 150 145 135 140 145 140 137 134 132 133 135 135 132 131 131 125 131 141 142 138 135 134 128 120 112 121 140 142 134 134 129 137 136 136 143 140 141 146 146 153 161 160 158 161 162 163 168 164 158 151 152 151 150 152 154 152 153 163 161 154 161 164
158 153 162 164 154 140 150 165 157 154 156 157 158 157 149 151 147 149 149 144 147 142 148 155 165 155 136 136 145 143 153 151 135 144 139 137 140 146 149 138 124 127 120 116 129 131 135 134 132 159 163 151 138 128 125 121 120 122 128 135 134 130 131 123 128 134 138 148 151 151 148 149 163 167 161 165 165 163 158 159 156 149 154 160 152 153 153 153 157 159 164 160 158 163 162
144 147 158 165 154 140 151 164 151 153 152 154 160 157 153 154 148 151 153 145 150 143 136 141 161 161 149 143 143 133 138 144 143 143 139 147 150 149 150 138 120 115 104 105 128 131 126 127 138 174 182 172 144 125 120 120 126 133 135 136 134 128 130 128 128 140 147 152 158 156 154 159 166 165 163 161 153 156 155 156 155 150 160 163 158 161 155 154 159 157 162 160 163 165 161
128 135 145 156 151 140 149 161 154 153 145 147 155 153 151 151 148 151 156 149 151 146 134 140 153 154 146 143 144 137 136 133 137 143 148 155 154 150 146 145 127 117 112 109 121 134 135 130 145 174 182 168 138 124 125 125 128 133 135 134 136 125 123 132 139 152 154 154 158 163 170 167 166 163 159 158 155 158 153 153 156 160 161 161 161 164 159 158 156 159 166 163 166 166 160
131 136 140 148 147 145 147 158 158 155 154 150 148 150 150 151 146 142 153 149 147 148 138 145 152 149 135 132 133 135 138 134 142 148 153 162 155 148 145 144 120 119 133 127 119 128 136 134 150 173 172 151 123 119 135 138 138 131 132 134 134 122 117 133 153 161 160 160 161 170 175 170 164 164 164 163 165 161 153 157 166 164 156 158 156 155 159 159 158 164 165 163 164 162 161
138 136 139 146 139 146 150 158 160 158 157 148 140 142 151 158 142 137 146 145 143 156 147 150 150 146 134 122 131 138 144 141 144 144 151 163 155 148 145 139 114 115 132 137 127 113 120 143 152 160 159 142 115 121 140 143 142 128 128 124 120 115 123 136 161 172 172 166 161 162 171 171 165 162 163 166 162 154 157 165 165 163 163 164 153 148 158 158 157 166 163 164 168 163 163
134 142 135 134 139 147 155 163 164 160 158 151 145 143 156 154 137 134 141 145 146 159 152 148 146 149 140 115 137 146 149 143 138 136 152 159 149 146 148 137 118 116 123 132 119 101 112 148 149 142 142 131 119 123 130 138 138 130 130 119 118 125 139 149 162 168 170 169 165 164 165 166 168 162 158 159 160 160 162 162 162 170 170 164 155 155 162 162 164 167 156 160 167 161 161
132 143 135 129 134 143 156 156 155 160 160 151 151 147 155 155 146 141 142 147 143 152 152 144 144 144 142 123 138 143 142 141 142 144 153 151 145 141 144 139 124 113 119 128 114 106 121 151 152 142 142 131 131 136 127 126 117 104 97 94 113 135 146 157 159 159 165 162 162 163 160 161 166 170 166 164 166 162 160 160 166 170 160 155 156 163 164 161 166 164 153 158 166 161 162
138 140 141 138 136 144 161 155 150 151 143 142 151 146 152 152 149 155 155 151 147 159 157 146 147 129 136 134 138 141 141 139 143 144 141 148 148 138 137 138 133 121 123 129 122 116 126 152 152 137 134 122 124 135 132 125 96 56 45 48 80 121 142 158 156 156 167 158 159 162 155 158 166 171 169 166 167 161 161 159 160 163 162 158 160 164 162 166 170 164 154 160 168 162 163
137 138 142 141 146 148 159 156 150 148 142 146 158 152 160 153 145 154 156 153 149 161 165 159 149 119 129 141 135 131 137 140 146 138 130 144 146 137 135 134 135 134 132 138 136 132 138 147 142 136 124 100 98 111 112 107 74 36 32 44 83 129 146 157 152 152 163 160 158 158 159 169 173 166 165 167 165 159 162 164 163 162 168 168 168 168 170 172 164 164 164 164 161 157 162
135 140 149 151 150 147 149 139 140 151 157 151 157 159 160 154 155 153 155 158 155 168 169 157 137 116 126 140 135 135 134 137 143 138 132 140 140 140 135 128 127 140 141 141 137 144 154 148 140 128 117 95 89 86 72 56 36 21 32 56 110 146 144 148 145 148 160 163 160 159 165 177 174 168 167 167 166 163 161 166 164 162 165 165 165 167 170 161 158 167 165 161 155 154 156
146 147 151 162 153 145 143 137 145 162 172 161 161 162 157 155 164 158 152 152 148 168 165 161 149 137 141 146 138 146 137 129 140 143 139 145 134 133 131 128 116 122 140 141 140 155 160 151 145 118 105 107 109 84 55 34 30 31 37 64 123 148 143 154 153 154 163 162 163 165 166 171 168 167 167 162 166 167 165 167 163 158 158 161 166 166 167 163 167 169 160 157 152 157 160
149 146 133 150 147 142 146 149 153 165 174 166 159 163 169 165 160 153 155 154 147 165 160 151 152 144 144 149 147 155 142 126 138 145 147 153 139 136 135 134 123 125 140 139 138 153 159 152 147 122 102 110 118 86 54 46 58 55 49 83 131 151 153 160 165 160 157 157 163 164 167 167 169 173 165 161 168 164 165 168 168 163 165 167 168 169 169 171 172 161 155 152 154 165 164
149 146 131 139 136 131 146 157 158 167 170 162 163 165 159 152 151 152 146 152 153 155 155 143 150 145 131 142 150 151 137 128 138 140 144 148 138 136 146 143 134 133 133 139 144 153 154 151 143 128 119 122 118 78 47 59 73 67 78 113 141 157 157 154 168 163 162 163 166 164 167 170 170 175 167 163 170 171 168 168 170 169 172 173 173 172 170 165 160 155 156 155 160 165 160
141 143 130 128 126 127 139 154 159 169 170 161 175 170 150 145 151 155 138 140 150 140 141 144 147 143 126 140 149 145 140 132 133 138 147 148 139 135 145 143 127 124 134 149 153 156 150 145 140 133 137 129 110 63 44 60 69 77 109 134 146 158 157 154 166 163 166 160 166 166 164 170 168 168 164 166 171 171 170 170 165 165 168 168 170 166 159 154 153 154 157 163 166 163 163
143 145 121 105 105 129 151 152 157 163 169 163 173 167 149 148 156 162 154 149 161 151 138 138 145 139 122 134 145 143 148 141 137 137 145 152 148 144 146 148 139 137 148 157 148 146 143 136 135 131 136 125 96 59 50 53 64 84 120 146 153 163 159 156 167 162 161 157 164 164 162 165 166 169 166 167 170 163 165 166 164 169 168 166 166 156 153 154 156 158 161 161 163 165 171
145 147 136 107 101 131 158 152 159 160 166 165 168 159 150 154 153 158 166 161 164 160 149 130 138 139 122 131 144 137 140 149 147 134 130 147 152 152 156 156 151 145 151 154 142 138 139 133 131 122 120 105 81 60 61 56 61 92 134 153 154 165 161 159 167 166 163 160 163 162 165 165 167 174 170 167 168 162 159 160 163 165 169 167 164 160 157 157 163 165 164 167 173 172 177
145 142 148 121 112 131 153 160 164 170 168 160 160 150 142 152 151 147 150 152 159 160 160 139 137 136 128 137 138 128 132 143 141 138 135 148 156 157 159 164 157 151 142 137 136 144 142 127 119 96 89 88 73 60 67 69 66 89 128 140 144 165 167 163 163 166 162 159 164 161 166 165 171 175 169 166 168 166 163 160 158 162 170 168 163 160 158 161 166 164 165 170 170 171 171
143 132 139 131 126 135 155 176 169 163 164 165 167 147 126 138 148 140 141 148 149 154 161 146 137 132 135 137 122 118 128 133 140 145 141 152 158 164 157 158 164 162 146 141 139 144 132 118 112 83 68 72 59 51 62 62 54 67 100 135 151 163 162 161 162 164 167 165 163 163 170 174 171 173 170 170 172 163 162 155 158 161 165 163 159 162 161 161 167 168 163 167 169 173 169
144 138 144 141 128 139 161 173 174 169 160 162 162 146 133 137 138 133 144 155 148 153 148 133 138 136 131 124 106 105 120 125 134 126 125 151 159 163 153 156 165 160 156 153 143 141 127 123 120 89 54 50 42 43 47 45 40 38 62 118 154 160 155 158 164 162 168 171 164 168 171 173 168 168 169 172 172 161 162 155 158 158 161 158 156 160 159 161 167 170 170 175 172 172 172
150 146 150 145 132 143 152 156 173 180 163 140 140 136 139 147 139 139 153 158 153 149 139 128 137 139 130 116 99 91 104 109 115 102 122 153 166 165 157 165 163 152 156 150 139 149 148 143 137 106 50 32 35 35 34 33 32 25 46 107 147 159 159 163 165 158 165 170 165 164 162 165 167 170 173 169 165 164 163 158 158 162 163 158 157 160 158 160 162 164 172 174 168 166 169
145 144 146 131 119 137 152 155 167 174 160 132 122 117 131 149 147 155 154 150 158 147 132 135 139 141 130 103 97 91 97 92 98 104 135 155 163 166 167 168 161 149 156 152 153 163 156 153 147 113 55 29 26 24 35 30 17 19 55 115 145 158 158 167 167 159 166 164 164 157 158 164 169 169 167 163 163 168 161 159 158 163 164 162 160 158 155 162 164 162 169 167 165 168 169
145 147 137 109 100 124 158 162 163 170 159 144 122 117 134 149 150 158 150 148 155 144 122 128 141 144 129 98 98 88 78 88 101 110 139 157 163 167 169 168 161 145 155 159 163 166 157 152 139 110 69 34 16 17 24 20 18 18 49 105 137 154 153 163 163 158 165 166 163 158 160 162 165 165 161 161 166 171 162 160 161 167 166 166 161 154 161 167 167 164 170 168 171 173 171
144 144 130 100 90 113 152 158 156 165 162 157 137 122 134 143 144 150 150 144 130 131 115 112 133 145 138 117 100 79 79 107 126 131 144 154 158 159 162 165 157 140 159 163 161 168 160 150 143 130 96 46 25 18 14 15 20 17 42 90 124 144 157 165 164 163 165 167 165 166 168 165 162 164 166 165 164 167 164 159 165 171 165 164 162 164 171 166 162 161 165 168 170 167 167
127 128 124 98 77 99 137 151 159 165 166 164 158 143 139 144 146 148 148 137 123 119 102 112 141 141 130 122 98 70 91 122 137 145 151 156 158 158 160 163 154 133 156 167 166 169 163 164 155 145 113 59 31 18 16 17 12 12 29 68 121 148 163 168 166 166 165 164 167 170 167 160 162 171 171 163 159 162 165 163 165 163 164 171 175 176 169 163 162 163 164 164 161 163 168
116 121 130 112 95 116 135 139 145 155 162 161 162 150 139 149 155 154 154 139 131 120 105 120 139 135 125 107 77 51 85 136 144 140 145 156 168 169 161 159 159 144 152 167 165 161 158 169 153 136 106 58 29 19 18 19 14 14 14 38 100 137 154 161 162 164 168 168 166 166 167 160 163 165 171 163 161 166 167 165 165 164 168 177 181 169 161 160 166 171 168 165 162 165 169
128 127 126 120 119 135 139 135 139 149 155 157 157 146 138 156 156 155 155 140 127 124 123 127 137 131 123 92 57 40 81 128 132 138 145 158 170 169 160 154 153 140 147 164 156 153 156 163 148 139 110 53 29 21 16 17 13 14 13 21 73 126 151 156 158 170 171 166 164 162 166 166 166 163 169 164 167 172 164 165 171 169 173 175 172 163 164 164 171 170 163 166 168 167 168
137 140 134 131 135 139 142 138 137 146 152 153 148 138 137 153 154 155 159 154 134 129 137 132 138 128 104 60 40 49 93 133 134 147 145 152 169 167 161 153 146 137 151 163 157 155 153 161 151 147 105 37 20 17 15 10 7 7 9 14 51 107 146 155 158 165 168 162 164 166 167 171 170 166 165 162 168 168 162 171 172 164 162 165 159 155 159 155 160 161 162 169 163 163 164
146 151 147 150 148 136 140 141 131 138 146 141 143 145 150 150 149 150 156 154 139 137 137 125 132 118 65 29 45 82 117 139 134 146 141 150 165 162 162 161 153 147 148 145 148 156 153 162 152 125 77 27 19 20 21 11 12 13 12 11 30 74 129 149 159 161 168 167 166 165 163 163 163 164 161 165 171 170 168 170 165 164 160 164 151 139 141 141 151 157 163 164 159 158 158
149 151 147 148 147 138 132 136 127 136 139 127 137 140 148 151 139 143 155 151 140 144 141 135 123 89 36 35 78 123 135 127 116 132 144 156 163 155 161 163 160 151 143 138 146 154 150 155 140 98 52 21 20 19 16 10 14 15 18 17 25 59 117 149 160 161 165 165 164 161 162 166 167 166 162 164 172 171 167 163 158 164 159 149 119 99 94 103 138 158 161 155 156 152 146
149 153 146 142 142 146 139 135 119 122 132 129 137 135 148 156 147 151 167 174 171 162 144 133 106 65 46 74 115 138 136 123 124 141 154 151 155 152 155 161 166 161 143 138 152 159 148 151 133 87 44 18 18 20 10 13 12 10 17 14 18 48 108 151 158 159 164 165 165 162 170 175 167 168 173 172 171 167 165 161 166 166 155 127 88 63 57 71 122 157 158 155 151 140 134
140 149 158 150 135 135 143 140 132 131 134 135 126 129 142 137 147 157 163 175 179 170 144 128 108 92 92 109 132 136 135 133 141 150 155 147 154 154 155 163 163 153 142 139 153 159 153 154 133 80 39 25 25 23 15 18 13 11 22 18 15 38 95 142 151 162 167 163 167 168 171 169 160 172 175 168 165 170 169 163 169 165 147 112 75 46 41 61 117 154 154 154 149 139 134
119 137 153 145 118 110 130 141 143 145 137 143 132 130 135 134 134 133 144 161 163 164 150 138 126 116 124 127 136 138 134 132 138 148 153 157 156 150 152 157 153 148 150 151 158 158 156 152 134 91 47 26 28 26 22 15 12 16 29 26 14 26 86 139 157 161 159 162 163 168 172 161 160 173 166 161 166 171 170 169 163 153 129 94 60 27 27 55 120 152 155 156 151 140 136
124 134 138 129 119 120 142 152 149 141 135 139 137 137 135 143 120 110 134 145 144 147 148 143 135 127 135 133 142 143 137 135 133 142 147 160 153 153 156 154 153 151 151 152 154 155 157 153 138 116 79 33 27 26 26 23 21 14 17 24 20 29 83 136 152 154 159 169 162 167 174 161 159 161 162 163 162 165 167 169 161 154 127 89 52 17 24 66 131 160 164 163 158 144 139
127 137 136 130 124 131 149 143 134 137 141 145 139 133 125 130 123 117 128 126 131 138 143 142 141 143 141 132 136 142 145 143 139 148 147 152 155 157 149 148 156 152 148 153 152 150 150 157 148 125 103 47 26 28 34 28 20 10 14 20 26 44 90 138 146 155 163 168 165 168 166 165 162 159 166 166 160 163 171 170 160 156 126 86 45 12 32 89 141 161 166 159 148 142 147
123 138 142 141 120 122 145 141 131 137 144 152 140 124 120 124 134 129 125 125 125 139 147 140 140 146 148 144 138 145 145 134 134 137 141 147 150 158 144 144 152 154 155 156 151 144 147 158 150 122 115 77 52 47 44 31 25 21 22 22 28 49 103 149 152 160 162 159 165 167 164 164 158 160 159 161 162 162 167 167 156 149 132 100 50 29 66 121 149 163 161 147 135 133 141
130 135 138 143 131 134 152 145 144 142 144 154 146 135 132 121 117 124 136 140 126 132 140 149 151 145 148 155 148 145 141 128 132 134 134 138 149 161 156 154 149 154 158 144 136 143 152 162 156 138 137 118 105 85 53 35 37 35 30 37 50 72 116 148 153 159 155 157 168 166 165 167 162 163 157 159 161 160 157 154 149 140 141 119 77 68 108 142 154 167 158 145 142 140 137
142 142 134 146 146 144 157 152 146 149 150 153 147 134 135 116 96 117 138 140 137 135 139 159 157 153 154 162 158 151 143 125 130 135 131 140 152 156 158 152 145 156 155 131 134 151 152 162 169 164 158 151 141 109 65 34 35 29 32 50 74 102 127 155 162 155 150 164 169 161 166 169 164 160 156 158 159 154 154 149 145 143 142 121 106 115 145 154 151 155 150 147 143 145 143
142 145 137 145 146 141 161 165 156 154 141 139 142 132 135 115 97 120 135 135 141 144 149 152 155 163 156 161 154 143 133 124 136 144 134 139 145 144 148 146 148 159 156 138 143 152 154 159 173 170 155 159 162 132 92 48 25 22 31 52 84 114 137 161 159 151 155 169 169 158 160 153 156 157 161 166 157 147 157 158 154 150 144 133 137 147 161 160 157 149 144 142 131 138 140
