example/E5 - XRays/X-ray-tomography/rastert_juap26.txt
ncols         356
nrows         356
xllcorner     -0.5
yllcorner     -355.5
cellsize      1
NODATA_value  -9999
[rows 210 to 251 of 356, columns 0 to 93 of 356]
255 255 255 255 150 154 161 159 154 144 135 133 132 128 123 128 139 138 121 123 146 160 155 149 153 161 164 157 154 159 168 167 167 171 171 160 160 158 151 135 125 136 152 142 130 129 141 144 139 144 145 140 141 151 145 145 146 147 149 141 137 135 136 136 116 102 106 115 124 133 139 144 148 168 178 174 160 158 163 159 160 157 156 149 148 146 147 150 136 117 140 146 144 143
255 255 255 255 157 152 153 152 152 154 150 142 139 138 134 135 136 125 117 131 151 158 159 156 153 159 166 164 159 166 172 169 169 169 164 155 151 154 159 149 138 139 146 141 138 130 136 144 144 148 151 146 145 151 154 153 149 158 159 144 139 135 127 131 119 120 127 122 130 139 147 144 138 147 156 158 161 168 167 155 153 147 151 148 150 155 154 154 144 132 145 146 138 139
255 255 255 255 158 155 153 153 154 156 151 145 142 145 149 150 151 147 143 146 158 166 167 164 160 161 163 163 158 158 163 163 160 159 159 160 161 164 162 156 150 147 145 143 137 126 132 128 126 138 143 142 148 153 158 154 149 152 159 151 150 140 110 108 108 125 135 134 131 131 143 144 132 124 127 138 148 156 146 126 115 119 140 146 150 151 154 153 145 138 139 137 143 145
255 255 255 255 151 154 160 158 155 155 157 159 159 154 147 151 160 165 162 156 158 160 158 160 164 166 166 168 167 162 161 162 158 157 162 166 168 168 161 155 147 147 146 143 137 135 140 125 107 120 139 143 156 160 158 152 151 148 151 148 146 134 105 111 124 138 142 141 132 128 133 136 127 126 123 127 136 143 130 103 89 106 137 144 148 153 161 156 144 136 141 148 159 150
255 255 255 255 155 156 158 159 156 154 157 157 156 154 150 149 150 155 156 155 160 160 159 165 169 172 170 171 174 171 168 168 162 157 160 164 166 164 157 153 146 141 140 140 141 142 145 136 116 121 147 150 160 166 163 159 162 159 151 149 147 134 124 144 158 160 155 146 133 124 126 128 130 143 144 140 142 143 138 128 116 116 126 146 158 153 153 149 136 133 143 149 162 149
255 255 255 255 255 153 153 155 152 142 148 151 148 149 154 155 151 152 151 149 157 163 166 171 170 173 173 166 165 169 168 166 163 160 161 165 161 157 156 154 150 142 140 132 135 142 141 133 127 132 145 150 158 165 163 161 164 161 158 158 154 142 138 150 157 149 145 148 138 118 111 105 115 139 150 159 157 155 153 147 136 118 108 129 148 145 145 143 134 136 145 150 167 161
255 255 255 255 255 148 149 150 147 144 156 160 157 157 156 150 147 147 144 146 149 150 156 164 165 169 168 162 161 166 166 158 156 163 167 169 165 160 154 145 140 136 139 127 124 128 137 143 142 140 142 146 149 154 158 158 163 162 154 154 158 156 150 151 154 155 148 144 129 105 102 112 121 138 155 167 162 161 163 158 145 122 99 111 143 146 142 136 141 148 147 151 158 154
255 255 255 255 255 149 147 147 147 150 153 151 152 155 153 143 144 145 141 146 146 147 155 159 160 160 161 166 163 160 166 164 156 158 164 170 169 164 155 146 138 134 141 135 130 132 151 166 159 145 134 134 144 152 154 154 159 159 150 155 156 155 152 150 146 153 152 148 134 114 115 125 121 129 150 158 154 151 150 150 147 131 100 101 130 136 133 134 143 146 149 157 155 151
255 255 255 255 255 157 153 148 149 151 149 149 149 153 152 141 142 149 150 150 146 151 162 167 164 164 164 164 164 162 165 160 151 154 161 166 165 160 152 149 139 138 144 145 146 149 159 163 153 134 120 129 148 154 153 155 157 161 157 155 156 156 153 152 145 141 145 149 142 134 138 143 135 121 125 134 134 143 151 153 154 146 107 95 130 141 142 148 152 145 146 156 158 155
255 255 255 255 255 255 157 155 154 152 155 159 151 148 146 140 145 148 154 148 144 158 163 167 164 160 160 159 167 169 163 160 159 160 159 161 165 161 147 142 139 143 145 145 136 127 136 141 129 120 128 143 159 163 160 162 160 163 159 154 156 150 148 155 157 149 147 149 146 132 135 141 137 121 112 118 124 141 157 160 150 148 123 104 132 145 155 159 151 145 146 150 159 158
255 255 255 255 255 255 153 155 156 153 150 150 149 149 148 149 155 159 156 145 148 160 161 159 161 162 162 162 166 166 165 171 165 156 154 152 149 146 139 138 134 135 141 140 124 112 126 135 110 107 135 142 147 156 158 159 158 161 160 161 160 146 133 135 150 153 153 157 161 141 136 140 137 137 132 132 134 143 145 144 140 143 127 110 130 142 150 154 142 142 145 150 158 164
255 255 255 255 255 255 151 151 152 153 154 156 157 156 149 148 153 158 156 151 153 149 148 151 158 162 162 158 158 156 160 167 163 160 160 157 148 134 118 109 107 115 130 137 130 125 143 144 112 110 135 134 142 153 151 158 165 165 162 165 159 152 139 121 126 141 157 167 162 143 136 144 138 135 134 127 126 131 138 141 149 151 132 116 126 142 151 152 144 150 155 157 154 152
255 255 255 255 255 255 152 153 153 155 155 157 158 155 148 148 150 148 147 148 149 147 148 155 158 155 150 146 149 149 156 157 155 160 163 160 150 127 106 103 110 119 126 129 130 131 138 131 111 112 124 129 144 157 158 166 164 161 157 157 155 159 151 131 127 135 148 157 150 144 141 139 127 121 123 123 123 126 137 137 140 137 131 126 129 148 153 145 134 135 154 161 148 138
255 255 255 255 255 255 255 150 154 158 150 148 148 149 150 154 152 149 147 150 155 162 162 149 135 141 149 148 148 153 160 161 157 159 153 149 146 132 118 118 127 135 132 123 127 138 142 139 115 97 105 117 137 149 151 162 156 155 156 159 158 159 151 146 144 146 147 149 144 148 150 132 113 115 128 134 125 121 136 138 130 125 139 142 144 157 150 146 135 130 149 159 155 139
255 255 255 255 255 255 255 155 152 152 156 160 156 153 159 162 155 155 154 153 151 153 155 142 131 136 141 141 139 141 146 155 155 153 145 140 141 142 129 115 119 134 139 140 142 151 157 151 128 107 115 123 135 143 152 159 150 154 158 162 161 158 152 151 146 143 146 148 145 149 146 132 124 128 131 134 126 127 134 140 135 132 147 156 161 158 146 149 143 138 140 142 154 149
255 255 255 255 255 255 255 170 162 154 155 156 153 153 153 153 147 145 145 150 146 143 146 141 138 140 133 133 134 130 133 147 155 152 144 137 137 139 122 114 127 134 138 145 146 151 152 148 138 126 139 143 145 146 156 152 144 152 162 163 159 156 150 148 152 147 147 151 151 151 141 127 130 137 141 139 137 134 130 143 149 143 143 150 159 160 160 158 156 150 138 132 139 147
255 255 255 255 255 255 255 169 163 155 151 148 148 151 146 145 146 144 146 149 139 131 137 140 140 146 146 147 138 128 143 155 156 150 141 136 140 138 121 120 128 124 126 139 143 139 140 148 151 141 144 144 147 147 151 145 142 148 158 161 158 155 153 152 147 136 142 151 153 152 141 133 134 138 141 135 132 128 120 128 136 137 142 150 158 161 157 154 160 155 145 147 147 148
255 255 255 255 255 255 255 255 152 156 160 157 157 156 154 157 154 150 150 152 147 144 149 144 147 155 153 149 142 138 147 146 148 148 144 141 141 139 132 131 128 123 126 136 138 135 141 148 148 138 141 141 141 138 145 146 148 149 157 158 154 155 155 155 145 123 124 137 145 154 147 144 139 139 142 147 139 132 127 127 124 129 151 158 164 169 157 148 148 152 138 143 153 148
255 255 255 255 255 255 255 255 154 156 157 156 158 157 158 160 157 159 154 150 151 152 155 153 154 157 157 156 152 150 146 138 147 152 153 152 151 151 146 137 135 139 141 140 140 134 134 138 140 134 141 147 142 135 135 138 145 144 145 148 149 147 146 150 151 136 128 138 150 157 143 135 138 147 151 162 155 143 137 134 126 124 142 151 153 157 162 160 157 159 140 132 136 134
255 255 255 255 255 255 255 255 155 150 152 152 153 155 158 156 154 160 154 146 148 148 150 154 156 157 162 165 157 156 155 150 153 156 157 154 158 159 151 139 143 147 147 145 143 137 135 137 142 146 155 153 150 145 131 137 146 143 145 148 150 142 140 145 151 141 134 144 151 147 134 128 140 147 154 164 155 139 130 135 139 133 135 145 143 142 155 159 161 155 132 127 123 118
255 255 255 255 255 255 255 255 255 150 151 151 155 155 155 153 155 157 152 152 155 152 156 158 157 157 157 154 150 153 153 151 154 157 156 151 157 159 153 146 145 148 151 148 145 146 146 144 141 143 151 148 148 152 139 133 142 147 147 143 141 142 140 147 151 143 137 140 145 138 134 133 139 144 156 161 158 142 130 140 149 145 141 134 134 143 146 146 146 129 107 111 122 131
255 255 255 255 255 255 255 255 255 152 156 157 153 149 147 148 154 153 154 158 157 152 152 151 147 149 148 144 144 144 143 144 149 157 160 158 159 162 160 153 147 146 149 146 146 148 147 150 146 141 143 143 144 141 134 134 146 150 147 146 138 139 142 148 146 135 131 135 137 140 140 140 143 152 164 157 150 142 128 132 137 131 128 126 123 132 136 139 139 128 112 112 120 133
255 255 255 255 255 255 255 255 255 152 154 154 151 150 149 153 153 150 154 157 158 158 155 149 145 147 147 146 146 148 144 139 150 160 161 159 153 157 162 157 155 147 146 145 150 152 153 160 159 152 144 142 138 125 128 135 144 145 144 147 136 139 140 140 145 137 136 133 131 133 135 133 140 151 156 144 130 133 130 133 122 111 122 125 120 122 125 139 146 145 139 136 131 130
255 255 255 255 255 255 255 255 255 255 153 151 150 148 152 154 155 158 159 158 159 159 160 156 151 148 143 143 149 147 137 135 147 153 154 145 133 145 157 152 154 151 155 155 160 161 159 166 163 152 142 143 144 131 131 138 137 135 139 148 137 141 140 138 145 141 144 146 142 136 129 121 128 147 154 142 128 135 135 137 133 119 124 125 119 124 132 147 145 139 141 145 137 128
255 255 255 255 255 255 255 255 255 255 148 143 141 143 148 153 157 157 156 154 154 152 156 158 155 157 153 150 159 149 137 136 142 142 148 142 134 144 150 146 147 154 158 151 151 156 155 155 149 141 140 138 136 133 131 138 135 129 139 157 154 151 139 139 145 144 143 145 144 142 142 135 130 143 145 129 123 142 148 142 142 128 122 122 118 125 133 136 128 133 136 130 129 127
255 255 255 255 255 255 255 255 255 255 147 140 131 135 145 150 151 154 157 156 155 156 156 152 153 154 152 156 165 163 152 142 146 148 150 150 145 148 146 143 147 152 150 144 151 155 149 145 144 139 135 129 135 141 143 141 131 134 139 146 148 148 141 145 149 144 147 149 144 142 141 132 129 139 133 119 121 142 145 143 137 120 97 83 94 121 135 122 113 134 138 122 131 134
255 255 255 255 255 255 255 255 255 255 255 144 133 134 142 147 149 156 155 154 151 155 153 151 156 153 149 154 159 162 161 161 165 158 147 147 146 145 142 142 146 147 146 150 156 146 135 137 139 125 126 131 134 135 140 146 140 138 135 135 140 144 146 147 149 144 146 147 136 123 128 125 131 140 131 118 117 126 126 130 134 115 80 54 70 105 120 94 89 117 130 124 134 132
255 255 255 255 255 255 255 255 255 255 255 150 142 139 146 150 152 157 155 155 154 154 152 152 154 152 155 159 160 164 169 167 164 152 147 146 145 146 145 143 142 140 139 142 149 141 130 128 125 113 127 139 141 145 141 147 144 132 127 134 147 153 153 148 144 144 140 137 128 113 122 125 134 145 133 120 122 124 124 133 146 131 104 77 78 92 103 82 91 123 136 135 144 136
255 255 255 255 255 255 255 255 255 255 255 156 149 145 147 147 150 150 151 157 158 158 158 154 153 154 165 173 171 172 172 168 159 153 156 152 143 147 148 145 137 131 135 136 142 149 145 136 134 132 151 156 149 148 137 137 141 129 133 145 150 146 150 151 146 141 136 135 135 122 118 120 135 142 146 142 134 132 137 147 150 144 138 120 113 110 118 108 117 145 144 137 143 148
255 255 255 255 255 255 255 255 255 255 255 255 153 153 148 149 156 154 151 153 154 153 150 145 150 160 168 168 162 164 162 162 158 154 152 148 145 146 140 134 138 137 140 139 140 153 149 136 133 137 151 152 146 147 139 138 149 142 139 142 143 150 158 150 141 141 138 135 128 114 107 109 128 142 154 152 143 146 145 140 140 149 146 138 140 135 141 140 140 148 141 141 145 151
255 255 255 255 255 255 255 255 255 255 255 255 156 153 149 151 157 155 152 151 151 148 146 147 148 153 158 156 157 164 164 159 152 145 146 151 155 151 139 134 139 140 136 138 142 148 143 122 124 144 155 152 148 153 149 144 150 141 131 128 132 149 159 150 142 145 143 136 122 108 98 93 113 140 145 141 138 145 142 139 144 152 142 134 148 144 147 153 150 147 141 140 148 153
255 255 255 255 255 255 255 255 255 255 255 255 154 150 145 148 154 155 151 144 147 150 155 158 151 151 158 163 168 168 165 159 149 142 146 150 153 152 146 142 135 131 129 132 137 143 139 120 123 147 156 157 151 143 137 132 138 137 136 138 134 135 140 133 136 148 146 134 126 129 122 111 123 138 146 152 144 140 142 156 162 162 151 140 153 148 149 152 142 148 152 141 140 150
255 255 255 255 255 255 255 255 255 255 255 255 255 152 152 153 151 154 150 141 146 148 148 145 137 141 153 162 167 165 156 142 133 141 149 152 154 155 152 146 136 134 135 133 132 132 137 116 112 138 150 153 146 133 133 130 132 141 140 141 139 135 138 135 142 152 150 138 131 141 137 129 128 128 139 148 136 129 146 169 174 167 151 130 137 146 151 153 147 146 147 139 135 145
255 255 255 255 255 255 255 255 255 255 255 255 255 164 164 160 154 154 145 139 144 142 137 128 121 133 152 163 164 161 150 128 119 134 143 144 146 147 150 149 141 138 137 125 118 121 127 106 104 138 152 154 148 143 149 140 134 139 143 141 141 133 131 138 147 146 148 141 142 151 149 138 121 119 138 147 144 140 149 161 161 158 150 136 140 149 147 148 153 141 140 138 132 137
255 255 255 255 255 255 255 255 255 255 255 255 255 255 158 158 161 155 147 144 142 137 134 131 119 123 144 156 157 159 154 140 128 136 140 138 131 128 139 144 142 145 150 128 113 124 129 109 107 131 141 146 148 151 147 141 143 145 146 148 148 141 137 138 141 136 144 144 147 151 147 135 128 132 148 152 150 141 142 155 161 157 151 147 149 144 139 146 154 148 151 151 150 152
255 255 255 255 255 255 255 255 255 255 255 255 255 255 155 156 159 155 154 152 147 146 145 143 133 118 121 134 137 144 151 150 142 145 143 142 137 129 139 146 141 147 156 136 122 129 136 133 126 117 121 135 142 148 140 139 145 154 147 144 147 147 140 136 135 131 140 146 149 153 148 138 136 143 145 141 140 136 136 141 146 145 140 143 151 147 138 146 150 147 146 152 157 150
255 255 255 255 255 255 255 255 255 255 255 255 255 255 255 152 158 163 161 151 148 148 148 152 149 133 126 136 135 142 149 148 148 151 146 151 154 148 148 146 138 137 140 129 126 130 135 136 129 110 111 133 144 141 135 136 142 156 149 140 138 139 137 139 137 139 139 138 143 153 148 137 133 135 136 137 140 141 140 134 133 137 141 142 141 139 139 144 143 142 135 139 146 141
255 255 255 255 255 255 255 255 255 255 255 255 255 255 255 156 163 163 157 147 145 144 150 160 158 151 143 145 145 148 149 147 147 145 145 144 144 148 152 152 141 133 134 135 133 136 138 135 134 127 124 134 141 132 129 134 142 155 147 140 134 138 149 151 142 144 141 139 143 143 136 129 119 114 122 129 140 155 149 135 135 137 142 142 139 144 137 134 141 148 145 140 141 131
255 255 255 255 255 255 255 255 255 255 255 255 255 255 255 162 167 163 156 150 149 152 160 164 158 155 154 150 145 141 144 152 153 146 138 127 133 147 152 154 140 129 132 131 129 131 130 132 136 143 148 145 146 144 137 139 142 151 146 144 138 146 152 147 137 139 138 138 142 140 133 118 111 123 131 132 140 152 149 134 129 125 129 135 137 144 137 138 141 142 151 145 128 116
255 255 255 255 255 255 255 255 255 255 255 255 255 255 255 255 167 163 159 155 156 160 161 164 160 154 149 145 144 138 131 141 152 148 135 130 140 149 143 143 140 130 132 131 130 139 137 135 130 140 159 163 156 151 142 141 146 152 151 148 145 150 144 139 134 135 143 144 138 141 146 134 128 138 135 121 119 136 144 136 131 124 119 120 126 135 140 141 133 131 145 149 129 117
255 255 255 255 255 255 255 255 255 255 255 255 255 255 255 255 161 158 155 148 151 160 166 166 159 150 142 139 142 130 112 121 140 145 137 139 145 143 136 139 144 138 143 149 143 146 146 145 143 138 142 148 144 140 143 148 154 157 153 143 144 141 132 135 137 136 150 151 142 137 142 141 136 135 129 101 84 108 130 135 137 135 127 116 112 127 139 139 132 137 145 150 145 136
255 255 255 255 255 255 255 255 255 255 255 255 255 255 255 255 255 158 155 150 157 167 164 158 152 147 140 141 141 129 114 119 136 143 145 151 147 138 127 127 138 138 141 152 148 145 139 135 142 135 128 134 144 142 144 142 139 151 149 138 141 139 141 144 143 140 149 154 150 136 137 143 140 132 130 105 69 80 119 139 143 141 133 120 105 103 115 132 142 142 142 150 148 134
