example/E5 - XRays/X-ray-tomography/rastert_juap10.txt
ncols         356
nrows         356
xllcorner     -0.5
yllcorner     -355.5
cellsize      1
NODATA_value  -9999
[rows 252 to 293 of 356, columns 188 to 281 of 356]
166 150 143 141 149 153 138 117 117 137 146 158 165 168 175 157 160 167 171 174 168 173 183 175 167 172 173 181 177 178 173 168 172 178 176 183 187 180 180 174 173 178 175 172 175 183 168 157 148 130 134 156 160 158 162 164 152 123 97 93 101 126 144 154 155 142 136 138 145 164 176 179 174 171 161 130 72 45 72 113 141 149 149 149 149 150 148 149 145 145 144 139 137 137
157 139 119 119 139 146 148 159 161 158 157 165 166 168 170 166 169 170 167 170 166 171 175 176 171 176 173 174 178 178 174 176 180 181 169 175 185 177 179 175 174 176 177 177 180 193 178 169 158 136 126 146 156 151 151 160 156 137 125 117 118 136 143 142 137 119 125 144 153 161 164 173 171 170 164 137 82 61 96 131 148 156 149 146 155 157 151 148 145 139 139 138 138 138
146 138 120 114 126 140 157 168 163 161 166 164 165 168 167 168 165 164 168 170 165 166 166 170 174 172 167 168 178 180 176 174 170 181 176 178 180 167 170 172 177 175 177 172 173 184 172 164 159 151 138 139 152 148 140 149 156 158 160 153 140 137 131 117 107 90 101 132 151 159 157 167 168 170 165 150 114 101 127 149 162 168 160 157 158 155 149 147 152 148 144 140 134 136
152 140 120 111 131 145 156 170 167 167 164 164 166 160 159 156 151 157 172 170 168 172 170 176 179 175 170 169 180 184 179 175 175 180 171 177 184 177 179 181 187 178 179 177 181 187 174 168 169 167 154 146 158 151 138 143 155 169 174 162 144 123 105 85 76 73 93 127 152 164 163 165 170 174 165 156 143 140 147 158 165 171 170 167 164 157 153 153 155 152 149 142 134 134
146 139 125 125 150 154 163 176 170 166 166 167 162 161 161 156 150 154 173 173 174 179 173 170 178 181 178 175 182 182 181 175 177 184 174 176 181 173 176 179 185 181 184 181 184 190 183 167 171 177 166 160 160 150 146 146 153 165 170 154 122 100 103 99 97 103 121 136 143 152 162 160 166 172 163 158 151 150 153 158 165 168 174 175 169 165 163 157 154 150 146 147 143 139
135 134 132 133 145 145 158 169 167 167 175 170 153 159 156 160 156 160 181 181 172 171 169 167 178 179 183 176 183 178 172 169 171 181 171 170 177 166 171 177 177 184 188 183 183 183 189 173 176 180 165 160 161 157 154 147 147 157 162 148 111 89 113 132 138 138 142 140 134 141 153 153 155 163 159 159 151 140 149 163 174 169 167 174 172 170 166 160 152 145 137 139 143 141
129 126 130 134 136 135 151 165 162 160 165 165 147 153 156 166 166 163 171 178 172 176 183 182 173 171 182 185 187 179 170 174 181 181 179 180 176 177 181 176 172 175 175 180 178 176 181 179 182 180 164 159 163 161 155 146 135 138 146 141 123 119 134 143 152 146 141 131 121 128 143 153 154 157 156 157 153 148 153 165 175 169 165 168 166 164 159 154 147 139 137 135 138 140
117 124 127 135 130 125 149 166 164 165 161 164 150 145 155 168 178 172 169 178 180 181 185 190 172 172 181 185 179 179 177 175 183 184 184 186 176 177 177 170 171 172 170 176 178 177 173 182 182 178 178 172 159 157 158 155 137 127 133 137 138 137 139 130 133 136 135 126 116 127 139 146 156 157 154 159 158 154 157 162 169 169 165 169 164 155 147 141 135 135 135 132 135 139
111 116 119 131 117 113 141 155 161 164 158 158 148 144 158 171 181 182 183 185 182 181 175 182 177 173 175 178 173 183 184 175 180 181 187 191 178 173 179 176 177 181 181 180 177 180 177 179 173 170 175 171 153 153 161 164 146 136 145 145 143 133 127 108 119 135 138 138 129 134 141 139 151 159 152 152 158 146 148 154 161 167 164 169 169 162 145 125 119 121 125 124 135 139
127 120 122 125 97 83 111 140 154 158 163 156 143 149 161 171 178 175 172 180 181 178 175 179 178 176 178 178 183 188 181 174 182 174 179 186 179 171 172 171 177 179 174 171 172 176 177 178 173 174 170 159 150 149 159 164 150 142 139 134 143 139 124 108 129 144 145 153 146 139 137 132 138 149 153 144 147 145 143 151 156 160 157 158 158 154 139 115 110 118 126 126 140 148
142 135 135 114 72 60 89 125 150 158 163 153 149 161 168 174 174 172 169 181 184 178 178 181 181 184 188 181 181 180 173 175 193 188 177 182 186 183 181 176 181 184 178 176 189 188 179 172 173 175 170 157 149 146 156 158 152 144 134 127 135 144 137 133 144 150 149 153 150 143 138 132 128 137 146 137 138 146 148 157 162 162 158 159 155 147 139 125 121 132 137 137 144 153
141 135 126 95 66 68 83 108 146 159 156 152 154 168 169 171 168 165 168 174 179 175 177 183 179 175 175 169 173 180 181 179 182 182 179 182 185 182 180 175 174 181 181 174 180 183 184 179 170 165 163 161 157 153 155 153 153 149 143 134 128 138 140 141 142 149 155 154 145 141 140 139 127 124 123 121 136 148 154 161 165 165 162 158 154 155 152 144 137 136 138 139 141 148
148 134 118 94 64 72 109 131 140 150 151 151 150 163 167 167 164 167 174 177 175 172 171 176 174 177 176 166 171 178 180 176 170 175 177 176 179 174 172 172 169 173 178 175 172 176 178 172 167 161 156 157 158 157 156 153 143 139 142 143 140 143 138 138 136 143 154 153 143 142 144 147 142 138 124 119 144 159 156 163 166 166 165 161 157 156 151 144 144 143 140 138 136 141
141 135 131 101 73 86 132 161 147 146 146 152 156 165 167 166 169 174 174 170 167 165 174 176 173 170 170 173 175 170 175 178 173 177 183 178 177 172 177 178 179 175 174 179 174 174 171 170 176 171 161 159 162 161 156 149 135 136 147 149 144 146 145 145 149 154 158 158 151 143 139 143 147 152 141 132 149 163 160 166 166 164 158 155 145 144 148 139 140 144 142 139 141 139
130 136 136 109 101 114 134 153 152 152 144 152 160 161 164 170 173 177 178 172 171 169 177 181 180 171 172 169 172 171 169 177 176 171 176 180 176 174 179 176 176 174 171 180 174 172 173 172 170 163 161 164 158 155 150 142 135 145 151 149 146 142 145 149 154 155 154 153 150 144 140 140 148 157 152 140 142 152 159 168 166 164 156 148 138 134 146 148 142 146 152 148 146 141
123 128 136 129 130 138 145 150 149 154 151 154 158 157 169 174 168 169 177 180 179 172 167 177 179 179 177 169 167 168 169 174 178 175 173 179 180 172 176 177 167 170 169 172 165 166 171 169 160 152 157 165 158 149 138 135 137 148 151 146 147 141 140 154 162 153 145 145 145 142 142 145 155 159 152 145 143 151 157 167 167 166 163 155 146 139 141 148 147 150 158 160 151 145
129 126 136 142 137 143 156 158 150 148 146 147 152 153 162 171 174 173 175 174 172 172 166 176 179 179 172 170 166 164 169 170 167 171 175 174 171 169 174 172 163 162 165 164 166 170 168 169 161 152 157 162 158 150 140 140 148 149 149 147 149 146 145 151 161 157 145 143 143 143 145 147 156 160 155 151 148 153 161 162 162 163 159 153 146 145 142 141 148 152 153 160 155 145
138 130 145 154 144 149 155 149 143 130 129 142 154 157 158 167 176 175 173 173 176 182 180 185 179 175 171 167 165 160 163 165 162 170 174 176 170 173 172 163 159 147 158 166 169 174 164 164 167 161 158 160 158 154 151 150 157 152 153 156 151 151 157 152 150 150 143 141 143 143 141 137 138 149 154 153 155 156 154 153 153 156 156 150 142 146 145 136 141 151 151 158 152 140
139 129 140 145 147 161 156 146 138 124 125 138 156 160 159 163 166 167 166 175 181 179 179 179 173 175 169 172 174 165 169 163 164 167 162 173 168 174 171 162 139 126 156 172 172 172 162 161 165 163 153 151 152 149 146 152 162 157 158 163 159 154 158 155 147 145 142 140 145 147 141 132 127 133 146 152 153 157 153 148 146 147 146 146 139 139 145 139 142 152 150 151 146 143
151 144 145 141 142 153 151 149 145 141 147 155 160 160 165 170 174 176 169 172 180 180 176 173 178 183 172 172 172 171 177 173 175 161 150 147 143 158 162 163 141 131 158 176 177 173 168 164 159 159 152 150 151 143 142 157 164 159 157 157 156 156 161 161 151 147 144 138 140 148 148 141 140 143 146 149 150 149 146 138 138 139 130 127 118 114 127 133 139 143 139 142 140 144
154 149 148 148 148 148 146 154 153 152 161 165 159 157 164 166 169 173 166 168 173 178 176 169 177 187 176 172 169 171 174 174 176 159 137 117 116 134 148 161 156 156 168 175 179 174 168 164 156 153 143 144 147 143 142 149 158 160 164 159 152 156 164 162 157 142 138 142 139 143 150 149 149 153 155 151 145 138 131 129 138 143 130 113 96 96 117 133 139 142 138 144 152 144
153 151 148 147 154 149 149 161 160 157 165 162 153 147 147 160 169 171 173 175 167 169 171 167 171 180 173 173 175 172 160 165 169 152 130 110 106 126 154 166 164 168 172 167 173 175 168 160 150 153 147 136 131 142 144 136 141 151 155 163 161 158 164 164 163 143 131 139 133 140 145 145 148 150 152 147 139 132 128 134 142 147 130 112 108 114 127 136 144 151 151 151 161 159
157 161 157 152 154 154 154 155 161 164 165 155 148 135 138 154 164 167 167 170 169 171 173 171 170 173 172 171 178 178 169 175 168 150 129 109 104 116 147 164 165 164 168 162 164 167 163 152 146 147 140 125 121 144 153 142 135 138 145 155 164 165 171 174 171 157 145 141 138 140 142 146 153 154 148 143 140 128 129 144 145 143 127 115 122 137 144 145 155 160 161 162 163 167
145 150 149 151 148 154 153 148 154 160 158 152 148 138 139 153 156 161 159 158 165 168 172 173 171 174 172 176 171 168 175 180 170 162 139 120 106 104 120 139 152 151 164 169 163 161 158 142 138 139 137 131 142 161 164 155 146 141 150 160 166 168 169 170 163 156 154 145 141 142 140 138 151 154 142 137 137 130 133 144 142 133 118 108 126 147 152 153 161 167 172 175 172 171
140 139 138 150 149 146 150 153 156 156 155 160 150 137 138 151 157 161 158 163 172 173 177 177 177 180 176 186 178 171 179 173 162 166 152 141 125 112 115 132 153 151 152 158 156 156 146 133 130 132 136 137 149 153 155 151 141 142 152 161 165 162 158 159 160 158 156 150 144 148 146 141 148 147 134 130 131 129 142 148 136 118 101 90 122 156 162 158 161 168 173 171 171 171
132 138 140 149 149 141 150 162 159 148 147 153 134 116 132 149 154 158 160 165 170 168 173 171 178 181 179 180 179 176 180 174 163 162 145 133 133 126 128 146 155 151 147 145 141 143 137 131 134 135 138 139 140 140 146 149 144 144 148 156 161 155 154 156 159 163 159 157 158 155 142 136 145 150 139 133 133 126 142 148 128 106 83 74 111 148 163 163 163 169 177 177 171 174
139 153 147 149 148 139 146 157 157 146 143 147 138 125 140 156 151 142 154 167 173 171 169 170 177 180 182 178 179 177 173 164 162 160 140 125 137 141 145 153 150 151 151 144 137 139 139 132 131 138 145 144 145 140 136 145 154 154 151 154 150 154 159 153 156 161 163 161 155 150 135 133 147 156 148 143 140 130 134 132 113 92 69 62 101 139 157 164 164 169 175 174 171 173
133 156 153 162 153 144 144 149 156 146 137 145 148 137 136 147 151 145 157 169 174 175 176 169 166 169 172 171 178 180 176 168 165 155 140 134 142 146 151 155 149 148 149 142 142 143 141 137 138 136 136 141 148 143 137 142 150 152 145 145 137 143 152 142 141 150 154 162 156 148 137 138 152 154 145 140 145 143 132 118 100 81 65 58 100 138 154 164 166 173 175 170 167 168
126 150 147 151 142 145 149 155 153 149 146 144 147 149 141 136 141 146 152 160 164 170 174 171 165 166 167 162 169 173 172 172 167 148 145 145 143 147 149 152 152 147 147 142 142 139 138 140 136 132 131 143 147 147 147 147 147 150 150 144 137 146 149 139 139 143 144 149 149 149 146 149 153 143 133 128 132 137 127 111 97 85 78 73 109 145 160 168 169 174 172 171 169 167
103 130 137 144 148 149 152 160 151 154 149 146 152 156 147 130 134 146 151 159 163 170 168 172 165 161 165 164 165 168 166 161 161 153 158 153 144 148 150 154 150 146 148 142 134 133 140 139 131 132 138 143 144 140 142 143 143 145 150 147 141 144 149 141 138 134 131 139 141 150 154 150 143 135 130 133 134 134 121 108 103 100 101 100 128 160 169 171 171 175 174 174 174 172
85 126 135 141 154 149 153 157 150 154 146 141 142 145 138 124 134 147 152 160 163 167 165 172 164 153 152 157 164 168 168 160 154 150 157 151 141 145 152 156 147 149 150 143 137 143 154 152 143 138 138 141 143 136 136 134 135 139 144 137 137 139 149 147 139 132 128 139 143 150 156 150 140 141 139 145 144 134 113 103 100 99 115 127 143 166 165 165 167 175 180 179 172 171
96 137 143 146 148 153 160 157 154 151 147 136 132 133 114 103 119 137 148 154 161 167 161 159 154 148 148 152 157 160 159 156 142 137 146 145 140 148 156 153 142 155 151 137 144 157 165 164 155 144 138 139 135 132 137 134 130 138 145 132 135 142 147 151 151 145 138 143 146 153 156 151 140 137 133 140 146 139 112 97 92 85 100 130 151 165 165 162 164 173 178 180 170 162
123 148 155 153 148 157 162 159 156 145 139 119 117 124 106 98 113 132 146 155 164 173 169 158 143 139 145 149 155 162 160 156 148 135 136 138 136 143 149 148 144 151 147 132 144 157 153 151 151 144 138 139 134 138 142 142 137 145 147 138 144 152 146 141 152 152 144 144 145 146 149 146 140 137 130 133 141 140 118 96 93 88 99 128 154 169 172 169 166 169 170 170 167 156
131 140 152 155 155 162 155 150 144 136 132 115 113 119 110 107 124 143 156 168 167 168 168 159 147 143 149 146 151 159 156 150 149 140 139 135 143 143 142 148 149 147 147 141 145 151 146 143 144 142 142 141 138 138 135 134 140 145 148 140 146 156 154 148 147 149 148 144 146 148 149 145 145 138 129 131 139 144 127 104 99 100 119 140 155 169 173 174 171 168 169 169 164 155
131 130 143 145 152 164 152 150 147 139 136 128 124 113 105 109 135 150 163 174 166 171 173 165 157 149 145 137 135 141 145 148 143 148 144 138 151 147 142 145 148 140 135 142 144 149 148 143 146 149 147 138 134 136 125 124 141 144 149 145 148 154 157 158 142 139 144 141 141 145 152 145 140 136 132 138 140 142 132 108 94 102 130 155 161 168 168 171 173 170 168 171 163 146
137 133 142 140 149 162 153 155 157 152 143 133 124 107 90 104 141 156 162 166 165 174 179 173 165 150 133 117 113 120 129 149 142 150 151 146 150 153 151 151 149 137 131 133 142 158 156 148 146 150 155 147 138 144 137 132 139 142 147 146 146 146 151 155 142 140 143 139 138 139 144 142 143 138 128 136 145 142 124 95 86 99 131 157 162 165 167 167 166 171 170 167 160 145
148 142 143 143 149 156 159 163 161 160 149 138 126 106 85 106 145 162 167 172 168 171 174 175 169 152 137 123 119 119 125 150 153 150 147 150 144 145 156 155 147 143 143 138 142 160 164 155 141 147 157 153 153 160 160 149 133 131 141 143 140 132 137 142 135 139 144 137 136 134 138 140 147 144 132 134 148 144 121 92 94 120 146 159 162 165 168 170 164 168 172 168 154 145
154 152 147 143 152 161 170 172 166 159 149 141 129 107 90 113 147 164 169 175 175 174 170 170 167 159 145 138 142 138 134 144 149 145 138 140 144 144 146 144 138 138 141 138 135 149 156 150 140 148 157 155 155 161 170 158 138 133 140 144 135 123 125 129 127 133 145 139 134 131 139 142 147 154 151 150 156 148 127 109 118 140 158 158 156 162 165 168 168 170 169 161 152 149
155 154 147 150 155 158 167 169 167 158 145 141 131 115 104 130 151 163 169 172 178 176 176 173 161 160 157 153 157 153 147 142 148 150 141 137 143 143 133 134 134 132 140 138 130 138 145 147 147 154 161 159 152 154 162 153 142 138 139 139 133 124 137 136 129 136 148 144 133 124 132 142 143 150 149 153 161 158 144 133 141 150 157 152 153 163 168 169 173 170 166 157 155 157
141 148 146 145 145 144 156 156 156 154 140 138 133 115 112 136 148 163 168 167 167 165 177 175 168 167 164 160 155 153 147 141 155 153 147 143 138 135 132 140 136 132 140 140 135 134 140 144 151 158 158 161 160 155 151 144 136 134 138 141 138 132 140 143 132 134 145 148 145 135 131 141 145 151 149 149 161 166 157 152 148 147 152 150 155 164 167 172 177 173 165 158 156 158
138 143 144 141 137 133 135 135 142 143 136 138 138 131 137 143 143 162 169 169 165 157 165 165 167 170 167 161 151 145 140 139 155 159 153 145 137 133 134 138 139 131 128 135 139 143 146 149 158 166 161 158 156 141 124 122 125 125 131 143 148 147 140 142 135 132 141 147 154 153 145 147 148 154 151 141 153 164 157 154 155 150 151 155 157 162 162 168 174 174 163 159 158 159
142 147 155 147 141 140 140 139 144 142 137 137 141 145 159 155 148 158 163 169 170 164 162 162 173 173 164 163 154 142 140 138 148 157 155 149 133 128 132 130 138 145 135 130 135 139 143 153 158 163 165 158 148 128 106 107 118 124 136 147 157 158 148 147 142 133 133 137 148 154 148 151 152 157 158 149 151 159 159 151 157 162 156 155 158 160 154 157 166 167 160 158 158 158
