example/E5 - XRays/X-ray-tomography/rastert_juap06.txt
ncols         356
nrows         356
xllcorner     -0.5
yllcorner     -355.5
cellsize      1
NODATA_value  -9999
[rows 42 to 83 of 356, columns 94 to 187 of 356]
159 163 152 149 156 155 141 144 155 161 157 170 164 147 152 144 122 126 147 146 148 150 148 150 147 140 145 137 124 127 143 149 152 153 154 158 157 163 161 151 150 156 160 151 149 156 151 149 148 150 145 150 157 156 152 152 152 146 151 150 153 157 155 161 163 158 153 157 123 67 34 32 45 36 27 31 40 77 111 117 114 109 90 86 87 84 77 84 108 128 146 147 144 151
153 163 157 149 154 149 126 131 151 169 165 164 167 165 158 146 128 112 131 147 150 151 147 147 147 144 145 128 105 117 140 148 151 158 158 160 163 161 158 159 156 154 159 156 153 157 153 149 154 152 141 139 146 147 151 155 157 147 143 145 145 155 152 153 162 157 150 155 124 70 37 31 43 32 27 32 30 61 101 117 113 105 89 82 87 90 73 82 115 136 150 146 138 142
145 158 164 153 148 145 128 131 148 168 173 164 156 168 169 154 128 108 123 143 149 152 148 151 143 138 143 131 110 121 146 147 139 145 159 158 166 159 149 159 162 159 160 156 151 154 156 147 154 156 143 137 144 150 156 154 151 142 132 134 142 152 147 148 156 163 148 139 109 67 54 42 41 32 23 27 29 57 99 119 106 87 87 80 75 85 89 109 132 149 150 140 141 139
150 154 161 159 145 142 133 145 153 160 171 173 159 165 165 151 124 99 118 139 142 144 142 140 132 138 141 136 126 132 147 143 133 130 154 160 163 158 157 162 163 162 160 160 161 158 154 145 146 145 145 143 140 146 151 142 137 125 112 119 138 146 148 151 149 154 141 119 91 69 66 59 45 33 28 24 24 50 88 101 90 75 81 80 68 78 102 125 143 157 148 141 151 142
155 155 159 157 142 145 144 153 151 155 168 174 168 165 159 144 125 102 122 143 142 141 145 137 127 143 144 137 134 142 149 147 147 133 142 157 157 157 163 163 162 164 164 162 160 156 152 145 133 128 139 145 141 145 143 135 139 132 117 117 135 143 149 155 154 144 132 119 99 90 85 78 56 32 33 28 22 34 59 70 63 67 84 95 97 98 109 119 135 148 144 147 157 151
154 153 152 151 142 148 153 154 147 144 159 164 159 152 153 145 127 107 123 145 148 146 147 143 131 139 143 133 132 146 147 149 151 141 132 142 146 153 161 164 160 166 172 164 156 156 159 146 125 127 141 145 146 144 142 143 149 147 140 131 136 142 146 151 156 143 138 133 113 100 97 85 64 39 34 30 32 32 48 62 48 58 93 115 118 106 103 119 136 144 147 151 155 151
155 160 152 148 148 151 157 155 146 140 140 144 144 138 141 145 137 125 131 145 149 148 147 149 142 141 145 135 137 147 142 142 142 142 135 134 140 153 155 161 158 157 163 167 160 155 155 146 126 131 146 144 142 138 145 156 157 150 145 147 141 140 152 153 154 147 142 138 125 111 106 95 80 46 29 28 39 42 46 54 51 67 103 126 119 101 105 132 144 146 151 148 150 152
151 158 155 149 150 152 156 151 145 147 138 126 134 146 151 158 151 138 142 151 152 147 153 157 148 149 149 140 145 147 135 140 146 145 139 134 138 148 149 158 162 159 163 164 155 154 156 149 137 138 147 143 144 141 151 161 159 157 150 153 145 139 153 150 152 150 147 139 131 123 116 108 92 56 28 27 43 49 45 50 61 86 118 137 127 109 111 138 149 150 152 150 146 140
156 156 154 152 151 149 150 147 145 145 137 121 128 151 159 161 158 144 135 139 150 142 151 164 151 153 152 146 148 148 140 144 154 155 149 138 138 143 143 151 159 156 156 154 148 155 157 153 150 154 151 142 148 145 151 160 154 152 144 150 141 129 142 143 149 151 150 146 142 140 128 120 109 91 56 34 41 47 43 48 72 108 133 139 124 121 131 151 150 147 149 153 144 132
157 156 156 152 146 146 149 142 138 142 139 131 128 136 155 163 155 142 127 138 149 140 143 159 152 149 148 152 146 141 148 152 153 154 155 145 137 139 144 147 148 145 144 143 148 154 152 150 149 150 147 139 149 153 153 153 143 137 132 139 142 134 140 143 145 154 153 147 144 153 145 135 126 120 98 69 54 58 56 54 74 115 138 134 124 135 151 157 147 148 148 151 143 129
159 163 154 153 152 149 151 146 140 144 141 136 133 134 150 166 158 135 123 140 145 139 147 156 154 152 151 155 149 134 137 144 151 150 151 143 129 135 148 151 147 135 136 151 153 146 146 148 146 140 143 143 148 151 139 135 130 123 121 119 130 138 136 137 143 160 160 152 152 162 155 143 130 126 121 114 106 103 93 87 88 109 128 132 133 141 159 158 142 145 143 149 147 132
152 164 152 148 152 147 143 147 151 149 149 136 126 135 148 158 156 136 132 141 145 141 139 153 160 158 158 157 158 147 141 141 149 154 149 136 123 134 154 157 155 140 135 152 154 138 143 153 151 144 144 145 143 140 123 115 105 101 105 101 118 135 129 128 135 149 158 158 158 160 157 148 137 134 141 144 142 124 110 115 113 111 111 121 141 145 156 160 143 144 143 145 135 117
149 151 148 151 151 148 136 137 149 150 150 139 131 139 147 149 151 145 143 144 143 142 138 147 161 161 156 155 157 152 150 142 146 151 146 145 134 127 147 159 155 143 137 148 153 136 138 149 150 152 152 141 140 137 116 94 83 92 100 96 113 126 119 124 134 143 153 163 160 156 160 154 138 136 147 147 147 134 123 124 115 105 100 110 130 142 143 148 142 126 111 115 105 86
153 150 140 143 146 148 136 132 140 145 148 142 139 141 146 145 140 149 144 142 136 140 149 149 159 166 154 152 149 148 154 149 144 151 150 149 141 130 136 147 150 147 141 142 159 147 139 147 149 142 145 139 129 120 99 81 87 98 103 103 108 108 110 124 134 144 151 161 161 160 156 145 136 133 142 142 145 148 138 123 110 84 64 84 109 125 127 134 125 89 75 105 111 99
146 152 138 137 151 157 148 140 143 151 151 143 139 143 145 132 126 140 141 146 145 150 156 152 155 166 156 154 144 143 149 144 142 145 144 147 141 141 138 144 150 151 155 147 154 143 136 141 145 136 135 136 124 112 109 108 116 117 113 110 97 100 117 127 132 146 151 147 145 155 153 140 136 129 129 131 130 141 138 121 106 61 35 66 99 116 126 122 94 79 96 130 134 128
146 154 146 142 154 154 143 139 143 151 151 146 145 143 148 142 139 140 135 147 159 159 158 157 157 162 150 149 148 146 146 140 144 147 142 145 149 150 146 144 144 147 156 160 156 133 137 145 145 149 145 135 125 122 123 124 128 131 134 121 98 109 130 135 132 138 145 137 139 145 149 143 134 124 126 128 123 130 133 128 106 52 34 60 100 118 133 123 101 110 131 140 143 138
139 141 146 148 151 148 142 142 149 154 147 141 148 141 138 145 149 144 126 138 156 154 159 165 164 164 153 148 155 151 143 144 148 153 151 141 150 150 145 145 150 155 146 155 154 137 147 153 145 153 154 142 128 127 131 127 133 141 143 131 119 129 133 142 147 140 143 147 145 137 146 149 146 136 140 138 137 135 137 134 101 44 43 80 117 129 137 139 140 137 142 144 151 147
144 142 146 148 148 147 149 149 150 156 154 147 144 144 138 135 140 147 132 137 158 158 162 165 165 160 150 145 152 147 137 150 150 150 158 141 141 150 146 147 148 155 145 143 138 144 155 150 150 147 150 142 131 131 129 130 142 146 145 133 128 138 134 139 145 144 150 155 146 135 144 148 150 147 149 144 148 150 147 143 101 51 56 95 132 143 148 152 149 147 152 152 146 144
155 151 153 155 150 144 152 150 143 143 152 153 143 145 147 134 140 155 150 143 155 159 154 152 157 152 151 145 149 145 135 152 150 148 156 143 140 150 152 149 142 153 150 138 132 143 148 146 147 144 153 149 133 134 124 125 140 141 137 133 132 139 137 143 141 144 149 147 143 143 160 160 153 155 158 150 147 153 148 139 120 84 77 95 128 146 151 151 143 139 148 155 144 139
153 146 146 152 154 146 153 151 147 144 146 148 142 148 152 137 143 158 164 156 151 155 145 141 146 150 149 144 149 153 138 145 149 143 148 143 143 149 153 154 136 145 151 132 126 142 148 146 143 148 155 154 139 138 137 136 145 144 128 124 131 139 139 146 139 142 151 148 143 143 163 166 159 157 158 161 159 162 149 140 130 105 99 105 129 146 146 141 140 141 146 147 144 147
154 149 148 147 153 146 149 149 146 151 154 141 137 151 151 148 152 155 157 149 140 147 137 127 129 156 159 148 144 150 142 140 143 142 151 147 144 146 150 151 141 139 142 138 130 138 145 143 138 140 142 153 154 146 143 140 142 156 149 142 137 139 143 146 143 140 144 150 150 158 162 161 160 157 157 161 161 166 153 150 131 108 113 119 143 158 144 143 145 146 150 145 143 152
160 157 153 148 149 144 148 150 146 152 155 138 134 156 155 152 160 163 157 145 139 140 135 134 126 145 157 153 146 147 150 145 141 143 146 153 155 148 152 148 147 142 135 144 141 133 142 150 153 142 138 151 159 144 129 130 133 153 158 154 152 140 134 140 145 139 136 141 149 162 158 155 159 157 159 159 156 155 151 147 128 111 116 125 147 150 132 143 150 151 154 148 146 156
168 165 151 149 155 149 146 147 148 151 151 140 132 152 153 146 155 158 150 148 150 138 131 147 142 143 140 148 154 151 156 146 144 144 139 153 164 159 164 162 151 141 131 143 140 127 134 143 148 141 141 151 149 146 142 147 141 142 147 150 156 142 135 141 139 137 141 145 152 151 154 156 162 164 163 163 159 156 149 140 129 122 125 129 139 132 124 144 146 148 157 153 141 146
169 170 153 147 157 148 137 138 141 143 148 156 153 153 150 151 155 162 147 147 160 143 135 154 154 143 136 156 166 154 154 144 142 144 144 154 163 172 169 165 154 144 131 137 132 122 121 128 131 135 143 148 140 152 153 151 146 144 145 150 156 146 140 149 137 121 132 146 154 153 157 155 159 162 161 164 159 153 144 123 122 134 136 138 143 141 138 148 149 154 161 159 138 141
162 163 159 150 156 150 132 123 134 147 151 158 166 161 154 156 152 160 149 141 156 155 146 158 154 136 141 154 160 151 148 145 148 148 147 156 168 178 173 164 152 144 133 120 101 90 83 95 105 114 129 141 140 152 146 141 139 135 144 157 164 152 138 146 126 100 114 132 142 153 159 159 159 159 158 160 160 152 140 111 114 134 136 142 149 145 144 146 143 152 160 160 148 145
154 150 161 159 163 164 136 117 133 150 156 152 156 160 165 169 158 161 157 140 142 155 151 158 159 149 150 139 141 153 154 157 156 144 145 163 169 173 172 165 150 137 128 92 63 61 59 57 67 96 119 135 146 156 147 144 145 140 148 149 149 148 132 120 109 98 104 114 136 156 163 162 165 167 157 160 155 146 135 124 136 138 135 142 148 138 138 148 150 149 148 153 153 148
160 154 166 164 158 155 137 118 128 141 150 147 154 158 166 172 162 159 158 152 149 155 156 156 160 157 154 146 139 149 155 162 160 150 147 164 165 160 157 163 146 127 110 74 62 75 67 42 47 86 121 136 142 137 129 134 132 129 139 130 132 143 125 100 101 89 82 101 138 158 160 159 158 159 149 153 151 146 136 129 143 142 135 142 150 142 141 148 151 142 148 157 154 156
161 160 165 164 160 149 128 103 105 123 145 152 162 162 167 178 176 167 156 158 161 154 153 151 160 158 147 147 143 145 152 160 158 155 153 158 163 150 139 149 140 132 107 70 77 106 97 65 72 91 113 130 132 114 107 117 118 128 139 142 148 139 101 72 77 64 58 93 140 155 156 157 146 156 158 155 153 154 150 136 134 142 149 146 151 148 145 151 153 144 153 156 160 160
156 158 160 162 163 156 132 92 79 104 136 140 153 164 163 173 178 177 164 157 156 148 141 142 154 161 158 149 142 142 147 160 155 148 154 158 159 151 153 154 145 144 115 77 82 106 111 93 87 78 91 122 131 108 106 121 134 144 147 154 143 114 74 48 53 59 74 115 147 145 147 162 150 157 166 161 160 151 142 141 133 140 157 148 148 147 151 154 150 154 152 149 155 149
156 163 162 164 154 155 150 94 57 98 146 137 133 163 162 164 166 174 169 156 150 152 138 134 147 153 152 149 142 144 147 152 154 148 155 156 157 156 158 154 142 139 115 71 64 75 79 72 72 74 89 121 123 114 128 137 140 141 150 154 126 90 57 43 62 88 99 124 154 152 150 160 156 152 164 166 157 147 140 147 144 141 146 140 146 154 155 154 145 161 158 152 161 153
155 161 159 163 151 152 157 105 66 104 149 145 135 158 165 162 158 163 158 151 151 152 144 140 146 148 144 153 147 142 149 151 155 154 152 151 157 159 156 155 141 132 118 72 68 82 83 83 99 115 125 144 140 131 150 154 146 144 152 144 124 107 84 63 84 114 115 130 156 160 158 153 157 153 160 158 150 152 140 146 140 130 131 131 144 162 158 153 140 161 162 148 154 160
154 157 159 166 157 157 153 116 96 116 145 149 156 157 156 157 156 161 157 149 154 150 144 139 142 149 141 144 144 141 151 147 150 155 149 145 153 156 153 150 139 129 116 88 99 121 122 129 142 145 147 159 156 142 154 158 148 146 147 138 120 114 121 101 102 120 119 132 145 150 162 158 156 158 158 150 144 150 139 144 147 138 134 126 136 159 153 155 152 160 163 157 148 156
151 155 153 161 158 151 143 118 118 141 158 152 162 159 152 155 156 159 157 152 156 157 149 132 141 154 144 132 143 147 149 149 145 147 146 137 147 158 152 143 133 134 120 109 128 134 136 143 151 147 149 160 153 151 156 157 147 145 145 150 131 120 132 123 123 134 128 127 142 152 161 160 150 153 147 148 145 139 130 134 147 147 138 138 149 159 152 157 161 157 156 157 156 159
156 154 154 155 159 150 132 133 134 137 153 153 158 159 157 158 161 148 149 150 147 161 156 133 140 150 150 136 143 146 144 153 152 145 135 132 150 160 148 152 146 144 135 133 147 137 141 157 160 153 152 155 150 153 153 150 141 145 143 149 133 123 134 133 137 142 138 118 120 140 152 155 153 150 141 144 132 113 110 120 135 145 144 150 154 152 149 148 152 155 157 149 162 166
148 147 147 147 153 150 127 134 143 141 150 155 157 159 158 155 166 151 142 150 145 158 146 124 132 152 151 141 149 142 141 153 156 140 131 150 162 155 143 155 155 152 142 142 151 141 144 160 160 150 158 160 159 156 149 149 150 155 141 139 137 128 125 135 143 145 143 114 92 111 137 141 147 143 121 114 108 82 74 95 122 144 147 146 148 153 156 152 151 150 147 142 154 167
140 150 150 142 138 144 142 138 145 156 158 146 149 162 161 155 163 157 147 150 151 156 132 113 127 149 150 154 158 143 140 143 138 132 133 148 152 149 150 153 148 149 143 144 145 144 148 158 162 148 155 172 163 152 147 144 142 148 142 136 144 141 137 139 141 142 138 120 99 95 111 115 118 120 112 101 91 67 60 83 110 130 138 143 146 149 156 143 146 152 147 147 146 148
136 152 149 140 126 121 142 150 145 157 164 142 127 141 153 152 156 155 153 152 153 150 129 114 140 160 156 160 166 154 141 135 135 141 143 148 144 149 156 152 145 144 141 149 148 152 149 147 156 158 155 164 160 151 146 142 138 140 143 146 142 136 148 140 135 142 138 115 106 97 92 91 100 113 127 129 108 87 74 77 115 126 123 144 152 144 145 131 144 153 153 160 154 139
157 156 146 152 135 118 133 146 147 154 155 131 106 118 151 159 158 160 154 144 144 154 142 132 152 160 161 164 160 162 142 133 145 146 149 154 150 148 156 154 144 140 143 151 155 158 155 150 148 154 158 157 155 156 152 149 147 142 143 146 137 137 145 135 126 140 140 112 106 97 96 95 113 125 130 140 131 119 104 89 122 136 127 149 161 153 141 131 139 143 146 157 150 138
170 170 151 157 147 126 131 150 158 155 137 100 70 80 130 154 155 162 158 142 141 150 148 143 153 157 168 173 160 168 156 143 144 146 155 156 155 149 142 144 140 132 137 147 154 152 152 155 151 151 156 156 153 154 152 153 152 149 150 148 136 124 126 135 128 135 143 127 121 106 92 85 107 119 127 140 137 135 130 113 123 138 143 153 152 148 135 134 151 147 147 154 157 145
167 178 164 152 145 128 148 183 205 186 128 77 50 51 95 137 148 156 156 151 155 152 147 146 160 166 174 173 162 166 159 150 145 152 160 156 160 156 139 139 135 128 128 145 156 153 154 153 146 142 151 157 153 146 146 152 152 156 157 145 138 122 119 133 131 139 153 144 131 115 82 67 87 102 123 140 137 140 140 130 130 144 155 152 147 148 137 143 156 150 151 150 154 145
164 173 169 154 141 147 175 189 205 188 121 74 62 45 73 132 153 152 147 148 148 156 151 144 158 170 164 166 164 164 160 152 138 142 152 155 147 147 148 149 131 128 147 147 152 149 147 153 151 142 147 152 156 151 139 142 154 161 162 147 143 135 134 142 138 136 145 142 130 113 76 59 76 92 115 121 118 141 155 140 138 144 154 149 145 156 146 143 144 143 147 159 148 135
172 170 170 158 144 150 172 180 161 127 94 72 65 51 70 126 149 145 142 145 139 149 147 147 160 168 155 164 158 157 163 159 145 136 151 161 146 151 157 152 134 126 162 156 154 159 146 153 156 152 154 147 144 159 147 143 163 163 158 159 145 132 145 161 151 140 146 140 136 116 81 61 71 83 100 108 109 132 150 147 143 138 148 154 144 157 150 135 123 126 137 163 157 145
