example/E5 - XRays/X-ray-tomography/rastert_juap34.txt
ncols         356
nrows         356
xllcorner     -0.5
yllcorner     -355.5
cellsize      1
NODATA_value  -9999
[rows 42 to 83 of 356, columns 94 to 187 of 356]
126 141 134 131 124 122 127 130 126 118 118 134 150 153 140 133 99 63 57 62 76 83 96 116 124 100 89 96 115 137 142 137 133 137 144 160 160 161 164 168 165 149 139 138 138 142 144 139 135 145 138 132 134 139 137 130 126 132 148 152 153 140 128 130 151 143 134 133 144 156 152 148 141 140 145 142 139 132 140 150 149 149 145 141 152 158 153 154 150 150 146 142 135 126
117 134 139 144 139 135 131 122 126 129 129 135 145 149 132 129 94 51 47 48 52 50 63 87 109 106 104 98 97 121 140 133 128 139 145 146 145 153 162 164 169 162 144 115 105 125 139 138 133 133 137 133 126 128 134 134 131 132 141 141 151 148 128 127 144 133 129 139 149 158 152 146 140 135 142 146 140 133 141 150 147 148 151 145 146 151 148 149 151 148 144 143 137 128
133 139 138 149 154 148 132 121 124 120 117 123 137 146 128 117 79 38 38 41 38 40 64 89 109 112 109 103 98 121 139 135 129 143 149 143 143 151 161 163 165 166 154 123 103 123 137 140 139 133 135 131 126 128 134 141 140 143 147 142 142 139 135 134 141 133 132 145 149 152 145 145 145 139 143 142 142 142 145 150 147 146 152 149 144 148 147 149 154 144 142 144 134 126
137 145 139 141 152 156 143 128 122 121 120 122 127 134 110 91 64 40 40 46 42 45 69 93 115 122 120 117 115 130 139 138 140 148 153 149 152 156 162 166 165 165 156 146 132 132 138 145 149 142 137 128 124 127 135 145 148 152 146 139 137 131 136 137 145 148 141 155 159 147 140 142 149 146 146 137 144 154 152 156 154 144 137 142 141 140 138 139 144 143 149 151 136 125
137 145 145 139 146 152 143 127 117 124 131 130 112 100 82 78 80 73 69 74 69 67 87 109 125 129 135 138 137 140 142 136 140 147 150 149 149 156 158 160 163 161 152 147 136 134 139 141 145 145 142 138 133 136 146 149 154 154 142 135 139 139 144 141 145 154 154 165 164 151 151 149 146 142 146 139 146 157 154 163 157 145 131 124 128 135 135 134 140 136 140 140 136 132
139 137 138 135 138 137 132 128 124 136 143 137 114 92 84 97 113 115 112 105 96 97 111 119 124 135 137 133 141 149 147 137 135 138 141 143 146 158 156 152 152 157 154 151 141 141 147 138 135 137 138 144 140 144 147 145 148 154 149 137 143 141 142 146 149 153 160 164 160 152 155 153 145 142 146 142 142 147 153 167 160 152 140 123 120 134 140 140 148 138 137 136 142 135
133 134 129 128 138 137 134 137 139 149 152 148 136 124 118 125 129 124 122 112 106 114 120 120 123 139 140 129 131 149 153 148 141 139 132 130 138 148 148 142 145 157 155 157 156 152 148 135 130 139 142 142 140 142 144 147 147 145 140 135 146 144 138 139 147 152 154 150 147 143 146 144 145 149 149 142 140 144 154 166 165 157 152 147 139 140 142 145 146 140 144 141 145 129
137 142 131 122 135 140 139 140 147 150 151 157 154 147 139 129 123 122 126 119 115 123 122 126 133 141 139 135 131 145 155 157 145 141 134 122 127 137 142 147 151 156 155 159 159 151 138 124 124 142 146 140 142 144 146 150 149 143 133 133 143 146 142 136 138 138 131 131 124 118 126 132 143 144 142 139 142 146 152 163 171 168 157 154 149 146 141 137 129 129 141 135 138 129
144 144 135 131 135 138 140 139 152 156 153 159 159 155 139 114 110 126 129 125 129 132 132 137 146 146 133 131 141 149 150 150 141 137 143 141 139 134 136 144 138 128 126 137 144 130 118 115 124 139 138 139 148 147 147 145 148 145 135 133 136 143 138 130 134 136 133 137 128 123 129 133 137 144 142 131 133 140 151 159 165 164 155 149 144 143 138 128 121 124 133 129 139 142
141 138 134 134 136 135 136 132 141 157 160 160 158 154 136 115 118 132 133 136 140 138 140 151 155 151 141 142 149 153 150 148 146 141 149 155 151 139 133 132 116 92 82 100 126 114 103 121 128 132 138 143 151 151 154 152 150 144 137 141 149 155 141 136 141 145 147 139 134 139 144 151 146 148 148 136 133 136 144 151 154 154 153 152 146 148 141 134 133 134 135 137 144 152
137 141 137 130 128 132 139 134 143 159 168 162 153 154 143 133 131 134 136 139 139 134 142 149 150 148 140 143 147 151 136 134 155 157 150 153 153 143 130 122 110 94 92 97 118 116 100 117 128 126 138 149 152 154 162 156 145 141 142 146 152 157 146 148 148 151 156 144 144 151 157 157 146 144 146 143 140 140 141 137 143 153 153 152 148 150 145 144 137 130 135 145 144 150
135 144 136 129 123 130 139 132 145 156 158 161 150 151 150 147 140 139 134 131 134 129 136 138 140 137 132 139 144 147 132 134 156 164 161 160 152 147 136 123 116 108 124 120 113 111 97 104 125 127 127 140 153 152 163 165 147 138 141 140 143 156 159 161 149 151 155 144 143 149 158 152 143 144 143 146 147 145 147 140 136 140 144 146 145 139 137 148 142 125 128 139 142 144
140 148 142 144 139 130 133 133 137 145 146 156 156 152 147 148 144 145 136 132 138 126 124 136 137 136 136 141 144 145 144 150 152 154 159 160 151 153 151 139 127 122 138 129 102 86 90 111 126 125 111 113 140 154 164 179 162 134 135 138 142 173 188 170 148 147 148 140 138 141 151 143 136 146 139 145 151 143 147 150 136 132 139 139 140 136 137 150 153 135 128 124 129 144
143 150 149 153 154 145 140 139 141 145 148 153 154 154 148 146 149 144 137 134 140 135 129 138 140 132 124 126 137 148 153 157 153 144 146 151 150 147 140 133 129 123 131 124 106 82 78 101 116 111 93 94 128 159 162 168 162 132 129 143 151 180 193 168 151 146 141 139 143 137 138 131 130 147 143 147 152 148 143 142 135 138 141 138 142 141 141 150 148 138 130 117 108 129
145 154 153 158 157 152 151 145 150 153 154 152 146 148 156 150 144 134 134 132 135 144 146 135 133 128 121 129 141 147 151 151 152 145 143 145 136 120 118 119 132 132 127 120 119 100 84 89 85 82 80 99 138 163 156 154 149 134 135 146 148 163 177 160 147 150 135 136 146 135 133 137 139 154 154 145 147 151 143 136 134 144 140 136 141 139 135 146 142 139 148 144 128 131
147 158 152 157 160 152 152 139 144 152 160 151 142 138 146 154 134 118 127 130 131 141 143 136 134 131 138 150 155 155 154 149 148 145 143 135 120 111 113 123 140 138 132 125 119 102 93 102 85 73 81 108 147 163 156 152 139 135 143 148 146 148 158 154 141 143 131 136 142 136 134 144 142 147 151 140 139 149 141 139 142 145 139 140 144 139 132 145 145 137 157 163 151 146
136 147 140 141 150 150 146 135 131 135 146 139 137 131 122 144 141 123 129 137 133 135 135 138 144 143 146 156 157 157 160 150 148 147 137 116 113 122 119 135 150 136 131 127 118 109 108 122 113 99 106 121 142 155 152 147 136 132 137 138 141 136 141 149 145 138 131 135 132 138 141 145 145 143 145 137 136 147 141 139 141 144 136 136 147 151 139 144 143 136 149 152 144 148
122 138 137 138 144 141 130 126 120 114 121 116 126 134 123 137 149 142 131 140 142 137 143 142 142 151 149 157 159 154 155 149 144 146 141 122 118 122 129 154 162 139 129 124 117 117 121 133 131 120 123 133 141 151 144 135 122 127 137 134 134 134 136 141 143 141 136 133 127 139 148 145 152 145 142 141 135 143 143 143 136 141 140 136 146 152 141 142 136 130 136 142 137 138
122 139 139 148 151 142 128 124 124 110 101 87 87 101 120 135 138 147 143 141 143 146 146 143 139 141 145 148 151 153 150 149 144 145 145 133 121 124 141 156 155 137 127 126 122 119 125 139 144 137 137 143 143 146 137 124 115 120 126 127 136 145 140 140 141 140 136 136 136 139 145 145 146 136 133 136 132 137 146 150 143 138 135 135 142 143 140 138 135 130 129 136 140 139
134 135 137 149 158 154 143 136 134 126 107 71 50 53 99 131 132 141 154 150 140 150 145 136 132 129 137 141 144 147 145 143 143 144 144 132 133 136 141 145 146 127 116 135 139 128 138 149 152 156 150 145 139 134 134 122 112 114 111 111 131 142 139 144 140 136 145 151 149 138 141 149 139 136 138 133 133 135 138 135 141 144 140 139 140 139 137 133 136 132 129 133 143 142
142 133 137 145 144 141 146 146 140 139 125 92 65 61 108 137 134 136 150 151 140 140 129 131 134 134 136 135 142 144 147 144 145 145 150 139 138 138 139 136 139 123 114 137 143 137 153 161 155 160 157 150 142 137 136 126 119 131 122 105 119 132 136 141 129 128 149 155 150 145 145 140 126 134 149 141 135 136 137 130 137 144 142 139 135 137 144 138 138 144 142 136 142 151
146 133 135 137 135 136 140 152 149 140 132 126 109 100 131 146 143 142 149 152 139 123 103 121 131 133 139 137 145 147 148 145 146 145 148 131 133 138 139 138 135 129 131 138 141 149 160 164 164 161 159 154 146 147 142 136 134 143 133 114 124 130 136 145 134 133 144 148 147 146 149 143 126 130 144 137 130 132 139 138 143 141 136 140 133 134 147 136 141 148 148 145 144 157
143 137 141 132 132 146 149 153 152 146 138 137 139 135 142 141 147 147 131 139 144 127 115 129 131 132 143 147 148 149 148 145 144 142 144 129 139 141 141 144 137 136 137 126 135 152 162 166 163 156 157 151 143 146 151 146 134 138 140 130 135 135 141 146 140 142 141 146 154 147 147 149 141 140 139 136 136 138 141 144 144 145 146 149 145 145 146 140 143 137 141 147 142 149
140 144 149 146 137 137 147 153 147 151 156 146 152 156 146 141 143 135 121 130 138 133 139 143 141 146 149 142 134 139 146 146 146 145 141 133 143 133 137 148 133 124 124 116 134 141 151 161 165 157 149 149 145 139 153 152 140 143 151 146 142 145 147 140 140 142 141 147 149 148 150 148 145 143 141 147 148 150 142 142 141 145 151 149 148 148 143 151 154 145 141 144 142 145
127 139 144 147 143 128 138 149 140 144 150 139 136 146 137 136 146 136 134 132 134 138 134 134 146 151 145 136 131 134 137 142 141 137 128 132 140 117 115 139 134 122 124 124 130 130 144 147 148 148 137 139 147 142 142 152 150 147 152 152 152 153 154 141 139 141 140 149 144 143 155 148 136 133 131 141 150 148 143 139 146 148 146 148 144 139 138 151 157 144 134 140 152 151
127 130 143 154 150 135 133 132 133 135 133 116 105 116 120 129 145 141 141 137 131 127 118 129 141 147 142 136 130 129 134 134 127 118 115 133 137 118 114 133 142 145 149 144 138 129 136 139 126 124 125 127 131 133 134 145 148 145 149 151 157 155 154 143 138 140 137 149 148 141 144 143 128 138 138 134 140 140 148 141 147 152 143 146 146 142 147 151 147 145 145 135 148 153
136 135 138 147 148 138 134 126 123 119 115 98 83 103 129 140 147 146 149 153 144 129 127 140 139 139 133 130 136 131 133 131 122 115 114 126 138 133 138 141 138 142 148 148 143 122 116 125 122 125 136 138 134 134 140 145 154 154 148 143 145 147 152 146 142 141 145 149 149 144 138 136 129 140 140 132 137 143 152 146 149 154 150 150 149 150 156 152 145 144 149 142 139 140
130 136 132 135 139 131 134 132 122 113 117 111 101 112 132 143 152 156 155 151 143 139 136 139 138 138 128 124 140 141 135 135 128 129 132 125 139 138 143 150 142 135 137 145 144 129 119 123 133 139 141 144 140 139 146 148 157 156 142 139 138 143 153 150 148 140 144 152 148 146 147 139 134 135 133 130 140 144 150 147 146 148 150 154 148 146 147 142 150 143 147 156 145 140
128 132 134 141 140 123 127 133 120 117 131 129 121 125 131 140 148 150 148 147 143 145 140 132 133 139 130 120 127 137 137 141 136 137 143 130 135 137 134 141 147 140 134 134 141 136 128 136 137 138 138 144 142 140 154 153 158 155 135 130 136 142 146 151 148 136 137 149 146 142 147 143 143 138 128 126 133 134 140 145 148 144 146 149 142 140 144 147 159 156 154 158 147 142
129 138 140 145 149 133 128 138 130 124 129 126 118 127 138 145 144 148 143 143 150 151 148 139 144 144 131 118 120 131 133 140 137 136 140 126 132 142 134 133 136 140 139 129 141 137 127 138 139 143 143 149 151 141 153 152 154 155 134 122 131 140 139 147 143 141 139 147 149 139 137 148 156 150 128 120 126 132 139 148 158 153 154 149 140 138 158 164 166 170 157 153 146 142
138 148 138 131 136 143 136 136 132 126 125 132 131 136 146 148 144 146 134 126 140 155 150 139 145 147 145 145 136 130 129 137 135 135 139 132 133 139 142 142 138 136 143 144 145 138 126 129 139 153 152 152 156 142 149 151 146 150 145 134 137 139 139 142 139 149 153 153 152 146 139 145 152 147 131 123 121 129 148 160 166 162 160 144 145 146 164 162 158 164 160 153 140 129
154 153 136 126 136 149 137 134 133 133 135 137 147 150 147 149 138 130 116 103 110 137 148 143 147 152 152 153 142 135 139 138 133 137 142 144 138 126 128 146 154 144 151 157 149 137 113 106 133 153 155 156 149 137 143 146 142 142 143 149 146 139 141 143 142 147 153 145 147 153 145 140 141 147 137 127 127 134 150 160 160 164 163 153 157 149 158 157 155 157 168 162 147 128
147 144 135 123 133 143 118 119 134 133 145 154 158 158 151 151 140 121 104 111 119 124 136 145 148 149 145 137 126 126 135 138 134 138 141 140 135 125 123 148 161 156 158 162 153 137 100 80 112 148 158 160 146 140 137 139 142 137 140 149 148 144 142 142 146 147 143 126 136 143 140 145 140 148 144 133 139 143 149 158 161 157 158 160 159 152 155 158 161 154 166 165 150 139
137 141 141 128 126 131 113 113 140 139 140 160 159 153 145 140 140 130 108 114 125 122 130 138 135 135 135 135 115 99 110 140 146 140 138 133 139 141 135 151 160 157 157 158 145 117 72 63 94 138 159 164 147 136 132 128 134 134 139 139 136 137 143 146 145 143 135 123 135 137 138 141 138 145 153 144 140 135 145 156 157 152 152 161 157 158 160 152 161 163 162 165 153 139
136 154 157 140 127 135 135 131 145 148 145 152 151 144 135 131 135 137 119 104 102 117 132 120 96 106 125 130 108 100 114 143 154 138 124 129 149 150 142 148 153 153 154 154 137 95 62 74 106 138 153 155 137 122 129 122 136 142 141 146 136 138 152 151 148 144 136 134 141 145 142 140 140 141 144 147 142 140 148 150 153 159 160 161 153 156 162 150 156 169 162 165 151 132
140 158 168 152 134 146 148 140 143 148 153 156 146 134 132 136 138 140 126 110 104 120 139 122 92 99 116 116 114 123 130 143 147 139 132 127 143 153 151 156 150 140 145 146 129 93 80 98 128 143 135 127 128 125 135 130 136 139 141 148 140 148 162 156 153 146 141 139 139 139 140 137 134 129 130 140 143 146 151 144 146 152 156 160 162 155 158 158 157 158 154 158 144 133
144 154 159 158 140 139 144 147 147 142 138 145 140 132 126 130 129 141 140 129 126 129 139 129 121 122 123 120 121 129 133 147 150 139 140 128 134 156 165 165 156 136 137 137 125 119 113 119 136 143 131 120 128 131 127 125 134 135 149 147 140 146 157 158 155 142 138 140 142 138 138 129 127 132 137 140 143 146 153 154 152 146 149 159 160 149 156 160 151 148 152 155 143 140
141 159 150 154 148 139 139 145 143 135 135 138 128 126 126 131 134 145 144 135 137 145 146 137 136 142 141 135 136 142 137 140 143 125 123 125 130 147 162 165 163 141 132 139 131 135 134 131 128 132 132 124 128 137 132 125 140 142 151 147 136 143 146 153 148 135 141 144 146 144 136 131 135 148 158 159 152 150 150 152 148 135 140 156 155 149 158 156 151 153 153 145 141 145
124 156 149 148 148 144 133 122 121 123 134 146 140 135 136 133 139 150 150 141 140 149 155 146 138 146 152 145 139 145 143 137 143 138 131 126 135 149 156 161 163 147 135 140 131 133 125 122 128 136 140 130 126 140 147 144 144 139 147 161 144 142 140 149 151 138 148 150 140 142 135 141 151 164 170 170 164 160 149 144 148 141 146 153 153 156 155 150 147 146 144 133 144 153
116 155 151 148 145 138 132 117 124 129 127 144 149 140 137 136 144 149 148 149 153 154 160 154 148 151 152 152 142 139 142 140 151 147 137 128 137 147 150 154 154 146 139 137 130 135 132 124 133 143 145 138 130 133 145 149 141 142 151 166 152 147 152 147 143 141 150 153 139 142 141 149 163 171 170 168 167 172 148 140 145 149 155 149 148 156 148 150 131 123 140 137 155 164
128 149 138 139 148 144 140 125 135 137 131 131 139 138 142 149 145 140 144 147 149 154 154 146 154 159 150 146 139 131 130 127 140 148 142 136 138 145 152 149 147 148 146 146 134 129 138 145 146 142 139 144 142 146 158 154 141 155 161 157 152 152 161 149 134 134 144 153 149 148 141 146 163 168 169 174 162 159 137 129 124 124 136 139 146 154 148 156 133 118 144 146 160 164
115 125 129 139 146 145 144 128 133 138 132 127 134 146 150 151 146 142 143 144 145 153 150 140 147 157 143 133 132 133 127 120 133 144 147 148 137 140 148 155 152 142 138 148 143 131 138 150 144 142 138 143 136 137 148 152 147 156 161 150 152 154 156 152 135 135 138 146 154 149 142 151 163 169 163 162 148 138 122 122 122 122 129 137 143 150 151 149 142 127 141 149 165 172
