example/E5 - XRays/X-ray-tomography/rastert_juap09.txt
ncols         356
nrows         356
xllcorner     -0.5
yllcorner     -355.5
cellsize      1
NODATA_value  -9999
[rows 42 to 83 of 356, columns 94 to 187 of 356]
143 140 141 135 132 137 139 136 148 145 147 151 145 150 148 153 147 144 147 155 163 158 139 136 147 144 144 146 143 147 150 146 149 142 134 146 149 154 153 152 149 153 157 147 142 143 145 139 148 160 161 162 156 151 137 118 101 110 119 95 77 99 128 139 135 140 141 145 154 155 146 136 130 127 134 142 143 144 146 146 146 145 140 134 141 142 141 149 145 141 148 142 144 151
144 141 144 147 145 144 144 137 150 147 141 155 149 147 145 143 147 147 155 156 161 157 139 139 157 152 144 145 139 137 142 146 142 136 135 146 149 155 165 161 158 154 157 154 144 139 138 136 145 153 160 158 157 151 137 123 98 88 88 69 54 78 115 130 132 143 147 155 159 156 154 147 142 133 137 143 143 143 150 151 141 135 138 139 145 147 143 147 149 156 154 143 148 152
144 142 146 154 154 148 142 131 138 145 139 153 150 140 141 132 141 153 157 159 159 156 150 148 153 153 144 140 132 128 138 143 135 132 145 158 156 156 168 163 167 165 162 160 146 136 132 137 148 147 159 154 151 149 145 134 96 61 39 36 56 76 107 135 141 151 155 156 156 156 151 143 143 135 142 149 149 148 150 153 145 136 140 145 144 144 139 145 151 157 155 152 156 151
147 148 149 150 151 145 132 121 129 148 148 146 145 140 139 129 136 149 150 156 159 158 156 153 151 146 133 133 136 124 126 130 127 132 145 157 161 162 171 171 172 164 164 165 162 151 136 128 149 156 159 143 120 127 145 139 100 52 32 36 70 94 121 146 146 150 162 161 156 155 145 140 144 128 128 142 151 151 145 149 148 138 139 153 150 145 143 155 157 152 154 161 159 154
152 155 153 148 151 147 140 135 139 155 162 155 152 147 140 136 139 142 136 139 147 158 158 151 148 146 129 124 138 130 123 128 131 133 139 150 165 164 164 174 175 166 168 166 169 163 147 127 143 159 158 146 124 118 130 134 124 88 64 61 86 121 144 151 152 154 161 160 160 157 144 141 137 124 128 142 150 148 145 144 142 141 138 150 148 143 143 150 154 150 152 163 160 158
150 151 154 149 151 152 150 146 143 147 156 156 155 150 143 138 137 137 136 136 140 150 148 146 146 140 133 133 138 141 131 129 139 140 136 140 158 166 166 173 174 166 165 164 159 157 155 137 139 155 155 150 145 132 132 142 144 127 107 102 110 130 147 154 162 160 161 156 156 155 140 140 134 133 141 145 148 147 150 146 139 139 139 149 143 143 150 145 147 155 151 156 160 162
153 147 144 145 146 150 152 147 142 136 143 149 151 151 143 139 143 138 141 138 132 137 141 147 145 138 142 148 141 142 138 140 138 136 136 130 142 155 161 169 175 170 163 165 155 149 149 144 141 150 147 140 143 127 135 149 145 140 130 121 121 135 143 149 158 155 159 156 148 149 144 147 135 131 139 137 143 151 151 137 129 135 140 148 140 145 154 146 143 156 154 157 162 162
156 151 140 140 134 142 149 147 147 139 144 147 151 156 147 145 154 148 141 130 113 119 133 149 150 145 150 149 142 146 146 148 142 137 132 116 132 151 158 163 168 169 160 158 153 149 145 141 135 139 141 141 150 121 125 143 142 148 142 131 127 139 145 145 153 155 152 158 148 142 149 155 134 125 141 135 137 150 150 121 113 131 140 148 145 148 152 146 141 147 152 161 165 158
142 151 147 142 130 135 138 143 146 139 142 146 152 154 147 149 152 147 140 126 113 118 130 143 156 156 154 146 142 151 148 141 144 141 121 114 138 150 154 157 156 156 149 149 149 141 145 147 135 137 145 146 149 124 126 146 145 156 153 140 130 129 138 144 155 158 155 158 146 138 147 155 136 128 145 142 135 140 136 109 111 132 136 134 137 145 147 147 146 142 151 160 162 159
132 145 149 148 137 134 137 144 144 132 132 140 149 141 139 149 148 147 142 124 126 129 138 143 149 159 158 152 147 149 144 132 136 140 121 118 145 148 140 145 148 147 141 141 145 139 144 149 141 146 152 138 130 125 138 148 149 158 156 142 123 123 141 148 152 157 160 162 149 146 145 145 139 138 147 149 140 133 116 88 93 112 123 117 124 143 148 150 159 150 151 159 157 158
140 141 142 143 143 134 129 141 152 145 134 136 148 147 145 147 143 153 153 135 138 139 148 154 145 142 149 158 153 152 142 128 132 140 134 129 149 156 144 146 145 140 141 137 135 139 143 143 142 148 152 140 132 128 144 152 152 155 152 145 126 128 139 142 146 152 161 163 152 153 149 145 144 147 148 150 144 124 97 69 58 67 107 121 121 137 144 146 156 148 144 158 152 153
147 140 140 141 143 136 133 136 150 152 144 142 142 152 148 142 139 148 151 144 142 137 147 155 142 126 132 151 151 155 146 133 140 142 134 132 141 152 154 152 144 133 140 146 139 145 152 149 143 144 148 143 135 128 143 153 155 159 155 141 125 129 139 149 147 147 165 163 153 157 154 144 136 137 145 149 141 111 82 55 40 54 100 121 118 130 140 145 147 134 139 152 151 150
136 132 137 143 141 134 132 133 142 142 142 148 141 147 148 149 148 144 142 144 144 141 147 152 144 138 137 143 143 146 147 141 142 145 137 133 135 147 152 149 151 142 136 146 148 154 164 162 148 143 142 140 136 137 140 145 149 154 147 132 130 131 138 150 139 127 151 160 151 158 154 136 128 132 145 142 137 118 84 52 46 75 108 118 121 133 142 148 147 135 143 141 142 148
135 133 135 138 143 141 132 135 144 143 140 148 149 141 146 153 155 151 138 133 141 143 144 147 148 146 143 141 143 143 143 140 140 141 132 133 137 146 146 142 153 147 137 150 158 157 156 161 150 148 143 136 134 141 139 147 147 145 140 132 133 135 139 144 136 123 137 154 153 151 145 130 131 136 143 140 136 127 103 80 76 101 129 134 134 145 144 150 146 139 146 149 142 142
143 138 135 139 146 152 142 137 141 144 141 141 145 137 144 157 155 159 151 136 136 141 143 148 150 148 143 140 145 144 144 133 136 145 132 127 136 141 141 138 148 146 145 157 160 152 149 157 148 144 141 137 137 137 135 146 139 134 143 137 127 128 134 139 137 130 136 148 150 143 138 132 137 137 142 144 139 132 118 110 109 119 142 147 138 140 144 157 154 143 142 149 143 133
144 146 149 154 150 148 147 145 149 151 148 138 138 136 139 150 152 147 147 140 140 146 145 144 148 153 150 144 148 145 142 135 139 145 142 141 141 136 126 125 139 144 150 152 155 153 148 151 145 135 128 126 125 129 132 135 131 132 141 138 135 133 129 139 144 132 131 140 145 140 134 128 137 139 141 145 142 141 133 117 117 131 143 145 141 138 147 161 164 151 143 146 147 134
143 151 160 159 148 144 147 151 155 152 147 141 140 138 138 143 142 137 142 142 142 143 139 140 144 154 150 145 145 138 139 142 146 141 142 151 144 135 124 128 140 142 150 149 148 151 147 147 134 118 107 103 105 117 122 113 124 133 135 133 142 144 126 131 146 136 127 135 150 143 130 125 134 138 134 138 136 143 147 125 119 132 133 120 119 126 148 159 159 152 150 155 152 138
145 152 160 160 150 149 153 156 156 152 148 142 141 144 144 144 147 142 136 142 141 135 135 148 151 153 147 146 145 139 144 139 140 140 141 147 131 125 132 143 146 143 149 146 136 145 147 134 109 97 91 91 99 108 111 101 119 130 139 141 142 140 130 130 137 135 133 138 144 139 138 134 130 141 136 135 141 144 140 130 117 119 111 88 89 103 137 160 157 149 150 162 159 138
152 153 151 158 151 147 152 157 161 156 151 144 143 143 141 143 146 142 133 139 142 137 140 149 159 151 139 147 149 142 144 138 139 143 142 150 134 121 132 143 144 133 138 149 142 139 137 115 100 100 101 106 112 104 102 113 123 121 143 151 137 130 135 133 130 132 138 142 143 143 144 140 129 137 131 130 143 146 139 127 111 104 96 86 88 105 145 161 152 153 159 161 158 143
153 156 148 154 151 143 145 155 162 161 154 147 151 148 136 142 145 141 142 143 141 142 147 150 157 149 140 148 151 147 145 143 144 139 132 144 143 125 129 143 143 128 129 154 150 134 132 118 112 120 124 125 124 109 110 131 135 127 147 154 145 140 136 133 136 136 136 132 142 151 146 139 126 121 129 140 140 139 146 136 120 104 95 92 91 115 157 167 154 160 164 156 152 147
144 149 150 148 142 138 140 149 155 152 149 152 152 154 143 145 153 149 142 130 127 144 153 153 152 151 154 153 149 148 140 142 153 148 142 144 152 137 128 142 134 119 127 151 148 137 132 132 130 128 126 125 126 123 132 138 134 135 142 139 139 140 132 127 135 135 129 129 138 149 154 145 136 130 136 144 141 138 146 140 126 105 91 101 114 128 149 157 155 162 156 156 155 145
146 148 153 147 142 143 137 139 150 144 141 152 150 151 150 148 149 141 130 120 122 142 154 152 150 155 164 154 144 144 132 128 147 153 155 148 151 149 135 136 131 120 130 145 142 144 144 137 138 141 138 138 139 133 144 151 136 139 145 132 129 136 138 125 131 135 131 139 136 139 155 153 147 146 146 149 144 139 138 139 128 95 75 105 140 133 136 153 153 152 150 157 157 141
151 150 148 148 148 143 139 142 147 137 139 151 149 156 152 149 147 136 132 135 140 149 158 157 151 155 165 159 152 142 137 131 139 147 153 150 149 153 138 130 137 127 128 136 140 151 152 137 138 147 149 149 148 141 142 146 136 138 144 122 123 137 141 131 133 135 137 148 142 136 151 155 145 150 153 150 140 136 130 133 117 79 71 99 132 131 131 146 150 156 153 150 148 141
143 144 136 146 150 141 143 153 148 139 147 156 143 148 144 139 138 130 135 146 145 150 158 161 154 155 162 159 155 147 149 142 138 142 143 151 156 156 134 123 137 131 126 128 143 155 149 139 147 147 146 149 142 144 141 136 138 146 140 120 119 126 130 140 134 137 144 141 136 138 148 155 140 144 154 149 136 129 127 121 101 66 68 85 125 143 148 143 146 166 154 154 156 146
140 145 139 140 150 150 139 137 136 138 153 162 139 137 143 139 141 125 131 155 149 155 159 165 158 154 155 151 143 144 157 151 147 146 138 135 140 147 127 111 129 134 133 122 133 146 142 139 148 140 142 153 143 144 145 141 131 143 142 129 126 126 132 140 135 142 141 132 132 139 140 142 137 140 142 141 131 113 109 95 79 53 63 94 135 149 154 153 150 160 157 158 156 143
135 133 143 137 146 151 139 129 124 138 156 156 141 142 150 144 143 137 141 160 158 154 151 159 156 153 149 145 138 142 148 145 146 146 144 140 133 134 120 105 123 127 121 107 109 132 139 135 141 136 142 148 145 149 143 146 125 125 134 132 133 136 142 136 133 140 136 135 136 137 139 136 136 139 127 131 129 103 81 66 53 40 64 113 145 153 153 152 149 147 157 154 153 149
139 125 142 146 153 152 144 143 127 131 146 146 146 149 151 145 139 142 149 156 160 159 155 157 155 152 146 141 135 140 150 146 135 139 153 145 136 130 112 92 90 87 99 107 110 128 142 138 143 140 143 144 150 159 148 151 139 128 133 136 132 139 147 141 136 131 135 145 141 136 141 149 146 145 130 133 133 109 69 48 35 41 70 115 151 155 149 152 154 149 151 147 153 161
143 134 141 151 158 156 151 157 145 133 140 144 151 147 139 139 140 145 152 151 161 164 157 155 152 156 152 141 133 128 145 148 138 135 151 144 132 125 103 78 77 89 113 121 123 125 133 137 140 139 144 141 152 162 152 150 148 132 128 140 140 137 137 141 142 130 123 134 132 131 133 145 149 143 133 134 123 98 59 43 37 37 64 117 158 163 148 155 161 157 150 149 153 166
139 136 141 152 159 159 158 160 153 147 145 134 134 125 112 122 142 149 151 153 165 164 152 153 148 153 151 141 141 127 140 148 142 135 141 139 131 120 104 89 100 122 133 131 128 125 135 135 120 114 112 121 149 157 158 156 147 132 128 140 143 138 131 133 134 129 125 131 126 126 130 140 147 143 138 143 125 80 44 40 41 34 60 113 149 162 154 158 161 160 160 161 156 157
135 127 137 151 155 151 155 156 147 151 152 134 132 130 118 127 147 152 152 158 166 164 159 157 147 148 148 134 137 135 139 143 134 135 139 136 131 118 110 99 105 120 129 135 135 123 120 104 88 95 101 111 144 158 159 156 147 136 133 126 118 113 114 117 112 114 126 133 132 131 134 139 137 146 146 146 130 81 51 45 38 36 59 96 133 156 153 161 160 160 162 169 165 151
139 130 134 144 152 150 152 154 144 152 158 151 149 149 142 146 156 155 157 154 155 162 159 160 147 143 149 140 136 149 151 142 134 141 137 138 136 124 117 94 88 99 104 100 99 101 99 97 98 120 136 131 145 152 151 151 148 134 112 95 98 94 85 83 87 106 133 133 132 136 132 134 140 150 148 149 137 105 82 69 51 57 73 90 127 145 141 158 166 165 159 165 162 149
145 136 143 147 150 158 161 152 141 152 154 155 155 151 149 153 161 160 162 168 160 154 153 159 149 139 148 148 141 150 151 141 147 156 142 138 131 120 115 82 71 70 68 69 79 100 119 136 138 145 156 153 149 148 147 152 141 120 83 75 94 92 70 57 75 109 134 140 137 137 130 131 147 150 143 147 144 128 116 112 91 88 94 95 123 140 136 153 171 174 170 170 161 155
146 141 151 149 136 145 159 156 142 146 153 157 156 148 151 154 159 161 158 167 163 159 156 149 142 141 145 144 137 147 148 140 145 146 142 144 136 121 119 103 95 89 88 100 128 140 146 149 154 152 151 156 148 144 139 140 123 92 67 72 75 73 68 62 95 134 137 139 139 137 134 145 148 143 141 141 139 138 137 133 110 103 111 101 116 133 134 146 160 169 170 166 162 156
151 147 153 152 137 133 148 159 157 149 156 156 153 152 157 155 161 164 163 162 159 165 156 134 130 138 141 144 143 144 149 146 144 139 139 146 148 133 126 129 130 128 131 133 142 144 151 154 162 165 155 152 151 147 141 127 105 74 55 55 56 62 69 83 117 149 144 138 138 138 143 155 149 144 135 133 142 144 142 133 106 95 100 87 107 131 132 137 153 161 159 158 158 153
156 150 151 149 145 141 143 151 157 151 154 152 159 155 149 144 153 163 164 159 155 167 164 138 134 142 140 143 144 137 144 142 138 138 141 144 152 138 131 136 147 147 149 149 144 141 152 160 161 164 153 154 152 144 136 102 68 54 63 65 68 88 93 105 126 137 140 137 132 131 133 144 148 146 131 125 143 141 140 123 85 74 71 64 89 130 139 139 146 152 147 147 144 134
152 146 144 139 135 141 145 149 153 152 157 157 166 161 159 157 159 162 161 168 160 157 158 143 142 146 137 140 149 143 137 135 138 143 143 143 152 142 140 144 149 149 142 146 149 145 150 158 159 163 160 166 158 138 118 80 54 44 72 93 97 111 124 131 127 116 128 134 129 135 146 151 138 137 139 137 139 138 135 119 87 70 67 69 82 112 128 137 147 151 140 126 113 100
160 145 138 138 142 150 150 140 148 158 160 154 156 150 160 167 165 158 165 176 165 158 154 148 151 148 133 132 154 150 127 119 141 149 146 147 140 139 143 139 146 152 142 145 150 142 148 160 159 159 151 159 149 126 106 79 64 68 102 126 120 114 129 145 130 122 118 107 118 145 163 157 135 133 140 137 139 140 140 132 109 104 110 106 98 107 117 132 152 144 132 128 121 105
161 146 136 143 152 157 149 123 127 152 158 153 157 148 152 161 167 165 163 164 164 161 156 155 159 155 135 132 155 151 126 122 146 151 151 154 138 139 150 138 147 155 150 155 156 146 146 158 153 157 147 156 149 129 117 105 98 103 127 138 130 116 122 138 135 138 119 101 122 148 153 151 144 136 126 112 120 135 144 136 118 133 138 122 108 118 131 141 144 135 128 136 140 126
155 150 143 139 145 154 145 112 122 146 156 157 159 155 155 156 160 167 158 153 162 161 163 161 151 151 148 141 147 148 134 124 143 150 153 149 142 140 142 142 149 151 159 163 150 142 143 160 145 147 152 157 145 137 138 135 127 118 126 123 122 115 125 137 139 145 122 110 134 145 140 147 146 129 109 89 91 124 141 135 129 143 139 120 111 123 137 140 143 139 130 135 146 151
155 153 154 146 139 140 134 111 125 145 155 159 164 154 149 155 159 164 155 150 154 154 158 156 141 144 154 146 142 153 150 135 137 151 163 152 147 143 139 145 148 149 159 158 146 141 148 159 144 145 147 143 133 134 147 148 140 135 136 129 137 130 131 139 140 143 124 118 132 139 138 149 141 112 95 84 84 108 128 132 134 146 144 131 116 116 133 137 139 133 121 124 148 162
147 144 151 147 146 143 135 135 149 148 146 150 154 153 147 148 150 152 152 155 156 153 153 145 136 144 154 153 144 157 162 153 137 147 156 147 148 146 135 142 142 139 148 151 150 147 149 156 146 146 144 136 136 142 149 146 141 147 141 131 138 141 135 139 144 145 131 132 132 131 132 138 129 116 115 103 91 95 107 111 126 138 137 133 114 113 132 135 133 138 135 136 147 154
142 142 148 145 146 137 128 142 153 149 145 148 145 145 142 145 155 158 156 148 138 143 158 147 144 146 143 155 152 153 157 153 137 139 144 146 149 151 141 138 140 146 148 152 149 145 150 162 151 146 148 135 138 149 153 144 138 143 138 127 131 130 127 140 144 134 136 147 132 132 133 126 118 128 127 107 93 94 94 93 117 130 136 132 113 119 128 118 128 142 146 146 144 152
