example/E5 - XRays/X-ray-tomography/rastert_juap39.txt
ncols         356
nrows         356
xllcorner     -0.5
yllcorner     -355.5
cellsize      1
NODATA_value  -9999
[rows 84 to 125 of 356, columns 0 to 93 of 356]
255 255 255 255 255 255 255 255 255 255 255 255 255 255 255 255 255 255 255 255 255 255 255 255 255 255 255 146 143 140 133 128 125 114 123 132 127 137 142 133 129 115 100 93 105 131 147 156 163 160 162 165 164 161 161 160 164 161 160 163 161 164 163 164 163 162 167 170 161 154 155 153 122 105 119 121 110 112 125 135 128 128 144 145 146 157 157 145 122 122 131 135 143 132
255 255 255 255 255 255 255 255 255 255 255 255 255 255 255 255 255 255 255 255 255 255 255 255 255 255 144 134 129 125 131 133 130 122 128 130 131 140 139 129 122 120 113 104 120 143 155 162 163 159 162 164 168 168 165 164 170 167 160 163 162 159 159 163 168 168 165 166 160 150 146 132 111 104 120 127 119 121 131 138 134 131 132 130 142 152 156 146 132 133 130 124 131 139
255 255 255 255 255 255 255 255 255 255 255 255 255 255 255 255 255 255 255 255 255 255 255 255 255 255 142 132 125 125 136 143 143 137 137 133 136 139 129 122 119 121 128 127 139 153 159 165 168 161 156 160 165 167 163 159 164 165 161 162 162 160 158 157 162 162 161 161 158 149 137 112 103 95 95 116 129 129 136 139 135 135 134 131 136 138 139 141 144 144 136 122 122 140
255 255 255 255 255 255 255 255 255 255 255 255 255 255 255 255 255 255 255 255 255 255 255 255 255 150 143 143 144 140 145 147 144 140 134 132 138 140 134 136 141 135 137 142 150 158 160 158 162 165 155 156 160 164 162 157 159 163 165 170 167 164 162 158 153 146 149 151 154 154 143 117 98 81 78 101 125 124 131 137 132 136 140 142 143 139 134 137 150 152 145 135 128 136
255 255 255 255 255 255 255 255 255 255 255 255 255 255 255 255 255 255 255 255 255 255 255 255 255 147 141 147 153 146 151 151 144 137 126 127 132 134 139 148 155 148 142 148 155 159 162 157 156 166 162 161 162 165 169 164 162 166 166 166 161 158 159 156 132 105 114 133 144 153 155 136 117 107 105 111 126 121 124 137 138 139 151 157 158 155 143 139 148 151 150 149 143 146
255 255 255 255 255 255 255 255 255 255 255 255 255 255 255 255 255 255 255 255 255 255 255 255 155 150 143 144 152 148 148 151 146 138 122 124 134 130 134 142 146 139 135 144 152 155 163 164 158 164 161 161 166 165 164 165 167 173 169 166 165 160 154 152 116 78 91 126 138 146 151 134 133 131 134 134 137 136 137 137 130 134 153 162 160 157 149 139 144 148 149 149 151 160
255 255 255 255 255 255 255 255 255 255 255 255 255 255 255 255 255 255 255 255 255 255 255 158 157 152 149 142 148 155 152 152 142 133 132 139 144 142 144 140 135 123 130 145 151 150 158 160 159 166 163 160 160 160 158 162 172 171 162 161 167 167 154 139 129 118 110 125 132 131 140 133 142 137 143 151 145 145 150 150 138 141 153 158 155 144 147 142 141 144 142 143 149 161
255 255 255 255 255 255 255 255 255 255 255 255 255 255 255 255 255 255 255 255 255 255 255 155 154 150 151 147 148 151 153 150 145 142 146 147 144 140 144 144 142 134 139 151 155 150 149 150 155 161 159 163 167 164 162 162 170 170 163 160 161 162 149 124 120 135 127 128 130 123 135 145 158 160 153 155 151 154 156 151 147 148 150 153 148 136 147 144 140 141 143 142 141 152
255 255 255 255 255 255 255 255 255 255 255 255 255 255 255 255 255 255 255 255 255 255 164 155 146 147 154 149 140 140 142 134 139 145 146 147 144 144 142 138 144 146 145 150 149 149 150 153 159 160 160 159 163 163 168 165 159 164 163 163 161 154 138 130 126 128 121 122 128 123 134 146 154 163 157 153 151 159 160 156 146 137 137 139 133 128 136 141 148 147 141 131 129 141
255 255 255 255 255 255 255 255 255 255 255 255 255 255 255 255 255 255 255 255 255 255 164 158 149 145 149 151 139 129 130 124 126 137 142 143 138 141 147 143 143 142 149 151 140 135 147 165 173 165 163 156 157 159 160 164 159 162 163 160 155 145 138 141 146 139 127 129 140 136 140 144 144 152 152 156 154 161 161 162 153 139 134 136 136 131 131 148 152 139 133 120 119 137
255 255 255 255 255 255 255 255 255 255 255 255 255 255 255 255 255 255 255 255 255 156 151 148 151 155 154 155 142 123 124 131 136 138 140 142 139 138 143 149 148 137 143 142 136 137 157 187 199 189 174 156 156 159 160 161 157 157 163 161 149 136 136 141 145 145 145 149 148 144 139 134 142 154 156 159 156 159 161 162 152 144 134 138 142 134 137 153 151 135 128 118 127 142
255 255 255 255 255 255 255 255 255 255 255 255 255 255 255 255 255 255 255 255 255 149 140 145 148 152 153 148 136 123 124 135 147 139 129 132 138 139 136 139 137 127 132 132 135 146 170 198 209 209 191 169 161 156 159 159 153 148 151 151 147 137 141 148 147 150 157 156 152 144 122 113 129 137 147 159 158 153 155 156 146 148 144 137 138 137 138 147 150 144 129 117 133 142
255 255 255 255 255 255 255 255 255 255 255 255 255 255 255 255 255 255 255 255 160 147 144 159 163 158 155 152 146 135 130 133 142 139 133 138 147 148 144 143 135 128 133 137 144 154 174 199 210 212 194 172 163 153 154 151 146 143 140 136 141 140 140 148 150 153 154 150 148 139 120 115 118 123 136 146 152 150 146 144 141 143 149 135 124 135 139 140 145 149 130 106 116 129
255 255 255 255 255 255 255 255 255 255 255 255 255 255 255 255 255 255 255 255 152 151 155 166 170 166 161 154 152 149 148 147 149 149 147 145 145 144 144 149 149 146 145 142 150 155 165 190 208 209 188 164 154 148 151 142 139 143 136 128 130 129 130 142 147 149 150 144 144 144 133 123 123 135 144 133 124 129 139 138 137 136 136 128 119 131 143 138 142 144 128 109 119 132
255 255 255 255 255 255 255 255 255 255 255 255 255 255 255 255 255 255 255 158 156 160 162 165 169 165 159 155 154 155 153 152 155 151 145 140 138 139 141 147 149 153 153 143 141 145 158 176 188 184 162 148 141 136 135 131 131 133 128 121 117 109 117 120 117 128 149 150 142 145 145 137 135 134 141 139 126 120 124 127 136 138 131 129 131 130 135 135 146 144 134 134 136 134
255 255 255 255 255 255 255 255 255 255 255 255 255 255 255 255 255 255 255 163 163 167 172 170 169 169 167 165 160 156 156 155 152 151 150 143 138 143 146 150 152 158 155 143 137 134 147 155 160 160 140 133 133 123 122 129 132 132 131 121 108 97 114 117 107 114 135 146 143 142 139 135 129 122 136 140 135 137 135 134 140 142 141 142 144 129 127 131 147 149 138 144 139 129
255 255 255 255 255 255 255 255 255 255 255 255 255 255 255 255 255 255 159 161 158 160 169 173 171 172 174 171 161 151 152 156 158 158 155 150 145 146 151 154 155 162 155 145 145 140 141 145 142 136 130 131 130 121 123 121 113 121 134 123 117 116 130 141 141 134 137 136 130 132 137 131 130 123 135 133 130 135 141 144 142 137 141 153 153 139 141 140 139 135 127 133 138 133
255 255 255 255 255 255 255 255 255 255 255 255 255 255 255 255 255 255 157 145 143 155 165 171 173 178 181 177 169 155 149 150 148 150 151 149 142 141 147 153 148 154 154 146 143 139 134 134 130 122 129 134 123 113 112 115 117 125 138 130 134 134 142 151 150 140 139 129 118 121 129 124 127 130 134 138 135 127 127 136 147 150 152 153 152 148 141 133 136 131 127 137 140 136
255 255 255 255 255 255 255 255 255 255 255 255 255 255 255 255 255 164 145 119 129 160 175 174 172 174 178 175 175 166 153 146 143 144 145 145 142 140 140 145 150 155 158 151 143 143 137 137 134 129 133 135 123 112 120 130 144 150 149 141 138 143 150 153 156 145 132 125 124 126 130 125 129 139 143 145 147 144 137 139 140 145 154 153 152 150 136 119 133 141 133 144 148 140
255 255 255 255 255 255 255 255 255 255 255 255 255 255 255 255 255 154 129 117 140 166 175 176 172 171 173 173 174 169 158 149 148 147 146 145 146 144 141 144 149 151 153 154 150 149 145 144 139 134 131 139 138 125 137 145 150 151 147 138 127 139 155 151 150 140 117 116 128 128 128 130 136 145 151 148 148 149 138 137 132 128 138 155 157 156 148 127 127 142 143 143 142 143
255 255 255 255 255 255 255 255 255 255 255 255 255 255 255 255 155 138 130 139 158 166 169 177 176 169 168 167 162 158 156 150 150 150 147 146 142 144 151 153 150 152 154 157 158 156 153 149 146 143 136 140 145 139 145 148 145 146 136 134 131 136 145 144 141 139 122 123 133 129 136 138 141 141 142 147 151 153 142 131 131 130 134 145 145 150 147 139 129 132 145 151 148 145
255 255 255 255 255 255 255 255 255 255 255 255 255 255 255 255 155 142 144 154 166 170 168 174 176 173 162 144 140 141 145 142 137 144 142 136 135 148 158 161 154 147 153 159 158 157 155 144 137 141 142 139 142 139 141 147 145 142 128 131 143 145 140 143 146 142 129 123 124 128 140 143 144 145 136 139 152 158 153 139 131 133 134 137 135 136 133 131 129 124 123 129 138 138
255 255 255 255 255 255 255 255 255 255 255 255 255 255 255 164 161 157 156 154 163 170 168 168 170 165 136 104 118 138 143 144 139 145 144 138 138 152 156 149 146 146 153 159 163 158 151 144 134 132 146 152 146 144 147 150 148 148 139 137 146 150 143 147 150 147 139 125 119 131 134 140 149 153 150 144 141 142 146 142 131 125 127 142 148 140 129 121 123 121 115 123 132 133
255 255 255 255 255 255 255 255 255 255 255 255 255 255 255 155 155 158 161 161 164 169 170 167 160 150 127 109 128 145 144 147 149 153 151 145 142 142 141 140 146 147 152 159 162 154 146 147 140 134 136 139 132 137 145 147 142 140 146 154 147 143 140 142 143 149 141 121 119 135 139 146 157 154 150 139 134 136 135 131 128 127 126 139 150 146 129 119 128 126 124 132 137 139
255 255 255 255 255 255 255 255 255 255 255 255 255 255 255 153 152 153 155 158 165 170 170 160 151 146 140 142 153 151 138 134 138 142 142 144 141 136 133 137 142 140 142 154 155 146 143 154 156 149 135 131 135 140 140 140 139 136 138 151 148 140 142 143 142 135 119 102 110 138 155 152 148 143 138 135 138 146 147 137 129 136 134 128 140 143 130 127 137 141 142 133 132 153
255 255 255 255 255 255 255 255 255 255 255 255 255 255 151 149 149 153 157 153 157 166 163 150 143 138 139 146 151 148 136 130 132 133 137 146 143 138 137 145 143 142 135 138 150 156 161 165 160 156 151 147 151 152 143 141 138 135 136 144 149 145 149 150 149 139 115 106 124 146 154 148 132 130 137 139 139 147 153 142 128 132 134 126 125 129 134 142 149 155 147 137 133 146
255 255 255 255 255 255 255 255 255 255 255 255 255 255 156 156 152 149 153 154 156 157 146 128 129 138 139 139 142 143 139 135 133 133 135 141 136 136 135 142 145 152 146 139 145 150 156 160 156 153 157 154 143 141 139 141 139 128 133 134 136 138 140 146 151 155 148 145 152 148 139 142 139 135 142 144 145 146 148 146 135 126 137 138 117 122 140 153 151 146 146 141 143 140
255 255 255 255 255 255 255 255 255 255 255 255 255 160 159 163 159 152 152 152 150 144 132 120 124 138 134 134 139 140 140 139 131 131 132 132 132 141 141 138 145 150 153 154 153 142 142 151 150 142 145 156 149 147 142 132 132 129 140 141 137 141 148 152 150 153 158 158 153 139 137 144 147 139 139 142 145 150 147 147 147 131 131 139 119 123 143 152 142 129 144 145 137 134
255 255 255 255 255 255 255 255 255 255 255 255 255 158 154 156 158 157 155 152 147 137 129 130 129 135 135 138 138 132 138 137 129 130 136 137 134 136 136 133 138 143 150 154 160 153 144 145 151 148 142 149 153 155 149 141 141 131 141 148 149 151 151 156 156 160 160 149 141 139 146 146 149 145 133 134 143 151 152 146 149 146 136 143 132 132 147 145 137 129 138 135 134 137
255 255 255 255 255 255 255 255 255 255 255 255 157 160 154 151 151 152 153 152 142 135 136 136 131 140 145 145 137 130 139 144 140 142 150 153 140 132 130 134 136 139 143 148 153 151 145 143 154 161 143 137 141 141 141 144 148 141 147 144 144 153 146 142 144 147 154 143 135 145 155 153 154 152 141 140 142 148 155 153 151 157 145 141 138 139 145 141 135 132 135 121 127 142
255 255 255 255 255 255 255 255 255 255 255 255 155 159 156 154 150 152 155 147 139 133 132 130 125 131 136 134 128 129 141 150 149 149 153 150 136 133 136 132 137 140 135 142 149 145 143 145 154 162 146 141 146 137 138 144 144 143 148 142 133 146 148 138 135 135 144 147 143 148 151 153 157 157 148 146 143 144 151 153 151 159 146 142 140 143 154 142 127 120 138 138 139 153
255 255 255 255 255 255 255 255 255 255 255 255 153 158 159 158 154 155 153 139 130 124 120 112 111 117 116 118 123 130 140 149 152 147 142 139 128 128 142 130 123 115 111 126 143 150 148 151 156 152 138 146 158 148 146 154 149 143 138 139 136 138 138 135 133 126 131 139 141 144 145 144 150 153 145 144 146 151 147 147 149 159 153 154 150 141 146 141 124 119 146 149 155 161
255 255 255 255 255 255 255 255 255 255 255 157 152 155 159 159 156 157 155 146 136 121 117 110 109 110 109 113 118 130 138 140 138 131 127 129 127 119 132 135 128 113 115 132 138 144 144 146 154 152 137 135 147 150 144 143 135 144 144 140 146 143 134 141 143 128 124 129 133 137 138 137 134 142 144 145 147 155 154 154 150 155 156 156 154 144 138 132 124 124 141 137 139 151
255 255 255 255 255 255 255 255 255 255 255 153 151 152 152 153 153 155 151 145 141 125 115 106 104 102 100 103 106 119 127 131 129 121 124 130 134 122 120 132 134 129 131 140 139 140 144 149 156 154 138 124 126 137 142 144 130 127 137 138 147 151 141 143 143 134 132 138 143 142 136 136 135 147 146 145 148 146 143 149 153 155 152 149 148 148 145 130 113 105 110 104 106 130
255 255 255 255 255 255 255 255 255 255 255 146 144 150 152 148 147 151 144 135 135 133 120 103 100 100 93 92 94 100 110 118 126 132 140 139 136 132 132 140 139 141 141 136 139 146 147 150 159 156 141 138 136 136 138 149 156 139 136 130 133 143 143 142 142 139 138 141 140 134 131 128 133 146 143 133 137 139 140 144 142 151 157 148 140 137 138 133 102 84 89 88 99 120
255 255 255 255 255 255 255 255 255 255 160 145 140 145 150 145 141 145 143 139 139 136 126 108 105 107 106 97 91 89 93 102 127 146 153 148 144 140 142 145 140 145 144 142 143 145 145 145 150 150 145 145 141 134 132 137 154 150 138 130 130 142 141 135 136 136 137 139 143 137 128 126 131 131 127 119 124 127 126 137 142 144 147 144 140 136 132 127 103 86 94 94 106 123
255 255 255 255 255 255 255 255 255 255 154 144 137 141 144 138 138 147 143 137 128 117 114 106 107 112 119 110 104 103 97 97 116 135 146 144 141 142 147 152 145 139 137 139 140 144 147 146 139 137 149 149 140 139 142 145 148 153 148 147 146 148 142 137 146 150 144 139 141 149 150 144 136 124 117 117 125 133 136 139 150 151 144 145 136 137 139 134 127 134 138 127 122 134
255 255 255 255 255 255 255 255 255 255 145 135 126 138 145 138 136 146 143 136 129 113 107 103 101 107 117 109 111 115 112 107 100 104 130 142 142 147 148 154 152 140 133 131 139 144 148 153 147 149 155 151 147 150 154 154 150 156 160 161 154 151 148 143 152 161 152 153 146 150 162 159 141 121 119 130 129 129 145 145 146 149 153 153 141 137 147 146 144 146 142 143 143 144
255 255 255 255 255 255 255 255 255 152 149 142 137 152 160 154 145 144 141 134 135 127 109 100 98 103 110 108 117 126 124 118 104 94 107 123 128 137 137 136 140 143 145 143 154 159 154 150 146 156 162 162 156 150 147 141 142 152 164 164 156 157 155 143 144 155 150 144 143 150 162 164 151 140 132 137 132 136 150 151 152 150 157 160 161 154 156 155 148 144 137 144 158 150
255 255 255 255 255 255 255 255 255 145 149 152 150 149 149 145 143 142 144 137 133 128 112 105 104 103 102 102 117 131 131 124 112 104 103 109 119 124 127 130 136 143 147 151 152 152 149 141 140 155 163 164 160 152 140 133 137 150 166 165 164 164 163 152 148 150 147 139 143 152 157 154 153 154 146 145 141 143 152 161 161 157 157 165 166 160 157 162 157 157 156 153 153 146
255 255 255 255 255 255 255 255 255 144 144 153 152 140 130 127 139 144 149 149 141 137 125 113 105 104 111 116 124 123 123 131 123 117 117 117 118 119 131 143 148 150 146 149 146 147 152 144 139 150 155 153 156 155 137 128 125 125 142 151 159 158 160 155 147 149 146 142 135 134 141 135 134 144 150 150 152 150 147 158 160 157 158 162 162 162 165 158 151 158 159 154 154 154
255 255 255 255 255 255 255 255 149 142 144 155 157 146 134 131 134 139 149 156 157 160 150 132 120 113 120 127 130 119 118 131 128 124 123 121 118 114 128 141 150 155 147 143 136 138 145 136 130 141 147 144 145 141 128 121 124 126 128 127 134 147 150 149 148 156 147 140 131 132 137 127 132 136 143 147 149 152 152 160 160 158 167 172 167 163 167 163 160 154 154 160 158 153
