example/E5 - XRays/X-ray-tomography/rastert_juap16.txt
ncols         356
nrows         356
xllcorner     -0.5
yllcorner     -355.5
cellsize      1
NODATA_value  -9999
[rows 252 to 293 of 356, columns 94 to 187 of 356]
154 141 118 116 128 136 141 138 132 137 135 132 128 123 130 135 132 136 133 139 140 139 141 136 142 152 154 143 141 128 131 129 130 136 139 136 143 138 146 164 166 167 166 167 164 159 160 157 162 165 174 171 166 171 176 167 170 177 172 170 171 171 170 168 172 175 164 157 158 165 178 175 175 173 172 175 175 175 174 169 162 170 171 158 169 173 170 167 164 166 172 179 174 164
150 134 120 126 138 142 147 150 143 137 138 141 135 130 132 138 137 140 134 130 137 147 149 150 150 144 140 120 120 127 129 132 135 138 146 144 141 142 152 161 157 165 171 171 166 169 175 167 161 163 174 168 163 165 178 176 178 184 176 172 179 176 168 168 169 172 161 165 165 159 163 169 170 162 162 164 166 164 169 175 172 163 165 168 169 177 171 175 176 164 167 171 171 166
116 120 135 139 138 141 147 149 146 134 140 144 130 130 132 139 137 139 145 137 144 153 153 152 146 137 134 113 112 123 134 146 145 144 140 137 142 146 156 160 160 165 162 161 158 165 164 161 167 168 168 170 173 172 174 172 174 174 175 177 174 172 167 168 170 171 170 179 184 178 168 164 168 161 160 166 164 152 156 157 166 170 171 176 166 178 171 181 185 177 176 168 161 153
96 124 144 145 141 148 150 149 151 152 150 135 131 143 146 148 144 146 159 152 147 147 148 145 144 139 134 123 111 107 127 140 140 142 134 136 146 149 156 163 170 168 160 160 159 152 152 159 166 173 169 166 174 178 170 166 167 171 176 174 167 175 177 169 161 168 175 179 183 180 172 169 169 157 150 159 170 164 151 140 157 163 164 172 171 180 176 176 177 179 174 168 165 152
117 138 149 149 143 151 151 149 151 155 150 139 134 148 152 149 146 146 151 144 138 141 152 155 156 152 154 141 115 110 117 105 109 127 128 135 141 140 152 168 168 167 165 161 164 155 156 160 164 163 162 163 164 170 175 169 167 179 178 172 167 168 169 167 163 172 176 168 170 172 167 160 155 156 153 161 176 173 146 136 159 167 160 160 166 174 170 173 173 171 163 158 160 144
139 150 151 149 141 140 144 150 144 138 141 141 127 131 138 145 146 141 145 147 141 142 153 153 148 139 149 139 126 123 97 68 90 125 132 134 137 136 154 168 164 166 164 155 158 163 154 149 157 158 167 168 165 170 175 174 174 176 174 175 170 171 170 176 175 167 167 169 172 172 174 175 165 166 159 159 170 173 157 149 161 159 160 165 166 178 169 165 166 168 161 152 141 99
148 149 145 140 144 134 129 145 145 140 142 145 135 135 138 153 156 146 145 147 144 141 141 140 134 128 137 131 132 133 103 77 88 116 134 131 121 117 138 154 156 165 172 161 155 161 159 161 167 161 169 168 169 171 167 163 171 167 174 180 172 179 168 173 172 162 164 170 176 178 175 175 168 164 158 155 162 161 157 155 156 149 153 166 165 171 166 161 168 172 161 143 104 40
150 146 149 152 153 139 131 143 148 148 144 148 144 151 147 152 156 145 139 137 136 143 145 143 141 140 139 122 121 135 122 90 68 83 115 129 119 116 145 163 165 169 172 169 165 159 165 169 163 156 169 166 158 166 177 166 169 169 173 174 165 172 172 172 168 169 176 165 163 173 169 168 175 172 166 168 173 159 150 149 153 156 153 164 159 162 160 162 174 169 160 137 79 21
148 140 147 153 143 132 138 146 146 147 148 143 139 146 147 143 135 128 134 140 135 149 158 140 136 142 146 136 133 134 122 96 67 72 107 134 129 135 158 162 165 167 169 172 173 162 160 164 157 157 162 161 161 166 173 175 174 168 169 175 172 170 179 171 167 175 184 169 164 170 165 166 177 183 171 167 173 162 150 146 149 152 154 164 168 172 161 156 162 164 158 143 97 33
151 136 138 150 143 134 140 149 149 152 152 141 138 140 138 141 139 135 132 141 139 136 138 132 134 138 143 138 137 138 134 123 105 98 105 122 131 146 155 153 161 161 162 169 170 163 160 158 159 167 159 159 167 171 170 178 173 171 173 176 180 170 165 162 171 170 167 163 168 175 168 168 168 173 166 161 166 165 165 153 143 145 158 161 158 167 164 153 152 160 147 137 114 55
152 136 141 157 157 148 135 141 151 154 150 140 147 151 133 139 150 149 144 145 137 133 138 144 144 138 137 139 140 142 144 138 134 129 120 126 135 140 138 136 152 151 150 163 166 162 161 162 160 163 157 161 166 174 174 179 170 177 179 174 176 174 166 173 182 174 165 164 164 174 169 162 150 157 163 164 169 167 165 146 142 152 166 162 155 158 148 138 151 162 157 153 135 96
140 140 142 144 148 153 142 135 146 156 149 144 148 141 127 131 134 139 146 145 144 147 151 155 153 146 137 140 134 128 141 147 143 132 128 135 145 142 122 109 130 142 153 162 159 164 168 165 157 156 154 158 164 171 172 176 168 173 183 177 169 167 164 176 178 179 177 178 166 167 164 151 140 149 162 163 166 165 164 148 146 150 161 164 163 158 136 118 144 158 163 166 154 128
142 149 144 139 141 142 144 139 132 138 136 145 140 121 132 145 137 133 134 129 141 158 158 151 149 146 137 135 129 123 131 142 142 129 128 138 138 145 128 104 122 137 152 156 159 163 166 156 156 158 161 164 167 168 169 169 167 168 176 175 170 167 164 167 167 177 181 177 166 164 163 156 148 155 161 154 160 160 161 162 157 153 161 172 171 158 142 131 144 155 164 167 156 136
144 149 144 142 141 135 139 132 118 131 139 141 134 131 148 153 140 131 132 128 141 156 151 154 152 148 142 140 143 140 132 125 137 136 138 145 132 138 131 111 119 133 151 152 155 158 161 150 144 151 158 160 162 170 170 162 162 165 173 175 174 178 180 172 167 180 180 171 168 172 173 167 166 168 163 152 157 155 151 153 151 155 164 174 168 157 151 148 143 150 164 169 160 146
146 150 144 141 132 124 133 132 122 138 147 141 134 138 144 145 138 139 139 140 147 143 139 150 150 147 142 144 146 141 130 116 137 142 144 142 132 140 143 134 122 116 134 147 148 149 151 139 137 150 159 163 156 165 171 168 166 166 175 178 171 177 182 174 176 187 177 167 167 177 178 165 166 166 161 149 154 156 153 150 157 160 164 172 170 167 168 160 146 150 161 162 159 158
150 145 137 136 124 119 136 148 138 144 144 135 129 133 140 148 145 147 140 141 144 138 142 149 153 151 146 141 131 137 139 131 142 141 139 134 136 147 148 142 129 106 117 138 139 140 132 117 119 134 153 164 157 167 170 173 175 171 173 175 169 172 178 174 178 186 174 169 170 167 172 169 161 165 164 149 145 149 155 154 154 154 160 170 165 165 171 160 144 145 150 148 150 150
147 142 145 148 147 144 149 162 166 162 152 144 134 137 151 155 147 144 137 137 133 136 142 148 155 155 148 143 136 141 148 137 130 127 125 128 140 146 145 143 138 121 123 138 145 152 141 135 133 144 161 163 159 166 166 168 171 170 166 165 168 174 175 172 167 161 167 178 172 159 168 178 163 160 149 128 131 142 150 149 146 158 166 176 172 172 177 167 149 148 151 127 103 115
133 144 155 158 166 164 167 174 168 158 155 149 138 146 157 155 142 136 139 138 136 135 139 145 145 147 146 149 142 130 140 146 140 137 131 130 144 145 145 151 148 138 132 135 147 155 151 159 159 166 170 167 161 163 165 168 169 167 163 159 163 174 176 174 171 160 166 177 164 160 166 172 155 147 122 102 122 140 149 157 156 165 175 178 170 175 181 175 163 157 146 121 82 85
140 156 168 167 161 154 161 168 165 157 155 144 139 156 147 142 144 137 138 138 136 124 126 143 147 145 151 160 146 134 152 160 151 144 138 133 133 121 125 133 138 136 136 139 151 153 148 156 156 161 162 163 165 169 163 160 160 167 166 160 164 170 171 169 170 166 163 154 155 169 169 168 160 148 99 90 123 139 139 141 151 165 178 184 177 180 178 172 173 166 151 136 87 80
152 156 169 172 166 159 159 169 174 169 164 152 152 159 139 142 148 139 137 133 127 116 123 146 154 149 150 156 143 140 158 164 158 152 140 129 116 106 124 130 134 139 147 151 156 151 146 151 152 161 162 167 165 166 160 167 172 175 171 169 172 173 163 158 158 156 159 150 154 164 161 160 155 149 116 112 120 113 117 122 145 163 174 182 182 186 181 173 175 167 164 137 89 77
147 157 166 168 170 167 159 159 164 161 156 150 156 160 153 158 154 131 129 143 144 137 141 147 149 149 148 142 133 139 160 163 155 143 116 114 116 115 135 141 146 152 149 145 150 151 152 156 155 164 159 166 170 170 168 175 174 170 178 180 169 170 166 162 161 154 150 140 140 143 151 151 143 141 136 139 128 99 99 113 135 155 166 166 173 179 178 179 176 177 174 146 113 94
154 161 160 156 158 158 150 144 145 149 148 147 155 159 164 168 159 134 131 139 140 151 150 150 150 143 141 143 137 145 165 159 135 112 83 92 117 137 151 152 149 147 146 141 150 156 155 159 145 152 167 165 167 176 175 175 173 173 180 175 163 174 173 164 167 155 143 137 138 142 148 137 134 137 137 137 125 102 96 116 132 155 165 162 177 178 174 177 175 182 173 162 152 127
160 156 150 148 154 151 140 130 134 152 152 138 144 150 166 171 155 144 140 135 141 153 147 146 146 142 133 142 141 147 153 137 117 98 67 71 116 146 151 154 149 144 151 152 154 153 147 148 133 143 172 166 162 177 176 170 163 165 169 172 171 172 170 163 168 163 145 134 141 143 138 125 129 137 142 136 116 103 111 139 146 159 176 171 176 177 177 172 173 177 169 166 164 151
157 153 148 150 150 149 141 135 135 143 138 116 121 135 152 153 141 137 137 134 137 142 145 139 135 141 141 144 136 138 140 132 120 108 91 95 120 146 147 148 146 149 149 142 141 150 145 142 132 141 162 161 160 174 172 170 167 174 170 172 181 175 167 173 170 161 145 137 144 136 120 112 130 143 150 154 138 127 131 146 151 158 176 178 177 180 176 171 175 174 175 174 168 169
159 155 160 160 151 149 144 139 136 138 128 120 127 134 141 149 138 131 136 130 128 133 140 138 139 142 144 141 133 146 153 152 128 120 122 124 134 149 145 137 137 140 141 143 141 142 138 145 141 147 157 159 161 167 167 172 171 185 178 171 176 167 166 179 170 166 158 153 150 133 111 113 139 141 137 148 144 136 137 149 163 165 169 172 176 179 174 172 168 161 169 181 175 169
156 158 164 165 153 139 131 124 131 141 141 142 147 145 146 154 134 121 137 141 138 139 131 133 150 151 147 142 135 143 149 150 136 131 141 145 147 141 137 137 150 155 154 143 137 147 151 155 149 145 149 162 169 169 166 173 171 175 172 175 172 157 162 166 167 172 160 149 141 131 123 119 139 141 133 137 143 134 131 142 157 163 165 165 172 176 174 178 169 168 172 179 177 170
161 164 167 166 149 138 144 140 139 151 156 150 151 141 137 142 126 123 147 158 154 149 140 145 149 153 150 146 141 141 144 147 148 144 152 156 142 134 147 150 157 166 155 131 133 149 154 150 153 155 143 151 167 169 169 175 172 166 168 174 171 165 167 165 168 169 151 135 128 135 136 119 131 136 128 133 143 139 136 135 140 150 159 164 169 169 175 181 173 175 172 176 178 175
160 159 163 159 149 154 164 163 157 157 151 147 161 152 143 144 140 140 151 157 156 147 139 145 138 147 147 137 133 135 142 140 146 151 151 153 148 143 152 156 154 163 159 147 147 139 133 142 162 158 141 148 162 167 175 176 168 165 165 167 171 172 165 157 157 157 149 144 141 149 147 126 128 138 145 139 129 134 138 136 128 123 137 152 155 153 164 171 168 171 171 178 173 171
163 161 157 152 155 160 166 170 161 155 153 154 163 159 156 158 157 144 132 135 141 138 136 139 140 150 149 134 127 130 133 133 143 149 144 146 151 152 155 159 158 163 155 147 137 127 127 139 152 146 137 135 149 163 168 167 171 166 163 171 176 167 158 153 146 150 150 140 139 146 141 128 127 141 152 139 123 122 125 125 112 110 122 136 139 146 160 163 167 165 168 171 163 161
168 162 147 149 157 157 164 171 164 159 165 169 164 163 158 151 156 151 123 122 139 141 148 148 146 155 154 139 138 137 123 129 140 139 143 151 147 154 154 159 164 158 154 149 138 133 130 130 139 141 143 141 150 158 160 166 173 165 158 171 174 168 161 148 136 150 152 141 139 146 139 130 129 132 138 144 136 113 112 118 105 112 131 140 132 139 154 155 159 154 158 159 156 150
167 162 156 158 158 155 159 166 168 166 167 167 165 163 160 156 157 154 147 145 150 147 158 164 153 158 159 148 149 137 113 127 147 138 139 148 149 154 152 158 161 157 157 152 155 149 131 126 145 152 145 149 149 149 156 158 164 166 159 163 156 154 150 133 134 146 140 135 139 142 135 131 137 134 126 141 148 127 114 109 103 118 140 152 144 149 152 142 148 143 146 152 154 159
170 165 160 158 157 159 163 164 171 170 165 171 169 161 158 159 159 158 164 163 156 155 159 161 157 156 159 153 144 129 119 126 137 135 137 140 150 154 147 151 154 156 157 148 154 147 138 135 147 152 148 145 143 144 146 149 160 168 159 155 140 134 127 125 136 131 123 125 140 151 149 153 155 149 138 137 138 142 134 116 118 127 144 158 159 159 146 133 142 138 139 153 157 162
172 169 167 168 162 168 174 166 168 165 170 176 168 164 163 166 168 166 164 160 160 162 158 157 156 147 151 149 146 143 137 127 130 143 138 139 155 157 145 142 146 146 140 136 150 143 141 142 139 142 145 142 146 144 136 142 160 169 154 144 125 105 107 127 136 122 118 129 143 152 154 159 154 144 139 140 137 142 144 134 133 131 142 153 156 151 137 125 137 146 149 155 156 158
163 167 166 173 174 174 173 167 164 164 169 171 166 173 173 169 166 158 151 153 161 155 148 156 154 138 142 146 142 145 141 130 131 134 128 144 159 149 136 131 128 124 112 115 143 150 150 146 143 146 150 149 145 144 134 129 148 154 145 144 132 103 104 128 135 127 128 141 149 152 154 144 139 140 142 151 154 148 143 137 143 142 140 146 153 153 147 142 148 154 155 160 156 159
156 163 162 167 169 168 164 167 166 168 172 168 167 171 166 168 166 156 155 164 163 152 154 162 155 146 148 150 143 145 144 144 131 108 119 142 142 135 134 132 123 111 107 116 145 156 152 145 147 149 156 149 138 142 136 128 142 145 145 151 145 131 126 138 142 142 151 153 150 154 150 132 132 142 146 160 166 151 147 143 151 145 138 143 151 155 153 151 152 152 150 157 155 154
160 162 168 177 172 164 164 169 168 165 170 171 168 166 164 168 163 159 170 176 163 157 162 161 158 157 148 142 138 139 141 140 126 114 139 145 126 130 138 140 133 112 116 129 143 153 155 154 148 146 152 150 143 138 135 135 143 145 145 150 154 146 136 145 149 145 151 147 147 150 148 140 143 150 144 154 160 147 148 141 135 121 117 133 152 163 157 153 154 152 144 148 151 156
162 165 173 177 170 168 169 170 172 166 165 173 174 173 167 170 164 157 165 175 164 161 164 160 167 159 150 153 134 118 125 128 127 133 146 135 113 120 136 147 136 103 111 133 138 149 155 150 139 142 152 149 136 127 125 130 146 140 132 147 155 144 136 147 147 144 145 143 153 152 148 149 155 159 146 142 146 148 147 135 132 130 130 139 152 154 154 160 163 149 128 125 133 145
158 166 174 172 164 164 165 164 167 168 168 171 180 183 173 169 160 158 170 173 163 164 167 166 166 156 154 162 144 125 126 127 126 124 134 137 124 124 140 148 142 124 121 134 146 154 153 147 142 141 144 146 137 130 125 124 139 138 125 137 145 149 148 156 149 141 146 152 158 153 152 155 156 155 149 152 156 149 144 144 154 154 146 148 150 141 146 158 166 151 122 112 121 132
163 172 175 172 169 166 162 160 167 173 173 175 180 177 166 161 166 167 168 171 169 172 170 165 160 159 157 158 150 135 131 135 130 118 123 126 124 125 131 139 148 130 118 139 152 148 149 152 148 139 138 150 146 140 139 136 136 136 127 131 137 147 146 155 149 136 143 148 149 146 149 154 157 156 151 152 155 151 148 148 157 154 143 144 145 131 131 149 166 159 141 128 125 124
170 169 166 170 170 167 168 168 167 165 170 179 178 171 163 166 173 169 165 167 165 165 162 158 161 159 160 162 162 152 140 131 130 133 128 122 132 135 124 135 148 131 130 152 162 154 150 151 146 135 134 142 145 143 142 139 132 135 133 130 133 138 131 138 148 145 143 139 137 143 152 155 158 158 149 141 149 160 154 141 143 143 143 145 146 134 131 145 158 155 152 139 124 115
167 169 171 176 174 169 172 176 167 157 161 168 170 168 167 171 167 167 167 166 161 166 164 164 167 164 163 166 163 144 130 120 127 134 137 134 135 132 124 138 148 138 133 139 154 150 146 156 150 130 127 138 148 140 138 146 141 135 137 137 133 140 134 136 153 152 140 136 129 138 149 147 156 154 146 150 152 157 151 136 141 139 137 144 150 140 132 137 149 150 144 130 120 113
171 174 169 173 173 169 170 167 165 163 158 165 168 168 169 167 164 164 162 164 163 167 165 163 160 167 165 161 161 145 121 102 117 137 146 141 130 131 141 152 152 138 117 112 139 154 158 162 158 147 139 140 146 143 141 145 144 136 136 140 144 154 144 146 160 157 149 142 129 133 146 146 153 146 139 150 148 139 137 129 136 135 131 136 143 134 130 136 142 137 128 127 132 125
