example/E5 - XRays/X-ray-tomography/rastert_juap19.txt
ncols         356
nrows         356
xllcorner     -0.5
yllcorner     -355.5
cellsize      1
NODATA_value  -9999
[rows 294 to 335 of 356, columns 94 to 187 of 356]
162 162 146 137 160 163 161 169 165 165 174 174 168 166 170 173 166 168 172 172 168 166 163 157 165 164 164 154 157 154 150 153 146 130 129 131 128 131 135 138 143 147 144 143 143 142 134 132 141 135 143 158 153 143 145 151 150 152 162 151 133 145 150 143 139 130 122 126 127 126 132 142 146 149 152 154 160 158 142 140 146 130 133 138 129 140 137 137 139 140 143 142 143 147
165 161 152 148 160 160 160 166 163 165 178 172 165 169 166 169 172 170 169 166 164 169 170 169 167 162 162 151 161 162 152 153 153 145 149 148 139 140 146 145 145 141 135 143 145 146 137 131 138 137 147 158 150 149 151 152 149 144 150 142 133 145 153 145 148 149 134 126 131 140 140 133 129 143 155 157 160 163 148 149 153 129 128 139 141 144 136 137 148 153 158 151 144 143
168 163 162 162 162 165 163 160 161 163 165 162 166 175 170 170 174 170 162 161 169 171 162 165 162 157 156 146 149 149 145 141 146 154 159 151 139 141 148 145 140 132 131 146 147 138 136 138 141 135 137 153 160 160 158 148 142 136 138 145 148 147 149 139 138 144 134 130 137 145 139 123 119 137 153 158 155 157 154 154 152 142 142 134 128 131 132 133 143 159 163 155 149 135
165 159 164 167 170 171 163 150 157 162 162 160 163 171 172 175 174 169 161 154 160 156 149 149 144 138 140 127 110 110 114 116 138 154 156 151 145 154 158 149 139 127 134 145 138 127 140 148 150 139 139 155 165 166 160 150 146 152 153 157 151 145 156 150 144 150 140 137 139 134 126 127 136 140 146 159 158 155 155 157 144 140 147 133 128 126 136 139 144 160 162 159 151 129
164 158 166 171 173 168 155 147 155 157 163 168 164 164 168 168 165 167 161 147 136 123 120 116 114 122 123 101 74 73 94 117 142 153 148 144 143 151 153 150 140 121 130 140 140 133 136 152 160 157 153 153 160 166 161 162 159 163 161 160 146 146 152 151 155 165 156 150 142 130 124 127 143 150 153 164 162 153 154 156 146 140 142 133 128 118 127 137 151 158 153 153 145 131
164 163 171 174 166 159 156 149 153 154 165 178 168 162 168 167 164 161 148 123 98 89 101 108 112 123 125 102 69 64 99 134 151 154 136 121 130 140 134 135 134 123 139 140 136 134 132 152 163 160 150 149 160 165 159 165 165 162 155 152 152 154 147 150 160 168 159 156 155 146 131 127 145 152 156 159 152 150 154 150 150 147 140 134 126 111 114 128 150 158 148 140 131 119
165 164 164 166 159 158 164 158 154 159 163 169 165 166 169 165 161 150 119 82 69 86 111 125 129 129 135 119 85 75 100 125 145 150 125 107 125 137 128 135 141 136 141 141 132 128 135 155 158 152 137 138 157 165 163 170 164 155 150 149 157 151 147 159 163 164 157 150 154 160 152 148 157 157 159 152 149 157 161 160 160 155 151 150 149 142 143 148 156 156 142 129 116 114
163 163 160 162 162 157 159 157 154 159 160 164 165 165 163 160 154 136 103 70 79 106 118 125 126 122 129 123 100 90 100 107 124 139 126 113 127 141 140 148 153 144 138 143 141 137 144 150 146 144 137 138 153 160 163 170 162 150 146 147 151 143 146 154 160 163 160 149 148 162 167 162 163 163 162 155 153 161 159 162 163 163 162 155 152 154 162 163 158 156 144 132 124 127
165 162 163 163 163 159 158 155 159 165 161 162 164 164 158 157 149 141 123 98 100 104 111 121 121 114 125 134 119 109 119 119 133 144 133 130 142 142 142 154 157 149 142 152 150 142 145 150 146 144 138 134 143 154 159 162 161 157 150 148 145 140 148 155 162 163 156 147 147 158 165 167 167 163 164 162 163 167 164 168 163 162 164 158 148 151 162 157 154 157 157 148 145 145
158 156 155 157 157 157 162 165 169 167 159 161 161 162 156 152 146 150 140 118 104 100 115 128 129 121 131 143 137 131 135 135 148 145 130 136 151 144 138 152 157 150 144 149 146 142 153 161 151 135 129 138 143 145 152 150 158 159 153 155 148 147 158 167 169 160 151 150 154 165 171 168 168 167 170 172 172 175 173 170 167 170 172 168 156 156 162 158 158 163 166 156 151 154
160 158 149 152 150 157 170 171 166 163 158 156 159 157 153 142 138 145 139 120 111 119 130 131 135 142 139 138 139 136 134 139 148 142 137 140 142 138 136 149 156 150 144 142 147 149 158 162 148 127 129 145 141 140 148 150 158 157 157 158 156 161 165 166 168 160 155 156 158 165 169 167 166 162 164 166 168 178 178 171 169 174 171 168 163 160 163 163 163 164 167 164 153 152
159 163 155 154 157 158 160 158 165 165 153 146 146 144 141 129 123 134 136 126 128 131 131 129 138 152 142 135 139 137 143 151 145 137 140 141 134 138 144 153 158 150 146 144 150 151 158 162 151 136 137 136 130 144 153 151 153 157 162 162 162 168 168 160 156 152 155 158 160 165 165 169 166 166 167 159 167 179 179 175 175 174 173 177 172 170 166 158 162 162 163 162 160 162
155 163 152 148 158 150 151 155 161 155 141 137 133 142 144 129 119 123 127 131 139 133 132 136 146 154 147 140 136 136 146 148 137 133 142 142 137 145 147 155 156 146 147 140 135 140 151 151 141 135 135 122 114 135 149 147 145 156 163 161 159 169 178 166 150 152 158 160 161 163 162 170 168 166 167 164 172 171 174 181 181 173 170 176 173 170 168 160 160 161 163 161 164 168
151 155 144 146 153 144 145 158 160 151 141 137 138 153 154 142 129 117 123 138 145 141 142 148 153 155 153 145 139 151 153 144 138 135 131 131 139 145 144 153 158 151 151 144 135 133 139 146 141 128 128 113 99 115 137 149 152 156 160 158 162 174 189 179 161 164 165 160 158 160 162 168 171 167 162 166 172 168 175 178 179 174 172 174 167 162 169 167 164 166 163 162 163 162
155 158 154 153 148 142 147 161 160 152 145 140 141 146 143 125 117 118 131 145 152 148 138 147 156 153 147 142 141 152 144 134 139 140 132 136 140 141 150 152 153 147 143 144 142 138 133 138 140 134 131 108 98 116 136 154 160 156 157 158 164 170 178 175 163 167 166 160 158 165 167 165 166 170 169 169 169 169 174 173 169 173 179 178 173 166 164 163 168 168 164 165 171 165
161 160 157 152 145 141 149 157 155 154 148 141 138 135 117 87 85 107 131 149 149 138 130 146 150 145 138 136 144 148 142 136 135 136 143 151 151 148 155 156 160 151 141 146 152 151 137 133 137 140 130 101 96 122 142 151 155 156 157 158 161 161 165 165 156 163 170 168 164 161 158 161 161 169 174 169 168 165 171 171 165 174 178 175 172 167 156 159 164 163 163 165 164 160
161 155 145 141 140 141 146 152 152 154 151 144 135 117 81 57 77 110 126 139 142 140 141 148 143 144 141 142 146 143 143 142 138 136 148 155 156 158 162 164 166 160 150 151 157 158 149 142 142 147 134 109 107 127 147 153 153 159 160 159 160 157 158 162 159 163 166 166 162 156 154 162 164 172 172 171 171 163 168 164 161 174 169 164 167 167 160 163 160 162 165 165 157 161
147 136 136 137 144 148 150 154 152 151 151 140 108 77 49 49 87 114 121 132 145 152 150 147 143 145 140 143 146 145 147 148 138 132 147 155 161 165 168 169 168 169 168 161 160 161 162 157 152 152 142 120 117 128 147 153 153 160 163 160 163 161 159 157 159 165 158 153 152 158 162 162 168 170 169 176 175 171 172 166 164 172 171 165 161 160 155 161 165 166 163 161 155 164
127 123 133 141 154 159 158 157 152 149 149 124 75 37 29 41 87 121 135 143 150 152 147 145 149 152 150 150 145 142 147 142 131 134 152 163 165 163 166 166 164 169 173 169 165 164 169 169 163 158 145 128 125 130 146 150 150 159 156 152 157 160 165 164 161 161 154 147 151 161 170 164 162 168 174 175 172 177 174 166 164 166 169 164 157 155 149 155 161 164 167 159 154 164
123 118 132 144 155 160 151 148 147 143 125 85 50 32 35 47 92 125 146 158 154 148 152 155 154 155 153 150 141 135 142 137 132 144 157 165 164 163 165 166 169 168 166 169 169 165 168 169 162 160 147 136 132 135 147 151 155 159 153 151 154 156 161 167 162 155 153 147 155 161 163 164 163 167 174 173 165 170 168 160 159 158 151 153 148 142 141 150 155 162 163 152 156 163
121 125 139 139 141 145 139 142 141 127 89 55 64 76 73 80 110 129 151 161 153 156 169 169 159 160 158 153 142 135 136 129 136 152 163 171 164 163 164 165 169 163 161 167 171 172 173 172 164 157 149 144 133 138 149 152 159 157 152 155 156 158 161 160 161 162 157 149 158 159 157 163 168 164 170 168 157 164 169 161 161 157 148 152 142 140 143 140 144 153 156 153 158 157
124 137 147 139 136 138 138 147 143 116 72 56 89 110 109 113 131 140 154 157 155 165 170 173 168 163 156 149 140 136 134 135 149 158 167 171 163 159 163 169 168 162 161 165 175 176 168 171 170 156 155 151 139 142 145 148 150 151 155 158 154 160 167 162 165 164 154 151 157 160 162 167 173 168 169 166 154 159 162 156 158 156 154 157 150 149 149 135 135 143 152 162 166 159
131 139 144 143 132 133 144 148 143 131 106 90 89 103 125 135 146 147 149 148 159 167 163 171 171 157 150 154 145 139 133 139 155 161 164 163 163 162 166 169 167 168 166 169 174 167 166 169 164 161 163 151 142 143 145 151 146 151 159 163 161 161 170 170 162 158 155 156 161 164 164 164 168 165 166 169 161 158 159 154 155 156 153 157 158 152 144 134 136 146 154 163 171 168
133 132 143 146 133 137 141 130 135 150 146 123 95 103 132 142 149 153 153 152 165 170 167 169 164 155 165 168 147 140 134 138 159 173 171 167 163 166 168 163 163 165 165 171 171 168 170 166 163 167 164 152 152 154 152 149 148 154 160 163 162 162 170 168 160 159 157 157 162 165 167 163 160 156 158 164 162 159 163 160 160 155 153 156 157 149 143 140 147 153 160 167 179 174
134 134 143 144 143 147 132 115 126 145 149 136 121 123 135 136 143 159 155 156 164 158 158 157 156 155 171 168 143 137 138 144 160 172 168 166 158 161 167 162 165 167 166 166 169 169 168 168 168 167 161 152 153 153 154 152 152 159 161 161 161 159 166 164 162 162 155 153 163 163 165 167 162 150 152 157 156 150 149 154 160 155 154 150 144 142 146 159 163 163 167 169 181 174
135 141 146 147 149 149 136 124 128 135 138 136 138 141 137 137 150 160 154 161 162 149 145 145 151 149 153 147 131 130 139 143 151 164 165 163 157 164 173 165 165 169 169 167 167 162 165 169 166 162 158 149 145 148 156 152 147 160 169 164 159 157 165 162 158 159 152 150 162 159 164 173 162 151 150 152 145 129 121 128 144 153 153 145 134 137 150 168 168 165 173 172 178 171
141 146 147 148 151 149 142 134 132 132 127 129 146 149 143 146 152 155 158 167 159 147 142 141 145 146 144 137 135 140 145 141 152 164 162 166 162 167 171 162 169 176 172 169 164 160 164 160 158 161 158 150 146 149 157 153 148 157 170 162 159 162 169 162 153 155 152 155 159 153 161 168 157 145 140 146 138 108 90 103 128 151 155 152 147 149 161 171 172 166 175 175 175 173
146 149 149 150 153 146 136 131 128 132 129 137 147 142 146 151 148 150 159 164 153 145 142 143 145 150 147 147 150 149 150 147 158 161 161 166 165 169 171 162 172 174 167 165 156 154 157 153 154 157 155 149 148 152 155 152 154 158 164 161 165 172 175 166 157 159 156 161 161 153 153 160 158 141 127 136 130 110 106 115 131 150 156 164 170 165 164 168 169 170 177 175 172 175
142 147 154 156 151 140 135 129 126 137 138 141 135 125 136 144 142 148 153 152 149 146 142 144 147 152 150 149 148 144 145 145 149 154 161 162 164 170 169 167 169 163 163 164 150 144 149 153 152 152 155 148 146 149 149 149 158 162 161 164 170 180 176 166 163 165 158 162 167 164 154 155 160 150 139 142 141 145 153 152 160 167 164 170 174 168 161 164 171 173 176 176 173 172
141 147 157 156 149 146 144 133 134 143 144 143 123 110 123 129 135 143 141 138 145 149 147 147 149 154 149 138 132 136 139 139 139 147 154 156 159 161 160 164 160 154 165 158 143 142 145 145 147 151 160 152 148 150 149 150 158 161 160 162 166 178 167 160 162 161 153 157 161 161 157 154 155 156 157 159 163 170 171 167 174 176 170 174 175 171 167 169 172 174 177 179 178 181
144 142 149 150 152 158 154 146 147 148 148 149 131 120 128 130 139 139 130 133 143 150 145 142 141 144 134 118 118 134 142 142 142 145 150 152 148 149 157 159 155 150 155 148 139 139 142 144 146 150 156 152 154 154 151 149 159 165 162 159 165 172 163 160 164 160 153 156 150 148 154 150 143 151 161 165 168 172 167 168 174 173 169 172 173 172 173 173 167 172 177 171 170 179
143 144 149 149 154 158 156 158 152 144 150 151 141 137 138 140 146 143 134 137 146 147 139 138 137 134 111 95 106 126 133 142 149 149 150 150 144 139 145 151 153 146 143 145 137 135 143 146 144 146 151 156 160 156 148 153 165 161 162 164 166 168 168 168 169 160 153 158 155 150 156 156 148 151 161 169 169 170 169 177 177 167 166 171 172 170 169 172 166 169 176 166 166 173
148 153 154 151 147 151 159 159 146 136 149 152 150 151 145 140 143 151 153 150 149 142 138 138 136 124 100 86 95 112 123 136 147 150 151 150 143 135 143 148 147 140 141 141 132 137 146 140 141 146 151 159 161 157 153 159 166 159 160 159 159 164 169 170 166 158 156 158 157 157 156 154 147 153 164 166 168 170 173 179 174 168 169 173 171 173 172 173 168 168 177 174 172 171
155 154 150 145 140 147 154 149 140 138 150 151 152 151 146 141 147 157 160 156 151 141 141 144 141 126 107 90 96 113 121 120 135 149 154 149 142 136 141 142 142 140 145 136 127 136 148 141 143 151 157 155 159 158 154 155 157 153 157 153 157 164 166 157 156 157 157 158 156 148 142 144 143 150 158 159 168 168 172 176 173 173 174 175 171 178 174 170 167 165 174 180 178 176
156 155 147 142 135 136 138 138 140 145 151 154 146 139 146 148 152 156 155 149 147 143 143 142 139 128 115 100 114 132 129 120 130 142 147 144 137 134 140 140 137 138 148 129 119 130 140 141 143 151 154 152 157 155 151 148 147 148 154 157 160 161 159 157 161 156 154 161 154 137 129 134 138 142 141 149 168 175 168 169 177 178 171 173 171 179 175 173 170 167 172 176 176 178
154 155 150 144 135 133 135 139 143 147 150 153 140 141 154 157 157 154 151 142 139 143 144 140 132 131 124 107 110 121 124 127 127 132 136 138 134 129 134 133 128 134 142 122 122 130 134 135 134 141 145 150 155 153 151 150 149 148 152 162 161 161 160 160 163 155 155 160 153 138 134 136 139 138 126 133 160 174 171 171 177 175 167 170 171 177 171 170 171 170 172 177 174 172
152 153 150 147 142 140 146 149 149 146 148 153 144 146 154 156 152 147 142 128 125 140 148 139 126 128 128 107 97 106 120 132 134 138 135 135 131 127 129 128 128 135 139 130 134 137 138 131 127 131 141 151 154 151 154 160 160 151 150 153 160 167 163 158 163 155 155 158 158 155 155 151 153 153 133 128 148 167 176 176 177 169 162 172 174 176 169 168 172 168 168 178 176 170
156 147 142 144 149 155 161 155 146 145 148 153 144 145 148 150 146 142 135 118 115 135 149 140 127 125 129 111 103 108 131 147 150 148 137 135 128 120 122 125 135 139 140 140 141 142 142 127 124 136 145 150 149 152 159 164 162 158 152 150 161 166 161 158 162 153 155 162 166 166 165 162 166 168 151 145 152 160 168 176 178 171 167 176 175 171 167 165 175 172 165 175 176 163
160 145 140 144 157 160 161 153 142 144 148 148 145 145 144 148 148 138 126 108 109 135 153 147 134 129 122 120 132 142 155 160 159 160 144 139 128 117 107 113 133 139 135 137 141 141 137 126 128 138 147 151 152 157 162 162 164 160 158 156 159 160 158 156 160 153 156 165 168 164 162 163 163 164 162 158 161 163 170 178 176 172 174 172 172 171 171 166 172 170 171 178 173 154
162 150 144 143 154 156 153 148 142 142 146 146 143 140 140 145 143 121 106 107 118 140 153 152 151 140 113 122 148 159 163 163 162 166 155 151 139 121 99 97 114 127 130 133 138 132 130 133 135 137 149 154 156 160 159 160 164 161 162 157 153 151 153 151 155 157 163 167 173 169 162 166 164 159 163 157 164 165 169 175 174 172 171 165 170 172 175 165 164 166 174 176 166 151
255 255 145 138 146 152 146 146 141 137 139 141 139 134 136 143 137 108 99 114 132 146 153 158 165 152 120 119 145 162 164 166 167 168 162 156 145 137 124 104 102 109 126 138 143 135 131 136 140 141 147 152 155 157 157 161 160 157 159 161 159 150 144 141 148 164 167 170 176 169 162 167 163 156 161 159 163 163 170 174 170 168 164 165 170 174 173 167 164 167 173 171 162 160
255 255 255 255 148 154 147 145 139 133 132 136 138 133 133 141 133 115 109 115 133 152 158 164 166 159 131 116 146 170 171 174 175 173 167 152 137 140 146 129 113 105 123 140 144 141 134 128 134 136 140 150 153 154 155 158 157 155 159 162 161 156 141 134 149 163 165 171 178 173 164 165 166 160 160 160 163 166 173 173 163 160 164 170 170 170 170 167 169 165 165 166 165 168
