example/E5 - XRays/X-ray-tomography/rastert_juap11.txt
ncols         356
nrows         356
xllcorner     -0.5
yllcorner     -355.5
cellsize      1
NODATA_value  -9999
[rows 0 to 41 of 356, columns 94 to 187 of 356]
255 255 255 255 255 255 255 255 255 255 255 255 255 255 255 255 255 255 255 255 255 255 255 255 255 255 255 255 255 255 255 255 255 255 255 255 255 255 255 255 255 255 255 255 255 255 255 255 255 255 255 255 255 255 255 255 255 255 255 255 255 255 255 255 255 255 255 255 255 255 255 255 255 255 255 255 255 255 255 255 255 255 255 157 255 255 255 255 255 255 255 255 255 255
255 255 255 255 255 255 255 255 255 255 255 255 255 255 255 255 255 255 255 255 255 255 255 255 255 255 255 255 255 255 255 255 255 255 255 255 255 255 255 255 255 255 255 255 255 255 255 255 255 255 255 255 255 255 255 255 255 255 255 255 255 255 255 255 255 151 156 158 157 157 161 163 162 155 155 154 147 148 154 149 153 156 152 151 156 154 157 162 157 151 156 153 150 147
255 255 255 255 255 255 255 255 255 255 255 255 255 255 255 255 255 255 255 255 255 255 255 255 255 255 255 255 255 255 255 255 255 255 255 255 255 255 255 255 255 255 255 255 255 255 255 255 255 255 255 255 255 255 255 255 255 150 155 159 162 153 154 156 154 152 156 157 156 156 158 155 159 157 154 150 141 145 152 147 150 152 150 147 150 153 154 155 150 147 154 152 150 144
255 255 255 255 255 255 255 255 255 255 255 255 255 255 255 255 255 255 255 255 255 255 255 255 255 255 255 255 255 255 255 255 255 255 255 255 255 255 255 255 255 255 255 255 255 255 255 255 255 255 255 166 164 160 161 165 156 146 152 155 158 154 157 155 158 158 154 155 156 155 158 152 155 157 151 148 138 139 148 150 147 149 151 146 147 149 148 149 149 153 153 148 143 139
255 255 255 255 255 255 255 255 255 255 255 255 255 255 255 255 255 255 255 255 255 255 255 255 255 255 255 255 255 255 255 255 255 255 255 255 255 255 255 255 255 255 255 255 255 255 162 160 162 168 161 166 169 162 159 166 160 147 146 152 156 158 163 156 160 158 149 150 157 153 153 150 152 157 149 144 141 141 146 152 147 147 151 138 140 148 150 152 154 158 153 146 142 139
255 255 255 255 255 255 255 255 255 255 255 255 255 255 255 255 255 255 255 255 255 255 255 255 255 255 255 255 255 255 255 255 255 255 255 255 255 255 255 255 255 255 155 159 152 150 153 154 164 171 163 166 171 163 158 161 159 152 146 149 155 157 160 151 152 150 143 147 149 147 147 147 149 155 152 146 144 146 145 145 146 145 137 119 130 153 159 154 147 153 151 146 144 138
255 255 255 255 255 255 255 255 255 255 255 255 255 255 255 255 255 255 255 255 255 255 255 255 255 255 255 255 255 255 255 255 255 255 255 255 255 255 159 155 154 146 150 156 150 146 145 155 166 166 165 166 167 160 158 156 152 150 152 147 154 155 158 154 149 144 142 146 139 135 142 149 148 147 149 149 145 145 148 145 139 138 128 116 136 159 163 157 144 146 148 149 146 138
255 255 255 255 255 255 255 255 255 255 255 255 255 255 255 255 255 255 255 255 255 255 255 255 255 255 255 255 255 255 255 255 255 255 161 160 155 159 154 147 147 140 142 149 154 149 144 158 167 165 166 168 165 157 154 148 143 143 155 151 154 154 156 162 157 144 141 143 129 126 139 148 145 143 147 152 152 149 152 149 133 131 137 128 146 163 163 159 149 144 144 150 147 139
255 255 255 255 255 255 255 255 255 255 255 255 255 255 255 255 255 255 255 255 255 255 255 255 255 255 255 255 255 255 255 163 158 158 161 158 152 153 142 134 142 141 143 147 154 153 149 157 162 163 166 167 161 155 144 136 136 135 146 149 151 153 152 160 162 150 140 140 131 133 143 144 141 142 145 153 158 151 152 153 134 130 139 136 146 154 151 145 140 142 144 147 146 144
255 255 255 255 255 255 255 255 255 255 255 255 255 255 255 255 255 255 255 255 255 255 255 255 255 255 255 255 161 161 160 164 161 160 161 159 154 151 139 135 142 143 146 146 145 151 150 151 158 161 163 165 159 152 138 131 135 136 143 147 145 149 147 150 148 142 132 133 137 142 144 142 140 147 143 144 152 148 150 153 137 131 135 135 136 133 129 130 137 143 144 142 146 146
255 255 255 255 255 255 255 255 255 255 255 255 255 255 255 255 255 255 255 255 255 255 255 255 255 157 155 148 145 150 158 158 157 160 161 159 158 151 145 143 149 146 145 144 141 150 154 154 159 163 159 163 158 149 136 134 135 140 151 154 148 150 146 148 147 144 137 136 142 144 140 142 144 153 149 136 130 128 141 152 138 135 136 134 134 130 127 132 143 145 141 140 148 151
255 255 255 255 255 255 255 255 255 255 255 255 255 255 255 255 255 255 255 255 255 255 155 153 150 157 156 144 139 144 157 155 153 156 159 158 159 156 152 148 151 154 148 139 141 150 153 156 162 164 160 160 156 145 129 132 134 139 152 154 151 152 147 152 154 153 149 145 146 147 146 146 145 151 148 128 121 121 136 150 141 145 141 136 139 138 132 135 141 141 139 145 151 155
255 255 255 255 255 255 255 255 255 255 255 255 255 255 255 255 255 255 255 158 159 152 151 147 142 156 161 154 150 150 154 157 154 152 153 154 156 158 155 154 153 158 155 138 138 149 144 146 155 157 158 157 151 135 122 132 138 140 151 151 149 148 144 153 154 158 157 154 148 149 153 152 147 150 143 128 134 131 136 145 145 149 144 135 137 142 137 140 142 141 143 150 156 151
255 255 255 255 255 255 255 255 255 255 255 255 255 255 255 255 255 162 159 156 163 153 145 149 146 152 154 151 156 155 153 157 158 157 151 149 152 156 158 164 159 156 155 145 140 142 138 135 138 138 140 144 142 126 120 131 140 146 156 152 142 143 143 146 150 158 157 151 145 148 156 156 149 149 141 135 144 137 137 143 146 148 147 138 137 140 139 143 141 143 148 153 160 154
255 255 255 255 255 255 255 255 255 255 255 255 255 255 255 155 154 164 166 156 158 155 149 159 156 152 149 147 155 158 153 151 153 157 152 151 153 155 156 162 158 154 149 151 149 140 139 138 130 122 122 131 138 134 131 127 136 147 154 147 135 140 145 144 145 151 150 148 145 145 154 155 151 149 139 137 142 137 139 141 143 149 152 140 138 137 139 144 145 149 151 147 152 156
255 255 255 255 255 255 255 255 255 255 255 255 148 155 160 155 151 161 170 159 159 159 157 166 165 157 152 148 147 152 158 152 152 157 152 155 153 150 152 159 158 158 149 149 151 143 142 145 139 122 117 130 139 140 133 125 132 140 147 149 141 142 144 143 148 151 149 151 150 143 147 154 153 150 141 138 137 135 139 140 141 152 154 140 139 141 139 142 146 148 152 142 144 156
255 255 255 255 255 255 255 255 255 255 154 155 146 151 159 157 153 157 166 161 162 166 161 165 168 160 153 153 142 145 156 149 151 158 152 156 153 149 151 155 156 157 150 147 147 142 143 145 137 119 116 130 138 136 127 123 127 130 138 148 148 148 145 146 152 156 146 143 146 145 145 155 154 155 151 145 140 135 138 140 136 147 151 137 135 140 145 145 142 142 148 147 149 150
255 255 255 255 255 255 255 255 156 158 156 156 152 156 160 155 153 158 161 161 164 166 162 164 167 163 152 154 149 143 147 149 153 156 149 156 154 150 152 150 152 154 146 146 148 144 141 144 137 121 120 126 130 133 128 122 123 125 131 138 144 154 152 150 149 155 151 140 142 149 144 148 152 158 156 152 141 133 135 136 129 140 152 137 127 133 147 147 139 146 151 150 150 147
255 255 255 255 255 255 155 149 151 153 158 161 151 147 155 154 153 160 163 165 168 167 162 164 166 168 159 159 155 143 141 148 156 157 149 151 152 150 151 152 152 148 140 140 144 147 144 147 144 137 135 128 125 133 133 128 130 130 132 135 138 152 151 137 131 145 152 143 139 143 140 146 149 150 147 149 141 135 137 141 136 139 147 138 125 134 146 148 141 149 152 143 146 150
255 255 255 255 162 161 150 137 140 146 152 161 158 143 142 148 155 162 165 169 169 169 164 164 167 168 163 162 156 148 147 150 153 157 155 150 150 147 147 154 152 148 143 137 138 147 150 151 146 147 143 128 119 131 139 138 142 135 132 139 141 148 151 133 122 139 152 140 137 141 143 147 145 146 143 146 144 138 138 140 139 138 141 142 131 138 146 149 139 140 148 138 141 144
255 255 158 162 157 154 150 139 135 144 144 146 157 150 143 148 155 158 163 166 166 169 165 164 170 167 161 159 155 153 148 146 152 155 152 149 149 146 145 150 151 151 148 140 143 142 147 155 153 147 144 135 123 137 149 149 146 136 133 144 146 145 145 137 136 145 153 143 138 140 149 153 145 146 147 144 143 140 141 139 135 139 143 140 132 138 142 145 140 141 150 144 145 148
152 150 151 155 149 148 150 145 137 144 144 139 149 152 148 149 149 154 163 166 168 169 167 161 166 168 163 158 152 153 144 141 156 158 154 149 150 148 142 148 151 148 148 145 152 143 146 159 157 145 140 138 136 143 151 154 145 140 147 147 137 131 133 137 147 145 142 140 131 134 151 160 147 145 146 140 142 144 144 144 145 147 146 138 129 136 138 138 144 149 148 146 148 156
142 140 144 143 142 144 149 149 142 145 147 146 149 151 147 148 146 143 154 165 167 166 165 160 162 166 165 161 154 154 145 142 153 155 156 153 153 154 144 151 157 153 154 148 148 146 151 156 150 145 139 136 144 141 140 151 143 143 153 135 117 117 125 138 150 141 127 132 130 133 147 157 152 145 142 142 143 144 141 136 140 140 142 141 128 135 135 126 138 147 146 150 152 160
143 143 144 138 141 150 149 146 146 148 146 151 153 152 145 146 144 131 144 162 163 165 164 162 163 162 162 160 154 152 151 147 152 157 151 148 152 157 151 151 154 149 151 149 140 143 149 152 148 145 137 137 148 146 139 148 147 147 143 120 107 118 132 146 156 143 126 130 137 133 134 149 152 142 141 145 149 148 139 131 135 139 145 142 130 136 131 122 139 148 144 153 159 164
150 150 150 141 132 140 144 140 143 150 148 148 152 149 142 148 145 136 145 156 156 161 164 162 165 166 164 154 148 148 152 145 149 158 150 146 148 152 153 151 147 145 147 149 145 143 140 144 142 142 138 139 145 149 142 143 145 140 123 111 120 133 145 157 158 146 129 131 144 135 126 148 149 135 145 155 156 152 142 137 142 144 148 149 147 143 134 132 142 147 138 149 162 165
153 152 148 137 118 117 127 141 147 150 157 157 153 145 140 153 150 141 144 151 149 155 161 159 159 154 155 152 148 148 151 145 144 153 155 150 153 152 152 154 150 148 152 147 148 149 141 144 139 139 143 142 144 150 147 142 135 116 112 124 137 142 150 163 159 146 134 130 142 140 129 144 139 124 138 155 156 151 141 139 138 135 144 154 155 147 140 139 140 140 135 148 158 163
151 146 137 124 111 110 120 131 145 150 157 161 152 144 142 154 150 142 149 152 142 147 157 156 158 150 148 151 148 149 149 145 143 147 159 159 155 150 147 149 147 150 148 143 151 156 146 147 146 141 133 127 137 142 138 132 127 115 125 139 140 136 143 149 148 148 145 132 132 139 132 136 135 129 132 141 147 150 141 140 141 135 141 149 148 146 137 140 144 138 133 144 148 154
152 146 140 131 123 122 130 126 132 148 157 158 149 146 140 150 153 150 151 152 142 141 151 152 157 155 149 151 149 149 149 138 137 144 158 166 153 144 141 145 145 154 149 141 148 154 150 148 145 134 117 118 133 133 129 121 125 137 148 148 141 138 139 140 137 145 148 134 124 133 133 136 142 142 143 142 146 149 147 148 148 141 144 147 143 147 140 143 146 140 137 145 144 144
143 146 142 140 140 135 140 138 135 145 151 153 150 149 144 147 153 155 153 149 145 141 152 155 155 153 144 147 148 149 151 139 136 144 154 164 157 148 140 142 148 157 152 145 147 149 147 144 139 131 122 128 137 133 130 127 135 152 156 153 149 142 142 149 144 144 145 137 131 137 136 139 149 147 144 145 145 150 148 148 142 139 149 153 147 146 144 142 141 142 142 146 146 147
141 142 133 138 147 142 141 145 138 139 147 151 153 153 151 149 145 143 151 149 144 140 151 156 155 145 136 147 152 148 147 141 134 135 143 151 151 153 146 139 145 148 143 142 145 147 142 142 141 138 134 132 125 123 126 132 143 154 151 151 150 136 138 144 142 144 143 138 134 139 142 145 151 151 150 146 144 155 146 135 126 130 148 157 150 152 156 147 138 144 148 155 148 143
145 142 138 142 146 140 140 144 134 126 138 151 149 146 150 150 144 136 146 151 143 143 144 148 155 148 138 146 153 146 148 154 142 133 142 150 143 143 152 155 150 143 138 132 131 142 138 136 139 143 138 127 115 116 127 136 145 149 148 152 146 133 134 131 139 148 141 137 138 140 134 133 141 146 148 141 145 156 147 129 114 115 137 152 146 151 159 150 135 141 147 157 143 131
151 147 144 145 147 141 142 141 135 127 138 148 145 143 145 143 144 141 145 152 144 142 142 143 153 155 144 147 152 139 141 158 150 137 138 151 144 134 145 162 158 151 149 141 134 140 145 143 136 138 138 129 126 136 140 138 137 139 144 152 144 130 127 130 144 153 148 141 141 140 131 125 129 130 137 140 145 157 152 134 113 112 129 149 146 151 158 152 138 141 142 150 140 124
148 148 144 145 151 146 137 129 136 140 144 148 149 149 148 145 145 144 149 158 146 135 143 144 153 158 144 142 152 146 140 155 158 147 138 149 150 134 137 156 157 154 155 154 140 130 148 156 140 140 142 133 135 147 150 143 122 116 135 145 136 129 132 139 147 153 145 134 139 134 131 129 131 130 137 143 144 153 148 134 120 115 132 152 148 148 153 152 144 146 141 143 141 129
146 145 140 139 149 152 139 128 131 134 138 148 145 139 145 148 149 148 154 160 148 136 145 143 139 149 146 143 149 148 146 153 160 155 142 150 153 137 134 151 157 159 155 158 144 123 140 151 146 149 143 133 139 148 151 144 103 82 113 137 137 140 141 141 145 150 138 130 138 136 125 130 139 136 136 140 140 143 142 132 120 111 122 144 140 139 147 152 155 153 148 143 142 140
148 150 143 134 139 148 142 139 139 137 142 150 140 128 140 147 148 149 157 160 150 142 147 135 120 127 136 144 148 148 147 149 154 156 147 155 158 142 137 152 156 154 147 153 149 133 139 150 158 159 149 142 143 145 145 132 84 58 88 130 143 145 135 127 137 137 130 135 137 134 123 127 145 147 140 140 138 138 130 127 128 123 125 135 140 142 146 156 163 156 145 139 142 141
146 149 144 141 142 142 146 150 147 146 154 155 148 142 145 145 145 148 156 158 148 137 148 144 132 132 130 137 150 150 151 149 146 154 156 157 155 144 142 152 157 153 144 142 149 143 141 150 163 162 159 156 143 137 138 126 88 67 89 127 143 140 122 113 132 133 132 139 141 139 125 116 130 141 137 141 135 136 130 126 132 124 128 133 143 146 148 152 156 156 145 143 150 143
147 147 146 146 133 112 121 146 152 142 132 132 143 152 151 150 151 144 147 155 152 140 145 148 148 145 127 129 149 149 154 150 137 146 156 151 149 149 150 155 158 159 148 138 144 140 143 147 157 160 158 155 142 134 138 136 114 96 112 139 148 135 123 119 142 140 138 144 148 141 129 123 130 132 133 139 136 140 137 113 99 92 97 105 125 131 138 141 142 145 149 148 151 150
143 145 146 131 102 72 76 117 142 136 113 117 137 147 155 157 154 148 147 156 159 151 149 150 147 137 120 122 147 155 156 146 134 141 153 150 149 148 149 148 149 152 149 146 139 128 140 151 156 154 148 150 147 137 132 137 130 114 122 139 148 131 117 121 142 143 142 146 145 140 143 149 147 131 133 144 144 146 137 106 75 64 53 59 104 131 137 141 141 134 143 148 146 154
149 146 144 129 102 70 64 97 121 129 132 134 141 141 145 152 148 141 147 155 160 160 154 155 152 141 129 119 142 159 154 143 134 134 143 146 146 145 143 136 138 146 147 150 142 117 125 144 151 150 147 150 147 136 119 111 121 126 132 139 140 129 114 117 133 139 140 141 140 138 141 149 147 122 118 139 147 150 144 128 97 80 57 47 90 132 141 145 142 132 136 145 138 146
149 142 144 142 124 95 79 105 125 125 138 142 142 134 126 135 144 142 153 157 156 163 162 157 153 152 144 111 126 147 145 141 137 130 126 132 137 141 141 138 144 149 148 146 145 128 122 135 144 153 153 145 142 139 111 82 97 122 130 128 123 125 127 126 127 130 133 138 141 137 136 143 141 128 119 130 145 153 144 134 116 100 83 58 82 126 140 147 144 136 134 139 138 139
147 140 147 146 129 110 88 87 106 119 138 144 134 115 113 128 142 150 159 162 161 162 166 165 156 152 140 105 115 130 133 134 124 102 90 109 128 140 149 149 152 152 146 133 141 147 138 142 146 156 157 147 149 148 110 63 67 94 107 104 101 118 138 137 132 127 132 143 143 134 130 134 136 136 138 137 143 151 143 132 124 106 92 75 88 121 131 140 143 143 139 139 142 144
150 148 145 142 125 119 92 74 91 117 142 146 125 104 114 134 148 155 160 163 166 170 169 167 165 157 135 109 119 125 129 134 118 81 73 109 134 147 153 154 154 155 148 136 146 146 144 151 148 156 161 154 147 141 103 51 40 60 88 98 102 121 140 135 131 124 126 138 132 125 122 121 115 119 140 148 146 150 143 136 132 113 100 99 99 109 122 133 145 151 143 143 142 137
