example/E5 - XRays/X-ray-tomography/rastert_juap12.txt
ncols         356
nrows         356
xllcorner     -0.5
yllcorner     -355.5
cellsize      1
NODATA_value  -9999
[rows 210 to 251 of 356, columns 188 to 281 of 356]
167 171 173 171 159 168 172 154 145 155 157 146 126 104 127 136 138 149 161 161 162 160 150 155 147 126 130 144 144 143 142 142 138 156 153 158 160 152 151 155 158 154 149 161 154 145 139 148 154 152 157 150 144 145 149 153 153 149 153 159 147 136 132 136 121 116 130 143 148 143 128 115 124 127 88 60 92 131 158 170 167 172 172 169 150 131 152 173 173 177 170 167 173 170
181 182 173 171 168 173 178 163 155 161 156 141 136 124 130 120 113 122 143 149 151 152 155 157 137 125 137 144 140 143 141 142 140 162 156 160 159 153 156 154 153 153 150 160 152 144 137 138 145 160 163 151 157 149 138 137 145 145 147 154 143 126 126 114 95 117 149 160 154 151 152 145 132 131 114 93 111 139 160 166 170 170 166 168 150 130 148 167 166 170 171 173 169 166
175 178 170 165 173 178 173 159 152 160 148 128 135 138 139 132 117 123 139 142 140 146 148 142 126 124 133 151 148 151 151 152 155 162 155 163 158 157 155 155 154 150 150 147 145 150 148 144 150 157 163 159 163 154 141 133 143 141 136 134 121 102 106 93 84 119 156 165 165 162 163 158 140 128 130 128 139 149 155 160 165 168 164 162 149 142 156 167 163 167 172 174 173 177
166 165 176 166 168 181 177 149 131 137 138 142 147 138 142 145 137 147 143 136 140 152 142 127 112 129 144 155 153 158 161 157 168 168 159 162 158 155 152 160 161 151 155 150 145 152 151 154 157 145 147 157 166 162 158 153 140 128 126 119 96 75 85 89 100 129 149 154 162 164 155 150 144 133 135 135 139 141 154 166 168 173 169 163 154 150 160 166 168 174 173 166 167 176
173 165 174 170 167 170 166 143 123 139 142 141 142 129 130 137 133 136 138 141 144 146 126 119 112 128 138 150 158 156 149 154 166 164 167 165 159 152 147 155 160 155 153 152 148 144 134 143 161 157 150 155 161 158 160 161 137 123 120 126 105 76 84 97 116 138 134 134 148 151 141 133 132 132 136 130 129 129 145 159 164 167 161 157 152 147 155 156 164 172 171 168 165 169
166 168 171 164 163 160 160 157 146 151 145 136 130 127 130 135 128 125 142 147 134 131 122 122 115 118 133 155 160 156 142 146 165 165 160 157 151 146 150 150 148 148 142 142 149 145 131 116 144 164 166 163 161 155 157 162 136 107 89 101 111 103 107 109 124 138 121 114 123 137 134 122 121 126 129 127 126 130 141 147 162 163 156 147 138 137 146 150 154 162 166 170 171 173
170 162 165 153 156 161 165 166 162 152 152 148 128 132 141 134 119 118 140 149 144 149 145 135 118 117 139 150 141 137 135 133 158 160 155 141 135 139 150 146 138 147 146 146 157 146 123 85 123 153 155 158 166 159 156 163 148 112 76 64 99 122 120 123 132 118 86 75 98 129 126 110 107 113 120 129 133 139 140 139 150 156 158 140 133 135 138 142 148 159 165 164 168 174
176 163 164 156 158 164 162 166 158 142 153 151 132 126 126 121 116 117 136 155 158 165 150 124 118 126 140 147 141 133 143 139 149 155 155 137 139 154 159 161 148 154 158 150 151 145 121 74 111 158 161 160 161 161 156 154 155 139 103 70 102 135 134 139 138 108 72 62 95 128 118 104 107 120 133 136 130 133 141 141 136 145 147 127 123 127 133 141 148 156 160 162 162 164
175 164 167 170 168 160 158 160 144 121 132 141 140 124 118 129 126 119 136 150 154 163 141 124 138 154 150 158 161 155 152 143 145 151 150 138 145 159 157 158 157 163 161 149 145 151 143 98 101 143 153 161 158 163 162 147 145 144 116 92 119 140 138 137 139 126 108 91 101 130 124 116 127 143 149 140 130 135 141 142 135 142 147 137 126 121 124 142 154 155 155 166 162 158
172 184 175 169 166 161 168 161 140 122 126 136 150 131 117 120 103 116 150 152 149 155 144 150 167 178 162 157 161 161 149 146 140 143 141 133 137 147 148 146 147 154 163 158 154 150 143 111 93 132 158 159 156 162 160 148 150 153 122 111 134 139 138 138 143 140 137 128 114 126 133 131 148 161 154 141 134 141 146 142 137 135 139 141 135 130 131 145 159 163 158 160 155 155
167 186 175 165 162 161 163 156 135 113 124 141 149 138 125 110 103 124 152 151 138 143 157 171 162 159 163 161 162 165 158 165 149 137 134 125 125 137 143 131 121 127 155 171 164 149 137 120 94 121 151 156 158 159 159 153 147 141 108 99 128 134 128 137 146 143 130 128 129 128 137 145 160 166 157 140 128 130 140 142 143 136 141 149 147 148 153 153 153 152 150 153 151 148
164 181 179 166 167 165 156 141 112 85 100 136 141 138 137 123 118 116 128 146 142 147 155 164 156 154 170 164 159 166 173 173 152 131 127 119 122 128 141 126 112 119 147 167 167 153 142 129 111 120 144 161 164 163 156 150 139 119 83 75 111 111 111 140 147 137 118 114 138 142 144 150 152 152 147 139 132 133 143 143 146 141 142 153 150 152 159 161 159 154 147 153 154 141
162 168 167 168 173 170 162 128 96 78 88 127 141 136 124 119 129 126 132 149 152 148 146 153 157 163 171 164 163 164 171 166 157 138 118 102 109 121 133 132 124 129 153 158 155 151 148 139 134 138 151 162 163 171 161 148 136 117 99 90 96 85 97 139 142 123 99 94 125 139 144 148 145 137 128 128 137 145 149 148 147 142 141 150 148 146 149 156 159 154 149 150 152 144
162 169 165 164 169 167 162 129 102 97 108 128 137 137 109 105 135 149 155 152 163 158 152 164 162 161 165 174 175 171 169 160 163 146 118 94 93 117 119 106 96 112 147 153 144 146 158 163 155 150 155 161 165 165 157 158 150 144 142 134 113 91 94 131 137 119 90 78 107 132 146 154 145 125 117 117 132 147 148 153 149 141 142 146 142 142 138 139 145 144 146 151 151 144
163 173 167 162 163 162 158 144 122 123 133 137 134 137 109 85 107 136 160 160 163 164 161 159 164 165 161 172 166 165 173 167 160 152 119 83 77 111 116 84 55 75 129 146 140 143 152 167 159 161 154 153 164 162 157 163 163 162 160 157 142 122 107 119 125 114 99 93 107 131 150 155 143 128 117 108 124 143 148 153 148 137 139 146 146 145 126 121 140 142 138 145 144 140
165 164 164 168 164 169 162 155 131 128 137 128 123 132 117 77 82 123 154 163 151 154 162 158 170 171 161 165 158 155 163 160 142 126 87 71 89 118 126 97 54 62 115 137 140 144 144 154 149 155 158 157 161 165 168 167 161 166 160 154 145 134 123 119 125 112 107 118 120 132 151 154 146 132 114 110 126 140 155 155 145 122 124 156 159 141 112 109 140 141 128 137 144 146
169 160 151 164 166 168 163 152 121 106 116 123 125 128 121 96 96 129 148 152 150 148 154 161 168 162 160 173 166 151 147 149 129 92 57 68 104 132 145 128 98 97 119 136 144 152 147 149 148 152 163 159 161 165 168 168 161 165 157 153 151 146 143 142 141 132 130 141 140 138 150 160 158 142 114 104 124 138 145 142 139 128 133 158 160 143 115 113 143 140 128 144 155 151
167 175 161 158 169 174 159 145 112 81 105 134 126 122 130 112 95 120 149 155 159 151 143 150 150 145 154 155 146 137 141 150 129 86 65 79 108 129 144 135 134 136 131 133 142 160 158 162 167 169 168 157 164 167 164 168 166 163 157 157 151 147 150 149 148 152 151 154 147 143 147 159 159 150 122 103 123 140 133 123 132 143 142 151 153 143 120 119 140 141 134 150 158 153
162 172 165 158 163 167 160 154 119 76 103 133 131 133 133 108 87 109 151 164 159 148 138 136 128 124 147 144 122 118 124 140 138 109 93 110 130 135 139 129 136 141 135 135 143 159 163 166 165 168 169 168 167 167 164 165 168 159 152 156 152 149 147 141 146 155 154 152 146 141 140 149 147 145 136 113 116 129 134 126 130 137 134 144 146 137 121 121 131 140 143 155 165 160
152 166 157 151 165 173 172 167 135 98 113 140 146 143 122 101 94 109 147 156 145 147 145 130 122 126 143 148 129 118 113 124 127 110 101 123 137 137 134 132 138 145 141 141 150 160 166 174 173 181 171 165 160 166 167 162 160 151 144 152 154 157 154 146 143 141 152 149 145 141 137 141 141 140 138 116 106 119 139 135 130 137 137 148 148 130 118 129 134 142 152 161 169 163
152 163 157 154 169 177 174 171 159 129 105 128 149 140 123 117 113 120 142 149 134 136 138 118 123 137 143 154 140 116 112 121 111 104 118 135 134 129 118 123 132 125 117 134 161 158 167 177 171 172 160 162 165 167 169 160 153 157 151 144 150 159 158 147 133 130 147 149 146 142 137 132 131 140 144 132 119 120 139 141 134 145 143 147 146 128 116 129 138 147 159 168 171 166
160 162 167 170 176 175 165 167 167 141 94 105 135 134 124 127 127 136 143 148 133 133 140 127 129 133 142 157 148 128 117 108 93 98 129 150 148 137 113 109 118 97 86 110 147 162 174 174 167 164 162 164 167 166 169 167 156 159 157 152 153 154 160 151 129 129 138 146 150 147 143 138 137 145 145 136 117 115 136 144 140 139 133 139 143 136 130 134 143 151 159 164 168 168
170 168 171 170 175 176 163 171 176 152 114 103 121 116 102 117 133 145 144 151 142 130 139 142 141 146 145 152 148 143 123 85 73 89 135 154 147 139 117 114 115 82 83 112 139 161 172 168 166 169 170 164 159 165 170 170 167 169 169 165 159 158 155 151 134 131 141 146 150 154 150 146 139 143 147 139 121 109 126 141 141 128 118 126 141 140 142 141 145 146 154 162 162 160
167 156 159 165 173 172 167 165 170 164 144 121 121 106 79 100 143 158 155 158 146 128 134 144 150 160 154 156 152 146 111 72 74 83 114 131 128 129 119 121 122 105 104 126 155 159 163 165 164 170 173 169 160 164 163 166 165 171 176 172 166 159 153 150 144 141 149 141 135 141 144 148 149 150 156 151 139 124 123 130 133 118 106 117 139 137 136 141 149 154 155 151 149 150
169 153 165 173 170 173 178 168 164 166 162 147 123 89 78 113 140 160 161 154 134 124 128 131 144 158 159 151 148 139 119 112 114 101 100 103 114 134 123 119 128 132 128 134 162 169 165 167 167 157 158 166 160 160 165 178 172 163 166 163 160 158 164 163 157 147 152 140 126 134 146 157 161 148 154 157 147 141 133 122 125 128 129 136 148 144 143 156 163 162 160 154 146 145
168 152 168 179 171 171 187 183 167 164 153 146 111 60 78 133 145 158 157 145 122 111 127 133 136 146 154 148 141 138 139 149 145 136 120 92 98 134 141 127 124 126 131 147 158 163 159 162 173 167 159 162 156 157 163 169 167 160 168 162 163 162 165 166 163 150 150 150 136 143 155 157 150 135 142 147 137 141 140 127 123 127 140 140 141 146 155 164 167 166 160 156 149 145
171 157 161 167 171 175 172 170 171 171 158 144 99 57 80 120 129 136 148 153 140 121 126 136 133 140 149 144 135 137 143 156 150 147 129 100 113 139 149 129 109 101 118 157 155 155 155 153 163 176 166 161 159 158 159 161 163 163 169 161 164 163 166 160 150 142 138 143 136 141 151 146 136 122 121 125 108 101 115 117 110 104 121 131 139 151 158 161 167 169 164 163 157 149
181 175 169 171 173 177 173 173 172 165 151 121 70 62 89 98 91 95 125 143 150 142 134 130 125 133 134 135 136 144 154 161 156 155 146 132 139 140 147 129 99 95 117 154 155 160 168 162 163 171 162 166 166 159 165 171 169 169 170 165 161 160 167 154 138 126 121 132 129 129 139 133 117 97 97 107 96 84 103 119 111 105 129 142 147 161 163 163 166 170 163 158 164 158
179 181 181 180 173 170 172 170 163 162 145 103 60 73 105 105 94 102 135 147 152 155 138 112 109 129 127 133 143 153 152 150 155 156 149 135 142 144 148 135 127 134 139 151 152 156 168 159 158 163 155 161 167 167 169 163 169 175 169 161 161 157 151 140 125 114 123 134 123 120 125 122 114 92 90 111 121 125 131 137 129 123 147 158 157 162 164 158 159 164 154 149 157 157
182 181 184 175 178 180 171 171 168 167 150 100 72 94 125 116 115 122 140 153 147 142 126 103 98 117 124 126 143 156 150 144 153 155 146 139 147 145 148 142 153 162 153 146 143 152 158 138 135 141 144 155 165 169 169 161 166 171 158 141 150 154 142 132 122 125 135 131 123 118 109 111 113 101 115 144 143 137 139 143 134 125 139 153 158 161 162 157 160 163 159 152 147 147
183 188 182 174 187 183 174 180 176 171 155 114 103 126 136 115 118 130 140 149 147 138 110 90 82 93 114 121 134 143 143 138 138 147 143 142 151 152 156 145 154 169 157 148 145 156 161 143 133 135 139 147 161 161 155 160 156 151 139 131 143 147 133 127 129 143 153 137 131 126 114 115 115 120 153 171 155 141 135 134 131 124 129 136 149 156 165 167 167 168 166 159 147 148
181 179 177 176 182 177 176 172 170 169 155 127 120 136 134 132 139 150 160 157 154 145 106 85 82 77 97 119 134 139 139 140 130 130 131 136 149 154 160 151 157 169 161 151 148 159 159 147 141 143 144 142 154 153 148 153 145 132 122 126 137 142 127 126 135 146 158 150 145 133 125 134 135 138 154 167 162 158 148 141 140 130 129 132 149 156 159 166 167 161 159 160 153 155
175 172 177 184 178 176 174 171 174 174 152 127 124 135 135 147 157 163 167 157 148 148 127 110 99 82 93 111 128 136 127 123 136 140 133 134 142 151 155 151 156 161 166 157 148 148 146 143 139 140 142 150 157 158 150 144 140 138 131 131 140 142 133 140 150 152 147 145 152 139 127 134 146 156 152 151 148 150 149 152 154 149 148 145 149 152 151 160 168 162 157 159 154 157
183 176 171 181 181 177 169 169 172 177 158 146 149 150 148 151 150 155 158 156 156 162 147 142 140 130 127 122 124 130 117 101 122 142 137 132 137 141 146 151 154 154 158 148 125 120 140 145 145 138 127 142 152 154 147 143 145 147 145 150 149 144 137 142 157 159 141 138 138 126 117 125 143 156 147 136 127 128 139 149 154 155 153 153 145 142 147 154 161 164 163 159 151 153
180 180 174 174 178 176 172 170 169 165 166 165 151 141 137 132 127 137 149 153 153 159 157 162 165 159 153 153 150 144 133 109 108 117 107 115 134 133 142 151 154 149 149 136 108 111 142 147 148 138 123 138 143 146 144 141 139 139 141 146 150 148 136 133 146 146 135 123 104 102 112 131 142 144 133 113 107 120 138 145 146 148 147 144 137 136 134 138 151 162 164 159 152 153
175 177 176 174 177 172 167 172 176 161 160 152 127 118 120 120 124 133 146 155 155 162 166 170 165 161 162 162 161 157 153 140 132 116 101 111 134 138 137 145 145 143 145 142 126 128 148 149 144 145 140 140 145 150 145 138 139 137 126 123 139 143 133 126 138 145 139 120 94 96 127 151 154 151 132 105 108 137 150 149 135 126 120 121 124 130 130 140 151 153 151 150 150 152
182 175 177 178 172 170 162 157 158 151 151 134 107 107 133 138 145 143 149 159 162 168 165 168 171 167 171 167 161 159 160 158 158 152 143 135 141 148 136 142 143 145 146 145 145 141 146 152 149 156 152 143 137 137 138 138 136 126 110 113 138 139 135 132 135 139 140 133 120 129 152 164 163 161 145 130 135 141 140 140 124 105 99 113 124 136 139 143 150 151 146 144 145 148
181 174 171 177 172 170 156 136 131 144 150 137 119 122 150 156 157 150 158 167 162 174 177 171 170 170 172 170 167 167 168 169 164 160 157 151 155 163 157 158 157 159 158 154 156 148 147 160 159 159 153 145 137 126 117 120 132 135 121 130 150 148 143 141 134 128 141 144 138 151 162 172 167 170 166 149 136 128 129 139 133 123 115 125 132 139 139 138 142 148 149 144 141 146
179 179 169 173 161 153 145 107 97 123 136 144 144 155 173 172 164 161 167 166 163 171 176 179 176 173 169 170 172 174 175 176 168 164 163 171 172 171 166 171 174 169 168 165 165 164 163 170 169 159 151 152 151 142 127 127 145 154 147 153 159 163 161 149 126 105 120 136 143 155 159 173 168 167 167 160 138 116 118 135 142 145 139 144 143 138 133 136 143 148 149 143 139 148
178 184 171 170 153 132 110 68 75 118 132 145 154 165 170 171 166 172 172 164 168 170 167 174 184 183 174 171 175 177 177 170 169 174 178 175 173 181 176 176 176 172 174 173 175 171 169 171 172 165 154 156 162 152 147 150 158 166 162 165 160 167 167 147 107 85 99 122 143 159 164 173 171 166 164 164 147 106 96 120 141 150 149 158 155 147 138 135 148 153 145 137 130 131
167 176 166 165 158 114 63 44 86 136 142 147 165 165 162 168 165 173 174 166 162 167 171 168 172 176 175 176 172 176 178 175 176 181 185 174 166 178 180 171 174 177 177 179 174 167 166 168 170 166 159 157 164 155 151 152 162 164 157 160 159 159 149 121 83 75 88 114 144 162 167 171 174 170 169 169 150 99 65 86 122 143 149 156 152 150 143 133 133 139 138 130 122 117
170 172 170 164 149 98 53 54 103 147 158 166 174 169 167 172 170 174 173 172 164 172 177 181 179 174 175 178 174 175 178 181 176 177 180 182 177 176 178 173 171 175 174 177 175 175 173 173 174 168 159 154 164 158 151 151 158 159 157 157 152 141 130 114 89 93 107 123 146 163 165 163 167 169 172 167 141 92 53 60 103 137 145 154 155 158 150 138 136 134 133 137 139 134
