example/E5 - XRays/X-ray-tomography/rastert_juap23.txt
ncols         356
nrows         356
xllcorner     -0.5
yllcorner     -355.5
cellsize      1
NODATA_value  -9999
[rows 42 to 83 of 356, columns 94 to 187 of 356]
137 148 148 139 136 125 122 137 139 132 128 125 113 115 135 133 129 135 140 140 138 145 149 146 148 146 144 132 126 131 132 130 128 135 139 130 138 148 154 156 156 155 149 139 131 131 136 136 141 144 120 89 101 131 148 156 154 152 154 158 159 150 134 109 115 138 149 164 167 167 162 154 142 139 155 162 163 158 153 156 166 162 153 139 96 73 108 127 131 137 144 153 160 167
139 145 152 148 147 143 135 139 139 135 133 120 107 115 134 133 129 130 135 142 138 138 137 139 149 151 147 143 140 136 139 140 138 137 142 145 150 145 141 148 157 153 148 145 142 126 131 143 143 139 102 58 75 121 149 163 158 156 156 157 158 149 139 102 98 134 149 156 164 173 163 153 142 134 147 161 167 163 156 154 164 160 156 149 118 93 110 127 135 137 142 153 156 160
145 151 157 153 152 157 156 151 149 149 143 131 124 129 135 136 130 122 130 142 135 138 140 136 143 149 147 147 147 141 137 135 132 133 142 147 151 140 134 143 153 149 146 146 147 128 119 143 152 143 97 49 64 114 146 160 161 162 160 152 147 146 143 106 93 123 149 157 160 165 157 156 137 122 143 165 164 169 161 152 161 163 159 155 136 112 115 130 132 129 132 145 153 158
139 151 158 155 154 156 161 162 156 147 143 141 138 139 138 139 135 120 123 135 134 139 145 146 145 145 138 143 150 145 129 121 128 137 145 146 150 141 137 147 153 150 148 145 138 125 117 142 156 149 101 56 69 113 149 160 162 166 163 153 144 145 145 113 85 107 140 148 152 164 158 148 121 120 150 168 164 166 164 152 158 166 161 156 138 107 96 116 120 111 105 129 148 149
137 149 159 154 156 159 153 160 155 128 129 139 140 143 140 141 139 126 125 136 144 145 146 146 142 141 132 136 145 146 139 130 142 148 150 145 140 142 144 146 142 142 149 145 135 136 137 142 147 146 110 79 84 108 144 162 161 163 161 158 150 143 136 109 82 101 128 136 144 157 153 123 96 125 156 163 157 163 166 153 158 165 161 155 133 90 66 85 107 115 112 130 146 145
142 156 164 156 152 158 154 151 138 108 111 134 140 138 139 137 134 135 142 148 154 155 148 144 138 142 144 139 136 139 145 145 156 158 151 143 131 129 139 142 134 136 149 150 149 150 148 144 144 148 127 113 109 116 139 156 162 162 161 163 148 133 131 119 106 113 121 128 136 143 134 99 86 124 156 162 160 168 160 144 160 164 156 153 128 76 45 66 103 124 137 149 150 150
149 161 162 153 148 150 154 147 128 120 122 130 134 126 134 136 129 130 145 151 149 149 143 140 134 143 154 139 122 133 147 154 158 162 156 143 133 124 130 133 131 139 150 151 158 159 149 149 144 141 140 138 138 135 137 144 154 151 153 155 135 117 119 130 128 109 100 105 118 127 123 101 105 128 145 153 160 160 139 124 148 157 152 153 127 74 48 65 105 130 142 152 151 151
151 158 159 155 151 152 150 142 135 136 134 137 136 124 125 129 130 124 134 144 143 140 138 142 138 141 146 134 123 135 144 160 161 162 166 151 137 130 135 133 132 142 153 149 150 159 155 156 144 135 144 145 147 141 131 133 144 143 149 145 125 120 127 135 125 103 80 86 114 127 131 124 128 127 133 144 145 139 122 119 142 148 145 145 124 83 57 62 98 132 150 154 153 153
159 162 158 154 151 149 142 140 151 147 139 145 142 128 111 115 134 126 130 135 135 141 144 140 140 144 140 141 144 143 139 156 162 157 160 151 135 137 138 136 132 132 146 147 138 152 162 164 157 152 148 143 151 147 130 127 139 144 145 132 119 134 139 138 128 110 85 94 130 138 134 138 135 127 144 148 136 133 129 135 145 142 136 137 129 107 78 77 107 136 153 153 151 154
160 162 157 149 143 137 133 136 146 148 153 154 145 131 114 116 126 121 126 122 112 123 140 141 139 141 141 147 154 150 139 147 158 153 147 143 132 139 139 135 121 116 134 142 138 153 166 164 163 168 161 153 160 157 149 141 139 141 139 131 126 139 138 131 130 117 100 107 137 140 125 124 118 128 147 145 129 132 141 136 128 131 139 149 152 134 114 115 127 137 141 140 149 161
149 149 146 144 136 132 128 126 129 138 154 147 134 130 126 122 118 124 129 120 109 110 117 122 130 135 139 148 157 157 146 147 150 147 146 146 139 148 143 143 122 113 134 144 138 149 164 164 159 169 173 165 165 166 169 162 144 143 141 133 133 137 140 135 128 128 119 114 131 131 116 107 101 122 132 136 133 137 143 127 114 126 144 161 165 146 139 143 136 131 132 139 147 156
144 140 136 143 136 137 129 114 116 127 138 131 127 129 130 123 119 130 126 128 129 121 116 113 130 140 139 145 151 153 144 143 149 149 146 146 148 156 151 151 140 129 141 146 129 129 142 154 158 167 172 171 172 174 172 171 154 141 144 144 140 138 139 138 135 140 138 124 129 133 119 114 120 133 130 132 138 143 146 131 122 139 141 149 152 135 135 148 147 138 136 149 151 145
142 137 137 145 135 144 141 124 119 120 126 129 127 129 131 126 120 123 118 131 139 125 132 131 137 142 139 142 134 132 143 149 153 152 148 148 148 156 159 155 155 145 129 124 108 101 110 133 157 164 167 178 175 168 166 168 161 142 140 150 150 135 134 138 143 147 145 134 138 148 138 135 137 139 138 135 138 143 146 137 127 146 141 137 144 134 131 143 148 135 133 143 145 139
141 133 134 143 133 139 137 133 133 123 128 139 134 132 117 94 77 71 93 125 139 129 137 139 140 145 142 144 129 126 142 151 151 147 147 151 153 155 161 164 155 140 113 94 84 77 92 125 151 162 166 176 170 167 163 164 163 150 138 144 151 133 128 131 138 141 142 132 138 148 152 151 146 143 140 136 136 143 138 127 123 145 144 136 146 148 144 144 140 125 130 141 150 147
145 137 133 140 136 135 131 135 139 130 133 138 133 132 97 49 27 27 78 121 134 137 137 137 140 149 142 136 131 136 151 152 147 153 155 147 156 159 160 166 154 146 129 97 67 51 67 111 142 157 163 166 164 173 171 159 161 158 135 137 145 140 139 135 135 133 137 132 140 152 157 150 141 144 135 120 124 146 140 126 126 140 141 133 143 149 144 140 134 134 138 147 155 159
143 140 138 136 133 135 138 139 138 138 142 135 126 125 97 62 47 48 92 125 127 138 136 129 129 137 138 134 140 143 149 148 142 155 157 149 156 162 165 165 160 159 140 106 71 50 45 74 119 144 157 163 161 164 168 154 153 161 142 141 149 148 146 139 139 133 138 139 139 145 149 146 133 130 117 92 109 143 145 136 141 145 140 137 150 151 141 139 138 141 147 146 148 158
136 137 142 141 139 139 143 137 136 140 145 137 121 113 115 112 105 100 117 129 115 123 134 130 130 127 130 139 147 144 147 148 146 153 154 154 159 161 169 170 164 161 150 126 101 89 71 79 113 133 152 164 162 162 166 153 148 165 150 148 156 152 151 145 144 140 135 129 137 137 124 133 131 116 94 86 110 133 131 127 136 148 138 131 146 148 144 143 139 139 145 140 140 149
133 133 138 142 140 136 135 128 139 146 141 129 111 109 124 129 121 112 123 133 117 118 136 143 146 137 136 139 138 137 155 170 166 153 153 159 158 159 165 164 157 159 155 136 128 130 117 116 120 126 151 160 159 161 166 158 152 163 153 152 154 156 159 152 151 150 139 128 138 130 106 118 114 102 88 95 111 114 110 117 128 143 138 129 132 136 141 144 145 147 144 136 137 145
131 130 138 138 135 132 136 134 142 149 136 121 110 122 131 130 121 115 127 134 122 126 138 144 140 138 146 139 133 141 162 172 164 155 145 146 150 151 157 161 160 159 154 139 142 148 145 141 130 132 145 140 147 155 160 164 163 154 153 164 153 157 166 158 161 156 128 110 124 133 125 118 98 95 94 103 114 116 105 109 124 135 138 142 138 131 138 148 153 155 148 137 132 141
131 130 143 141 137 135 137 134 126 136 138 126 116 129 131 125 122 127 134 135 128 132 141 143 125 123 140 142 136 137 148 153 147 152 144 143 148 154 161 170 169 167 166 150 153 163 156 153 137 134 134 109 116 141 153 161 163 149 156 167 159 156 160 155 153 154 117 78 95 132 140 128 114 115 117 118 120 123 122 118 126 138 143 148 143 134 137 149 156 152 147 139 125 134
139 129 133 142 137 130 128 123 127 135 132 124 115 119 119 115 122 133 139 139 133 128 130 133 118 109 126 139 132 131 134 145 144 145 146 154 158 168 168 167 167 167 167 154 154 162 162 153 134 125 123 103 102 114 132 150 154 151 160 160 166 162 156 153 149 148 124 79 84 132 142 137 131 117 114 119 126 127 131 133 134 145 154 152 148 144 137 144 143 133 133 137 122 123
137 133 128 132 139 134 128 119 135 140 123 118 114 106 114 122 132 140 149 145 135 136 134 126 112 104 115 126 124 133 142 149 146 145 153 163 159 167 172 175 168 170 175 158 154 160 167 162 154 146 131 118 119 112 118 131 149 161 166 161 168 165 157 156 157 148 135 99 90 125 140 140 125 110 113 121 133 130 126 137 142 146 157 149 149 160 145 144 137 125 127 135 119 107
130 134 132 123 126 131 138 135 138 130 119 125 125 116 119 128 144 148 153 152 147 145 134 116 99 102 118 114 106 122 140 150 155 155 161 171 169 167 169 176 171 167 173 160 150 157 166 162 166 165 149 139 141 134 119 109 132 158 160 156 155 156 160 158 159 154 140 106 98 119 141 139 119 118 116 123 141 134 116 126 140 149 159 153 155 167 151 144 147 140 137 136 123 104
137 140 138 131 130 129 126 126 127 127 133 138 133 130 125 127 146 150 147 155 155 140 123 104 83 96 124 127 112 121 135 150 164 160 166 171 170 171 167 167 175 174 167 159 153 155 158 160 168 165 155 150 147 141 121 92 97 121 137 150 150 150 162 165 159 148 122 104 120 127 135 119 113 132 126 117 130 133 121 122 124 137 150 156 159 156 151 147 147 145 147 143 134 107
144 147 139 136 141 135 121 128 138 136 133 139 140 136 130 131 143 154 161 161 149 132 124 110 84 103 129 135 129 128 142 156 167 164 173 173 167 175 172 165 171 171 165 165 156 157 157 156 166 167 158 151 148 143 123 79 58 63 91 133 150 150 157 168 158 147 122 112 134 127 120 104 113 131 139 124 116 117 120 119 109 128 150 155 157 155 150 146 146 144 150 145 141 124
147 152 145 139 138 131 123 134 144 144 136 144 153 142 140 136 142 155 162 159 142 118 114 116 100 119 127 118 120 121 136 156 167 161 170 169 167 171 168 170 171 166 166 173 159 151 160 159 165 169 166 155 152 151 129 78 48 51 86 133 150 148 145 158 164 158 142 133 131 110 101 87 110 127 136 122 88 87 120 129 120 132 148 159 163 159 153 146 146 143 146 147 143 135
141 143 150 148 135 131 127 132 136 142 143 149 154 143 141 137 139 146 155 154 144 121 115 125 125 137 120 96 105 123 137 154 170 162 160 163 172 175 166 173 166 164 171 167 162 151 156 151 156 165 169 163 162 160 136 94 75 90 115 142 151 152 139 138 153 148 145 148 130 97 94 89 113 132 137 121 81 80 126 136 127 135 141 157 156 149 147 143 145 138 135 137 134 127
140 139 141 143 138 139 145 145 132 133 141 148 148 141 136 136 142 141 151 144 138 132 125 132 135 133 115 97 109 130 146 157 171 172 166 166 171 178 165 171 169 164 175 165 165 156 148 149 156 166 166 162 165 160 144 122 106 109 126 136 141 150 146 128 137 139 132 150 139 114 110 105 119 136 134 124 107 109 124 117 114 131 137 148 142 134 142 147 141 137 133 131 128 116
138 138 132 134 146 151 157 150 130 128 132 123 125 137 139 140 145 141 150 145 139 144 136 120 110 106 109 113 126 128 136 150 163 171 175 171 166 169 168 172 175 169 170 164 167 159 147 149 153 158 160 163 165 154 152 146 135 129 134 138 141 141 147 140 139 135 122 135 143 142 135 123 124 134 133 134 121 121 114 109 113 134 140 133 136 137 140 144 128 126 125 124 133 121
134 141 131 119 138 145 152 148 134 131 132 118 114 125 133 140 143 139 143 146 143 149 144 116 88 84 105 119 124 121 134 147 158 165 177 174 169 167 169 172 169 169 170 166 161 158 155 152 152 159 155 159 155 148 152 157 156 157 143 143 151 143 139 137 142 135 133 135 142 160 154 143 140 137 138 131 114 118 116 120 126 136 142 132 139 146 143 140 123 117 122 124 138 128
146 152 138 117 132 138 145 144 124 119 131 132 115 118 124 137 139 132 132 143 137 134 125 111 79 63 76 87 86 90 125 145 151 161 174 167 171 175 168 175 171 169 172 172 160 160 160 153 151 155 152 152 143 148 150 153 152 155 153 154 149 135 136 128 143 138 142 150 150 159 157 152 149 142 139 118 110 132 135 133 135 128 135 138 146 151 141 134 125 127 133 131 132 121
151 149 144 129 128 134 134 133 125 116 120 120 111 127 135 141 139 131 129 133 133 125 102 90 69 49 44 47 53 66 111 137 138 145 164 167 170 173 170 177 173 169 167 169 165 165 158 143 135 138 145 150 147 150 147 141 149 155 159 158 145 120 130 126 143 153 142 146 157 162 156 153 153 144 136 120 115 137 139 135 133 126 127 130 147 154 133 132 131 139 141 133 123 110
141 144 147 134 124 126 129 128 136 134 118 107 113 136 143 140 137 139 143 137 128 110 84 73 59 47 38 43 52 70 110 127 123 129 161 169 159 163 168 169 167 166 161 164 166 163 149 136 115 119 135 140 151 152 129 125 138 150 154 148 139 115 131 143 150 163 150 143 154 153 147 154 156 148 143 137 130 146 148 143 139 132 122 121 145 154 133 137 132 136 135 136 126 112
138 136 140 136 122 119 136 132 136 145 130 110 109 126 139 143 139 140 149 153 136 100 66 60 54 50 39 46 57 74 111 127 122 127 155 161 147 150 152 158 168 164 154 152 156 154 149 143 127 120 135 137 138 144 116 120 126 130 139 125 125 119 142 158 153 158 160 159 154 148 149 152 149 146 147 146 143 149 148 142 133 128 123 117 137 150 139 137 126 138 131 132 120 108
137 135 140 142 132 124 136 134 132 141 136 123 115 125 134 138 137 136 134 136 112 78 63 60 57 54 49 59 70 80 106 129 133 135 148 150 145 151 147 150 158 157 155 153 152 151 157 146 134 129 140 142 128 134 119 124 128 127 124 86 96 125 146 156 156 159 159 166 154 152 159 160 156 146 145 134 129 139 140 129 117 126 137 127 133 146 139 136 125 136 128 126 119 113
138 140 146 146 140 131 127 129 131 137 132 126 133 139 137 132 132 124 110 98 76 50 57 61 55 52 59 69 77 86 106 130 141 145 145 146 151 159 155 150 146 151 149 152 152 149 156 145 128 122 132 141 135 140 127 112 106 107 109 76 84 122 139 148 159 160 160 167 163 160 158 158 158 148 148 126 116 135 140 118 116 130 144 137 133 145 147 144 127 124 119 124 130 129
142 143 143 145 141 134 129 129 128 132 129 131 132 131 130 132 122 93 76 61 49 42 49 51 54 57 72 79 82 96 116 133 144 152 152 144 149 154 150 150 146 148 145 147 143 139 143 139 134 127 139 150 140 149 146 120 91 78 79 62 86 119 138 156 162 162 156 156 165 170 161 154 152 145 141 115 107 109 103 94 111 137 145 142 138 144 152 153 137 124 122 132 142 141
137 142 139 150 152 136 136 142 134 125 108 119 127 133 131 119 85 54 48 46 44 39 48 55 58 62 81 93 105 118 119 129 143 141 148 151 150 143 139 147 151 153 151 149 140 133 134 138 138 135 146 163 148 147 152 139 112 80 57 40 78 121 140 154 162 170 164 166 173 179 166 158 156 143 129 103 87 67 56 75 110 146 147 147 142 141 146 149 137 125 121 132 149 149
124 136 141 149 157 151 141 134 125 116 91 89 115 131 127 102 66 52 58 52 51 46 46 49 54 71 92 103 119 133 127 128 143 125 131 147 156 152 141 143 149 155 152 144 142 142 134 140 141 141 144 154 154 153 155 157 146 121 81 56 84 119 140 150 158 168 164 165 167 172 166 160 158 151 128 98 71 53 68 101 121 139 137 129 127 125 122 135 141 134 137 143 152 147
123 134 147 145 149 154 137 113 112 116 96 92 120 131 123 102 78 63 68 64 58 56 58 68 76 96 113 119 131 135 127 125 145 133 128 146 151 150 137 134 145 151 154 148 141 144 138 142 144 142 144 147 157 161 157 159 154 143 116 90 102 112 120 137 156 159 158 158 164 167 168 166 160 151 119 98 93 75 92 125 130 124 133 130 114 112 109 117 141 148 157 155 152 149
133 142 148 145 145 146 133 114 125 131 110 112 134 134 121 116 107 84 79 72 72 77 92 113 119 119 131 138 134 124 114 119 146 139 127 144 147 135 122 129 139 149 151 149 141 140 137 137 142 143 145 151 154 152 151 159 157 144 126 113 118 125 114 110 134 141 155 157 154 160 161 157 153 146 123 106 124 112 116 134 137 117 125 134 115 107 116 126 143 151 160 158 153 152
137 144 145 146 144 145 137 131 133 141 134 131 138 137 122 125 126 105 106 96 88 94 117 131 135 133 135 138 130 126 127 127 142 140 148 156 149 129 117 131 143 150 147 149 144 135 141 138 144 150 149 151 153 153 153 156 160 155 135 130 134 139 122 101 123 135 145 139 137 150 154 153 142 143 145 129 131 124 130 132 132 115 119 127 106 89 111 134 146 149 159 164 154 156
