example/E5 - XRays/X-ray-tomography/rastert_juap20.txt
ncols         356
nrows         356
xllcorner     -0.5
yllcorner     -355.5
cellsize      1
NODATA_value  -9999
[rows 294 to 335 of 356, columns 188 to 281 of 356]
138 137 145 154 157 147 141 132 126 144 146 147 163 170 155 136 135 155 162 168 168 171 175 172 171 177 172 160 157 155 160 157 163 168 162 165 166 176 174 169 173 173 177 175 178 173 175 180 182 175 171 172 166 167 160 150 142 130 137 136 120 115 126 134 134 134 143 153 157 157 155 154 156 158 155 157 156 155 156 162 160 162 169 164 157 152 141 127 124 138 150 153 151 152
142 151 158 166 165 156 149 136 134 151 149 151 167 170 160 148 142 147 155 161 163 167 174 172 171 173 168 163 159 155 156 152 157 170 166 168 168 172 169 168 172 174 176 174 177 178 176 174 175 172 173 175 169 162 143 127 120 98 116 131 123 124 135 148 149 143 146 152 157 158 161 158 158 161 161 164 162 163 162 166 165 164 165 163 161 158 146 133 130 139 150 151 149 154
141 153 160 162 165 164 152 131 140 158 159 159 168 170 157 150 140 144 154 156 156 162 166 169 169 166 160 161 160 154 151 145 148 159 156 161 168 170 164 163 166 172 175 173 170 173 172 171 171 171 169 170 167 156 133 121 122 104 112 124 128 135 144 148 146 144 148 151 153 156 157 159 158 157 159 164 166 168 168 165 168 168 165 161 160 161 154 149 147 148 150 152 149 152
145 156 162 165 168 171 154 130 140 156 154 159 168 170 157 150 143 144 155 155 151 151 151 155 161 157 156 159 161 154 147 148 148 150 150 157 166 168 166 164 166 171 178 175 166 161 164 166 162 165 160 154 155 153 141 133 127 114 112 112 120 136 145 142 142 144 148 156 156 154 154 156 156 158 162 164 164 169 171 168 168 166 167 164 166 165 164 157 155 155 155 156 154 151
146 157 166 166 159 158 154 139 138 152 154 163 170 164 156 149 141 143 152 154 154 149 134 129 142 148 151 155 156 144 140 145 144 147 143 147 162 163 161 158 163 167 169 170 168 159 161 159 149 144 145 146 152 157 154 144 133 125 126 119 123 135 145 146 148 148 149 154 157 153 153 158 158 159 165 168 164 166 168 168 166 163 162 165 165 161 162 159 157 153 155 155 157 158
143 154 164 165 158 156 153 138 137 150 160 166 169 158 157 146 137 146 154 154 150 143 124 107 108 124 142 151 155 150 145 142 135 140 138 138 152 155 147 147 153 161 160 148 151 159 162 152 135 121 126 135 145 153 155 153 147 143 139 134 134 135 145 153 156 152 143 148 156 155 155 160 164 160 163 166 165 167 165 165 161 164 163 165 167 162 161 165 162 157 151 153 156 159
139 145 153 157 146 151 143 130 138 149 155 155 158 157 163 148 137 146 152 150 148 145 141 128 112 116 133 142 149 148 143 136 122 126 141 145 152 154 142 137 143 147 146 129 127 139 144 144 132 116 126 140 145 144 143 149 153 155 150 138 135 137 147 149 150 150 139 143 156 160 158 158 164 165 166 169 166 169 165 164 160 167 170 169 170 166 166 170 168 163 158 157 155 159
137 131 131 131 117 121 120 111 118 131 142 150 145 153 160 152 149 152 142 135 140 148 151 145 140 140 142 143 147 141 131 133 128 126 138 148 148 146 144 138 140 139 140 132 126 129 125 131 138 133 139 147 147 137 132 143 156 159 158 146 137 139 155 154 147 141 138 136 148 156 158 162 164 164 168 171 169 171 170 166 159 163 171 172 171 170 170 171 168 162 161 161 156 155
144 129 124 122 112 114 113 88 76 93 116 130 127 134 141 148 153 154 139 131 138 141 145 145 149 153 149 146 150 150 134 136 141 139 145 152 150 150 154 152 149 143 144 145 145 140 131 134 139 143 147 146 151 143 136 140 153 155 150 143 140 146 161 159 152 141 135 133 140 154 158 160 161 161 166 169 168 168 169 170 167 165 165 167 168 171 171 170 166 160 161 161 158 159
151 142 136 130 123 128 127 101 71 78 93 105 113 122 134 147 151 149 141 143 149 141 143 139 141 151 150 144 148 158 143 139 146 146 152 158 160 161 160 154 151 140 143 150 150 144 141 143 145 148 152 149 151 149 145 145 138 138 138 140 145 148 158 156 147 141 135 135 138 147 154 155 154 154 160 167 164 163 162 165 168 169 167 165 167 171 172 166 164 164 163 165 165 164
146 148 150 149 143 142 141 134 119 118 118 122 130 140 144 146 150 149 152 154 144 139 144 140 141 150 149 154 152 155 143 136 141 147 152 161 162 154 154 153 149 140 140 146 148 146 144 148 149 151 153 151 143 142 145 145 130 121 124 136 142 139 148 153 143 139 140 142 143 149 154 155 153 159 159 162 164 166 165 163 167 171 167 166 172 173 169 165 161 163 166 165 167 166
152 153 155 160 156 154 149 146 153 152 144 141 142 151 148 148 152 149 154 155 139 146 154 147 148 152 153 158 151 145 139 143 143 141 142 148 155 152 145 153 147 145 143 142 146 147 142 143 146 148 149 149 141 141 149 150 131 119 117 123 131 134 141 144 141 138 142 143 146 154 160 162 161 167 169 167 170 174 173 170 169 172 171 166 171 174 164 162 162 160 167 169 164 161
166 166 158 156 159 163 160 156 160 159 156 161 159 154 143 149 154 146 144 147 147 155 158 153 150 152 156 149 145 142 142 149 150 141 136 136 138 146 142 150 149 142 139 137 141 136 130 136 145 144 141 144 144 141 148 150 134 126 120 112 114 128 148 150 142 139 140 144 149 157 163 165 170 171 177 173 169 171 172 170 167 168 170 171 168 174 170 165 168 162 162 168 167 160
164 166 164 162 159 161 171 172 170 167 168 173 168 163 148 149 156 149 146 143 155 161 160 154 157 158 155 142 142 142 149 150 149 145 140 138 135 139 144 150 152 146 142 136 138 133 126 131 140 141 131 134 139 140 144 144 136 132 131 113 110 120 145 155 148 148 152 158 162 165 166 165 168 168 171 172 173 171 171 168 172 172 169 172 172 168 169 167 169 169 163 161 160 158
157 158 165 167 166 166 171 172 173 173 180 180 169 173 165 159 161 156 152 142 148 156 153 151 156 155 151 142 141 139 142 146 149 148 142 143 142 137 137 137 144 144 135 130 129 134 136 134 139 136 132 136 137 140 144 146 145 147 143 120 109 118 137 146 149 155 165 171 170 170 171 171 168 166 168 171 173 171 171 169 173 177 172 170 173 171 169 164 166 173 167 164 159 158
158 157 165 173 174 176 176 178 177 179 181 174 173 179 175 168 166 162 158 151 151 152 149 152 151 146 146 146 148 145 141 144 147 140 133 138 141 136 136 137 140 140 135 125 122 132 141 135 139 132 130 136 138 143 151 156 159 157 140 115 103 117 135 145 154 163 171 177 172 168 170 173 169 165 168 171 175 170 169 167 167 172 170 164 168 172 169 164 168 173 167 161 160 159
157 166 170 175 176 175 180 180 180 185 176 167 175 178 176 172 171 171 170 164 161 156 154 160 159 152 156 161 158 154 146 139 137 134 134 136 135 127 133 141 145 147 143 129 117 131 143 138 143 140 136 140 142 139 148 159 167 157 139 116 106 115 131 148 161 167 171 176 174 173 170 173 169 168 172 172 175 172 172 171 167 166 167 165 167 172 174 172 169 170 163 161 164 157
155 170 171 177 177 177 180 175 180 185 178 169 179 179 179 174 173 174 179 174 171 166 158 156 160 160 162 163 165 160 147 134 123 125 139 140 131 124 133 143 149 159 161 140 123 131 143 144 146 145 148 146 142 134 140 157 167 160 145 126 119 118 125 149 163 167 170 172 172 174 175 178 174 171 171 175 176 174 174 171 168 163 164 163 167 169 167 171 161 158 159 157 159 153
156 169 170 177 176 179 180 180 177 177 181 176 181 180 182 177 172 170 174 177 168 163 159 152 156 157 155 155 158 163 151 134 121 126 146 143 137 136 138 143 153 165 165 142 127 127 136 132 138 142 151 156 149 138 140 159 165 158 145 126 123 123 127 146 163 168 171 172 173 170 170 172 177 174 169 174 175 172 173 174 171 164 163 164 164 169 160 160 158 153 154 154 151 150
168 170 169 174 175 179 179 182 175 169 179 181 180 180 185 181 176 173 171 172 163 164 162 155 151 154 152 155 158 160 151 136 132 134 145 142 146 141 131 137 149 161 160 141 131 129 130 129 134 141 152 157 149 140 146 161 165 162 152 129 118 123 133 151 160 166 176 177 176 176 170 168 172 173 170 173 176 174 170 172 171 165 163 166 163 169 164 157 160 160 159 156 155 149
171 168 171 177 177 179 179 182 176 171 178 184 180 180 181 178 172 173 176 174 168 168 165 154 147 155 155 155 160 163 153 141 143 141 139 136 142 139 129 134 145 148 148 142 143 143 130 132 136 142 151 151 145 140 151 167 169 168 159 135 125 131 141 157 165 163 171 179 177 176 174 170 172 172 172 170 172 174 172 169 162 162 160 163 159 163 168 163 163 164 162 160 159 155
169 172 176 175 172 173 176 179 173 175 181 182 178 177 177 175 170 173 174 177 170 167 167 155 155 161 158 158 157 160 153 145 150 148 146 138 137 137 137 136 137 134 139 148 150 153 136 134 137 145 149 148 142 143 151 167 171 169 152 133 129 136 151 161 165 165 169 172 174 175 176 172 173 172 176 175 172 171 170 168 161 161 160 159 158 159 165 166 164 162 160 160 160 155
171 171 173 176 172 171 179 181 174 177 181 178 174 181 178 173 172 176 176 176 168 166 165 160 163 169 165 164 161 159 152 148 157 162 159 146 142 140 137 134 135 134 143 154 153 154 141 133 134 145 144 146 145 146 149 158 162 160 147 137 138 140 155 167 169 166 171 167 165 173 174 171 169 171 174 173 169 168 164 162 159 161 163 160 160 161 162 162 163 165 161 156 157 151
175 177 172 174 177 174 181 185 181 179 177 174 175 181 181 178 175 176 176 175 168 166 161 159 162 167 159 163 167 160 152 146 157 166 159 152 143 139 133 124 131 141 155 157 147 149 141 137 136 144 148 146 146 145 146 153 156 147 147 145 150 147 153 167 171 168 171 170 164 172 175 175 169 170 174 177 170 163 158 161 160 159 160 162 163 166 163 158 160 164 164 158 154 153
174 180 174 171 180 176 176 181 179 177 179 181 179 181 176 173 173 176 170 169 168 165 152 148 151 157 150 153 164 157 150 146 154 160 154 153 150 140 127 108 118 142 158 161 145 143 140 140 139 144 151 153 149 148 147 154 157 146 145 144 151 145 150 161 168 170 170 173 167 171 171 170 171 174 173 171 165 160 158 159 160 156 157 156 159 164 161 152 153 163 164 162 153 151
178 182 176 173 180 181 180 177 176 177 181 182 179 182 175 173 173 172 170 168 165 164 152 146 144 149 148 148 164 158 151 146 154 158 154 155 154 141 121 90 97 131 152 157 142 140 137 142 141 146 155 157 151 152 156 161 162 156 151 145 142 140 147 153 160 168 169 170 167 170 172 165 160 165 168 160 151 149 156 156 160 154 153 156 156 158 156 147 149 162 164 159 155 152
179 176 176 177 178 180 186 177 171 175 180 179 182 185 181 179 176 172 169 171 169 164 157 156 151 149 154 155 166 161 155 153 154 158 152 153 157 145 126 88 86 121 146 155 142 138 140 144 142 145 155 154 148 150 158 167 171 165 157 149 143 137 140 148 159 165 165 164 168 164 163 161 154 148 152 153 152 147 152 156 154 153 151 158 157 156 154 150 153 153 151 147 154 153
174 173 177 180 178 174 182 181 175 175 178 179 182 181 183 180 176 174 168 172 173 165 160 159 156 156 161 162 166 160 156 157 157 154 144 149 153 149 137 101 88 108 138 151 148 143 146 145 145 146 149 146 148 154 162 165 171 166 157 147 140 135 134 138 148 162 171 168 165 155 148 148 149 146 142 148 151 151 152 156 153 149 152 161 160 154 152 149 150 137 138 144 255 255
176 177 179 177 178 175 179 183 180 178 180 182 181 181 179 174 172 172 169 168 166 164 162 156 155 159 164 167 166 164 160 159 158 155 145 150 149 148 147 121 99 101 127 141 143 148 151 146 145 146 144 141 150 158 164 163 162 163 158 152 142 135 133 138 145 153 169 171 159 142 143 146 152 146 140 144 148 148 150 155 156 150 148 156 160 156 151 135 130 129 145 255 255 255
177 179 183 176 172 176 182 185 177 174 177 176 179 184 179 178 173 169 168 166 164 161 164 158 154 160 163 167 167 173 167 161 158 157 154 156 146 148 150 141 117 109 129 138 137 147 154 149 144 150 146 142 154 161 168 169 163 163 164 158 149 139 136 137 148 154 153 155 152 135 138 148 145 132 131 132 137 145 150 154 155 147 145 150 156 154 145 128 126 137 255 255 255 255
170 171 176 178 176 176 180 183 176 176 181 175 176 181 175 174 169 162 160 158 163 161 163 158 154 158 161 164 164 174 167 162 161 163 163 164 153 154 156 149 130 115 135 146 143 148 152 147 145 146 145 144 155 159 164 169 167 166 163 157 150 141 140 141 145 151 138 131 130 128 131 141 139 128 130 138 137 143 152 148 148 144 139 144 150 152 146 134 255 255 255 255 255 255
171 169 167 172 169 173 179 179 175 176 178 169 170 180 176 171 168 166 164 160 168 172 164 155 155 156 159 162 164 172 168 169 171 169 169 171 171 169 170 161 142 119 133 151 153 152 150 148 149 145 140 143 154 159 161 165 164 165 159 148 143 135 137 142 145 147 134 112 103 113 127 136 141 140 142 154 151 146 151 145 144 144 143 146 148 150 147 255 255 255 255 255 255 255
175 172 170 169 169 174 175 174 177 179 175 171 168 176 174 170 170 173 170 169 168 170 165 155 158 161 164 170 169 174 170 173 180 171 169 170 177 172 170 167 152 133 132 142 148 148 148 150 152 148 137 137 150 159 160 162 157 159 157 146 137 131 137 144 150 152 140 110 93 110 139 150 152 153 156 165 161 148 145 147 148 148 150 150 150 255 255 255 255 255 255 255 255 255
176 175 173 169 171 170 172 176 175 173 171 172 172 175 172 171 172 174 169 171 169 168 167 161 160 164 167 173 172 175 174 173 178 169 166 172 179 173 162 160 152 139 133 132 136 136 142 149 150 140 131 137 146 155 155 154 150 154 152 149 138 133 140 147 154 156 146 118 100 118 153 165 168 163 157 165 162 147 139 148 149 150 150 255 255 255 255 255 255 255 255 255 255 255
174 174 173 172 172 169 171 179 173 170 169 172 177 177 169 173 178 173 170 168 170 171 168 167 165 165 166 169 172 174 173 172 176 171 168 173 177 177 165 157 151 137 134 132 130 131 141 148 145 133 126 134 140 152 150 149 145 150 153 151 142 133 137 148 158 158 146 126 114 127 157 169 169 167 159 160 154 149 141 147 150 147 255 255 255 255 255 255 255 255 255 255 255 255
172 172 172 170 168 170 171 175 172 171 170 169 177 181 173 172 176 171 173 168 169 171 169 168 166 168 168 167 174 178 174 177 173 164 169 172 172 176 173 166 157 145 141 137 136 135 147 155 144 134 123 131 136 151 154 152 142 140 145 149 144 126 127 144 156 149 141 129 125 139 155 165 169 169 162 159 151 153 151 148 255 255 255 255 255 255 255 255 255 255 255 255 255 255
171 170 170 167 164 173 175 172 171 174 174 170 175 181 175 171 170 169 174 171 168 168 170 171 168 169 171 168 169 176 176 179 170 157 160 168 169 170 174 170 160 149 148 140 135 138 150 164 154 145 129 123 130 146 153 151 138 133 139 142 137 123 125 133 141 136 133 129 125 137 154 158 160 161 157 154 153 152 255 255 255 255 255 255 255 255 255 255 255 255 255 255 255 255
163 161 166 166 163 172 174 177 175 174 176 168 176 177 175 177 171 169 174 172 167 166 173 173 168 169 171 173 170 171 173 179 170 154 154 164 168 165 173 171 159 152 150 140 131 135 150 159 155 152 139 125 128 139 142 143 138 137 144 150 144 131 131 130 124 121 126 124 117 127 151 156 148 151 154 150 147 255 255 255 255 255 255 255 255 255 255 255 255 255 255 255 255 255
156 152 160 171 168 172 171 173 173 174 177 169 175 173 172 177 171 167 170 171 166 168 170 164 163 166 171 174 168 169 171 178 173 163 160 161 165 164 167 164 151 149 149 140 132 132 142 147 146 147 142 135 137 141 134 136 139 148 157 161 155 147 141 135 124 117 124 118 111 122 145 156 151 146 150 255 255 255 255 255 255 255 255 255 255 255 255 255 255 255 255 255 255 255
159 157 166 175 167 172 170 172 174 174 176 170 175 173 175 176 167 167 169 170 167 172 169 162 158 160 169 171 169 170 168 174 175 171 168 162 161 168 166 157 145 137 141 138 135 136 139 134 134 137 140 141 140 146 135 130 137 149 159 163 157 152 144 132 122 122 125 121 120 130 145 152 154 255 255 255 255 255 255 255 255 255 255 255 255 255 255 255 255 255 255 255 255 255
167 168 177 176 169 172 170 175 179 177 177 170 174 174 176 173 169 171 172 168 166 172 169 163 162 160 166 169 170 173 172 171 171 174 170 162 160 166 163 146 140 131 132 142 144 146 150 147 141 138 141 146 143 142 133 127 135 145 154 155 152 150 140 129 124 133 136 136 141 142 149 255 255 255 255 255 255 255 255 255 255 255 255 255 255 255 255 255 255 255 255 255 255 255
171 171 179 178 175 175 171 173 176 177 176 167 172 174 174 170 170 170 170 164 165 169 166 160 167 163 167 168 170 177 177 174 167 168 171 169 167 156 144 129 126 126 126 148 155 156 160 161 152 148 146 149 149 145 137 129 133 141 146 145 144 143 138 134 135 141 145 147 149 255 255 255 255 255 255 255 255 255 255 255 255 255 255 255 255 255 255 255 255 255 255 255 255 255
