example/E5 - XRays/X-ray-tomography/rastert_juap07.txt
ncols         356
nrows         356
xllcorner     -0.5
yllcorner     -355.5
cellsize      1
NODATA_value  -9999
[rows 210 to 251 of 356, columns 94 to 187 of 356]
142 145 145 131 133 136 137 153 131 102 98 131 146 150 160 153 145 150 154 155 154 149 153 156 155 151 145 147 141 149 148 154 161 160 155 155 170 161 149 135 136 119 102 121 144 159 166 164 158 163 167 157 152 158 152 147 148 143 148 145 139 147 160 160 160 165 165 170 170 174 175 170 170 166 167 170 167 156 167 166 164 164 168 165 158 164 170 169 171 175 170 174 172 168
146 132 120 115 124 128 129 138 131 131 135 145 138 139 147 154 145 147 157 159 150 138 138 147 159 150 148 158 148 151 144 147 162 164 161 158 166 171 163 143 136 118 120 144 158 157 163 168 159 159 161 146 142 158 160 162 150 147 147 140 137 141 160 167 168 166 166 164 165 169 183 176 175 176 166 161 163 162 165 167 175 177 164 158 153 150 163 175 171 166 172 185 176 172
131 98 98 118 127 126 127 140 140 143 144 144 135 139 142 154 151 144 141 144 146 144 144 147 156 164 151 140 142 153 150 153 157 157 165 159 153 163 161 152 145 129 146 156 167 166 160 163 160 159 151 145 148 157 156 156 150 163 165 155 146 147 165 164 162 161 171 178 171 168 178 174 173 167 169 164 159 168 165 168 175 180 176 165 153 157 166 170 160 165 180 179 174 173
112 78 95 128 140 137 134 142 144 149 151 151 144 147 141 151 155 140 133 138 144 148 142 147 154 160 147 131 146 155 153 152 147 148 163 159 152 157 163 164 150 135 154 152 169 169 160 158 146 142 139 149 153 155 155 143 151 158 151 155 160 161 166 163 163 174 177 165 163 173 174 161 168 171 164 168 173 182 172 167 170 173 180 173 164 167 168 169 169 180 179 163 162 170
130 119 139 162 167 155 150 144 146 154 156 153 145 146 157 157 155 149 140 144 149 151 144 147 150 140 131 137 146 136 142 155 149 141 159 165 161 158 154 150 146 144 159 156 164 164 158 164 154 146 148 154 153 154 149 139 149 151 145 150 161 172 170 163 151 164 175 167 161 164 173 169 166 173 164 170 173 169 168 165 163 167 177 169 169 171 170 171 176 177 166 157 165 175
151 150 157 160 162 164 169 164 152 146 149 150 146 151 164 155 152 148 136 138 144 149 139 147 154 141 135 144 149 142 151 155 148 145 149 154 149 156 155 157 151 146 159 161 168 175 161 156 157 146 149 159 155 157 153 151 141 145 160 158 149 162 171 167 167 167 166 168 170 168 177 175 162 169 168 172 170 166 170 171 167 169 183 180 171 166 167 172 173 165 167 165 169 182
158 151 155 158 162 162 163 157 144 146 157 146 140 144 153 148 149 139 132 148 146 138 133 145 151 150 146 155 157 153 154 143 144 155 152 152 144 156 145 151 145 136 155 153 160 166 154 149 154 143 152 166 158 159 154 164 152 149 164 163 159 169 165 162 178 174 162 164 180 183 169 169 164 173 176 176 182 177 175 182 176 175 178 176 169 177 181 175 178 175 175 175 174 172
166 160 161 167 166 151 149 154 140 145 158 149 149 144 139 135 143 140 139 162 157 137 123 130 139 144 152 161 159 161 159 150 155 150 138 150 152 160 139 134 123 111 139 155 155 156 151 148 161 151 149 158 149 155 155 163 162 162 163 160 170 177 167 172 171 169 174 171 172 173 170 172 169 164 169 169 180 176 177 181 174 173 175 169 169 179 182 176 175 177 166 172 174 165
160 162 158 159 167 150 155 160 149 153 154 141 135 130 128 117 123 141 144 144 141 145 135 136 153 153 158 168 169 166 167 166 156 150 140 133 135 149 142 133 118 105 143 150 137 150 156 156 161 161 149 150 150 155 158 154 157 162 161 159 176 176 168 172 166 163 170 172 177 174 175 171 166 155 161 176 183 174 171 184 179 175 173 170 172 173 171 176 168 176 176 184 181 174
161 170 162 153 166 155 154 149 154 152 144 121 84 83 118 124 131 149 154 153 152 157 155 146 153 159 164 171 168 167 168 169 152 145 144 136 132 139 148 147 127 120 145 140 136 154 150 154 156 161 158 148 151 150 153 152 159 172 170 161 176 180 173 180 177 169 168 169 174 178 172 168 170 175 169 179 180 172 178 186 172 170 172 184 181 174 176 180 176 174 171 182 180 175
167 173 168 165 164 155 157 151 149 138 134 105 62 84 135 153 149 145 149 157 165 165 163 144 149 167 162 155 158 175 172 158 144 135 132 137 140 145 146 146 149 148 146 139 133 143 143 147 150 158 160 147 147 150 150 152 170 174 174 185 184 180 174 183 179 169 170 172 177 183 173 162 162 174 170 172 167 166 167 167 178 184 178 185 176 164 170 170 171 175 172 169 179 183
167 166 160 165 162 158 158 147 145 139 129 100 74 115 155 160 158 159 158 160 166 167 167 154 153 153 150 160 166 176 165 155 149 145 147 137 133 137 139 138 146 146 144 137 129 130 139 146 150 153 156 155 161 161 141 150 172 169 176 192 180 175 180 184 187 175 168 171 179 182 180 175 175 177 174 173 167 163 162 163 176 180 169 172 180 176 170 175 171 174 179 168 173 176
167 162 159 172 168 157 147 140 146 140 132 111 95 127 156 159 161 166 167 174 176 176 173 156 146 142 150 169 168 164 157 153 151 149 153 147 149 147 143 135 134 137 134 133 137 144 154 155 159 153 154 157 166 169 160 172 163 162 176 176 169 170 183 178 180 171 171 181 177 171 175 186 190 181 171 171 167 169 167 168 171 179 182 175 175 172 168 179 171 164 179 179 170 174
168 170 164 168 158 152 138 126 141 140 137 119 123 145 152 158 166 164 161 163 161 168 172 160 145 135 136 146 154 156 157 150 150 143 150 157 153 145 152 147 137 127 116 116 129 143 154 153 153 156 158 162 171 180 172 170 165 165 169 161 160 169 176 172 172 170 172 181 176 172 188 192 187 177 166 169 170 166 175 175 168 182 184 175 176 176 179 185 171 162 175 181 174 187
168 165 157 161 155 152 141 128 133 128 129 122 129 134 140 158 170 162 158 166 170 166 169 168 162 153 132 123 134 139 141 145 148 140 159 166 150 141 152 152 142 134 130 130 132 128 141 152 146 153 166 175 175 173 163 166 173 165 161 159 160 168 163 166 175 183 176 173 171 174 190 185 180 170 154 161 171 172 185 180 170 184 181 170 175 182 186 183 166 165 175 170 168 179
168 165 163 162 151 154 143 121 119 122 130 129 125 125 149 163 162 158 153 165 182 171 163 167 157 151 132 95 75 81 115 145 155 155 162 154 158 158 151 153 147 148 153 153 148 134 134 144 148 156 162 165 162 158 167 177 167 157 159 167 168 167 160 171 177 181 171 172 179 173 173 169 171 168 154 162 159 174 183 177 174 177 172 172 182 175 173 169 166 174 176 163 165 174
166 168 158 159 150 142 109 81 99 118 117 110 114 136 154 157 163 166 159 165 176 167 162 173 164 158 142 89 43 39 99 151 161 156 148 144 155 160 153 152 149 155 152 148 160 158 135 131 147 150 161 170 170 168 172 175 163 157 156 168 171 163 162 174 164 169 164 161 163 159 163 165 158 164 161 168 159 166 175 176 183 185 169 175 178 173 178 176 175 171 171 172 174 169
159 167 162 159 150 132 84 63 106 126 128 116 118 139 151 160 173 169 169 168 169 167 166 175 170 161 147 99 46 40 101 137 138 136 144 154 154 155 155 149 153 158 153 151 165 163 147 138 149 150 164 180 173 176 181 179 167 168 166 173 170 158 168 181 166 171 166 151 152 154 159 162 155 159 150 164 165 162 168 173 183 183 172 175 169 171 168 175 179 175 180 180 181 164
155 162 162 162 151 118 69 69 124 141 139 125 134 154 161 168 167 157 165 166 169 171 175 175 165 159 154 119 72 73 121 148 145 140 145 157 151 148 158 160 166 166 165 158 158 157 151 151 159 162 169 185 173 171 178 176 170 177 171 166 174 172 175 171 159 166 159 163 170 161 157 158 156 154 141 155 163 167 178 182 177 174 177 170 169 175 172 173 167 174 181 168 171 164
150 151 155 161 149 105 60 73 124 138 144 136 144 160 165 169 172 172 173 173 171 161 173 173 171 169 162 141 115 129 149 157 154 157 159 165 156 154 164 167 174 170 167 162 158 159 157 152 162 168 166 175 174 170 178 179 182 183 168 171 184 181 178 166 167 177 162 173 170 159 169 171 161 153 153 161 166 166 167 171 177 166 177 175 168 166 174 166 160 173 175 172 177 169
151 146 153 155 145 97 65 86 118 134 144 143 149 159 164 163 172 170 166 173 176 171 179 177 174 167 159 154 147 160 162 167 158 154 158 163 165 164 164 164 169 161 163 161 162 167 167 169 173 163 163 171 169 172 183 180 171 166 181 186 178 177 180 174 177 173 152 151 162 156 164 167 160 154 162 164 156 161 165 174 177 165 166 170 172 164 171 173 174 167 166 173 177 171
158 154 157 156 130 88 79 98 111 126 130 137 148 166 170 166 167 158 164 173 176 173 166 159 161 160 160 160 164 167 165 159 150 151 153 164 173 170 167 168 171 165 160 163 174 177 171 167 170 162 168 177 179 175 174 178 168 165 187 182 175 182 178 177 180 161 144 134 150 164 159 155 160 157 158 165 166 178 176 175 174 179 172 161 181 181 169 169 178 178 180 179 169 171
149 151 153 134 96 74 91 116 120 121 127 141 148 160 168 169 166 168 173 169 175 166 158 156 155 153 159 148 154 154 153 152 154 156 151 159 168 171 172 164 154 165 165 174 177 164 156 158 169 166 173 182 175 167 168 177 178 178 172 174 175 182 176 173 177 167 159 147 150 165 163 157 162 165 165 169 168 171 167 169 171 175 176 164 178 178 173 171 177 184 173 176 176 173
142 133 121 99 89 94 111 135 145 133 129 145 145 141 151 165 164 169 171 166 168 159 162 173 165 143 145 137 135 135 142 161 167 163 163 164 162 165 173 161 150 165 172 166 157 156 158 155 167 176 181 181 176 176 171 169 172 171 166 178 170 175 177 177 177 172 167 159 164 162 162 157 160 166 165 154 154 170 174 175 172 180 177 175 177 169 174 172 178 187 175 178 189 182
133 111 96 92 109 114 121 139 142 125 126 137 138 137 147 166 161 157 159 164 165 168 174 181 158 132 137 139 123 123 138 150 149 146 158 149 151 162 169 163 158 164 172 161 151 158 153 144 160 179 170 173 187 182 162 166 176 170 172 185 177 174 181 186 175 173 167 178 180 167 164 159 161 160 161 160 168 170 166 168 164 175 169 170 180 180 174 173 177 183 177 182 188 173
123 99 90 98 117 117 126 137 123 117 135 137 142 151 153 158 155 157 160 169 165 173 172 170 153 143 147 148 131 133 139 140 139 142 155 145 151 168 170 170 166 161 163 168 161 158 156 156 160 177 178 178 170 164 160 174 173 164 167 179 173 164 172 176 167 168 176 184 175 171 172 165 171 170 170 173 179 176 172 176 177 172 176 174 170 166 167 180 174 163 160 177 179 165
127 104 91 100 119 124 128 132 119 119 136 139 144 151 138 142 156 153 156 165 162 162 160 161 155 156 154 141 129 136 134 134 136 142 157 148 145 152 150 165 169 162 167 173 166 155 152 150 147 174 182 180 168 167 175 183 171 167 166 168 171 170 167 175 173 170 175 164 170 172 173 167 178 178 175 178 175 173 173 174 185 169 177 179 165 158 171 188 186 170 164 176 172 166
132 108 88 100 120 125 128 138 128 122 124 135 146 147 135 136 148 140 155 164 162 152 149 156 161 162 144 140 150 142 136 144 147 149 160 155 152 153 148 155 164 169 173 169 168 158 149 139 148 178 171 174 174 165 166 173 154 151 166 169 171 177 173 171 174 173 165 162 175 174 178 177 186 180 179 175 169 166 168 164 181 177 169 178 183 177 176 173 177 176 173 174 169 171
131 125 114 118 127 129 124 136 143 132 125 139 152 142 137 131 140 140 156 153 152 154 143 141 149 149 133 139 151 136 130 147 154 157 155 147 154 163 159 158 163 169 171 167 168 153 149 149 162 176 175 173 168 162 156 161 154 144 168 174 166 168 167 163 169 175 181 183 176 175 175 171 178 176 173 175 172 170 176 175 185 185 174 181 184 175 176 176 167 171 166 166 172 180
135 129 123 124 129 138 131 133 130 115 121 133 135 134 138 141 145 145 143 149 149 155 152 151 150 144 134 133 128 112 118 133 137 149 153 145 157 170 162 160 155 153 162 172 173 151 140 150 160 166 171 168 169 167 161 162 157 140 157 166 172 172 175 173 175 180 188 182 175 180 170 167 174 171 176 181 175 180 182 183 182 176 171 174 173 167 171 177 170 175 171 167 174 181
147 133 129 125 129 144 130 123 118 117 129 134 134 146 147 143 142 142 139 156 148 147 153 158 158 154 139 121 94 80 112 132 134 147 154 146 158 173 158 148 142 152 155 158 167 154 154 163 158 159 167 158 169 170 158 158 160 148 143 150 164 158 167 173 174 171 172 173 180 177 168 172 173 167 175 179 172 185 185 178 178 175 175 171 174 174 171 164 164 180 186 171 178 189
146 145 133 128 133 140 126 125 126 131 137 138 137 141 137 138 149 152 149 153 139 140 151 160 162 157 144 123 92 78 120 146 148 147 153 155 158 155 149 154 153 158 151 151 159 155 162 171 165 169 179 171 168 162 165 162 163 156 148 146 150 151 155 167 169 169 172 173 179 170 174 180 179 180 182 177 174 187 187 185 194 188 179 169 163 166 172 169 170 187 188 168 170 179
138 148 142 140 134 122 128 136 129 127 127 135 139 131 134 146 148 151 152 143 132 139 148 148 160 154 144 138 114 102 135 142 147 153 152 159 165 153 152 157 160 158 145 148 150 155 162 166 160 159 166 174 171 157 163 166 166 160 151 152 161 168 165 169 176 181 175 166 161 163 173 182 186 177 173 174 182 188 185 179 179 173 172 172 167 161 167 172 171 178 172 160 172 181
138 147 142 145 142 135 137 137 126 125 128 138 147 141 141 154 145 142 152 137 130 141 141 131 147 151 142 131 118 111 128 139 146 149 147 159 163 155 153 155 161 160 156 161 160 163 167 170 167 162 165 166 170 166 164 161 165 164 156 159 164 164 171 171 170 166 158 154 150 163 175 183 178 173 177 171 175 181 184 175 167 168 174 174 175 173 176 181 175 171 167 171 184 178
134 148 144 144 142 137 127 134 135 131 134 141 149 164 159 154 140 129 142 135 134 126 106 100 121 148 156 148 134 128 129 136 139 146 155 155 152 155 162 166 168 168 159 161 164 162 161 167 173 176 169 164 162 165 169 166 165 167 163 164 170 165 162 167 161 161 165 155 160 171 169 167 160 167 180 176 176 181 175 179 180 174 170 174 174 177 181 180 169 164 167 180 180 167
149 151 140 140 138 136 138 142 143 124 125 149 154 160 150 145 136 123 133 134 120 100 97 110 127 142 160 166 147 143 138 142 147 147 156 157 155 162 163 166 161 167 154 153 167 168 163 161 177 183 172 170 163 170 167 163 170 172 168 166 170 170 163 160 153 158 162 160 164 160 162 168 169 176 178 179 183 179 169 172 168 165 171 183 173 172 178 165 155 160 163 172 164 157
152 149 133 140 147 149 148 146 146 114 107 135 151 145 130 144 151 135 140 144 112 105 129 141 140 132 148 158 150 138 127 144 151 143 150 158 154 163 159 165 163 165 159 163 169 161 156 154 169 171 167 173 174 177 164 151 162 156 157 160 159 172 176 167 162 155 163 165 159 158 159 154 155 168 174 177 178 173 173 170 159 160 166 171 172 180 177 160 156 170 168 165 163 157
147 145 138 152 161 160 144 134 136 124 118 118 128 137 142 156 160 147 149 145 121 128 155 157 149 147 157 161 158 136 115 134 150 145 156 166 164 163 151 155 161 158 161 166 161 165 161 162 166 172 172 173 175 168 160 153 158 157 166 169 162 171 167 166 168 160 171 168 160 157 149 145 155 155 163 165 169 173 172 169 161 165 158 153 165 175 169 157 156 170 175 171 171 162
147 146 143 149 158 155 137 127 127 136 126 113 133 143 146 159 162 150 147 133 129 145 165 161 160 155 154 162 158 134 121 127 152 154 160 169 165 159 149 163 163 163 170 166 160 162 153 158 165 180 189 182 170 162 162 163 157 155 158 158 163 167 156 157 168 167 168 164 158 153 151 148 160 165 158 160 167 171 169 175 167 170 164 167 174 175 171 167 165 166 171 172 177 177
153 148 146 142 139 136 129 141 146 148 122 99 126 145 148 159 162 158 150 133 131 135 149 158 166 159 154 159 153 133 143 146 159 158 160 158 162 171 159 166 169 170 168 163 170 169 164 164 168 176 192 189 175 171 168 152 138 132 131 141 163 171 160 157 168 171 163 162 157 154 156 150 160 176 170 172 182 175 172 173 169 175 172 171 169 171 166 169 169 162 168 170 171 179
160 151 151 149 141 136 136 143 144 154 134 90 112 150 161 161 162 162 157 144 133 119 129 149 146 146 147 149 149 144 152 157 162 164 161 168 176 170 158 159 170 163 163 171 185 175 164 162 172 176 185 182 178 180 173 154 136 120 124 136 154 163 164 165 158 162 161 171 167 161 157 159 164 168 173 170 173 165 172 161 171 176 164 165 166 172 169 170 168 171 176 171 171 176
154 153 157 155 145 144 149 139 126 133 123 101 131 157 168 174 174 157 151 144 136 135 139 147 140 136 129 144 152 158 161 158 155 165 166 172 174 163 153 154 161 158 164 170 168 157 153 157 174 175 182 189 184 175 169 159 128 113 120 132 145 156 161 165 162 162 159 159 167 165 163 161 169 175 178 169 166 163 168 159 168 164 160 165 164 167 171 177 176 177 167 166 176 175
