example/E5 - XRays/X-ray-tomography/rastert_juap22.txt
ncols         356
nrows         356
xllcorner     -0.5
yllcorner     -355.5
cellsize      1
NODATA_value  -9999
[rows 294 to 335 of 356, columns 188 to 281 of 356]
143 149 141 139 132 119 126 141 146 147 152 156 163 155 137 125 145 153 157 167 164 164 170 168 165 171 166 165 167 161 158 159 149 149 154 160 161 165 165 158 161 167 166 167 166 170 171 175 169 164 172 170 170 175 169 161 159 158 152 123 88 62 55 53 77 117 143 145 142 148 152 150 141 127 119 127 140 141 143 149 154 144 134 143 146 135 125 125 144 158 159 159 160 160
144 153 150 151 144 134 125 117 130 144 151 154 165 162 149 135 150 150 150 166 162 159 160 162 167 163 161 162 171 161 153 157 153 152 154 160 163 162 155 157 168 169 169 165 163 170 170 172 175 170 170 167 167 167 164 162 164 156 139 98 58 51 77 100 118 140 145 144 144 150 157 149 133 114 108 117 137 145 149 152 152 144 133 136 133 123 116 117 135 147 157 161 158 157
141 150 154 155 147 146 127 116 136 152 154 151 160 163 159 152 156 151 152 160 157 157 153 155 160 155 156 155 162 159 150 153 139 134 140 144 157 161 151 155 164 163 164 161 161 170 167 164 170 168 165 163 165 165 160 155 158 148 123 91 66 82 122 137 141 151 152 145 149 154 159 152 135 124 124 130 144 147 147 150 145 137 133 136 131 125 122 123 136 142 150 157 156 152
140 150 154 157 152 145 139 130 138 149 148 148 157 157 156 152 154 153 156 153 154 155 152 153 151 147 148 142 146 150 149 154 128 121 130 138 149 154 149 150 150 153 164 164 159 162 153 152 156 152 152 156 160 156 150 145 145 139 117 88 79 109 135 136 137 149 158 158 157 158 160 159 145 146 148 149 152 155 147 140 133 130 134 143 140 135 134 134 138 138 143 153 153 151
128 143 154 158 153 148 149 143 139 146 148 154 162 159 151 146 155 160 163 155 150 145 141 139 142 143 135 123 125 131 143 154 140 131 129 138 141 141 140 139 140 149 158 158 151 151 145 146 140 134 140 146 149 150 145 139 140 137 122 93 90 119 134 134 136 152 158 166 165 162 157 158 152 155 153 152 150 146 131 114 111 115 129 136 137 132 136 136 132 127 132 144 151 151
126 135 143 144 140 145 150 152 145 147 154 162 166 157 144 137 148 159 161 150 144 139 128 124 134 140 134 121 117 120 130 136 141 147 142 142 139 140 138 137 138 143 145 145 143 140 140 139 129 123 132 131 132 141 147 142 142 137 121 96 97 114 128 132 133 144 149 156 164 162 154 150 151 152 151 148 146 135 116 94 98 113 126 124 127 129 133 136 129 116 115 128 142 150
133 140 144 135 134 143 148 146 145 148 154 162 167 156 139 133 143 160 157 145 143 143 131 130 140 142 139 141 140 137 136 136 143 150 148 150 146 152 150 141 138 140 136 131 132 128 133 134 133 131 139 130 127 140 147 144 144 143 130 114 118 125 138 139 129 126 135 148 158 158 154 149 149 149 151 155 152 142 131 118 112 121 130 126 127 138 137 131 123 117 116 129 143 151
128 133 150 138 130 132 144 145 144 146 150 147 154 155 147 151 159 163 160 152 148 148 144 141 143 141 142 149 154 150 146 148 150 152 153 155 148 155 158 145 133 135 126 126 130 124 134 139 136 137 140 138 139 146 150 147 138 142 144 137 142 149 154 152 134 124 136 155 158 156 149 150 149 146 148 156 160 151 144 140 130 124 132 128 126 135 137 130 121 122 123 127 139 150
131 132 148 139 131 129 146 144 134 142 140 124 140 156 152 161 168 163 161 158 150 148 148 143 143 143 148 153 156 151 144 153 156 156 159 156 150 153 158 147 138 134 127 137 136 126 139 145 136 136 139 142 149 148 152 151 131 131 139 143 150 156 156 153 136 129 146 160 159 152 140 134 139 142 153 154 159 156 151 150 140 124 122 123 123 124 132 136 126 118 124 126 131 144
140 141 142 139 137 136 149 144 133 142 129 106 131 153 146 151 165 172 167 160 151 142 139 139 145 145 149 157 154 147 145 145 147 149 160 159 155 157 161 154 150 145 140 148 137 127 141 144 141 138 141 145 148 148 148 149 130 127 136 148 156 158 152 150 137 132 151 160 162 154 137 120 126 144 155 154 153 158 157 158 146 124 107 110 119 126 136 141 136 123 118 124 132 141
145 148 142 143 141 141 150 151 138 138 123 116 131 143 140 143 159 170 168 157 151 148 146 141 142 147 151 154 148 139 143 143 147 147 161 164 154 158 163 161 161 158 157 155 145 139 142 137 141 140 135 141 142 144 143 146 138 131 133 143 148 148 144 145 140 134 149 161 158 151 131 120 124 150 159 155 156 162 160 163 147 128 113 113 126 136 141 141 136 128 119 121 131 135
152 151 141 147 142 145 151 151 143 143 134 136 142 143 143 139 146 157 159 146 144 156 160 152 145 146 150 151 143 136 139 149 150 151 162 169 157 156 162 160 167 166 163 154 152 152 142 136 144 145 141 140 140 140 143 139 136 132 131 135 136 132 135 143 148 143 138 142 138 133 126 135 142 158 166 158 160 167 163 168 155 140 133 135 141 146 143 142 142 135 126 124 132 130
155 149 138 145 146 147 150 148 152 152 153 155 155 153 153 148 143 153 154 140 142 153 159 155 147 149 151 151 144 142 146 154 150 152 155 158 156 158 161 157 158 160 158 148 144 151 139 135 142 141 140 139 139 134 138 140 136 131 131 134 130 125 136 148 154 149 133 122 119 121 132 153 162 162 166 162 165 172 175 178 172 160 153 154 154 153 150 147 150 148 138 134 139 141
157 149 139 143 145 145 148 149 153 155 163 167 165 161 164 161 154 159 148 136 139 146 153 156 150 149 148 144 143 142 146 153 152 150 146 144 145 149 150 154 153 157 152 140 134 143 143 139 138 132 131 128 130 131 134 134 134 137 136 137 135 134 145 152 152 153 141 131 134 138 151 161 168 167 167 164 171 179 187 194 191 177 166 164 160 154 151 149 146 144 143 138 142 148
154 150 147 148 144 148 155 161 159 163 171 170 172 167 167 169 167 164 154 150 149 144 143 151 156 149 141 137 137 138 142 151 153 147 143 142 142 142 145 149 144 154 147 138 131 137 145 142 140 137 134 131 131 136 141 135 134 144 142 132 131 136 144 148 143 151 154 147 152 156 166 165 164 164 165 165 169 177 183 190 192 181 166 159 163 156 147 145 149 145 140 137 143 150
160 157 153 151 143 150 163 169 166 171 181 177 176 171 172 179 171 164 166 167 163 154 147 151 153 150 138 133 133 139 144 147 146 142 139 143 146 139 141 145 137 147 149 142 138 136 139 141 142 140 142 144 140 143 146 138 138 147 142 131 126 131 143 140 134 146 159 155 156 161 165 168 168 167 164 167 171 171 174 179 178 172 163 157 160 157 147 138 144 151 147 143 148 156
162 163 163 159 155 162 171 172 169 176 180 180 176 170 170 178 171 165 173 171 168 168 155 154 152 148 143 141 137 138 145 146 141 139 142 142 141 136 136 142 141 147 155 152 147 140 134 131 137 138 142 146 143 146 146 146 143 146 138 130 130 136 145 142 139 150 164 164 167 176 172 170 169 167 165 167 171 170 168 172 170 161 155 158 158 157 155 148 148 153 152 151 152 158
160 166 170 167 166 170 170 170 174 180 180 182 175 168 170 176 167 169 179 172 166 172 164 153 150 144 148 151 145 140 137 133 136 135 138 133 134 135 135 138 144 156 163 156 145 140 130 124 133 133 139 143 137 139 143 153 146 140 136 136 132 138 146 146 150 157 166 166 169 175 172 174 173 169 170 172 172 171 168 171 167 163 156 153 156 161 166 162 157 159 161 158 156 158
159 165 171 173 170 171 171 173 175 177 172 173 176 171 170 173 167 176 180 170 165 169 166 155 146 142 147 152 151 141 124 119 131 131 132 126 133 142 137 141 146 156 161 152 136 131 129 129 138 142 144 149 139 136 140 148 148 137 132 140 142 143 150 152 161 165 169 168 168 169 167 169 175 174 171 175 174 170 168 169 166 163 161 153 151 155 165 168 164 161 162 162 163 158
158 162 174 171 167 171 172 175 175 176 170 169 177 173 174 174 167 171 178 173 166 167 166 149 140 146 144 147 152 140 125 126 140 135 123 125 136 145 143 150 145 144 153 145 135 124 123 127 142 155 156 155 141 138 147 151 149 140 135 135 145 149 156 161 167 167 167 170 170 168 167 167 171 177 174 172 172 168 162 164 165 160 159 158 156 152 156 163 165 164 163 160 162 160
162 162 172 170 168 174 177 175 174 175 173 175 177 172 175 175 173 170 171 170 165 168 168 149 142 148 146 151 156 151 149 147 151 142 127 126 134 137 135 140 134 130 140 137 136 130 121 118 131 149 152 149 137 134 143 148 147 142 136 135 142 147 155 164 171 170 167 166 167 166 171 169 166 171 176 171 169 170 163 157 157 160 161 161 158 158 154 156 161 162 163 164 160 160
167 165 169 170 167 171 176 173 172 177 173 174 172 175 172 167 177 176 171 170 168 171 168 155 150 156 155 158 161 157 155 155 145 138 135 132 138 133 123 119 114 120 139 142 139 137 129 118 124 140 143 142 130 129 139 143 146 148 144 140 142 147 152 163 169 171 166 167 168 164 170 171 167 167 169 168 165 167 165 160 159 161 160 166 161 158 159 158 160 164 162 160 158 160
171 175 175 175 173 173 173 171 176 176 172 173 170 180 176 166 176 177 175 171 171 177 168 158 155 160 157 159 159 149 144 151 142 134 135 135 136 131 128 122 117 125 142 146 142 143 138 123 127 140 145 141 125 122 130 139 150 161 162 159 153 155 155 163 167 173 168 164 169 166 169 173 172 172 169 167 163 161 157 158 160 164 163 163 162 158 160 163 162 166 167 163 159 156
174 179 175 173 175 177 173 175 180 176 175 172 178 186 177 168 174 175 173 170 172 175 164 157 157 156 153 158 156 152 146 152 146 139 140 141 141 139 136 130 122 129 139 147 146 145 147 141 137 138 140 134 118 120 124 131 145 162 167 169 163 161 167 170 168 170 172 166 169 166 164 170 170 173 170 167 165 161 153 154 157 158 165 165 167 167 160 161 162 166 169 165 165 160
176 179 179 172 171 171 174 182 179 178 179 175 178 180 181 172 173 174 170 171 173 170 161 152 150 152 151 156 156 157 155 155 146 149 148 147 144 146 143 137 121 122 132 142 145 149 152 155 148 142 141 136 126 129 135 136 147 160 168 167 160 159 165 167 166 163 169 171 173 170 162 167 170 165 158 158 161 158 152 150 153 155 158 164 168 167 160 155 160 166 168 163 162 162
176 182 184 177 174 172 174 183 183 180 181 179 173 172 176 176 179 178 173 172 174 170 164 154 146 146 153 160 151 150 154 151 143 151 149 145 146 148 144 144 130 124 126 135 148 153 160 164 154 146 142 140 141 144 141 142 154 161 165 169 158 149 148 152 160 161 164 167 168 169 164 165 163 157 149 148 148 146 148 153 153 156 156 156 163 165 159 155 157 166 167 166 163 158
176 177 179 175 179 177 174 182 186 185 182 177 175 174 168 173 178 175 172 174 171 170 166 159 153 154 154 160 150 147 152 149 148 152 150 143 147 151 147 146 134 124 123 128 145 154 158 158 151 145 146 147 148 151 141 142 153 159 161 162 154 138 131 137 148 156 159 164 161 159 160 163 159 147 143 143 143 139 144 157 158 156 155 157 161 163 161 163 158 160 164 160 159 156
169 171 171 170 173 177 174 176 186 189 182 175 176 176 169 170 175 168 164 175 172 166 169 161 158 166 154 151 154 153 155 150 151 153 153 150 154 152 151 148 133 119 121 129 140 150 150 147 143 148 154 155 152 151 145 145 156 155 152 155 145 132 125 131 140 149 157 161 164 160 156 155 152 139 143 145 139 137 145 157 158 157 156 156 163 164 160 164 162 155 158 159 255 255
167 168 166 171 174 176 170 171 180 181 180 174 173 176 175 173 176 171 167 174 173 171 171 160 158 162 153 143 155 163 162 159 160 152 152 151 154 152 146 145 125 113 117 133 136 142 141 136 134 146 155 153 147 143 145 146 158 160 152 152 147 137 131 134 141 146 157 159 160 154 144 138 137 136 141 147 135 135 148 155 156 151 155 158 162 162 164 162 159 154 153 255 255 255
173 173 169 175 175 174 175 175 181 177 176 175 174 178 176 178 178 174 174 173 172 175 172 162 156 153 146 138 155 168 166 161 159 155 151 151 151 148 141 140 123 110 118 133 136 138 140 136 134 143 146 144 141 138 147 153 163 166 163 157 147 141 135 132 142 152 155 156 152 143 134 133 133 137 136 139 133 134 154 157 151 144 152 159 165 162 163 166 159 153 255 255 255 255
179 176 176 178 176 171 177 176 176 174 173 169 171 176 169 173 176 175 176 175 171 174 171 162 157 155 149 145 158 170 171 165 155 156 153 156 155 151 145 145 130 111 123 134 137 140 142 145 145 143 137 135 139 141 150 159 166 163 165 163 149 134 133 132 142 159 160 160 148 131 126 133 135 135 137 135 137 138 149 155 146 139 145 159 165 161 156 160 255 255 255 255 255 255
178 172 177 176 176 172 176 172 172 172 171 169 171 171 165 166 169 169 171 172 170 175 175 166 157 161 159 156 166 166 169 167 158 156 150 158 162 157 149 143 126 104 123 139 140 142 139 144 150 148 136 134 143 147 157 165 166 161 160 157 149 132 132 135 146 162 164 157 141 123 124 134 134 130 140 140 140 140 145 154 148 140 141 154 159 156 150 255 255 255 255 255 255 255
179 176 179 173 173 176 174 171 175 173 169 168 171 170 171 165 163 171 171 168 171 172 170 167 157 161 162 161 166 163 164 160 160 166 159 163 167 163 145 127 112 101 127 146 144 146 144 141 148 153 147 139 147 150 160 168 165 156 157 152 145 134 134 142 152 162 165 151 128 112 123 133 131 131 143 148 144 139 140 154 156 149 145 150 153 255 255 255 255 255 255 255 255 255
175 183 181 177 174 173 167 168 174 169 164 167 171 171 176 167 164 175 170 163 169 170 164 167 163 160 162 161 163 164 165 164 161 166 165 167 168 157 135 115 107 107 131 147 145 150 146 137 140 145 149 143 146 153 157 160 157 148 153 155 146 141 139 145 154 157 158 142 116 105 127 140 139 138 142 152 153 149 144 153 157 156 149 255 255 255 255 255 255 255 255 255 255 255
176 180 176 175 165 167 165 160 161 160 159 170 173 172 175 172 168 171 170 170 171 174 171 168 167 163 165 164 164 165 168 167 164 164 166 167 164 154 133 121 118 119 132 144 143 150 149 140 140 140 144 145 144 146 152 152 148 145 147 149 147 141 137 140 156 157 151 132 109 103 128 151 150 149 147 149 154 155 151 152 152 154 255 255 255 255 255 255 255 255 255 255 255 255
177 179 169 165 158 159 163 161 157 160 167 177 177 172 172 177 176 172 171 174 174 174 173 168 165 165 169 162 164 168 168 168 166 163 165 167 162 152 140 132 131 124 128 139 143 152 154 148 145 144 145 145 142 143 150 154 147 147 152 152 147 136 133 138 156 160 145 129 114 112 127 151 158 154 149 145 147 153 155 152 255 255 255 255 255 255 255 255 255 255 255 255 255 255
176 177 164 156 156 162 168 170 165 166 170 175 175 169 166 170 173 172 170 169 171 172 172 168 162 159 170 163 162 168 169 169 164 163 166 165 161 154 146 141 139 133 137 140 143 153 160 162 157 151 147 141 136 136 140 149 146 143 152 156 142 132 126 141 159 163 148 126 113 116 130 142 156 153 149 147 149 150 255 255 255 255 255 255 255 255 255 255 255 255 255 255 255 255
176 175 168 160 158 164 172 172 171 173 173 171 173 170 166 169 170 167 167 168 170 175 174 171 166 162 168 163 166 167 169 168 160 159 163 163 160 157 156 151 145 144 148 145 146 155 163 168 162 155 145 134 130 128 128 134 139 139 147 148 136 132 132 142 157 163 148 119 101 110 127 131 143 153 152 151 149 255 255 255 255 255 255 255 255 255 255 255 255 255 255 255 255 255
176 175 174 169 164 166 168 166 167 168 171 169 173 170 172 175 172 170 170 169 169 174 175 170 169 165 166 166 172 171 165 162 154 158 163 162 161 162 159 148 140 146 153 150 146 153 160 168 164 154 144 134 129 125 127 131 136 136 144 148 145 144 147 146 156 162 146 119 102 116 130 133 139 152 154 255 255 255 255 255 255 255 255 255 255 255 255 255 255 255 255 255 255 255
172 173 176 167 165 168 169 168 168 167 168 170 176 171 172 176 171 170 171 170 170 173 176 166 167 163 162 167 170 172 161 159 150 160 168 161 161 167 158 138 130 140 151 152 145 149 151 162 162 153 140 134 141 136 139 138 136 137 146 152 152 154 163 163 162 156 140 129 122 132 142 137 142 255 255 255 255 255 255 255 255 255 255 255 255 255 255 255 255 255 255 255 255 255
170 177 180 169 165 168 172 171 171 170 169 168 172 170 172 173 170 169 170 170 169 171 174 163 156 159 161 167 167 173 163 159 157 165 169 162 160 162 150 126 121 134 148 148 140 141 147 156 156 141 130 130 147 147 148 148 142 142 148 154 154 155 169 171 157 144 134 136 139 148 155 255 255 255 255 255 255 255 255 255 255 255 255 255 255 255 255 255 255 255 255 255 255 255
168 176 179 172 166 170 175 173 169 169 170 173 172 166 170 172 170 172 172 170 170 169 169 163 153 159 164 168 166 172 170 164 163 168 166 162 158 152 139 121 121 130 140 147 147 144 153 161 153 134 121 127 146 154 150 149 145 146 150 153 152 155 164 166 149 134 129 139 146 255 255 255 255 255 255 255 255 255 255 255 255 255 255 255 255 255 255 255 255 255 255 255 255 255
