example/E5 - XRays/X-ray-tomography/rastert_juap04.txt
ncols         356
nrows         356
xllcorner     -0.5
yllcorner     -355.5
cellsize      1
NODATA_value  -9999
[rows 210 to 251 of 356, columns 94 to 187 of 356]
167 166 142 136 150 153 150 148 145 119 129 148 144 158 171 172 169 163 166 156 158 163 162 161 160 153 147 135 129 127 138 139 146 140 140 149 148 142 141 151 154 150 149 148 156 161 156 162 158 159 161 163 171 160 156 157 134 133 149 152 131 116 125 138 149 159 165 178 167 157 158 150 151 133 92 90 135 137 138 143 153 156 137 122 140 155 152 154 155 170 165 152 129 133
157 149 139 140 144 159 148 137 140 123 142 160 156 169 172 170 163 156 165 164 165 167 161 155 156 151 153 133 118 132 153 150 162 161 142 150 155 151 149 160 161 157 156 144 161 165 162 157 156 164 167 170 164 156 158 152 133 133 138 140 145 153 156 143 160 162 165 167 158 158 175 170 153 128 104 85 123 157 166 174 159 165 144 131 145 154 162 171 172 176 167 155 132 129
156 140 135 136 143 155 150 145 143 146 154 159 161 161 149 159 164 164 168 169 161 166 168 164 167 155 142 128 127 146 158 150 159 162 143 141 146 156 160 164 170 164 162 147 163 161 159 156 158 165 162 154 161 157 151 134 125 138 143 147 142 156 171 142 160 166 162 156 156 162 160 162 155 131 126 118 120 144 162 178 168 170 157 143 140 146 162 161 163 166 169 161 118 113
157 149 146 158 159 162 160 155 157 166 157 155 161 153 150 160 158 159 155 152 154 158 158 171 173 163 144 131 127 125 143 156 154 146 138 130 131 145 151 166 167 153 165 155 159 153 159 172 170 155 156 148 163 157 135 134 140 143 148 160 154 152 171 167 176 174 167 173 169 158 156 167 159 140 146 140 127 145 163 171 162 168 169 147 131 145 160 151 154 158 161 154 120 128
155 144 148 153 161 172 160 155 161 156 153 162 161 159 160 167 170 163 158 157 167 172 159 160 156 160 154 138 125 100 102 121 122 103 107 118 129 148 152 151 146 148 165 164 156 149 160 169 169 156 144 138 154 150 137 145 156 150 152 161 163 159 171 179 173 173 172 167 156 151 164 171 166 161 161 155 163 165 148 148 151 172 165 146 137 150 164 165 159 164 171 170 167 157
159 150 147 147 155 164 160 157 156 152 152 163 163 158 155 156 160 161 164 161 156 155 163 167 150 144 147 133 122 108 102 105 102 85 96 106 119 135 141 135 132 150 151 163 158 141 145 156 169 154 140 145 146 143 139 146 152 168 174 166 170 164 168 184 172 164 182 179 168 171 176 172 168 171 166 162 184 178 157 157 146 154 156 164 163 164 157 162 158 165 171 169 182 166
159 148 149 163 157 161 161 150 142 152 153 162 161 153 155 157 163 158 159 160 153 146 150 161 160 154 148 137 127 125 115 106 99 90 98 104 114 131 134 135 144 161 158 165 162 149 138 139 154 148 152 158 137 139 148 151 148 167 176 161 167 172 174 179 161 155 175 177 176 175 165 160 171 173 172 169 181 186 177 169 161 164 164 167 174 163 150 153 159 156 162 168 173 181
158 149 150 157 157 156 156 153 158 164 156 161 160 159 156 146 154 152 151 151 158 151 142 153 168 162 148 156 148 144 107 79 71 70 83 102 124 146 144 143 154 157 166 167 160 159 150 144 150 142 146 155 141 148 163 164 159 162 171 167 167 172 180 172 154 154 170 170 166 167 167 169 186 172 173 175 177 177 164 165 173 180 169 165 171 173 172 164 174 169 172 172 175 187
177 178 160 152 167 168 169 165 160 160 160 153 147 143 151 152 142 137 145 149 164 154 146 156 156 163 158 169 159 138 95 64 46 38 49 83 120 134 138 155 156 141 150 153 155 154 155 151 155 157 159 150 148 156 151 163 166 151 160 172 182 162 169 176 164 161 164 165 179 173 174 176 181 168 172 173 174 174 165 169 176 184 174 173 162 160 163 155 172 175 179 172 179 177
168 171 158 158 170 169 178 176 160 152 159 142 145 145 143 160 148 131 148 159 161 158 159 149 148 168 159 153 144 131 88 47 32 33 44 78 131 138 133 148 145 135 157 162 161 156 158 153 157 157 161 149 140 140 148 166 167 163 179 173 189 174 158 165 166 157 154 163 183 175 173 172 172 161 161 159 170 170 167 170 174 176 180 184 168 160 163 161 175 172 178 179 182 172
159 160 163 162 168 172 167 165 157 147 153 139 125 134 144 158 156 161 169 164 162 161 164 150 159 175 160 145 141 126 87 45 37 31 35 81 138 152 151 155 143 147 171 166 154 158 150 150 161 158 153 141 141 138 153 162 168 165 175 175 186 186 165 164 164 164 174 170 175 173 169 167 169 171 173 175 183 178 170 170 156 157 174 173 163 174 172 176 179 175 177 175 166 172
172 175 182 177 166 161 152 161 167 155 149 135 117 129 148 158 161 171 164 156 162 157 158 167 165 164 153 146 142 116 65 33 41 31 51 107 135 148 151 162 147 153 159 151 146 156 141 145 166 156 149 140 144 148 157 165 167 161 169 174 169 179 178 171 166 172 190 173 165 164 166 173 168 180 175 169 171 167 172 174 166 177 179 180 172 181 178 175 163 169 170 173 164 173
171 173 181 175 168 168 155 159 163 154 146 127 125 136 150 163 171 175 165 167 169 158 156 163 152 154 162 158 146 135 86 46 45 53 102 138 135 155 157 163 152 154 147 145 148 155 151 151 164 155 153 144 150 158 156 162 157 152 159 171 171 178 184 179 172 173 178 163 161 160 163 182 190 186 177 168 162 166 172 173 183 192 174 187 182 169 181 174 167 172 176 186 178 180
164 175 183 162 158 175 167 163 157 140 131 121 131 145 157 165 168 167 165 186 180 159 161 163 158 163 157 148 135 140 129 81 59 84 137 153 152 158 157 155 146 145 141 139 145 152 149 155 165 165 155 148 162 170 156 159 165 167 156 157 171 182 184 181 181 182 175 165 164 171 171 166 181 167 169 183 170 168 163 168 186 187 174 173 184 169 168 171 173 166 174 178 170 180
168 170 172 167 168 167 154 160 160 141 126 120 134 141 148 159 157 156 167 173 164 165 169 169 168 165 158 158 152 145 144 116 109 129 151 167 161 156 159 151 136 147 160 145 143 154 147 148 158 160 152 160 168 166 163 163 155 170 169 158 164 175 170 172 175 177 169 166 168 176 178 173 178 173 174 175 173 176 181 177 189 179 173 172 191 177 150 158 173 162 172 184 180 170
174 161 167 168 173 164 151 157 154 147 146 145 151 148 153 167 153 149 167 169 161 157 167 169 168 160 158 159 154 143 144 152 165 162 153 169 160 151 161 161 143 144 154 157 156 158 163 159 161 159 154 156 161 160 153 156 151 159 171 181 175 169 163 167 172 174 176 161 166 178 180 178 171 180 173 166 179 183 191 178 175 181 175 168 179 170 158 173 186 167 162 168 174 170
174 166 162 163 159 153 150 141 143 159 163 158 160 154 157 164 160 165 169 165 165 163 179 178 168 175 164 154 143 134 137 150 177 171 158 169 164 159 171 173 155 143 155 177 168 166 168 163 166 162 161 158 160 182 168 166 162 164 174 184 171 164 168 179 176 170 176 167 165 172 178 173 167 173 162 165 175 168 172 166 169 195 191 180 178 172 172 173 173 174 170 159 174 178
160 159 142 144 150 138 130 131 155 184 171 155 160 161 159 159 176 185 182 173 167 161 164 169 167 176 157 147 138 127 135 139 165 163 159 166 161 162 169 163 165 166 173 185 167 163 160 160 155 151 164 167 167 183 177 178 164 165 175 176 179 183 182 180 172 175 180 171 165 175 168 163 165 173 173 165 167 163 157 152 173 200 199 191 169 170 175 172 172 172 179 170 174 178
162 153 124 104 98 82 84 112 148 161 153 145 137 146 149 154 171 174 167 172 166 154 157 171 170 159 153 153 145 130 128 139 155 147 153 161 161 174 172 163 176 168 158 164 162 162 160 160 153 159 165 161 168 169 169 165 162 174 177 176 180 182 183 173 170 183 186 171 169 168 156 162 165 163 171 164 162 170 169 159 174 189 183 185 166 164 165 169 169 170 184 173 170 170
154 135 102 83 76 43 40 66 112 144 152 143 130 145 160 164 157 157 152 154 160 163 167 168 169 161 161 156 143 143 133 144 152 152 167 163 161 174 166 179 178 150 158 165 166 166 166 172 172 175 164 157 165 163 166 166 186 196 174 180 190 183 177 183 188 186 180 169 167 166 169 177 165 159 168 167 170 167 166 169 167 183 178 168 166 170 158 169 181 181 184 175 173 174
136 124 81 55 58 32 30 51 95 138 154 144 137 149 164 162 148 153 145 133 148 155 155 156 160 175 171 161 151 154 149 156 152 154 174 171 180 174 154 169 164 153 166 169 169 170 168 172 173 168 155 158 169 172 175 172 183 191 180 180 187 178 181 183 181 184 176 166 168 172 164 169 171 176 169 162 180 182 175 177 172 176 183 165 163 178 176 172 180 179 183 182 177 170
144 136 78 38 29 20 39 65 106 144 149 141 132 146 158 160 164 159 144 141 158 150 145 155 159 169 163 161 153 154 162 163 161 168 176 171 174 173 163 162 161 167 173 181 174 168 172 177 175 162 154 169 180 180 179 167 177 183 178 182 185 175 173 174 175 182 178 161 160 164 156 163 163 167 181 183 182 182 185 182 181 170 174 163 168 185 181 165 171 175 180 178 176 172
149 127 86 54 42 46 69 94 125 149 150 152 147 157 155 166 170 150 148 158 159 141 143 165 152 151 158 156 151 155 160 168 176 173 158 162 173 169 167 163 161 168 169 178 169 169 164 166 167 162 161 169 175 167 167 172 185 182 182 183 180 183 178 180 189 187 182 174 169 170 165 166 169 171 190 192 175 176 178 181 180 172 170 164 180 185 175 180 185 183 190 184 178 173
115 89 91 93 104 112 125 135 146 158 157 151 154 160 159 165 159 153 159 153 152 154 164 175 156 157 156 147 152 155 151 162 167 168 162 171 174 162 160 161 171 170 158 163 164 172 171 166 160 165 167 154 161 165 165 174 174 166 190 186 164 179 193 183 185 183 175 179 178 172 162 160 167 166 186 178 163 173 171 176 177 170 166 168 174 176 171 182 183 180 185 182 176 170
125 104 119 126 134 135 140 151 158 159 161 162 156 152 162 159 154 149 152 159 160 168 167 166 159 157 147 143 156 152 154 161 160 162 159 163 165 163 158 161 166 161 161 177 168 162 161 157 168 178 163 151 155 154 159 170 175 172 184 183 169 177 181 165 173 181 180 184 186 180 169 170 178 181 191 182 170 183 180 174 173 169 170 174 169 164 174 179 173 165 162 174 177 167
142 127 135 139 152 161 154 164 160 159 164 156 149 147 155 147 152 142 133 138 144 144 140 150 148 153 152 146 153 147 147 160 171 167 155 153 165 179 173 163 158 166 174 179 168 158 152 157 165 168 150 138 142 143 155 161 175 179 172 176 170 170 179 162 176 191 179 177 184 194 181 175 182 180 174 182 171 169 181 186 172 168 177 177 181 166 169 168 168 175 166 172 169 174
144 139 141 150 159 162 152 161 150 147 155 152 155 150 156 147 153 153 148 148 162 150 130 134 136 146 157 150 145 149 160 168 176 170 157 164 174 176 169 168 164 171 180 168 164 174 168 168 155 142 130 116 124 143 166 168 177 171 163 170 167 169 184 176 177 172 178 177 174 188 178 180 184 162 155 176 184 170 172 181 173 170 178 184 191 182 183 185 184 175 167 174 163 168
158 135 144 157 156 158 166 174 161 155 152 156 161 154 158 157 155 154 171 174 174 169 141 139 148 151 155 146 149 161 164 168 172 168 162 167 169 162 156 160 164 180 178 169 174 185 168 167 154 140 125 112 110 126 144 161 175 164 179 182 169 165 171 184 177 170 185 181 180 197 190 182 179 160 159 172 186 180 176 181 179 183 178 179 191 183 180 168 166 165 168 176 173 180
146 133 146 148 146 151 161 167 157 162 163 159 152 157 159 158 165 161 170 180 172 167 152 146 156 156 153 144 155 169 154 156 163 166 162 163 167 151 147 153 163 172 160 168 169 163 162 157 148 151 128 111 125 138 141 146 158 158 170 170 175 173 170 186 171 164 176 175 189 190 175 171 173 173 175 171 170 176 174 178 177 181 178 175 184 174 179 165 161 168 180 179 177 192
149 127 117 116 131 148 147 145 147 152 152 151 153 157 153 156 165 166 172 167 157 151 152 147 142 149 166 157 148 158 155 155 153 161 163 167 166 149 150 158 158 157 149 150 151 162 168 159 157 156 132 103 118 133 150 159 159 167 165 165 182 184 175 183 173 171 172 161 178 172 176 180 168 168 172 167 168 175 172 177 168 164 166 167 178 173 180 182 180 169 176 174 172 182
144 109 91 111 141 144 135 136 148 157 152 150 145 149 154 155 157 153 158 165 168 163 159 157 147 160 169 153 145 145 159 157 147 158 160 160 154 152 151 160 165 170 167 165 162 177 168 155 169 164 141 109 108 121 141 156 158 160 163 170 166 164 163 173 181 184 159 143 168 162 166 180 167 173 182 175 176 168 171 173 166 159 159 165 180 177 170 178 181 166 166 161 166 178
136 115 95 111 139 147 152 148 141 148 158 159 159 167 164 151 152 153 161 171 169 165 164 161 150 157 160 161 156 146 157 166 165 156 154 154 172 175 165 174 165 168 167 167 163 173 165 151 159 159 147 109 89 105 121 142 157 152 153 166 160 158 158 158 160 167 154 138 151 154 160 177 172 178 183 183 171 159 162 159 172 168 171 178 184 179 176 170 169 171 177 163 155 170
139 137 131 137 151 159 157 145 144 144 144 144 152 169 159 136 140 156 164 160 150 148 142 148 157 166 164 167 160 156 151 149 159 160 160 159 172 167 166 172 157 165 169 165 167 174 166 157 153 161 157 119 88 93 124 144 149 143 148 157 157 154 159 151 151 162 158 148 148 150 163 182 182 175 176 180 164 163 164 160 175 169 167 169 178 182 180 162 161 173 167 156 163 172
153 159 156 153 152 156 153 144 149 143 141 146 149 156 147 137 152 163 168 163 144 141 142 152 160 164 156 149 145 150 129 136 162 166 164 151 159 168 174 172 167 172 167 167 163 159 153 168 171 164 149 109 83 87 118 137 138 138 137 135 145 131 130 127 151 167 155 156 150 159 167 173 180 183 182 177 170 175 184 181 179 170 170 169 169 173 161 156 163 166 166 173 183 173
149 162 152 143 153 159 156 150 148 143 151 158 156 141 133 152 167 160 151 147 140 145 156 157 149 156 152 155 145 133 125 140 159 171 166 147 161 170 170 166 173 170 153 159 153 148 151 166 174 160 129 95 113 109 118 121 131 156 155 147 146 125 107 113 145 160 153 165 154 157 159 157 166 181 184 175 164 155 177 191 179 174 174 176 169 165 161 171 171 166 176 177 166 168
157 164 147 136 148 153 148 138 137 136 138 151 152 129 124 152 166 157 145 140 143 153 161 146 135 158 159 161 155 140 132 132 138 167 172 161 170 164 160 165 169 157 150 157 155 151 155 168 171 156 131 112 124 109 125 137 146 161 157 150 144 131 105 114 127 137 150 169 173 168 166 158 163 179 173 162 163 162 173 186 171 170 164 177 176 162 163 168 165 168 169 166 155 165
158 152 132 124 137 154 141 131 149 145 135 144 149 130 130 143 152 149 145 150 159 163 166 148 143 152 154 156 154 138 134 150 153 159 166 168 167 160 172 173 163 160 154 144 154 154 151 164 166 157 149 128 116 113 129 152 156 154 155 151 147 136 112 109 120 144 158 170 177 169 168 154 165 173 163 160 173 176 172 176 167 177 158 160 169 158 163 163 156 170 171 176 180 181
149 148 139 137 140 150 140 137 155 159 151 144 139 133 151 158 156 149 144 157 167 161 165 157 163 162 158 140 136 135 141 159 162 162 166 169 168 163 180 176 163 174 158 132 137 143 154 163 159 149 150 123 116 131 139 160 164 160 159 154 150 141 119 102 120 148 158 164 164 160 152 143 153 166 167 166 162 167 174 176 176 181 168 166 168 159 165 171 159 161 169 163 184 189
150 152 147 151 145 152 150 145 156 156 154 146 143 152 164 161 161 152 145 157 155 156 162 156 169 175 163 141 138 134 144 150 158 175 173 166 173 167 165 168 158 162 152 139 140 140 157 161 155 150 149 122 133 159 144 155 170 157 162 161 145 143 134 128 135 140 150 162 163 158 156 159 164 164 174 186 166 174 175 174 180 173 167 171 171 163 162 173 163 159 172 165 174 169
154 160 153 156 157 154 151 158 172 161 153 142 143 159 164 167 168 155 155 153 144 150 150 152 161 157 146 153 151 130 138 150 165 175 168 159 169 158 153 173 162 152 158 144 135 140 149 150 146 134 135 134 152 175 162 165 167 159 166 169 156 142 140 138 139 147 148 166 167 156 154 157 166 163 168 183 168 173 170 168 184 176 167 171 160 158 167 163 153 164 169 169 160 158
171 175 165 166 169 161 157 158 164 156 157 135 131 155 164 167 161 150 161 159 152 146 143 153 151 147 147 160 161 142 145 160 170 171 167 167 169 164 169 170 164 166 161 142 141 154 156 148 145 137 142 157 165 165 175 176 165 151 151 158 152 138 140 131 131 155 166 177 174 165 161 157 168 176 171 167 169 179 176 175 178 174 171 169 160 167 172 155 152 162 162 171 156 155
170 169 166 170 164 160 156 149 151 152 156 144 145 161 164 155 151 160 167 157 149 147 153 170 164 163 163 165 163 158 174 170 162 174 172 169 166 171 171 158 166 173 166 147 149 153 152 151 158 164 160 165 176 175 177 168 169 153 156 148 138 143 144 139 142 166 173 160 166 174 167 166 169 173 174 168 168 175 173 170 169 170 174 169 175 174 170 165 163 160 154 165 167 160
