example/E5 - XRays/X-ray-tomography/rastert_juap15.txt
ncols         356
nrows         356
xllcorner     -0.5
yllcorner     -355.5
cellsize      1
NODATA_value  -9999
[rows 210 to 251 of 356, columns 0 to 93 of 356]
255 255 255 255 157 157 155 152 153 151 150 155 158 155 162 169 166 165 171 169 161 163 169 173 175 175 170 169 164 165 167 166 171 175 175 175 175 180 180 177 172 171 171 166 158 160 166 170 173 171 164 156 137 128 146 156 162 164 166 174 173 162 159 163 158 151 139 123 115 115 124 132 144 147 148 154 156 151 141 144 144 130 124 129 139 138 133 134 141 138 130 131 147 161
255 255 255 255 156 155 157 159 158 155 158 162 164 165 166 167 164 165 163 159 157 158 164 167 166 175 178 169 163 167 168 169 174 178 181 177 175 184 185 180 176 177 175 171 170 172 177 176 173 174 169 159 142 139 151 158 159 166 170 166 167 167 166 163 152 144 126 110 118 124 129 133 137 142 149 154 153 151 149 143 138 141 140 136 140 138 132 138 141 142 131 137 153 156
255 255 255 255 158 158 158 156 151 149 151 154 158 160 165 170 172 172 165 163 162 157 154 155 161 172 175 173 176 176 173 170 171 176 178 175 172 175 174 171 173 174 176 178 180 182 180 177 171 165 163 161 148 143 152 155 159 166 167 165 168 166 165 163 162 156 127 100 103 121 126 121 129 138 140 144 144 144 152 143 143 148 144 138 136 136 137 143 146 136 114 127 154 163
255 255 255 255 160 161 160 157 152 148 133 128 138 147 159 169 170 167 169 169 166 167 164 163 166 171 172 177 178 176 174 170 176 176 170 173 179 178 174 167 167 172 172 174 179 176 175 171 176 174 164 159 156 151 152 147 149 153 157 158 163 161 161 159 156 151 130 103 103 123 130 125 132 139 134 137 146 145 145 132 131 125 132 139 135 134 134 128 141 137 127 135 150 160
255 255 255 255 158 155 150 150 153 154 140 123 122 136 146 149 150 157 164 162 162 166 163 163 171 172 169 169 166 167 166 165 172 175 176 178 176 173 170 173 176 178 175 172 177 172 172 172 172 173 173 162 158 148 150 152 154 157 152 152 156 156 164 164 155 154 143 126 133 139 141 137 131 139 145 142 145 143 138 131 128 119 134 138 138 144 146 142 145 138 140 147 149 148
255 255 255 255 255 153 151 150 150 151 151 143 134 131 135 135 138 148 155 160 166 162 156 162 175 174 170 169 171 165 159 163 165 167 173 172 172 170 170 177 175 177 173 172 179 170 168 176 172 165 166 170 168 145 144 152 154 158 157 157 157 153 157 161 163 158 142 135 140 141 138 134 128 138 146 135 136 145 138 127 134 140 144 135 144 155 166 160 145 141 148 147 142 137
255 255 255 255 255 157 159 161 157 155 155 157 155 151 147 141 141 141 150 163 167 166 166 164 168 169 167 168 170 165 166 174 176 171 165 164 172 173 168 174 171 178 176 175 176 169 171 177 175 165 159 162 163 148 141 137 140 149 154 153 156 150 137 152 164 147 130 125 116 122 126 132 139 145 145 143 146 145 140 129 136 144 142 128 141 154 154 147 148 150 151 151 140 124
255 255 255 255 255 162 157 156 155 158 160 160 156 157 156 157 154 144 143 153 162 165 163 162 166 170 170 171 168 164 168 174 174 170 171 173 177 176 178 178 172 174 172 175 179 177 175 169 167 168 167 160 151 143 141 138 141 144 154 156 158 153 134 147 166 151 138 123 109 120 135 150 155 145 138 146 145 140 142 137 142 144 132 120 142 158 155 149 151 149 150 156 148 137
255 255 255 255 255 160 154 153 153 157 161 162 159 154 155 161 163 161 150 147 153 157 154 157 164 164 167 168 166 169 176 177 173 170 174 178 180 178 177 171 168 172 167 166 171 172 174 169 168 166 156 153 140 138 142 139 145 142 155 158 153 154 143 143 157 147 136 131 131 137 149 159 159 154 146 139 139 144 149 138 139 141 131 124 145 161 162 151 148 152 153 154 155 152
255 255 255 255 255 255 158 158 162 167 165 158 160 163 161 161 164 168 165 159 153 153 151 155 166 165 165 162 162 166 177 175 170 169 167 166 169 172 169 168 170 173 173 175 174 170 169 172 164 147 132 133 131 135 138 138 146 142 142 145 151 167 165 161 165 148 137 145 157 156 153 157 166 166 153 138 142 148 144 126 111 119 136 145 150 153 160 155 147 146 139 148 164 154
255 255 255 255 255 255 155 155 154 154 153 149 155 164 166 170 170 166 167 168 161 158 153 154 162 169 171 166 164 164 169 170 168 168 166 168 165 163 166 171 172 179 182 178 173 168 164 171 167 145 131 132 133 134 139 147 152 148 146 148 149 163 165 166 160 143 137 143 149 155 164 166 167 169 158 142 134 129 111 89 73 83 128 158 161 161 163 157 149 154 151 150 152 139
255 255 255 255 255 255 155 157 151 154 156 154 158 160 158 163 170 171 169 171 169 165 156 151 154 158 160 165 169 167 169 168 167 166 167 171 170 172 178 180 172 174 174 165 164 165 169 173 163 150 149 147 140 137 135 139 147 144 139 146 155 169 169 162 151 145 151 152 143 149 160 163 163 162 148 143 130 107 72 45 47 71 119 155 164 167 164 159 158 162 151 146 147 139
255 255 255 255 255 255 153 152 157 162 162 156 154 155 155 159 160 160 163 166 164 161 156 151 156 154 153 161 164 162 164 164 164 168 172 171 167 170 176 174 166 170 169 162 164 167 165 165 156 153 154 148 143 148 140 142 145 143 145 149 159 170 168 161 150 146 149 147 148 154 152 151 147 147 142 142 124 98 66 45 52 84 123 151 160 166 165 159 162 158 142 148 148 145
255 255 255 255 255 255 255 151 153 152 151 146 146 148 149 157 156 151 151 152 147 153 162 164 168 160 154 156 155 157 161 165 162 163 169 173 170 168 169 167 166 170 166 164 166 165 163 167 159 156 151 151 149 148 144 143 144 142 148 141 146 154 155 159 152 149 151 146 141 146 145 139 130 136 138 130 115 102 84 64 63 88 126 152 160 164 164 158 162 158 150 149 145 149
255 255 255 255 255 255 255 159 154 146 138 136 138 128 127 133 135 140 150 157 155 160 162 163 159 153 147 146 150 151 155 161 151 146 154 167 170 169 163 162 166 166 161 163 163 156 155 165 166 162 156 156 157 155 151 145 142 140 145 144 150 155 152 155 146 142 149 151 143 141 136 131 124 126 131 136 125 105 95 82 78 90 121 147 153 156 163 163 157 151 149 143 145 154
255 255 255 255 255 255 255 161 158 153 135 133 136 121 116 114 108 111 132 152 159 158 156 162 156 145 136 141 153 153 151 151 147 141 146 160 169 174 168 169 172 169 165 165 165 164 161 164 163 153 151 153 156 150 141 143 146 145 147 143 145 147 143 146 143 143 151 160 161 151 143 142 141 135 137 149 135 112 109 104 95 97 122 138 144 148 148 149 129 128 147 144 148 149
255 255 255 255 255 255 255 160 160 159 146 144 144 136 127 110 87 87 119 145 150 146 145 155 151 140 141 153 160 159 155 150 146 145 151 158 165 173 169 170 170 168 162 159 158 156 156 160 157 153 149 140 144 140 139 146 149 148 144 139 138 131 134 146 144 143 150 154 157 146 141 138 136 135 139 136 124 111 103 102 97 89 109 126 140 146 138 127 110 127 155 150 145 144
255 255 255 255 255 255 255 255 158 158 153 150 147 142 137 118 97 101 135 155 156 155 151 146 138 134 145 152 153 156 150 149 151 150 153 152 156 164 165 162 164 166 155 150 151 147 150 154 147 145 142 133 138 149 150 148 142 140 140 139 139 134 135 143 145 148 147 147 150 131 125 137 141 138 147 141 128 109 84 79 79 80 108 128 135 141 133 117 117 136 148 149 149 141
255 255 255 255 255 255 255 255 153 156 154 150 151 151 149 140 135 141 155 160 160 160 151 134 137 146 148 152 154 151 147 151 154 147 146 150 156 158 159 157 158 154 149 147 142 132 139 143 131 133 139 142 145 149 145 142 146 153 155 147 141 134 131 139 145 152 155 158 145 119 121 143 152 146 147 143 130 105 80 83 100 111 126 132 129 135 142 137 135 138 143 148 145 141
255 255 255 255 255 255 255 255 155 152 149 150 155 151 150 151 154 155 157 152 147 149 145 132 139 144 141 150 158 155 155 154 147 146 149 145 141 143 147 152 150 143 141 127 108 101 123 141 139 143 146 142 144 145 143 145 152 158 156 146 144 137 132 139 145 144 144 151 150 135 134 136 143 144 146 142 121 98 82 96 125 139 133 129 126 130 145 151 150 147 140 137 128 137
255 255 255 255 255 255 255 255 255 151 147 143 145 146 148 151 149 145 151 157 160 156 151 139 134 135 139 148 153 154 156 153 146 149 149 142 142 152 152 148 143 139 128 108 95 110 137 148 151 150 148 144 151 156 153 152 153 151 145 139 140 132 131 137 128 122 140 148 152 148 135 133 145 140 137 132 116 88 77 96 118 134 136 140 140 145 151 155 158 147 135 136 126 134
255 255 255 255 255 255 255 255 255 150 147 144 147 151 148 148 142 134 148 162 162 158 158 149 140 143 141 137 144 153 153 152 145 141 139 140 150 161 157 151 150 148 142 129 127 142 156 153 152 148 146 153 159 150 141 150 160 154 147 137 122 110 121 139 132 125 149 152 151 147 133 137 147 141 134 132 115 92 103 125 129 125 123 137 145 143 141 150 152 127 120 127 128 148
255 255 255 255 255 255 255 255 255 152 148 146 146 150 147 143 134 125 139 153 150 152 157 146 136 142 146 145 146 152 150 146 146 144 139 140 143 148 156 151 142 148 154 151 151 148 152 152 150 152 155 157 148 138 138 149 156 153 154 152 137 123 127 139 140 140 145 150 158 156 153 154 150 143 140 149 132 112 126 141 140 128 115 128 141 144 140 152 151 114 97 108 125 151
255 255 255 255 255 255 255 255 255 255 149 144 140 145 138 135 135 127 132 140 146 156 153 133 130 141 152 156 153 157 153 148 145 144 142 141 141 139 150 149 141 146 146 143 147 144 150 155 153 151 150 152 148 145 146 149 156 156 157 155 146 142 144 139 137 146 142 148 156 155 155 153 149 149 150 157 143 129 128 130 138 135 132 141 146 144 134 138 134 115 114 119 125 140
255 255 255 255 255 255 255 255 255 255 152 144 139 143 140 136 140 140 140 143 145 151 146 128 129 147 156 155 149 153 149 147 151 149 149 146 145 144 148 152 153 153 146 147 150 149 153 153 151 152 151 149 144 144 147 145 151 153 152 146 139 141 146 146 140 146 142 152 155 152 156 162 161 155 151 151 143 138 133 124 134 143 151 160 156 133 127 145 147 142 140 131 130 136
255 255 255 255 255 255 255 255 255 255 156 152 149 152 151 145 146 149 150 153 148 148 144 130 124 142 154 159 158 156 151 148 150 146 145 142 146 145 145 152 149 146 151 162 165 159 153 154 155 154 150 140 138 143 142 140 147 147 148 143 137 136 142 145 135 136 136 143 146 149 165 175 163 150 143 142 141 144 146 138 145 154 154 152 149 134 130 147 156 151 140 129 129 126
255 255 255 255 255 255 255 255 255 255 255 157 158 158 156 156 159 161 164 163 154 147 149 144 134 138 147 156 157 152 154 152 148 139 139 138 142 143 144 145 141 148 159 166 157 151 152 156 152 148 146 135 133 136 141 152 150 140 146 145 137 132 138 137 131 133 138 132 134 147 161 164 153 149 142 131 128 138 140 139 154 159 146 144 150 146 142 146 151 149 143 126 119 122
255 255 255 255 255 255 255 255 255 255 255 161 165 165 161 164 167 169 167 162 153 147 149 146 141 142 149 152 146 146 152 150 140 134 136 139 146 147 148 145 149 162 163 157 147 146 152 150 145 141 138 138 144 148 154 162 151 140 146 148 143 139 137 138 146 145 140 137 147 156 155 153 145 140 141 141 140 141 136 141 160 161 151 151 161 164 156 155 147 140 139 133 129 133
255 255 255 255 255 255 255 255 255 255 255 164 164 162 161 161 159 159 157 153 148 143 144 139 138 141 145 138 135 145 151 152 141 139 140 145 148 143 150 148 145 149 147 141 135 137 144 143 140 138 132 145 159 164 166 168 162 153 153 149 145 136 134 146 148 146 144 142 146 147 148 146 140 139 142 147 146 142 143 156 159 155 153 152 152 147 148 149 135 139 136 133 136 138
255 255 255 255 255 255 255 255 255 255 255 255 168 165 160 151 143 148 152 147 137 135 143 140 138 142 142 131 132 142 148 148 134 134 140 140 139 136 140 137 132 139 147 140 133 135 134 141 143 141 138 151 158 161 163 163 158 157 153 148 137 123 133 156 154 156 156 144 141 144 152 152 148 149 145 143 145 146 153 159 154 153 149 142 147 142 147 140 128 136 133 130 133 132
255 255 255 255 255 255 255 255 255 255 255 255 157 150 140 128 131 146 151 142 132 135 141 141 142 144 142 141 142 140 143 144 133 123 127 129 131 136 137 134 138 144 146 139 136 147 145 143 134 134 145 153 153 158 165 166 159 153 150 148 144 141 146 152 154 158 160 156 157 153 147 148 151 147 146 144 141 143 152 145 144 151 148 146 153 149 149 140 131 131 136 138 135 121
255 255 255 255 255 255 255 255 255 255 255 255 152 138 127 126 134 141 145 140 135 134 127 128 137 142 142 150 148 141 143 141 138 127 127 133 138 144 147 146 145 139 136 140 142 147 147 143 134 138 146 149 154 162 161 161 161 156 152 149 140 131 139 146 152 153 155 158 149 141 143 137 136 144 146 134 129 138 142 134 141 155 154 150 143 136 140 133 137 145 148 151 139 116
255 255 255 255 255 255 255 255 255 255 255 255 255 148 145 142 134 136 148 152 148 134 112 113 132 141 148 151 149 145 148 144 141 137 140 146 147 152 155 156 150 138 137 146 146 153 153 145 144 149 144 139 148 154 156 159 157 152 145 143 137 121 128 142 149 147 145 146 142 141 135 120 128 148 144 131 133 149 142 135 150 163 163 151 141 149 146 135 139 140 136 150 148 143
255 255 255 255 255 255 255 255 255 255 255 255 255 151 148 146 137 141 156 163 154 144 124 118 134 142 150 150 145 149 155 151 147 145 148 151 148 152 157 163 162 152 148 155 151 152 149 143 152 156 149 145 148 150 156 152 145 143 136 145 145 129 125 141 152 145 136 139 148 143 113 95 126 149 143 136 136 144 144 153 165 163 162 150 153 166 153 134 138 135 134 155 158 158
255 255 255 255 255 255 255 255 255 255 255 255 255 255 144 147 143 148 157 153 143 141 138 138 147 148 150 149 141 145 151 146 148 155 159 159 152 152 157 162 163 158 159 166 161 153 151 152 151 153 156 156 148 150 151 141 143 156 150 146 142 138 144 146 145 145 146 149 152 141 110 97 132 150 149 154 144 138 141 150 163 163 163 153 158 161 152 139 133 120 126 152 159 158
255 255 255 255 255 255 255 255 255 255 255 255 255 255 150 147 143 146 148 144 140 138 141 145 147 148 149 143 137 137 144 146 151 157 160 162 162 156 157 156 159 157 162 167 164 165 169 164 152 146 148 151 145 146 146 142 151 157 155 152 148 142 142 137 139 149 151 144 139 136 117 112 129 139 145 152 141 139 142 151 164 162 157 157 162 167 170 156 138 119 131 148 156 162
255 255 255 255 255 255 255 255 255 255 255 255 255 255 255 149 146 141 141 148 148 142 139 136 134 141 148 143 138 138 146 152 151 145 147 156 158 151 153 149 152 156 161 162 163 162 160 160 157 151 149 150 152 150 151 153 155 152 153 148 138 134 141 143 136 137 138 137 142 145 134 132 132 136 146 152 147 151 148 149 154 155 154 156 157 170 177 161 133 102 120 139 135 140
255 255 255 255 255 255 255 255 255 255 255 255 255 255 255 154 150 147 149 148 145 144 142 130 116 117 126 135 140 137 136 139 134 127 136 152 154 149 155 149 149 155 160 165 171 167 164 166 160 155 151 146 151 154 152 152 146 144 149 146 143 145 145 142 132 137 138 141 148 154 149 141 133 136 147 151 147 146 149 155 152 150 149 157 157 165 167 159 127 89 104 128 132 137
255 255 255 255 255 255 255 255 255 255 255 255 255 255 255 148 147 150 149 143 140 142 141 124 110 104 109 124 139 140 135 137 138 133 135 145 140 136 146 142 145 154 158 162 171 170 167 164 153 154 155 149 154 153 145 149 148 148 150 146 150 147 138 137 135 141 141 149 157 157 151 147 134 129 139 145 147 145 150 158 154 147 146 156 161 162 154 140 117 95 108 130 143 149
255 255 255 255 255 255 255 255 255 255 255 255 255 255 255 255 151 152 150 144 137 142 142 130 125 116 114 121 134 144 148 148 148 146 148 151 142 134 138 126 136 153 157 163 169 166 154 147 147 157 160 155 158 157 153 158 154 144 135 139 148 136 133 145 141 139 141 150 159 163 158 151 131 118 133 144 150 156 156 156 155 157 155 148 147 147 137 121 96 89 114 134 139 138
255 255 255 255 255 255 255 255 255 255 255 255 255 255 255 255 162 159 156 154 151 153 147 139 134 130 128 127 136 151 157 150 145 142 145 156 153 146 145 133 140 156 160 166 163 152 142 141 146 153 159 151 143 149 159 161 154 142 131 135 143 139 134 138 139 135 135 145 153 160 162 146 128 127 139 142 148 154 151 150 156 163 152 134 132 133 130 126 117 112 130 145 144 145
255 255 255 255 255 255 255 255 255 255 255 255 255 255 255 255 255 152 151 157 157 155 152 148 145 143 142 140 146 151 150 144 143 135 140 151 147 143 143 141 147 155 157 158 150 139 140 146 156 161 156 145 138 146 158 158 155 147 138 140 146 148 134 128 138 134 133 143 152 154 148 135 136 143 141 142 149 154 150 145 157 167 153 138 136 128 120 126 134 136 146 156 147 142
