example/E5 - XRays/X-ray-tomography/rastert_juap07.txt
ncols         356
nrows         356
xllcorner     -0.5
yllcorner     -355.5
cellsize      1
NODATA_value  -9999
[rows 294 to 335 of 356, columns 188 to 281 of 356]
147 150 151 149 147 140 147 143 144 151 149 142 150 152 146 150 148 143 140 142 143 142 138 145 149 147 139 136 142 139 139 143 131 131 139 143 143 141 139 124 114 127 143 154 161 158 154 156 157 163 158 146 124 106 116 134 152 156 156 149 141 127 129 147 154 158 148 139 144 141 145 151 157 162 165 162 163 163 160 163 151 134 139 130 132 146 155 158 155 149 152 155 158 158
146 148 148 145 144 142 148 142 147 154 142 139 153 158 147 141 143 133 137 148 141 140 140 138 133 140 148 148 147 147 141 143 138 137 137 145 141 137 140 132 118 124 139 146 156 154 150 159 164 160 159 153 143 137 140 147 156 156 146 143 140 133 132 144 148 154 147 142 144 142 146 147 154 164 163 160 158 163 161 160 157 142 135 134 135 139 137 141 154 152 150 150 151 151
136 141 145 146 142 141 146 139 144 152 144 142 146 150 153 151 144 134 142 156 144 142 149 147 138 134 139 141 145 150 138 137 145 144 141 147 143 138 144 136 121 121 140 149 152 151 147 151 158 156 156 157 155 149 140 139 148 154 143 138 140 143 141 143 143 136 131 136 141 151 150 148 144 155 156 154 149 148 149 152 158 153 147 144 141 134 125 127 145 149 144 143 145 143
137 142 142 142 137 138 145 137 145 153 149 145 141 136 151 156 151 150 149 155 154 155 157 153 140 132 127 130 147 155 143 137 146 147 144 145 145 146 144 130 121 123 141 152 153 150 140 146 151 148 148 157 158 151 134 122 130 144 138 138 141 148 151 148 142 131 125 130 139 149 150 153 152 156 146 144 146 143 142 146 154 155 150 148 140 128 121 129 146 147 136 131 137 143
132 138 143 144 133 133 143 133 137 148 149 151 146 140 150 155 148 154 152 152 155 158 160 152 139 142 134 131 149 152 148 146 143 141 141 140 144 152 150 134 126 125 130 142 150 147 136 135 142 147 143 147 150 148 136 127 129 134 133 138 149 150 153 150 139 135 141 148 155 155 155 153 156 159 150 149 154 151 150 152 156 158 151 151 144 138 135 141 150 144 128 125 134 140
133 136 145 144 137 139 142 131 137 148 151 153 143 137 146 149 144 145 152 151 151 155 156 150 145 146 140 136 139 138 144 148 141 144 146 140 138 146 149 137 130 128 130 133 145 146 135 128 138 150 143 140 144 141 137 137 139 136 130 130 146 154 150 149 140 142 152 157 158 160 157 155 157 157 150 148 150 152 152 158 158 153 150 154 149 142 140 146 146 140 130 131 139 145
136 137 141 138 138 142 140 139 148 157 160 152 145 133 135 142 146 143 148 150 151 157 153 151 153 147 139 141 133 130 142 149 138 143 147 140 127 135 142 131 125 129 142 143 148 150 135 116 128 148 145 141 146 138 130 132 139 140 132 135 143 148 143 142 139 148 159 165 165 165 160 157 159 159 154 145 139 138 142 149 153 146 140 143 151 146 141 142 145 147 143 138 136 139
141 133 130 130 134 132 131 142 149 163 166 155 153 146 140 143 150 151 144 143 145 154 154 150 149 142 141 148 139 138 144 148 145 139 140 142 127 131 140 134 132 137 147 151 147 150 135 109 119 141 146 141 139 132 118 126 137 139 131 133 141 145 148 147 152 159 166 171 171 170 163 158 161 158 156 146 133 128 136 142 147 143 137 142 151 154 155 157 156 152 144 136 138 136
143 132 135 138 136 134 133 143 153 161 164 160 162 157 153 151 151 148 138 135 143 150 155 150 147 145 147 157 152 150 145 144 143 136 140 143 136 139 142 145 144 148 150 154 152 145 134 121 126 139 148 150 134 113 97 108 132 141 135 132 136 139 143 145 154 162 168 172 171 171 167 161 167 165 156 149 140 132 139 144 143 137 139 155 158 162 163 166 170 163 151 142 145 144
145 141 143 144 139 137 136 140 153 158 158 159 162 157 159 151 145 143 140 139 146 147 156 153 151 152 149 153 151 152 152 152 146 137 136 134 134 133 136 151 150 156 158 155 156 147 138 135 138 146 154 160 139 97 71 84 116 138 143 143 140 138 146 147 151 158 161 169 173 169 170 168 165 167 156 147 142 141 146 150 149 147 145 163 168 167 168 167 169 166 157 155 149 140
148 150 144 140 141 139 135 140 148 150 147 149 148 147 148 138 136 141 144 142 148 152 153 147 144 148 147 148 147 147 152 153 149 142 138 138 136 130 133 148 150 156 161 157 153 147 135 133 140 150 158 166 145 103 76 84 113 132 138 145 145 140 148 156 151 155 154 159 172 170 169 175 169 167 162 147 141 141 142 151 150 149 150 160 171 169 169 164 163 163 155 149 140 138
152 156 152 141 147 143 136 145 145 141 134 136 135 141 134 127 129 135 141 141 143 145 151 151 146 145 143 149 151 152 154 155 150 146 137 138 143 132 132 146 149 156 160 150 137 124 117 123 140 153 158 167 157 123 99 104 123 130 132 133 130 135 145 157 154 150 154 159 169 168 163 170 173 166 161 147 141 146 144 146 145 143 147 152 170 171 167 164 163 161 156 136 124 134
146 153 152 149 151 146 139 143 147 144 132 137 132 136 142 141 136 131 130 136 142 144 152 153 146 143 141 152 154 157 159 159 146 137 129 138 144 131 130 147 149 155 155 134 114 89 86 110 140 159 159 163 160 138 118 123 133 131 130 122 117 125 142 154 159 154 153 158 161 151 149 162 166 159 150 144 145 148 147 142 142 142 147 154 168 172 167 166 166 155 147 134 132 136
146 154 155 159 154 154 149 140 144 145 140 148 144 144 151 147 140 130 115 118 140 151 151 151 135 135 149 157 155 156 154 154 146 141 137 144 149 139 133 147 152 151 148 128 107 79 75 107 139 159 161 161 160 150 134 132 138 138 136 128 127 137 149 157 163 159 155 154 149 135 140 154 150 145 137 139 150 151 142 137 140 149 152 159 168 173 171 171 169 154 143 136 139 141
151 155 162 158 151 157 156 144 141 145 149 151 152 148 143 142 138 136 124 118 139 155 153 144 123 121 150 162 161 163 152 144 144 146 148 147 152 148 142 147 153 148 148 139 131 117 111 122 140 154 162 160 154 152 152 143 137 134 140 141 138 148 156 159 161 158 155 149 141 124 134 152 150 142 143 148 154 154 137 129 138 148 155 161 164 170 171 170 162 147 146 145 138 134
151 156 160 155 155 159 160 153 144 150 157 150 147 142 134 133 137 145 145 139 146 153 157 145 124 118 138 153 160 159 151 141 138 136 136 137 150 155 148 147 155 147 141 147 149 142 135 132 139 147 154 153 149 150 162 160 140 134 139 141 137 135 143 152 154 149 147 142 130 121 137 146 147 145 149 155 154 152 144 132 136 141 147 158 161 166 173 167 153 142 143 154 137 115
149 158 160 153 159 162 163 161 149 156 159 148 144 138 137 139 143 148 152 154 156 147 150 147 137 135 144 148 150 148 145 145 138 124 122 131 146 156 149 147 149 150 147 149 153 150 138 130 127 129 137 148 147 148 153 161 154 145 149 144 136 127 133 146 154 145 140 143 121 107 136 146 140 140 141 147 143 141 144 140 138 136 139 149 153 159 162 152 147 152 152 152 138 112
153 164 168 158 157 164 167 162 157 164 161 150 144 140 142 140 146 149 150 152 152 143 139 138 137 141 145 148 149 143 141 147 144 129 126 140 151 153 150 150 150 152 157 149 153 157 140 124 120 121 124 141 147 151 149 151 156 153 156 146 137 132 135 145 156 152 141 138 122 107 132 145 136 140 142 145 140 138 141 144 143 139 140 152 150 147 143 137 142 156 162 145 129 120
160 166 166 163 164 170 167 164 162 161 158 154 140 140 147 143 150 151 148 145 143 138 140 137 137 137 141 148 154 149 148 146 142 131 125 133 142 144 149 154 148 147 153 142 142 145 132 123 129 130 128 135 144 146 145 147 147 144 145 143 142 148 146 150 161 158 144 131 124 125 146 159 148 144 147 147 145 146 146 149 146 146 147 156 151 143 141 142 148 149 140 126 124 129
166 164 162 163 166 170 171 173 163 161 163 160 146 146 154 147 150 153 149 144 140 135 148 150 144 142 144 148 156 150 153 154 142 128 111 106 117 132 147 152 142 135 141 136 137 137 120 122 136 133 128 130 138 145 149 149 142 134 137 145 151 157 157 152 157 159 146 135 131 141 163 163 158 149 141 136 136 142 148 148 146 146 147 157 152 144 145 151 158 151 116 108 127 141
165 162 162 166 167 169 172 172 163 160 165 162 155 154 159 152 149 145 141 137 137 140 157 165 159 155 146 149 159 156 153 156 150 141 122 105 109 125 141 145 137 132 139 144 147 141 127 131 140 139 134 135 138 140 150 150 141 138 146 153 160 155 149 149 147 149 140 134 141 151 167 167 159 152 137 126 129 136 143 145 144 142 143 157 156 149 148 154 154 150 127 116 133 147
169 166 168 167 164 165 171 173 169 165 166 163 154 151 156 158 152 140 130 122 124 133 151 159 156 157 150 154 162 161 155 154 154 155 150 136 125 131 139 140 139 140 146 148 151 146 142 138 134 143 142 137 136 139 143 146 142 143 154 158 160 155 145 146 146 139 137 133 141 154 163 173 168 158 140 122 130 137 136 138 141 138 139 149 152 150 147 152 151 152 147 140 142 151
170 173 180 175 166 165 170 170 176 174 166 161 147 137 145 153 152 139 124 117 119 137 149 148 150 150 149 153 154 158 160 158 161 159 157 155 142 139 146 146 145 140 146 149 149 146 146 135 125 133 144 140 138 143 143 146 144 146 154 157 152 149 144 147 154 144 141 144 143 144 150 161 161 150 130 115 124 131 131 131 135 138 137 134 139 148 151 153 152 155 154 152 148 151
168 170 178 178 169 169 168 165 173 176 169 163 143 128 143 154 153 140 121 121 120 133 146 143 147 141 144 148 146 151 160 163 164 161 156 156 146 140 147 153 151 144 144 153 154 152 148 139 133 133 141 145 144 152 150 153 149 148 151 156 149 145 141 148 154 147 144 146 141 134 141 150 150 132 117 108 121 129 130 131 131 134 139 134 138 147 153 159 159 159 156 152 151 148
164 165 173 176 167 173 174 168 178 183 169 164 153 136 145 157 158 146 130 132 127 131 145 143 142 137 142 141 143 148 154 156 158 158 153 153 146 140 137 145 152 149 140 150 158 155 149 144 145 146 147 149 148 150 150 148 146 145 140 144 140 137 138 151 155 145 136 131 128 126 136 142 146 136 124 121 132 138 137 136 132 128 136 139 139 145 152 158 160 160 162 159 153 150
158 162 169 170 169 170 171 165 179 182 167 171 167 145 144 156 157 146 137 142 143 139 143 142 140 137 140 140 142 143 148 145 146 153 154 150 144 136 133 137 142 145 137 139 151 154 150 147 149 151 151 149 149 149 150 147 140 143 142 137 136 133 138 153 153 135 124 123 119 121 131 142 148 148 138 132 140 144 142 139 131 125 126 128 137 139 146 156 159 159 161 168 161 151
138 146 163 169 168 166 164 163 177 177 166 167 171 154 148 151 152 148 141 148 153 148 141 139 143 145 143 144 147 143 136 135 140 151 159 154 148 137 135 143 147 144 139 141 149 157 155 151 151 151 153 152 147 155 148 146 141 148 151 143 144 141 144 151 146 129 124 131 125 122 128 144 151 155 149 134 131 136 141 140 136 125 123 125 134 142 147 156 163 163 160 165 170 155
133 135 150 165 169 164 162 167 176 175 172 163 165 156 150 147 153 157 151 152 151 146 139 139 149 145 139 146 153 151 141 140 144 151 160 160 150 144 146 152 157 156 150 153 162 165 160 156 153 157 153 155 148 153 147 140 141 151 155 146 145 146 150 144 133 125 136 142 127 115 127 144 153 154 150 137 135 129 135 141 144 135 128 135 142 145 152 157 159 161 161 157 255 255
143 137 147 161 167 166 163 164 170 176 174 164 161 158 153 147 154 162 161 154 145 134 136 143 147 142 137 149 157 154 146 150 150 149 154 162 156 153 153 154 156 164 166 166 169 171 168 165 160 158 152 155 154 155 151 141 144 150 154 150 145 148 152 145 133 129 140 141 131 118 128 143 150 149 149 145 144 138 138 142 144 147 140 140 150 148 151 152 154 157 158 255 255 255
135 127 141 158 166 167 160 162 162 169 165 156 155 155 149 145 155 159 162 157 147 138 147 154 147 139 136 142 147 148 146 153 149 142 150 160 159 155 150 147 150 163 170 172 171 170 168 169 168 166 158 159 160 156 155 146 149 153 151 153 148 147 150 146 137 134 142 143 137 133 139 148 149 151 151 147 146 144 144 143 138 148 151 143 149 148 148 149 148 148 255 255 255 255
130 125 144 159 167 168 159 159 159 156 148 140 141 143 138 133 148 156 161 158 149 145 159 161 157 149 144 144 143 143 149 154 150 140 148 159 162 157 155 150 155 167 173 174 170 166 166 170 167 169 163 162 163 153 155 154 154 156 151 152 151 154 151 150 139 128 138 144 143 141 146 152 151 150 153 151 148 142 144 150 144 141 153 148 149 152 152 157 255 255 255 255 255 255
135 139 154 151 160 165 158 154 157 148 133 133 132 132 126 118 138 149 159 157 147 150 163 162 157 156 154 150 149 149 153 158 153 148 157 162 160 158 159 159 166 172 176 178 172 171 167 166 169 167 166 167 165 152 152 161 157 154 153 155 156 162 158 149 143 123 122 132 142 145 150 155 152 150 149 151 152 151 150 153 153 146 152 153 153 160 159 255 255 255 255 255 255 255
143 148 151 146 157 161 157 158 157 148 135 134 130 125 123 122 141 141 147 151 148 155 162 156 154 157 155 151 150 151 155 162 151 150 162 163 155 156 163 167 172 175 175 177 176 173 168 166 167 168 169 167 165 156 156 165 163 158 151 154 158 160 157 149 143 126 116 128 141 146 150 156 154 152 147 149 153 156 158 157 154 154 151 150 149 255 255 255 255 255 255 255 255 255
153 152 151 152 160 159 157 159 156 148 146 145 140 130 121 119 131 123 132 148 158 157 157 153 156 159 157 151 149 151 153 162 153 146 154 158 157 157 165 169 173 177 177 175 177 177 174 170 170 169 171 169 165 162 164 168 167 168 159 153 154 157 153 153 145 139 126 128 143 151 152 155 157 156 150 145 148 157 159 158 154 153 153 255 255 255 255 255 255 255 255 255 255 255
155 152 156 161 162 155 153 155 151 143 144 148 148 138 137 131 128 119 125 142 160 159 155 151 158 164 154 149 149 149 149 154 150 142 146 149 156 159 166 168 170 176 177 173 176 181 179 173 172 170 173 174 168 168 169 169 168 172 167 160 152 156 153 153 149 149 147 142 150 155 151 149 150 152 154 148 149 155 162 162 159 152 255 255 255 255 255 255 255 255 255 255 255 255
154 155 156 161 162 153 148 150 148 140 142 145 148 142 151 152 147 133 132 139 144 148 155 155 160 166 150 146 152 154 148 142 146 145 145 153 159 162 168 173 173 174 175 171 170 177 179 173 174 171 171 170 172 171 172 168 167 172 171 169 156 153 157 148 149 149 152 151 153 151 145 147 152 153 150 147 157 161 162 164 255 255 255 255 255 255 255 255 255 255 255 255 255 255
150 159 156 155 156 150 147 147 145 138 144 143 145 148 152 158 156 143 142 134 129 131 143 149 154 162 150 143 151 155 145 135 139 149 147 157 165 165 171 176 179 174 173 176 171 171 174 170 174 175 171 166 175 173 172 171 170 172 171 171 167 158 158 142 141 151 152 148 151 150 142 144 154 153 148 145 155 163 255 255 255 255 255 255 255 255 255 255 255 255 255 255 255 255
151 161 156 157 153 146 145 149 144 139 144 142 147 155 158 163 160 149 148 139 133 127 135 144 150 159 153 143 148 152 142 132 134 147 153 158 168 169 172 182 180 176 175 174 176 173 173 173 173 176 176 169 174 178 175 173 175 174 175 174 175 162 155 142 139 151 155 151 151 153 151 148 152 150 145 144 148 255 255 255 255 255 255 255 255 255 255 255 255 255 255 255 255 255
155 161 157 160 155 145 144 149 145 139 136 136 145 153 161 169 161 156 153 151 148 138 133 138 147 155 156 147 150 160 155 144 141 148 159 164 168 172 172 179 173 172 176 172 175 175 174 174 176 178 179 175 176 174 175 172 173 174 175 172 174 169 157 150 152 154 154 154 156 149 150 152 152 149 145 255 255 255 255 255 255 255 255 255 255 255 255 255 255 255 255 255 255 255
153 157 157 156 150 144 152 157 148 139 133 137 149 154 160 173 165 161 157 155 151 144 139 135 140 149 155 152 158 165 166 157 151 158 167 172 171 173 175 179 174 168 173 171 170 174 171 171 170 174 177 174 174 171 172 172 172 173 174 171 172 174 168 161 159 160 156 153 157 153 146 147 150 255 255 255 255 255 255 255 255 255 255 255 255 255 255 255 255 255 255 255 255 255
154 155 155 148 145 146 155 160 150 141 138 141 150 153 154 168 165 162 158 157 149 147 145 138 141 149 154 157 158 151 156 153 158 165 172 171 170 170 174 180 176 172 172 168 170 174 169 172 168 165 171 169 171 169 170 170 173 172 178 176 172 174 169 168 161 157 156 154 159 160 149 255 255 255 255 255 255 255 255 255 255 255 255 255 255 255 255 255 255 255 255 255 255 255
154 152 152 142 148 155 155 157 148 139 143 145 150 147 147 159 165 160 157 158 151 156 149 143 143 146 147 151 155 143 144 151 162 171 174 171 170 167 169 180 178 175 173 171 173 176 167 173 177 167 170 170 170 168 173 169 174 173 176 178 173 176 173 169 161 153 152 153 156 255 255 255 255 255 255 255 255 255 255 255 255 255 255 255 255 255 255 255 255 255 255 255 255 255
