example/E5 - XRays/X-ray-tomography/rastert_juap26.txt
ncols         356
nrows         356
xllcorner     -0.5
yllcorner     -355.5
cellsize      1
NODATA_value  -9999
[rows 294 to 335 of 356, columns 94 to 187 of 356]
138 125 126 146 158 158 150 145 140 133 138 138 133 138 124 104 98 90 96 126 148 154 152 156 150 144 154 152 130 114 111 131 161 155 150 156 161 167 169 176 176 181 177 173 159 120 92 108 144 146 137 148 137 123 132 119 113 118 118 129 142 148 149 147 152 155 149 143 137 134 132 129 130 133 136 143 152 144 142 146 146 143 142 137 141 151 158 161 177 169 159 162 153 155
140 139 138 151 160 154 145 137 129 124 124 124 123 121 112 96 91 112 130 137 145 147 146 150 153 159 165 159 142 131 131 145 158 149 146 150 161 166 169 178 176 178 173 168 147 98 59 76 126 143 147 152 129 106 112 112 114 122 130 139 139 142 145 150 158 156 145 139 141 138 130 134 135 135 135 140 151 149 140 142 145 142 140 139 148 163 167 161 172 173 170 168 157 159
149 154 156 160 160 146 130 122 126 124 119 122 124 118 118 112 118 136 142 127 130 140 144 150 155 159 156 150 150 148 149 147 142 141 147 148 157 168 169 176 178 183 170 157 143 87 53 82 129 152 158 154 134 108 109 124 140 153 151 149 145 149 147 136 147 157 150 139 135 132 127 134 130 129 133 140 150 152 147 144 141 139 141 145 145 153 162 156 163 172 173 170 163 160
152 155 165 164 157 146 130 118 129 123 111 122 128 123 128 125 132 143 134 111 119 139 144 151 155 155 146 147 156 158 148 133 136 140 150 150 156 168 171 175 172 178 167 152 136 94 87 120 148 163 162 145 126 117 130 138 148 157 155 162 156 152 141 129 145 148 142 140 135 137 138 142 134 137 144 142 137 140 147 146 143 142 143 148 146 151 156 150 155 163 165 167 162 161
155 153 160 159 152 147 132 120 132 121 108 118 121 126 133 130 129 136 125 113 123 141 153 154 150 149 149 154 156 155 146 141 141 138 147 151 149 152 161 165 165 165 151 140 135 129 133 139 153 155 144 125 110 109 131 143 152 158 155 159 151 151 146 137 140 131 133 143 146 144 133 144 142 140 143 137 131 133 146 146 144 146 144 145 146 149 154 155 153 153 157 157 148 152
154 153 153 154 154 148 137 127 134 127 116 112 112 122 135 137 132 134 122 115 128 143 157 152 142 148 151 151 152 150 151 149 144 137 136 140 139 147 162 163 158 148 133 134 144 147 138 125 131 137 136 123 115 116 133 149 157 161 153 149 138 147 154 143 130 123 136 138 150 150 130 140 142 140 143 135 135 135 142 141 144 149 146 143 142 141 147 153 154 142 135 131 129 135
155 153 150 154 155 143 134 131 133 132 128 126 122 124 133 138 139 141 131 115 120 142 152 142 142 150 145 145 149 139 143 145 149 145 138 139 136 144 154 155 153 146 136 141 149 146 135 114 107 126 137 134 140 143 145 157 162 159 152 141 136 144 152 143 126 124 130 128 153 152 140 146 144 143 148 145 143 143 147 148 144 142 146 151 146 137 134 140 151 142 128 116 116 129
164 156 148 150 147 129 128 133 133 132 141 151 142 135 136 141 143 136 131 122 126 144 146 139 142 143 144 149 146 132 137 144 151 148 139 141 142 148 154 156 154 146 142 143 146 145 143 122 111 128 136 135 149 153 153 163 171 168 165 155 149 148 146 134 124 121 125 132 147 145 146 148 144 140 145 146 149 150 149 153 154 147 149 151 143 129 122 132 140 143 143 135 128 141
166 156 148 149 136 112 124 138 140 151 162 169 162 158 148 142 140 136 131 131 142 144 144 150 147 141 147 153 151 135 133 136 141 145 146 146 148 151 152 161 158 146 142 144 152 145 142 137 128 128 132 131 144 149 153 167 174 170 172 170 165 158 147 133 124 122 132 143 144 143 144 143 140 140 142 140 150 153 153 156 163 155 149 144 141 130 127 132 135 149 152 147 143 148
157 154 149 142 116 99 126 148 152 164 173 175 175 175 160 142 136 140 135 133 145 148 153 155 139 140 148 151 148 142 145 137 140 147 147 145 150 151 146 150 151 143 145 148 159 154 146 151 153 136 115 112 137 152 157 169 168 166 171 169 168 166 150 133 127 130 132 145 152 151 150 146 146 148 146 139 148 149 151 153 155 153 147 146 145 131 134 142 143 149 148 148 144 146
152 153 148 133 108 107 132 145 159 174 178 181 186 187 171 150 141 140 134 132 143 154 156 145 122 122 138 144 140 140 141 135 147 152 145 143 142 152 148 140 134 128 136 138 146 155 150 154 159 137 106 104 139 162 164 169 165 167 166 160 162 161 148 139 136 138 134 141 154 150 151 153 157 158 150 145 153 147 149 153 152 152 145 148 142 115 119 142 150 149 150 152 151 142
153 150 138 123 122 133 148 157 170 178 188 194 198 190 173 155 141 132 133 138 150 164 160 141 106 103 131 134 130 131 129 134 148 153 150 153 155 160 150 140 130 119 121 128 139 145 144 152 146 130 117 121 148 169 168 168 166 171 166 164 163 155 145 133 134 137 134 144 151 152 156 160 161 155 151 151 156 152 150 149 151 153 149 146 137 110 113 136 150 158 159 157 159 144
157 148 123 124 145 149 156 166 171 176 188 194 196 188 178 163 148 134 128 142 162 167 163 150 118 107 129 124 113 122 139 150 155 154 154 162 171 168 157 158 151 138 128 127 139 142 140 137 125 124 127 138 156 164 162 165 169 172 167 163 155 142 135 123 130 134 137 149 152 152 152 155 159 156 153 149 147 150 150 150 150 148 146 136 131 118 121 142 157 164 168 166 164 157
157 147 132 138 156 151 149 159 172 176 176 179 183 178 170 157 147 140 134 147 159 160 160 155 130 113 126 121 105 118 146 160 163 163 164 169 172 165 157 165 157 146 142 137 142 142 139 133 129 132 135 142 154 157 157 159 165 170 169 163 145 129 133 130 130 134 140 149 150 149 152 153 155 161 160 157 148 145 149 150 146 142 145 128 118 124 133 143 155 162 164 166 166 163
151 145 138 139 149 147 143 154 161 157 157 162 165 160 156 150 147 148 144 146 147 155 159 156 138 125 127 117 118 133 151 162 167 169 167 168 169 160 158 160 148 141 141 132 132 138 142 134 131 132 130 135 144 147 148 146 150 151 154 155 143 137 140 135 131 136 144 151 151 154 158 157 158 162 163 164 153 145 145 147 148 143 143 131 123 137 142 152 165 168 163 166 164 158
139 145 140 131 140 143 148 150 140 139 147 148 151 155 158 155 149 151 150 146 143 148 150 145 139 137 131 116 127 148 162 166 167 163 161 171 167 152 147 145 140 138 137 128 126 129 134 125 123 130 130 130 132 137 142 139 135 129 135 140 139 147 147 143 138 134 137 149 154 161 166 158 156 162 165 163 152 145 142 147 153 153 150 142 140 146 157 169 172 175 171 169 166 158
119 132 130 122 132 142 150 148 134 129 133 137 147 154 152 148 147 146 141 140 141 137 142 144 136 127 126 123 140 158 162 165 158 154 164 174 154 133 131 138 145 142 139 131 129 133 130 117 122 129 116 108 110 115 126 134 128 120 120 117 124 143 147 144 142 137 139 154 158 159 162 158 156 160 164 166 157 148 136 126 130 150 157 152 153 149 160 170 167 168 172 173 167 158
81 102 116 123 135 144 143 141 135 126 122 131 137 136 137 141 135 134 143 148 141 134 138 142 137 131 130 133 151 162 160 163 158 158 161 161 131 105 119 148 160 151 141 139 140 139 134 128 129 124 106 93 86 87 113 131 126 126 117 100 110 135 146 144 142 141 147 156 160 161 159 160 157 159 166 162 154 156 138 103 102 139 151 153 159 154 158 167 166 167 170 173 167 166
50 68 95 108 121 128 123 128 130 137 135 136 131 124 130 134 124 128 147 150 138 131 137 136 135 143 140 136 148 159 157 157 157 156 153 140 101 88 130 163 166 159 150 145 142 135 138 140 130 128 124 110 101 105 125 129 121 127 129 117 127 144 153 148 148 148 151 154 158 158 155 161 160 160 169 166 155 157 149 114 110 140 147 146 152 157 158 163 162 164 166 165 163 168
28 38 62 79 104 122 124 133 135 140 138 137 140 133 126 127 121 125 143 151 139 135 143 135 135 151 139 128 142 153 152 150 147 146 144 131 104 103 143 168 166 162 154 148 141 133 143 135 117 129 146 140 131 133 139 133 120 117 127 127 135 146 150 152 157 157 156 155 152 150 151 162 166 157 159 165 162 164 164 149 139 146 152 148 150 159 158 167 165 162 164 160 162 165
27 34 46 58 90 120 138 146 143 139 135 133 139 140 134 130 122 124 143 155 147 144 142 136 143 153 133 121 132 145 149 146 141 142 139 132 129 133 147 162 161 154 146 146 141 140 147 131 112 131 155 151 143 143 141 137 126 115 127 134 139 144 147 155 157 156 160 160 155 151 153 165 165 164 165 163 158 161 168 163 154 154 153 150 155 156 156 166 169 163 161 163 164 166
48 46 38 40 67 107 137 145 141 142 142 140 140 145 138 129 122 116 129 145 148 150 148 147 153 156 142 131 136 143 141 138 134 135 136 134 143 150 152 159 152 150 150 148 148 150 151 136 124 135 150 153 148 139 130 126 122 115 126 137 141 146 151 160 157 157 165 164 157 153 151 164 170 170 168 163 159 157 164 162 159 160 155 153 158 158 160 166 173 169 168 166 169 171
86 81 71 67 81 112 134 133 129 136 146 150 151 152 145 141 138 119 122 138 140 141 152 156 156 155 148 143 147 141 136 135 130 137 140 138 143 151 152 153 148 151 149 142 143 144 146 145 143 137 132 131 122 110 113 116 118 125 133 135 139 149 151 155 157 161 163 156 156 156 144 159 179 172 165 163 161 158 166 169 167 164 159 156 159 167 168 167 177 175 170 167 169 170
118 120 116 113 121 133 132 124 120 124 139 149 152 155 156 153 153 141 141 147 141 139 149 151 151 150 149 147 147 135 132 135 130 135 135 134 145 156 151 140 143 152 144 136 135 137 142 143 141 131 110 92 87 91 107 115 126 143 145 137 138 149 152 151 155 160 155 153 159 159 148 160 173 169 162 160 158 159 168 169 166 165 164 165 163 168 169 166 174 174 166 160 167 167
121 130 137 148 156 152 135 123 121 122 132 140 147 158 158 155 156 153 154 153 145 144 147 146 147 148 148 146 148 138 136 139 137 139 138 137 149 155 150 134 138 144 140 140 139 144 144 136 132 125 104 92 98 108 120 127 138 149 149 140 138 146 152 152 151 157 156 153 159 158 158 165 167 171 166 157 153 154 164 165 163 166 166 171 167 169 168 166 172 174 169 164 170 165
115 132 146 159 161 156 145 136 131 129 131 135 142 153 154 151 154 158 157 158 158 154 148 145 143 146 149 141 141 139 138 139 139 144 148 145 151 155 150 133 124 121 133 142 149 156 147 135 134 128 117 123 129 123 132 145 147 152 152 142 137 144 153 154 152 156 156 154 159 159 158 166 166 168 163 148 141 145 158 164 162 165 167 173 176 176 170 169 169 169 170 173 176 167
127 135 148 160 158 155 150 148 141 138 146 149 147 144 138 135 142 152 157 161 161 155 148 146 143 144 145 141 141 145 144 143 138 139 145 143 144 142 136 124 116 116 130 139 151 154 137 128 139 137 127 133 138 131 135 144 147 152 153 145 140 142 152 158 153 151 155 163 163 158 157 159 160 164 157 141 139 144 159 167 166 166 167 175 175 175 175 174 169 170 174 176 175 169
136 137 150 161 159 157 151 153 151 148 157 166 158 144 135 120 120 138 151 160 164 158 152 148 140 137 140 142 144 148 148 143 133 132 144 148 138 129 126 124 128 127 130 143 155 149 129 122 134 137 133 138 142 143 138 141 149 153 156 141 137 140 151 158 148 151 159 170 167 161 162 155 151 153 145 137 144 152 166 171 170 169 169 168 171 174 176 175 176 175 176 177 173 171
138 141 152 160 162 162 156 156 156 155 163 169 158 156 152 125 115 135 147 157 160 153 147 139 135 133 131 136 142 147 150 135 117 117 142 151 142 135 130 134 142 137 130 137 140 136 132 133 132 132 134 139 144 147 142 141 147 147 147 138 136 137 143 144 144 156 161 164 160 156 159 156 152 144 136 134 146 159 167 168 169 172 173 167 171 171 171 175 175 173 174 176 171 170
140 148 156 162 164 164 161 161 161 166 170 168 157 154 148 139 139 138 143 149 142 136 134 127 138 137 131 137 146 150 146 131 111 108 127 138 145 147 146 151 147 139 134 131 129 131 133 132 124 123 132 138 146 147 141 141 148 142 137 133 131 126 128 136 147 156 156 159 157 153 152 156 151 143 133 132 149 162 160 164 167 163 166 170 169 167 169 172 174 177 173 169 165 167
143 150 157 163 163 162 161 163 167 169 163 160 155 151 141 141 148 143 138 129 114 110 121 133 146 140 136 140 151 153 147 143 127 108 106 119 139 152 158 158 143 134 141 137 134 136 133 131 130 130 135 138 142 146 145 141 145 145 138 130 129 128 129 136 147 156 158 160 161 155 155 159 155 149 140 138 157 170 164 162 167 164 165 172 168 169 171 171 176 180 174 168 166 170
141 148 155 160 160 160 163 170 169 167 160 159 158 156 146 141 138 139 130 101 88 99 121 139 139 134 137 141 145 148 151 155 145 117 103 114 135 145 148 147 139 137 144 144 137 136 136 132 137 141 140 139 138 144 144 141 144 148 146 140 132 135 135 130 143 153 154 161 159 152 158 158 156 153 148 148 161 168 164 160 163 163 166 172 171 171 169 168 173 178 175 172 170 171
139 145 153 156 158 161 162 163 161 160 158 155 155 152 146 138 122 116 109 80 82 119 136 138 125 119 128 138 140 147 152 156 151 134 124 124 126 123 127 135 132 130 132 138 135 138 141 141 143 138 139 139 139 144 145 149 150 151 153 141 136 145 141 131 149 156 148 157 157 154 162 157 156 159 159 156 164 164 163 162 166 168 168 174 171 170 171 168 167 175 175 170 168 169
143 148 153 153 158 161 159 158 154 153 154 149 151 148 140 134 123 110 97 83 104 141 153 142 121 111 122 136 134 137 143 154 151 145 145 141 129 116 118 121 115 116 128 139 142 151 157 159 154 143 147 147 144 142 138 147 151 143 141 133 139 150 138 137 155 155 146 152 155 157 161 161 163 163 164 163 165 161 165 165 167 167 167 169 160 165 175 173 172 179 177 167 166 173
149 154 155 156 158 159 156 155 150 144 147 147 152 150 140 144 145 131 117 116 130 151 163 155 134 125 133 135 122 119 133 149 152 156 157 147 141 135 129 121 114 118 133 144 150 162 165 162 154 150 151 150 143 137 134 142 142 134 134 136 145 151 141 146 154 153 152 151 153 158 160 162 166 165 168 171 166 166 172 169 167 167 168 169 162 160 168 174 172 172 177 169 165 176
156 154 150 156 159 158 155 154 150 143 148 148 150 148 143 144 147 150 148 147 151 155 160 163 156 146 143 131 109 103 122 141 153 161 157 148 147 147 141 137 136 134 134 142 156 165 161 160 151 146 146 150 146 139 138 138 130 128 139 143 144 149 149 154 150 154 157 154 154 163 166 165 167 169 167 169 168 172 173 172 169 170 168 166 166 162 164 170 170 165 171 169 169 172
154 147 147 155 157 151 153 158 150 143 142 143 151 148 139 135 143 151 153 156 156 147 140 144 154 151 136 111 90 95 117 137 152 157 153 148 146 147 148 150 153 144 131 138 152 159 155 156 144 144 146 147 146 144 143 134 128 130 137 134 129 139 147 151 145 151 158 155 153 162 166 165 166 170 166 165 167 172 169 171 169 171 166 164 168 164 162 164 167 165 170 170 174 167
146 142 147 152 148 146 152 154 151 144 138 143 158 153 142 137 144 150 150 157 158 150 129 116 133 141 125 91 77 93 114 133 146 152 154 150 147 149 154 154 154 144 128 127 138 153 151 146 135 139 144 143 145 146 144 139 138 133 126 117 111 124 139 142 144 151 159 156 153 162 164 162 164 168 168 170 171 166 166 167 165 168 168 168 166 161 160 162 165 165 165 172 176 169
147 143 143 148 146 148 149 151 151 140 137 144 156 152 144 143 151 156 149 151 153 149 128 99 108 123 119 102 92 96 111 134 147 145 147 144 150 153 154 153 152 143 130 124 132 138 132 138 136 135 135 136 142 146 147 152 152 145 132 116 113 125 135 137 143 152 157 154 158 167 163 163 165 167 172 174 172 163 163 166 164 170 171 173 166 160 159 161 164 169 166 175 177 171
149 145 144 144 145 149 152 156 143 129 132 139 144 145 144 151 161 158 148 145 145 147 132 100 98 114 126 133 121 111 118 137 142 134 136 135 145 144 143 144 145 139 132 130 131 126 120 132 138 135 125 125 134 141 146 153 154 157 142 132 139 146 140 140 145 155 155 155 160 169 165 167 167 165 172 172 169 165 162 167 166 172 173 177 169 162 162 164 166 171 171 174 178 176
255 255 146 143 144 150 154 157 141 132 131 138 140 144 145 146 149 146 147 150 147 146 128 113 122 132 141 148 142 134 133 140 132 125 127 133 138 135 135 134 135 129 125 127 129 133 126 130 136 130 125 126 131 132 139 146 148 157 145 146 154 155 150 150 151 157 158 162 160 167 168 168 167 169 171 169 169 166 160 167 170 170 173 175 168 166 166 170 172 171 165 167 170 175
255 255 255 255 147 149 152 153 144 139 140 145 142 146 147 143 139 135 143 147 145 142 127 127 137 140 148 150 145 144 140 136 128 125 129 142 141 141 141 140 135 125 115 117 127 139 133 131 136 126 128 135 138 125 124 136 148 159 150 150 158 157 154 155 156 156 162 169 167 167 169 168 169 170 171 170 173 167 162 170 171 168 172 172 170 171 167 169 174 170 165 167 166 172
