example/E5 - XRays/X-ray-tomography/rastert_juap46.txt
ncols         356
nrows         356
xllcorner     -0.5
yllcorner     -355.5
cellsize      1
NODATA_value  -9999
[rows 168 to 209 of 356, columns 0 to 93 of 356]
255 123 141 144 139 140 142 140 138 130 124 128 121 116 130 147 155 152 138 133 145 153 149 148 144 145 152 158 159 159 154 155 143 128 125 130 131 130 126 125 127 130 140 136 126 124 134 135 131 134 133 141 147 151 153 155 155 151 154 141 135 137 145 138 137 142 134 137 132 128 133 141 143 143 139 140 141 138 138 145 153 159 155 144 130 131 138 144 144 149 154 151 152 149
255 124 147 156 155 147 143 148 147 134 129 141 135 124 132 144 152 155 146 134 132 139 141 137 134 128 135 152 161 164 162 155 127 113 128 136 134 124 122 124 120 131 141 136 130 129 138 137 132 129 128 133 142 149 153 158 161 162 162 152 152 151 148 141 136 135 130 130 134 134 133 141 144 141 136 142 137 141 149 143 150 155 144 138 138 133 144 154 153 150 149 144 149 155
255 142 153 161 160 149 143 147 143 126 129 148 152 144 143 150 151 155 145 132 134 139 139 136 136 127 130 147 154 154 152 149 117 100 122 133 120 109 122 126 114 128 138 131 131 135 141 142 136 124 125 120 121 129 136 130 133 150 156 154 158 160 155 147 142 135 129 130 135 134 136 132 129 134 141 149 148 153 157 144 137 145 137 138 146 148 159 156 150 141 137 140 143 149
255 156 152 151 147 143 141 141 139 119 114 139 156 157 157 162 158 151 141 137 148 153 143 144 146 141 137 139 145 153 155 140 120 116 125 130 115 110 121 123 114 133 143 132 128 130 138 138 126 117 126 132 128 126 125 119 119 136 148 154 156 161 155 141 140 135 130 135 138 130 138 127 115 128 146 154 152 149 154 157 153 155 152 147 141 143 148 148 145 138 145 150 141 145
255 157 145 140 141 145 144 134 132 128 125 140 154 157 158 162 155 141 137 142 147 148 142 147 144 138 130 130 142 154 146 115 116 136 134 128 119 119 126 130 129 136 138 130 128 121 128 133 125 123 137 149 148 148 145 140 134 141 151 152 154 159 149 136 137 134 135 132 132 125 129 129 125 134 142 152 153 151 147 148 148 133 132 140 144 141 138 145 148 137 138 135 138 148
255 153 146 143 142 146 150 136 128 131 141 154 164 167 160 159 151 141 135 137 144 150 145 141 130 129 132 129 133 141 128 102 121 143 138 124 120 118 123 134 144 140 128 115 121 129 131 128 131 141 150 154 150 153 156 144 142 150 145 141 146 141 145 142 130 127 130 119 121 117 122 130 131 134 141 147 148 148 137 135 137 134 135 138 151 153 142 151 152 135 137 134 132 138
255 147 145 150 148 142 144 146 148 143 147 155 160 164 159 157 158 158 146 135 139 144 140 141 133 131 137 134 129 129 129 126 140 146 139 128 129 134 132 137 145 145 138 128 123 127 138 133 135 149 156 157 157 159 158 149 156 161 149 140 143 143 150 148 141 135 130 121 119 123 130 129 126 130 154 161 152 143 138 133 133 143 143 128 141 157 156 149 137 130 146 148 137 139
255 144 138 143 146 141 143 149 155 153 157 155 153 158 162 161 154 153 157 144 140 147 145 142 136 136 138 138 135 134 137 141 145 141 139 129 132 149 154 154 153 148 140 135 128 115 124 133 141 149 152 158 160 156 153 149 156 155 143 147 161 158 147 143 144 141 139 140 131 123 128 125 124 127 147 161 155 136 136 136 139 141 140 134 137 150 157 142 129 129 138 136 138 148
255 148 143 137 136 138 138 142 150 153 154 155 157 164 164 160 150 144 149 146 143 154 158 147 133 144 151 147 139 134 135 139 141 142 140 126 136 155 162 162 157 145 141 143 143 138 135 139 144 145 151 161 166 160 154 151 156 155 149 155 158 154 145 139 140 147 150 142 137 138 141 131 129 131 139 145 142 131 137 136 138 139 141 143 140 150 154 144 140 131 130 132 137 146
151 149 151 143 141 141 137 138 149 150 148 153 156 165 169 161 143 140 140 145 149 153 158 153 125 134 150 150 138 132 126 128 133 141 137 126 134 152 164 167 158 141 142 148 147 153 148 148 140 135 147 158 163 163 157 155 158 161 160 156 149 149 146 136 139 146 146 136 134 138 139 136 137 139 140 137 137 135 131 125 137 140 140 143 137 137 150 144 142 138 137 142 134 138
255 149 158 160 155 146 140 141 151 153 143 143 148 160 169 163 142 142 153 160 159 160 165 158 125 121 139 144 137 134 127 125 129 138 137 134 144 150 157 157 147 137 147 155 158 160 152 145 141 140 146 148 153 157 161 164 159 159 153 154 156 156 147 139 140 138 140 138 134 133 128 129 136 139 137 140 134 134 128 126 139 143 147 153 147 135 139 134 132 135 137 133 122 137
255 151 154 160 157 149 145 145 151 153 147 145 149 156 162 158 146 143 154 161 159 163 168 162 139 128 139 141 139 136 136 141 137 136 137 143 156 155 150 146 134 132 146 149 151 157 145 135 146 156 152 152 154 159 168 168 163 159 154 162 160 155 152 151 148 143 144 141 138 134 127 133 144 142 132 144 139 134 130 131 142 146 142 140 139 141 141 137 134 133 136 129 118 129
255 149 150 151 146 148 148 147 154 156 157 155 154 155 157 155 154 156 160 161 159 168 175 171 151 135 136 136 139 137 134 140 137 134 139 145 147 144 141 141 130 137 154 148 137 138 137 141 150 149 146 158 158 160 166 166 170 165 161 165 156 152 156 151 147 148 146 149 146 143 143 144 150 145 135 144 139 133 135 137 135 136 140 135 133 139 141 136 128 132 137 134 136 131
255 153 151 153 149 148 148 148 153 156 157 159 160 162 163 160 161 157 153 154 153 159 169 171 160 146 141 132 133 136 135 145 147 146 145 141 134 129 131 143 143 146 156 159 151 140 138 154 159 148 143 153 155 156 154 157 167 165 161 163 155 151 150 148 153 157 152 158 148 142 152 147 142 140 143 148 143 145 145 138 125 124 133 134 128 134 138 131 129 135 131 132 146 136
255 152 154 156 153 149 147 143 141 146 147 149 153 154 157 156 158 157 153 149 149 146 149 149 145 150 150 136 134 138 134 143 147 143 140 138 134 129 131 137 144 146 146 151 146 142 140 145 149 142 151 164 163 165 160 162 161 155 147 151 151 152 150 151 156 160 156 160 155 147 157 155 148 144 143 142 144 154 153 143 134 135 142 138 125 129 137 132 135 136 124 128 135 132
255 148 150 145 144 146 151 151 147 146 147 148 146 141 149 156 160 157 154 153 150 141 139 135 133 147 153 140 136 139 137 145 143 133 128 135 142 143 145 139 144 141 137 146 142 143 142 140 145 140 149 159 161 169 165 162 158 152 149 150 160 170 166 162 156 154 160 156 156 157 153 152 152 151 149 146 151 162 157 144 140 133 130 119 114 126 139 141 134 127 123 134 142 138
255 146 144 139 139 146 150 155 160 151 141 145 140 135 149 162 167 161 155 152 147 145 151 145 138 144 150 143 138 135 135 140 142 139 132 132 131 134 147 139 140 141 141 148 142 139 141 146 152 150 150 152 154 160 162 157 158 154 157 161 164 163 159 160 151 145 150 150 150 154 145 137 141 148 147 140 152 160 150 146 140 124 125 120 120 130 138 148 138 124 125 127 133 133
255 148 147 151 149 145 138 144 157 152 137 142 147 144 149 154 151 152 154 150 146 145 152 154 155 149 139 139 133 126 130 131 137 142 142 146 145 141 146 141 134 138 141 144 145 138 134 140 149 158 159 154 148 152 153 151 160 155 155 164 163 162 158 158 153 151 148 151 149 143 144 147 145 133 130 129 148 154 152 147 133 123 133 133 128 132 139 145 138 134 136 127 124 133
255 153 153 155 152 148 133 128 137 142 142 153 162 159 155 157 151 149 159 158 153 152 156 159 165 156 141 141 141 133 134 131 139 144 141 142 144 143 142 139 136 136 136 141 145 132 124 135 141 148 155 153 151 152 155 150 157 161 165 166 162 160 155 156 155 154 151 142 144 146 147 150 143 134 133 129 140 149 153 149 138 128 134 126 122 134 143 136 134 142 134 127 125 132
255 155 154 153 150 148 144 133 138 144 143 151 158 162 157 155 157 151 156 160 157 156 158 160 165 158 139 128 141 145 141 143 146 146 145 136 127 130 135 134 137 141 140 139 142 130 119 134 137 138 146 155 161 157 163 160 160 163 162 158 157 154 157 160 154 153 151 141 145 152 146 148 142 135 140 136 133 144 146 145 145 128 137 137 125 135 132 131 138 133 128 119 119 125
255 152 146 149 151 151 156 149 150 154 146 144 146 156 153 152 157 152 159 165 158 151 147 148 156 157 135 125 140 147 145 147 143 148 157 153 141 135 134 131 130 135 135 135 136 127 123 138 143 141 140 148 161 155 161 167 161 159 155 151 151 153 157 150 147 144 144 142 141 147 149 148 146 137 132 128 131 145 139 135 140 130 139 148 134 135 129 135 140 132 135 131 129 133
255 152 142 134 140 147 154 150 151 159 157 154 149 150 148 147 153 156 168 169 158 150 146 143 142 143 133 131 137 145 143 145 151 157 160 161 151 133 124 125 132 132 132 131 126 131 135 133 130 139 148 151 156 155 153 161 159 159 152 151 155 156 159 157 149 147 147 143 139 140 138 137 144 141 132 127 136 149 141 135 141 136 129 130 122 116 115 133 141 137 133 130 137 147
255 148 141 132 138 144 146 147 149 155 153 155 154 152 157 159 160 162 167 166 156 152 158 153 142 137 142 141 135 139 142 143 149 152 153 157 149 133 128 132 135 136 140 137 132 136 134 133 134 128 135 147 146 151 156 157 156 156 151 158 165 158 150 146 148 150 143 139 141 140 131 136 130 121 131 134 140 140 133 128 143 147 132 127 120 115 136 150 147 140 135 141 147 150
255 146 142 141 142 142 143 148 149 149 148 154 156 157 164 172 175 174 170 171 163 155 160 158 152 143 151 153 145 140 141 143 141 148 154 154 146 141 145 140 132 136 138 136 132 132 132 138 142 120 121 141 142 151 164 159 148 153 157 159 154 151 142 130 141 148 147 145 148 143 137 144 129 114 122 137 148 139 131 122 132 139 130 130 124 127 154 153 145 155 155 156 153 153
255 157 155 147 138 136 139 144 148 144 144 153 158 160 166 173 174 168 168 172 161 148 150 154 153 146 146 147 142 138 135 136 143 146 148 152 152 149 148 147 142 139 129 127 130 133 138 144 140 120 119 129 135 143 143 144 150 150 147 145 128 129 136 135 139 148 155 158 159 151 152 159 152 139 129 135 151 141 134 129 136 136 122 123 128 140 156 148 142 155 160 161 158 150
255 164 159 149 145 145 145 144 143 143 148 152 154 156 164 171 172 175 177 172 155 143 142 147 145 145 141 136 139 142 138 135 142 149 150 153 158 157 153 149 147 149 145 145 141 141 141 140 137 128 122 123 128 130 118 121 141 140 137 139 126 128 137 142 145 154 162 162 158 156 158 158 158 151 143 128 133 140 138 131 138 142 137 128 126 144 151 151 158 159 166 166 167 162
255 154 151 153 155 154 151 144 139 144 153 149 149 157 163 167 172 178 176 174 169 161 150 144 142 146 141 135 136 142 150 145 136 136 143 151 157 156 151 149 146 146 147 151 143 141 141 135 132 130 127 129 131 129 109 92 112 134 147 155 151 151 144 145 159 167 173 161 153 156 153 154 163 159 155 139 126 136 142 137 135 128 133 132 136 155 150 149 161 167 171 166 168 167
255 149 147 156 156 154 152 146 142 147 150 148 149 154 160 166 170 174 174 177 179 175 161 145 144 150 146 141 134 134 144 141 131 129 139 142 142 147 144 140 131 133 136 135 130 131 138 135 137 140 144 141 131 129 118 105 120 146 166 171 163 150 141 149 163 161 172 172 165 168 162 168 174 165 157 154 147 140 136 133 139 142 143 131 142 164 158 156 158 165 166 166 163 165
255 255 150 154 152 154 152 150 154 157 154 150 150 148 153 157 164 168 168 173 172 168 160 149 149 148 141 141 139 135 136 140 131 129 137 135 132 138 142 134 124 133 147 150 134 127 133 135 145 153 153 141 137 138 140 151 158 162 167 165 163 161 156 161 161 152 155 162 167 168 166 167 162 164 163 163 163 152 139 135 144 150 144 127 136 153 159 162 157 156 149 156 153 164
255 255 154 153 149 152 152 152 163 165 156 152 150 148 144 144 156 165 168 173 171 171 167 155 149 147 146 142 139 138 133 141 139 132 134 136 136 138 134 126 124 134 146 148 131 125 131 132 139 147 146 136 145 157 163 169 172 169 171 173 178 185 180 182 171 164 154 143 151 165 171 172 167 166 165 164 153 144 143 141 141 138 133 134 149 148 159 164 162 163 146 142 137 156
255 255 149 146 148 150 154 158 164 163 156 154 156 154 145 142 148 155 166 172 171 173 170 164 156 150 147 140 136 136 133 131 134 134 133 134 140 145 135 128 126 127 132 132 121 121 134 130 132 144 150 155 163 171 171 172 175 172 171 176 181 179 175 178 169 174 171 162 151 149 148 159 162 157 161 162 151 147 148 153 152 147 144 140 146 141 142 148 159 164 155 142 136 160
255 255 148 147 147 148 151 155 159 160 157 151 146 145 149 157 156 149 150 155 164 172 172 172 161 146 134 131 131 127 131 130 133 138 139 131 120 128 139 141 134 137 132 131 128 132 138 125 137 154 152 164 169 172 171 169 175 175 170 177 181 181 179 182 175 175 177 175 163 146 132 139 151 158 169 167 156 160 151 149 151 148 142 136 142 146 147 156 166 156 155 147 134 152
255 255 154 152 151 155 154 154 155 152 152 148 145 148 156 166 163 150 127 118 138 156 166 163 150 139 124 114 121 134 143 143 142 142 142 137 120 115 128 132 130 141 135 132 138 143 136 121 137 157 163 174 178 176 175 172 176 172 174 182 177 176 173 177 178 173 175 172 169 161 153 150 153 161 166 165 162 165 154 147 151 148 140 139 142 146 149 157 161 150 154 162 157 157
255 255 162 159 156 153 157 160 159 154 154 152 153 161 166 169 165 162 140 114 112 124 147 153 148 138 120 118 130 146 152 150 145 141 138 138 127 120 128 133 131 131 131 135 143 146 136 130 138 147 160 171 177 173 175 176 175 175 178 184 179 174 176 178 175 173 177 172 176 176 173 170 164 167 165 167 166 160 156 147 147 148 146 149 150 149 144 145 147 145 145 156 158 153
255 255 159 162 160 154 155 155 156 163 168 156 152 162 168 169 166 169 164 143 104 83 112 140 150 148 145 152 159 158 149 151 141 127 128 129 118 122 129 123 130 135 133 135 141 143 137 139 146 146 150 158 166 171 175 171 168 171 177 178 173 177 184 181 176 182 183 173 172 171 168 167 167 172 172 173 166 153 152 146 145 147 149 154 151 144 135 134 138 148 144 143 150 145
255 255 152 159 163 159 154 149 151 164 173 157 155 163 166 170 169 169 168 161 132 92 83 109 142 159 159 160 162 162 153 153 149 139 129 125 121 119 117 111 128 139 134 132 142 143 135 143 151 152 152 160 160 166 167 168 170 174 181 175 173 179 176 171 176 181 183 184 182 179 173 174 174 177 176 164 158 157 160 153 153 144 145 152 155 152 142 145 139 132 134 136 136 137
255 255 255 146 156 156 150 148 151 156 160 150 156 170 173 174 171 169 169 168 160 140 110 102 129 148 152 162 171 170 163 157 156 156 141 131 138 134 130 130 130 134 135 134 149 145 135 143 147 145 142 150 149 155 155 160 166 165 168 167 176 180 176 172 174 177 180 176 177 185 184 179 174 171 165 147 145 140 146 153 151 142 148 152 152 149 145 145 136 125 125 119 109 110
255 255 255 133 141 147 151 151 147 150 156 152 157 168 171 174 175 175 175 176 172 167 157 134 125 131 146 161 170 170 168 161 156 154 143 129 130 134 141 144 137 135 140 146 154 147 143 141 140 140 133 139 146 151 150 148 155 162 168 166 169 176 179 177 175 173 173 167 167 178 179 176 175 172 162 140 132 122 127 140 146 147 148 143 138 139 139 135 131 131 134 126 113 104
255 255 255 137 145 151 153 151 147 148 153 156 163 173 174 173 174 177 177 176 166 160 165 159 135 117 138 153 159 168 167 162 154 148 146 138 135 135 137 139 143 148 145 143 144 139 140 125 128 145 138 136 139 149 149 145 155 168 178 175 172 174 178 179 181 179 174 171 178 179 171 169 171 166 163 153 143 139 146 146 143 141 144 137 137 143 136 143 146 136 128 127 133 137
255 255 255 134 148 154 151 150 156 155 154 157 162 172 175 176 178 178 179 180 177 171 169 163 146 125 135 147 154 161 162 165 157 157 157 148 139 136 139 139 140 139 129 131 136 142 145 126 123 136 134 137 127 124 141 152 165 166 167 174 175 175 176 180 180 176 177 178 180 178 171 172 177 163 155 155 155 151 151 140 140 144 150 139 132 138 130 140 159 148 126 126 138 146
255 255 255 146 149 153 150 146 149 149 152 156 157 163 169 173 175 173 175 179 181 174 168 164 155 133 125 135 144 144 154 168 167 166 163 153 143 138 137 134 140 141 135 138 141 146 149 144 142 139 143 147 129 124 151 167 170 169 171 178 176 174 171 171 171 171 177 176 170 169 174 177 173 166 163 156 152 153 148 137 137 140 147 143 139 134 127 124 139 133 121 138 141 144
255 255 255 152 153 152 151 145 140 142 152 154 150 151 158 164 168 170 173 174 170 171 169 165 164 141 128 136 134 129 141 154 161 160 153 150 147 145 139 138 148 151 144 136 135 139 139 136 139 141 146 138 140 153 165 172 169 170 175 179 182 176 179 181 181 176 174 177 177 171 174 175 166 154 159 160 156 158 155 152 147 133 127 127 144 147 139 136 139 122 120 138 135 137
