example/E5 - XRays/X-ray-tomography/rastert_juap28.txt
ncols         356
nrows         356
xllcorner     -0.5
yllcorner     -355.5
cellsize      1
NODATA_value  -9999
[rows 168 to 209 of 356, columns 94 to 187 of 356]
145 131 129 134 141 148 149 147 145 148 151 143 145 135 137 146 152 155 162 165 166 173 175 178 183 176 163 171 168 157 155 156 163 163 156 147 127 121 125 112 114 146 164 169 158 160 157 130 134 127 117 128 140 146 144 135 134 141 143 138 139 144 159 167 163 152 151 162 156 164 151 138 117 87 115 145 155 168 164 163 166 171 170 173 174 173 172 173 164 161 157 167 160 164
145 138 139 135 137 151 150 149 146 149 149 138 142 136 136 135 135 146 161 156 161 168 164 169 169 170 162 164 164 152 154 159 160 160 147 138 132 126 125 116 123 146 158 163 158 156 131 108 131 131 120 123 133 149 136 135 135 136 139 136 135 133 146 164 161 150 148 165 160 156 159 147 109 83 119 150 162 164 164 172 173 167 167 168 171 175 178 179 168 164 170 177 168 164
145 139 139 139 142 152 147 147 145 146 144 141 149 148 143 133 130 148 163 158 162 173 168 167 165 168 174 165 157 153 156 159 157 152 139 135 115 99 119 130 140 143 147 151 149 144 121 112 131 131 129 122 122 148 143 143 142 121 111 126 142 138 146 160 161 162 155 159 167 157 149 134 91 76 120 143 160 174 172 171 169 161 161 164 166 171 177 179 177 170 171 173 174 166
148 136 132 138 145 146 144 141 140 143 144 139 141 128 127 136 140 147 150 156 164 169 158 168 170 167 172 163 165 159 151 149 156 152 146 135 102 86 104 124 138 143 142 136 126 125 124 128 124 117 128 139 135 140 143 142 139 114 97 110 128 120 144 172 172 165 160 165 163 155 143 126 88 74 121 155 158 173 171 163 171 171 173 177 170 172 172 175 178 168 161 166 178 172
139 123 120 118 133 150 153 144 137 131 140 138 140 129 131 147 150 148 152 163 173 172 163 171 168 156 159 152 149 151 140 128 138 138 143 119 85 85 108 129 136 139 140 133 115 113 118 133 127 117 140 162 161 160 150 145 149 125 94 112 137 116 127 150 156 158 157 160 147 140 128 125 104 86 126 173 173 170 160 170 180 171 171 172 172 173 175 184 179 173 162 168 177 173
125 114 119 124 131 138 144 142 146 136 138 136 134 135 140 145 151 152 148 154 161 156 168 177 167 153 162 169 156 139 121 110 123 137 135 125 101 89 107 127 135 141 144 143 119 122 134 133 116 116 150 170 167 165 151 158 156 133 108 116 127 116 127 136 138 140 141 145 138 142 136 130 107 86 128 160 171 184 167 170 170 164 173 173 184 177 173 179 176 176 171 172 174 172
134 127 135 147 147 136 137 140 139 137 141 138 128 130 132 138 155 151 152 150 149 157 165 161 157 159 155 157 159 152 134 114 115 139 131 134 122 109 122 136 136 139 142 141 134 146 155 138 132 134 154 172 170 165 157 161 147 138 140 132 125 123 135 143 136 135 144 158 157 156 139 126 118 117 151 158 160 182 178 169 166 166 173 172 175 178 177 174 177 175 171 168 174 180
146 145 137 138 143 141 143 145 135 134 143 136 131 145 144 137 150 146 151 143 143 162 161 165 167 162 152 152 155 156 144 123 114 111 108 128 131 123 136 143 149 144 139 131 127 139 143 143 154 149 155 170 177 179 168 157 153 147 147 141 138 138 140 137 134 137 144 150 154 151 137 131 143 141 151 167 163 164 165 171 174 167 162 169 173 176 179 180 177 172 171 171 175 178
149 150 142 134 141 141 130 129 125 128 134 132 129 145 139 122 130 135 143 142 152 164 165 175 168 161 164 159 154 150 140 130 124 105 93 109 131 131 136 139 153 153 146 133 128 138 143 145 151 153 166 172 174 181 163 158 163 140 134 135 145 155 152 140 128 136 148 147 145 148 147 132 146 143 141 157 157 161 150 155 171 178 170 168 176 176 169 171 164 167 175 173 180 185
146 138 134 131 135 138 135 150 141 132 132 136 142 146 134 115 120 137 149 148 156 165 163 164 158 148 147 139 145 151 141 135 126 120 103 100 133 147 147 147 152 148 146 143 138 140 133 126 146 147 157 168 167 170 168 169 162 140 139 132 135 154 144 136 128 143 155 150 145 144 148 146 142 137 143 149 149 155 147 154 158 170 179 162 170 177 167 172 171 180 184 161 173 185
139 132 140 142 132 134 145 158 147 130 131 149 155 149 143 136 131 134 149 161 166 168 160 157 148 114 113 133 144 152 135 132 129 124 109 99 129 147 147 155 158 153 156 157 135 116 102 96 132 138 142 166 166 158 166 161 154 145 147 144 142 143 137 140 136 143 165 169 157 136 139 158 150 140 128 113 114 131 140 150 155 161 169 158 157 162 163 162 163 176 181 166 175 176
140 146 156 146 131 132 143 149 142 134 142 154 153 150 142 143 140 126 136 152 152 164 165 151 127 82 89 136 155 155 141 140 136 123 113 88 113 149 158 163 163 162 160 156 138 121 99 93 119 137 147 157 164 171 168 159 161 141 136 151 149 135 136 130 136 144 159 164 148 140 138 147 152 139 114 91 96 130 132 123 137 152 161 160 159 160 162 159 163 176 178 171 172 171
149 150 155 155 149 137 141 147 143 142 155 152 143 144 128 126 134 130 135 138 145 159 167 156 139 106 100 131 151 157 146 142 135 122 114 94 125 156 168 171 166 160 162 155 143 140 123 105 114 131 140 141 155 172 168 167 160 138 137 143 144 129 121 111 135 149 158 162 144 151 146 143 154 147 130 115 126 149 137 126 145 146 151 160 160 158 165 165 163 167 179 167 168 175
152 155 151 161 161 156 154 145 147 150 155 152 146 141 133 126 127 131 138 135 139 144 158 164 152 122 120 145 152 155 145 139 140 124 105 99 132 152 158 169 172 168 164 149 132 121 106 94 114 132 151 148 150 161 155 151 147 148 148 134 130 103 93 114 148 164 173 165 141 151 140 145 162 161 148 134 133 148 144 140 152 151 148 160 164 161 169 163 152 163 181 174 175 171
162 161 154 165 159 155 160 151 147 136 139 152 145 139 138 129 123 118 126 125 123 136 146 153 144 134 141 148 152 158 155 139 133 127 114 121 144 145 149 161 162 169 157 146 138 130 108 73 98 134 151 149 158 154 152 146 138 142 127 112 119 92 88 116 145 173 177 167 143 139 131 143 156 153 146 130 118 136 154 156 144 154 162 156 154 163 168 156 148 157 167 176 180 177
161 161 156 165 162 154 159 162 153 138 140 146 136 125 123 130 128 119 126 128 137 151 153 143 139 146 155 158 162 163 147 127 121 131 117 116 143 150 160 168 153 154 142 139 141 136 124 85 103 141 158 154 145 140 154 155 140 122 96 104 120 99 115 132 142 166 163 166 159 150 136 130 142 152 153 141 125 132 143 149 136 145 163 161 160 164 165 159 143 145 155 170 172 170
158 160 160 163 161 156 153 153 151 146 140 135 126 113 124 140 140 135 125 132 143 148 149 131 124 133 143 152 157 162 143 123 117 125 113 95 105 118 137 152 147 154 149 144 129 126 138 121 123 134 145 138 121 130 153 151 157 145 112 119 115 106 137 147 147 155 151 159 161 162 158 138 130 133 140 141 128 139 149 154 147 144 155 162 166 167 164 167 155 144 156 175 175 171
160 162 154 163 166 155 153 157 150 139 124 115 118 123 142 143 135 138 136 137 133 138 146 135 116 114 132 142 142 154 149 136 128 129 124 98 73 65 91 133 140 149 149 141 126 133 153 143 135 129 127 128 134 150 167 153 159 165 130 116 103 99 128 145 153 149 154 152 146 150 162 162 148 134 136 146 146 156 158 157 155 145 152 159 164 165 167 174 164 154 160 176 168 164
164 169 159 165 163 149 145 156 146 133 127 122 118 118 131 134 129 135 145 144 141 144 136 126 124 113 122 139 145 148 149 146 137 141 137 106 70 45 62 109 127 143 150 147 146 149 152 143 137 142 140 144 156 168 171 164 159 161 150 134 115 111 126 130 144 140 143 144 142 139 149 152 162 162 158 149 150 160 150 137 145 142 155 160 164 168 172 168 162 160 151 154 156 155
163 168 170 162 148 149 138 138 143 138 139 142 131 115 119 123 125 135 146 149 149 139 110 108 126 123 142 144 145 147 147 142 148 154 144 117 85 58 76 108 133 151 149 143 148 150 147 132 127 144 155 158 159 162 159 159 161 158 160 156 136 121 126 126 140 140 135 146 146 138 143 145 161 162 165 156 151 148 140 139 146 142 154 161 164 170 169 162 171 162 149 153 164 157
157 151 154 157 150 151 139 133 140 143 149 154 145 129 128 133 127 134 146 146 132 122 111 119 140 138 151 147 146 151 145 137 152 156 151 147 128 100 103 121 144 158 150 146 145 150 149 129 124 146 173 177 177 171 165 169 167 156 153 161 160 139 128 135 138 129 137 149 141 147 156 157 159 154 150 154 153 150 147 152 152 147 155 160 166 169 165 164 173 164 154 157 168 168
157 149 156 157 153 153 139 133 133 118 129 150 149 147 147 151 140 135 135 137 133 135 135 135 143 147 152 151 159 164 154 142 149 151 153 158 145 140 136 130 142 154 150 156 153 155 140 117 140 158 177 181 185 170 170 174 162 158 164 168 172 167 147 146 136 116 135 158 148 147 155 152 148 157 150 152 152 154 154 153 160 159 159 165 168 166 172 179 172 159 153 148 160 170
159 154 170 161 150 149 139 133 132 109 109 131 138 145 150 157 154 150 146 135 124 136 150 143 137 150 160 161 161 169 159 145 153 152 147 157 151 158 147 132 143 149 151 153 150 156 132 124 170 178 183 180 174 166 174 174 159 150 163 169 165 156 143 142 126 123 136 162 150 144 155 151 153 166 155 147 156 152 150 153 158 161 165 170 169 165 169 171 170 162 159 152 157 158
165 159 170 161 150 139 129 128 136 128 115 109 119 140 151 154 159 153 141 129 103 109 142 150 144 156 173 185 171 173 162 148 159 160 149 153 154 157 143 139 150 139 141 152 149 152 136 136 170 179 183 177 169 174 183 177 168 156 156 159 158 155 148 139 116 121 134 157 157 148 147 148 162 166 153 140 142 135 151 167 163 166 169 172 170 164 165 165 165 163 168 164 156 148
162 157 158 148 142 135 130 135 142 146 137 129 132 129 135 143 145 144 141 137 112 124 156 164 163 164 170 183 173 163 155 151 161 160 157 156 153 149 138 147 159 148 150 153 135 132 139 142 157 170 183 183 177 175 181 174 168 166 152 163 162 160 160 154 125 124 138 145 150 151 150 151 148 142 152 138 129 135 155 158 161 169 166 174 175 163 166 178 175 165 165 174 165 158
161 156 155 146 148 150 142 138 137 143 140 136 137 127 127 144 147 135 124 128 136 162 176 179 179 178 172 182 181 171 158 156 161 156 159 169 162 147 130 140 157 155 154 141 128 131 141 153 164 170 173 183 186 177 181 178 167 174 161 169 166 167 163 157 135 135 140 135 142 143 142 150 143 135 147 134 134 146 149 152 167 175 178 172 163 169 166 170 172 160 162 174 168 156
155 157 157 152 154 149 142 138 139 150 150 137 139 143 129 136 143 136 117 114 139 163 175 183 180 187 187 184 180 174 161 157 160 154 153 165 163 153 136 134 140 144 149 142 146 141 134 150 163 168 172 185 182 175 181 182 172 169 164 165 167 175 166 156 137 128 130 135 142 141 136 145 149 145 141 119 128 145 148 155 161 169 178 164 162 175 162 162 173 162 168 168 161 146
157 158 151 153 154 143 143 144 143 143 137 133 140 140 140 146 127 124 134 125 141 158 173 183 179 187 189 178 176 166 156 160 161 156 155 156 154 157 140 126 135 141 152 155 154 150 140 146 159 163 162 171 176 178 176 184 177 165 164 168 166 168 167 159 142 112 114 137 141 147 150 145 141 141 130 108 132 147 152 158 160 163 159 165 170 162 158 157 172 162 164 164 151 141
158 162 157 153 141 141 146 140 139 135 125 134 151 147 148 140 122 131 148 146 159 173 178 182 181 181 184 181 180 174 156 154 160 152 141 134 137 150 140 122 136 146 139 139 144 165 163 157 159 155 162 165 173 178 176 176 169 168 168 170 164 159 156 158 145 121 130 144 135 136 142 144 137 131 128 127 136 124 127 139 157 163 153 161 154 144 160 155 161 160 152 144 123 124
159 167 165 158 148 158 151 133 131 121 129 144 148 147 147 135 135 134 134 139 156 169 171 180 181 176 182 185 177 172 154 138 144 145 141 140 141 144 136 126 132 146 131 130 132 147 159 161 160 161 176 172 175 173 166 179 182 174 171 157 157 157 161 170 155 129 126 129 129 136 141 147 143 132 131 138 136 123 112 126 148 149 150 164 150 141 152 153 158 150 145 146 135 143
153 153 155 160 152 157 148 138 127 113 138 157 144 140 139 133 137 124 124 132 146 171 175 182 178 173 178 179 170 168 165 147 145 151 144 150 153 138 122 127 135 131 123 124 129 139 163 172 165 163 172 173 177 176 168 173 174 171 170 161 159 158 165 164 156 141 122 122 127 147 147 135 135 130 130 134 134 129 134 151 144 130 133 158 164 152 151 156 153 140 138 144 155 166
141 151 158 161 156 154 147 141 133 130 143 155 143 124 110 118 138 132 128 132 133 149 153 161 163 160 164 168 164 157 152 146 141 144 144 153 156 140 132 132 131 120 115 123 153 168 173 175 169 168 167 171 174 174 162 156 162 171 168 171 174 167 157 158 159 152 148 144 145 152 143 123 136 138 133 133 135 129 137 145 134 126 120 138 159 159 161 163 146 133 131 134 151 160
140 136 143 150 149 145 146 139 128 136 143 150 151 130 119 133 141 138 137 134 128 134 140 140 139 146 158 174 171 154 142 145 145 144 141 147 147 139 149 134 112 113 118 130 151 168 167 163 166 166 163 159 162 178 172 167 176 180 165 159 154 152 152 152 149 150 160 162 169 162 157 131 141 148 140 126 136 147 149 144 145 144 114 116 149 154 148 155 147 138 135 148 162 167
157 148 136 147 145 139 149 147 139 146 153 152 152 136 130 133 128 127 134 133 130 135 141 149 155 161 159 165 161 150 139 143 153 148 144 151 154 138 138 126 106 109 119 132 142 154 154 161 175 167 163 160 159 169 167 169 170 165 169 163 146 154 160 154 147 145 153 161 163 152 150 129 136 144 140 126 138 152 154 160 156 146 127 110 125 139 145 159 146 137 142 159 158 174
145 147 144 153 147 145 151 151 156 155 154 157 158 146 129 125 117 120 134 128 117 118 125 143 170 172 157 162 158 150 150 153 159 147 149 146 142 139 130 132 127 119 121 134 143 154 154 161 167 161 166 169 166 163 163 170 165 161 170 159 141 162 163 156 142 128 146 164 160 152 149 136 144 142 132 133 152 158 160 168 163 156 154 131 119 133 142 142 139 143 148 153 145 159
134 132 135 145 150 153 154 164 163 153 148 142 144 147 138 135 130 136 135 123 107 109 120 138 162 164 159 164 162 154 153 151 146 135 147 140 126 132 129 142 147 139 129 128 139 147 152 157 154 160 174 166 167 163 168 175 174 179 173 147 130 151 158 144 133 125 139 155 159 158 149 151 145 141 150 148 151 158 167 166 167 160 153 140 130 143 149 124 135 151 160 150 150 166
135 134 126 139 156 153 153 158 157 160 155 147 143 152 148 135 135 132 124 119 120 122 122 136 147 148 156 159 153 153 149 145 129 121 144 136 129 151 149 150 146 139 138 133 145 150 159 162 157 163 171 163 168 170 167 168 167 158 160 157 138 149 158 145 149 147 138 146 154 154 141 151 148 137 155 157 142 147 167 158 158 156 152 149 135 142 148 120 127 153 162 153 162 166
133 139 133 149 158 144 148 151 156 161 158 149 135 143 143 139 149 139 144 145 144 139 128 137 145 145 156 164 154 146 153 155 125 118 150 132 117 151 163 160 153 145 147 143 157 167 156 157 169 160 156 158 158 167 165 170 173 158 153 147 136 146 149 150 150 147 143 149 156 154 145 148 150 140 143 157 144 131 141 152 151 150 149 154 140 133 139 127 130 150 163 161 157 147
140 145 142 137 137 133 141 149 152 149 160 159 140 140 134 138 154 150 161 155 152 153 146 151 147 138 154 157 150 138 152 152 126 137 153 141 125 131 147 153 159 161 158 151 157 159 147 152 160 149 152 165 164 165 161 163 166 158 152 143 144 144 146 143 133 147 158 154 154 155 153 150 146 150 143 150 139 116 124 151 156 152 145 150 146 125 126 135 138 147 157 151 142 137
125 134 149 138 133 142 139 134 139 144 158 154 138 140 144 147 148 145 153 151 143 136 138 149 154 142 150 145 137 135 140 138 129 126 131 153 157 142 152 158 151 147 156 149 153 151 153 159 158 145 145 156 165 168 161 155 155 150 147 151 152 135 138 140 128 145 154 158 161 160 160 155 154 160 150 149 133 116 126 141 147 153 156 158 152 133 130 134 140 148 143 136 136 144
124 139 146 142 142 150 140 134 136 139 149 140 131 135 146 146 133 137 138 139 132 123 131 138 144 151 157 157 149 135 133 145 145 129 130 146 140 136 155 158 150 149 152 135 145 145 147 148 154 155 154 149 148 164 155 136 132 136 144 144 142 130 130 136 132 141 149 163 158 157 165 161 154 158 155 151 141 149 162 159 149 153 156 158 152 147 150 151 148 142 140 144 151 156
144 152 138 137 142 145 146 141 135 125 128 136 129 121 137 145 132 136 125 131 137 128 130 123 128 154 157 161 157 131 127 152 152 145 145 147 135 125 136 158 155 150 149 130 140 148 153 151 138 132 141 136 141 151 133 114 119 134 136 127 137 140 140 135 140 148 156 161 157 162 163 156 157 166 165 161 146 159 165 162 161 160 157 153 144 143 152 151 150 137 138 147 158 154
