example/E5 - XRays/X-ray-tomography/rastert_juap44.txt
ncols         356
nrows         356
xllcorner     -0.5
yllcorner     -355.5
cellsize      1
NODATA_value  -9999
[rows 84 to 125 of 356, columns 188 to 281 of 356]
117 121 130 132 132 127 131 133 133 138 148 139 142 145 146 151 141 134 147 148 138 128 130 141 144 136 131 139 115 79 78 108 131 135 145 149 142 153 148 142 133 144 145 134 132 130 120 119 125 138 130 134 139 129 131 138 155 161 151 140 139 143 143 139 145 152 143 133 122 119 133 134 125 119 124 136 142 132 127 117 103 96 84 63 45 43 46 52 60 72 105 131 144 145
117 129 128 116 130 129 133 139 135 134 141 136 142 142 133 145 145 142 155 154 144 136 138 145 146 136 130 126 87 67 74 87 106 116 144 152 146 153 146 140 133 143 145 139 136 136 132 119 112 132 135 130 131 129 134 141 157 167 158 148 149 146 146 141 139 137 128 129 127 123 134 134 123 118 120 136 141 138 138 131 116 97 74 56 48 53 57 59 53 53 89 113 132 140
137 145 142 128 134 130 136 144 141 125 134 139 126 121 123 150 156 146 153 149 146 146 144 140 138 146 144 131 87 66 69 68 90 115 134 144 149 149 151 155 141 142 144 135 134 140 134 122 112 123 133 127 124 135 134 136 150 160 154 147 147 139 138 141 140 129 124 128 135 137 145 146 139 140 142 149 151 145 138 134 131 113 81 62 65 76 84 83 63 61 91 112 127 131
147 148 144 140 136 131 143 141 143 129 129 131 121 114 115 147 157 149 152 151 145 143 146 147 145 154 152 145 117 84 67 55 84 127 128 132 140 139 151 152 141 136 136 136 134 134 123 118 116 115 129 135 134 138 130 132 147 152 151 146 134 129 136 137 137 127 127 130 139 150 158 156 152 154 153 158 155 145 139 140 137 124 105 91 90 101 111 112 100 93 111 128 131 123
142 141 139 132 134 138 147 136 139 139 129 116 123 117 110 150 165 160 153 152 148 135 137 147 151 151 149 153 147 121 99 76 95 138 138 139 142 144 155 148 141 132 123 127 130 131 119 112 113 107 134 150 142 137 133 138 145 147 146 144 131 131 141 134 130 128 137 134 134 144 157 157 159 162 153 155 153 152 150 147 141 132 124 118 120 129 134 138 132 122 130 141 139 133
148 152 154 149 147 145 143 139 141 141 134 115 120 124 129 151 157 165 164 148 136 126 136 147 149 147 149 163 162 147 129 104 117 141 146 152 148 150 158 153 142 135 124 120 127 134 129 118 117 111 146 152 135 135 139 150 145 141 134 127 123 121 132 130 129 130 146 145 141 144 149 154 162 162 153 153 161 163 156 147 139 137 135 131 131 138 147 150 139 133 137 139 141 149
152 162 161 164 157 148 148 140 139 139 133 121 131 144 146 143 140 156 154 138 135 134 150 151 145 142 142 147 151 144 128 120 140 146 152 157 150 150 157 147 130 132 123 120 125 138 142 134 126 120 145 140 135 138 143 150 143 135 134 129 122 118 127 134 134 136 144 146 146 150 145 145 152 151 147 147 159 165 151 141 137 140 138 131 132 141 149 141 133 135 133 134 148 161
148 162 161 163 163 153 151 141 136 143 135 122 136 147 139 134 143 149 141 145 152 148 158 152 146 138 133 128 134 138 131 136 151 151 159 164 161 159 164 149 130 131 125 128 131 133 140 138 127 127 140 141 142 143 147 150 139 127 134 135 128 121 129 140 141 142 144 144 148 154 148 141 145 148 143 142 151 158 144 134 133 136 138 137 137 143 146 135 131 131 134 144 156 168
133 157 155 155 158 145 142 139 140 143 145 136 131 128 124 127 144 143 137 144 147 143 154 154 146 136 132 135 146 156 152 148 151 153 160 165 163 156 161 150 134 128 135 144 142 136 140 138 131 135 134 141 146 148 154 151 143 127 126 131 138 128 131 138 140 139 145 146 153 149 140 131 138 142 138 142 145 141 133 128 130 128 137 145 142 146 149 140 139 136 143 155 161 169
133 151 143 145 144 140 142 144 155 152 142 143 141 132 123 133 150 150 146 141 133 129 138 145 139 139 135 145 163 167 160 153 152 154 163 167 157 143 149 150 139 135 151 159 154 150 149 145 143 144 138 143 146 141 145 149 151 145 141 133 140 135 132 137 141 136 141 143 148 141 134 134 141 136 138 142 140 126 124 126 129 126 136 148 145 149 145 140 141 140 151 155 162 171
144 152 142 136 133 138 141 147 149 147 141 149 147 146 137 140 150 159 151 140 130 128 140 146 138 134 134 153 171 169 161 156 153 147 158 163 146 129 137 137 133 136 150 159 159 160 153 150 155 145 144 151 147 139 140 149 147 147 155 138 135 137 130 122 127 135 139 145 152 141 137 140 145 139 145 150 138 124 133 135 130 123 130 140 142 146 145 147 144 141 147 146 156 164
139 140 136 140 139 133 135 143 136 138 146 155 147 142 139 133 130 149 144 128 124 130 148 147 135 134 141 156 163 167 162 161 157 139 144 146 132 117 117 113 124 139 148 155 158 164 159 151 149 139 151 157 149 147 145 151 153 153 153 137 135 145 133 112 123 140 143 148 148 135 138 140 137 141 150 152 144 137 141 137 133 129 137 142 143 143 146 146 144 149 148 139 149 150
132 137 140 146 142 133 137 139 135 142 142 143 142 140 140 132 131 142 137 130 129 138 142 140 139 140 145 157 156 159 154 147 141 136 139 124 116 118 114 110 121 141 150 156 155 155 148 143 146 142 147 147 147 150 153 152 149 154 146 137 140 145 134 123 140 150 153 154 146 137 144 141 137 147 153 152 152 141 136 136 141 139 147 143 136 141 146 142 137 143 142 138 141 137
135 142 147 134 133 137 138 134 137 146 143 138 138 145 144 146 153 142 129 141 142 147 137 135 143 136 146 156 149 144 145 140 129 136 146 132 123 125 123 118 116 126 136 138 136 143 142 139 148 147 140 136 142 150 156 150 143 152 147 146 148 143 129 131 145 153 159 153 142 143 148 145 142 151 153 150 149 133 133 138 142 146 150 144 139 144 146 139 131 134 142 143 140 137
144 139 141 123 125 142 142 139 149 148 139 138 139 152 149 148 148 139 140 149 151 156 149 149 140 129 145 146 133 137 142 137 131 135 144 139 131 130 128 119 120 131 124 112 117 133 137 137 146 145 140 140 138 140 146 149 145 148 140 146 154 144 132 136 139 146 153 145 139 138 139 140 144 151 152 155 152 139 139 139 143 151 150 149 149 148 142 134 132 138 144 141 137 140
144 145 142 130 127 146 142 139 157 150 141 142 142 144 140 136 131 134 138 132 156 166 158 156 146 131 138 143 137 138 140 136 132 129 134 132 134 143 137 119 130 138 122 113 120 129 133 136 142 139 140 142 128 125 130 132 135 136 132 138 152 144 139 137 132 141 147 145 145 138 133 135 141 147 145 156 153 143 147 148 154 157 148 146 151 147 135 133 135 136 144 145 133 133
144 152 143 134 137 149 147 150 164 156 151 144 141 140 136 139 136 135 142 140 164 168 158 148 142 130 135 146 146 139 133 136 128 130 139 136 140 144 142 128 129 124 123 136 134 123 117 131 143 141 142 141 127 126 125 125 136 131 130 132 138 146 153 143 139 152 144 139 136 139 141 136 133 137 140 151 147 144 152 152 157 155 149 149 150 145 135 136 133 136 150 154 143 141
145 139 137 137 142 147 159 166 163 158 159 146 140 139 141 141 142 140 149 137 150 157 155 141 135 135 147 153 141 130 132 135 124 134 145 147 146 132 133 127 121 127 139 151 136 112 102 120 148 151 150 147 143 142 136 133 136 130 136 134 135 146 155 145 140 148 143 139 136 137 140 134 128 137 153 154 140 143 149 146 150 154 152 147 145 138 134 140 137 143 151 153 148 147
140 127 131 138 143 148 161 158 157 160 149 143 145 133 142 144 146 142 143 128 140 148 142 136 134 142 152 149 137 136 144 140 130 141 154 152 141 125 124 121 123 138 144 146 144 136 135 135 151 151 155 157 149 144 142 135 131 131 143 142 138 144 147 147 137 136 145 150 140 137 145 139 132 149 157 145 139 145 149 148 153 154 151 146 142 131 129 142 146 147 149 148 149 150
143 141 135 139 142 149 163 156 160 165 143 142 151 130 140 147 150 147 138 132 141 139 135 137 136 141 149 149 145 144 142 149 151 144 151 149 131 115 117 130 142 151 152 147 149 153 151 144 159 165 166 162 155 145 138 138 141 130 135 140 141 145 146 145 142 144 147 149 140 140 149 141 133 143 142 135 148 152 154 150 154 150 146 142 137 131 134 146 151 145 142 143 145 142
140 146 138 136 138 145 158 155 150 143 143 149 148 126 133 146 146 148 144 142 140 138 136 123 123 137 149 157 153 151 151 162 153 135 145 134 120 119 130 142 143 148 147 146 148 158 150 142 158 173 162 156 159 143 130 141 143 127 131 137 141 147 145 143 147 150 152 153 146 139 139 138 136 141 133 135 147 150 154 148 150 148 148 146 137 130 137 146 150 143 139 141 139 136
134 140 135 138 145 144 138 142 138 127 130 140 140 125 132 151 153 150 149 147 133 127 119 102 115 141 148 156 150 153 156 156 142 126 139 123 116 133 141 142 138 149 151 152 150 159 155 143 155 167 153 156 153 135 129 141 139 131 135 142 141 149 148 149 147 147 150 147 145 140 137 136 141 145 137 144 143 143 146 142 142 141 150 147 144 138 138 138 136 137 135 134 135 140
128 132 132 134 135 141 133 143 145 136 131 136 140 133 135 154 161 155 149 152 139 120 117 111 118 133 138 154 152 154 159 154 138 121 130 123 124 138 137 135 131 138 149 147 140 148 146 136 140 149 145 147 136 126 127 133 136 136 133 142 136 145 154 152 142 148 142 137 144 145 142 135 138 144 143 149 147 137 134 135 143 142 139 135 142 142 132 128 133 140 138 133 138 146
133 136 144 136 127 138 132 143 151 142 135 140 146 138 138 148 151 148 141 149 149 133 125 125 121 130 139 157 156 159 165 156 135 125 126 126 131 130 127 134 136 127 130 134 141 145 139 142 143 138 141 133 125 129 121 121 130 136 140 146 138 140 148 148 147 158 144 139 153 152 146 142 139 143 146 153 146 131 130 133 138 139 134 130 137 144 136 133 142 147 146 141 140 134
137 143 152 145 137 141 138 136 143 140 138 140 138 136 132 141 149 145 139 145 152 148 129 127 121 128 139 145 146 149 151 144 137 140 135 135 131 127 126 130 136 120 123 134 147 145 141 149 146 135 146 141 130 137 132 131 139 141 141 138 134 141 146 141 140 143 141 143 150 144 145 148 145 144 145 150 136 126 133 136 129 131 143 136 132 152 149 139 144 147 154 148 141 130
146 153 147 149 144 139 146 132 131 141 145 137 122 135 142 148 152 149 149 148 149 150 136 138 135 137 138 129 131 131 138 144 142 136 134 142 138 126 125 128 123 114 133 145 143 130 126 137 140 137 143 143 140 149 144 139 141 141 134 131 133 145 144 139 138 136 140 146 144 144 145 144 142 139 144 143 129 126 134 141 144 142 148 141 139 152 150 142 141 144 154 146 140 136
149 146 144 149 140 136 147 141 138 135 144 131 116 134 153 155 146 136 140 142 148 153 146 146 141 134 123 120 132 128 139 149 141 133 137 138 135 118 112 128 132 135 156 153 142 126 129 139 142 144 141 146 149 152 141 136 135 140 137 133 137 141 140 141 145 147 151 156 152 158 155 152 152 142 141 145 140 132 136 141 150 145 146 142 137 139 148 145 138 143 154 146 143 145
141 133 139 137 132 135 138 140 138 131 143 134 132 145 156 154 144 143 143 134 144 151 150 147 142 131 112 119 131 130 149 147 139 144 145 133 131 120 114 126 134 149 162 156 155 145 148 144 145 151 147 147 148 152 153 144 127 132 142 139 144 142 141 146 152 154 157 164 163 166 165 163 162 154 142 141 147 142 142 140 151 147 144 134 122 126 139 143 145 150 153 142 142 147
143 142 142 133 135 138 132 135 137 140 135 134 148 156 152 142 135 142 149 137 143 150 141 143 140 131 119 127 127 128 149 145 137 145 142 133 135 134 127 124 131 151 152 151 164 162 157 154 148 141 136 140 148 152 161 151 126 135 147 144 149 153 152 149 153 155 157 168 168 163 163 162 163 153 138 134 146 147 144 139 154 152 145 133 130 139 143 145 145 149 149 145 145 150
139 140 138 132 135 143 132 133 137 140 133 142 157 154 148 139 129 130 138 135 137 145 132 136 133 134 134 139 133 138 147 144 140 145 141 134 136 145 142 130 131 144 150 155 163 166 159 156 146 141 133 133 142 148 156 143 138 140 146 146 152 155 146 136 145 148 148 163 170 167 160 156 161 151 144 143 145 139 143 144 148 139 127 129 144 160 163 159 149 145 149 152 149 151
137 143 140 142 140 137 133 132 136 137 140 148 151 148 158 159 143 133 132 137 132 144 138 139 131 135 136 146 147 144 140 133 128 138 142 138 138 147 155 145 120 114 141 155 155 164 159 150 143 142 139 138 137 139 142 133 136 133 143 145 148 151 138 128 135 142 150 163 172 170 165 166 163 148 144 142 140 136 143 142 130 113 113 130 156 171 173 169 157 144 141 144 143 147
145 138 135 141 138 127 132 132 135 140 140 140 131 137 151 154 142 138 130 132 136 147 142 151 149 148 142 138 128 131 140 139 130 132 144 141 140 146 154 149 114 99 136 145 142 153 149 143 133 128 135 151 144 140 137 137 138 139 150 147 140 139 139 135 139 141 147 161 172 167 168 172 165 151 143 143 145 143 146 141 131 116 127 149 170 178 177 175 162 146 134 134 136 141
146 133 128 134 134 129 143 141 136 139 138 131 130 129 124 128 136 144 134 135 137 135 137 156 167 159 148 134 113 117 146 155 151 151 156 147 143 136 135 143 130 119 138 133 125 136 140 132 128 131 132 146 151 149 142 144 145 147 150 132 119 127 135 134 139 139 137 150 165 171 172 168 164 153 135 140 152 156 153 146 146 146 157 171 176 178 173 171 158 138 131 132 136 139
124 124 141 148 142 138 144 140 141 136 140 138 128 121 117 122 138 148 140 143 133 133 146 160 171 157 144 125 126 134 151 151 159 163 157 143 137 111 115 142 136 129 134 135 124 123 136 132 138 140 130 143 153 157 150 140 137 138 147 128 118 129 134 133 142 148 142 151 163 169 167 161 163 148 135 146 160 165 160 163 162 167 175 176 171 169 173 166 152 138 137 138 139 138
106 125 151 161 160 150 135 141 148 136 137 140 127 123 136 139 138 143 145 146 138 149 147 149 153 140 132 116 139 152 151 149 152 158 151 130 109 84 102 136 139 138 131 136 139 128 132 134 133 129 131 142 147 153 147 127 111 118 130 118 126 137 138 146 153 150 147 151 157 155 149 144 147 142 150 155 160 167 168 173 174 175 171 169 166 168 174 169 156 139 135 137 137 133
116 136 158 169 152 142 135 136 137 142 140 139 128 118 134 147 127 138 153 149 140 153 144 141 135 129 129 130 149 150 150 152 152 157 151 127 93 71 100 134 143 140 130 140 152 137 127 131 125 122 133 137 134 138 139 132 120 123 122 113 134 142 142 146 143 137 146 148 152 147 137 135 143 152 164 159 159 163 164 171 177 177 173 175 171 166 165 166 156 139 130 141 145 139
134 142 155 160 135 138 141 129 127 145 141 134 130 112 108 127 127 140 149 143 141 154 147 135 117 116 121 135 150 142 146 143 140 150 145 123 92 74 110 137 144 137 125 129 142 137 122 129 117 112 124 123 119 122 129 136 139 137 133 132 151 161 155 146 136 135 141 143 150 139 134 145 158 165 169 160 164 163 165 168 170 171 171 173 169 165 164 166 158 143 130 147 152 145
137 139 144 142 129 137 139 135 130 134 139 134 137 120 95 109 131 139 138 141 152 145 126 119 103 98 116 135 138 140 151 131 129 139 133 122 86 81 116 133 143 135 119 125 131 135 126 125 118 107 115 122 125 118 123 139 141 135 137 144 154 162 158 153 144 140 137 136 147 145 143 150 153 155 160 158 165 164 169 170 173 172 172 173 173 174 172 168 158 143 131 143 151 144
139 143 134 134 134 137 134 138 137 128 132 130 122 117 123 126 130 137 137 143 154 145 130 130 126 110 121 137 128 137 144 122 125 130 124 129 99 100 133 145 141 133 134 134 135 149 143 132 131 119 117 123 133 130 126 133 134 141 141 148 147 149 153 154 135 127 138 136 143 147 144 141 140 138 150 156 160 166 169 169 171 172 170 174 176 172 165 161 157 142 130 134 146 144
133 139 126 128 136 138 139 134 130 137 138 134 119 127 149 141 132 133 146 150 152 152 146 141 142 129 129 135 133 133 126 107 121 128 128 143 134 133 143 148 142 133 138 138 139 150 142 137 132 132 130 129 132 136 136 135 136 148 134 140 143 148 159 154 125 124 140 138 141 142 145 136 133 133 151 158 153 156 156 165 167 170 169 175 174 168 162 161 155 139 127 127 136 138
139 137 130 119 141 141 125 124 128 140 136 129 127 136 148 143 136 124 137 145 148 150 144 140 137 139 139 130 130 125 104 102 130 137 140 146 145 142 140 136 139 132 131 131 131 141 133 134 134 133 135 138 133 130 138 150 147 143 132 138 140 146 158 156 132 133 138 141 140 135 146 142 137 142 156 150 148 157 154 154 156 167 166 158 162 163 156 150 137 132 131 135 137 135
143 146 148 127 142 146 131 130 135 143 143 133 124 130 141 127 116 119 138 147 152 152 139 131 117 120 132 134 130 114 85 106 138 154 160 144 137 140 139 139 142 138 131 125 135 145 131 131 137 133 133 128 120 118 131 144 144 144 148 144 138 143 151 150 139 143 137 146 147 144 144 143 142 143 143 133 147 159 155 148 141 136 129 127 137 150 147 136 130 134 133 136 136 131
