example/E5 - XRays/X-ray-tomography/rastert_juap12.txt
ncols         356
nrows         356
xllcorner     -0.5
yllcorner     -355.5
cellsize      1
NODATA_value  -9999
[rows 210 to 251 of 356, columns 0 to 93 of 356]
255 255 255 255 154 157 154 140 118 119 129 133 140 147 150 157 165 163 158 164 170 168 166 168 172 166 166 171 171 175 177 175 173 177 180 178 178 175 172 174 173 177 170 163 164 160 161 156 122 117 149 160 155 156 159 164 164 160 158 145 99 89 132 155 161 160 149 136 140 134 135 156 163 166 166 162 158 150 148 150 139 129 130 125 122 125 146 147 132 134 140 142 145 137
255 255 255 255 154 155 155 152 133 129 141 144 136 137 149 158 158 166 167 169 167 162 158 164 171 167 168 168 168 171 170 169 171 176 177 174 169 168 175 179 179 176 172 175 178 172 165 162 148 140 146 145 148 164 171 170 167 155 152 149 120 119 150 159 157 156 141 128 128 129 139 150 153 159 162 160 164 158 150 146 122 118 123 111 111 125 140 139 133 133 137 138 139 134
255 255 255 255 157 154 152 153 143 139 149 150 139 135 146 156 160 171 173 166 160 158 158 161 165 167 171 173 174 176 174 175 175 180 175 173 173 168 172 172 170 168 173 172 165 165 159 163 164 156 150 132 136 158 171 171 164 152 147 154 143 148 160 158 158 159 140 130 139 143 156 154 148 154 160 160 158 156 151 129 90 72 68 61 79 111 133 140 135 129 135 138 134 129
255 255 255 255 161 159 149 143 146 149 147 144 148 144 142 153 165 171 171 166 166 167 166 162 160 161 167 170 172 174 179 182 177 176 171 172 175 170 171 172 166 159 165 169 164 168 167 164 167 169 152 126 134 148 153 153 150 157 158 158 151 151 157 162 162 153 135 128 138 141 155 161 158 162 162 156 150 165 167 131 69 28 19 24 39 76 122 134 135 129 128 144 135 124
255 255 255 255 171 167 153 144 144 152 150 148 157 154 148 152 159 163 165 168 169 168 165 165 166 167 167 165 164 171 175 175 173 169 168 171 173 171 168 170 170 167 174 176 171 170 173 167 167 166 140 125 149 155 143 143 147 157 162 162 159 162 166 166 155 147 143 141 147 149 149 154 159 164 159 148 148 175 188 133 56 21 23 27 37 79 128 140 134 136 143 145 137 133
255 255 255 255 255 162 159 158 149 150 157 157 162 157 149 152 156 164 164 164 163 165 169 169 163 163 165 164 167 172 172 171 167 167 170 173 175 174 172 172 173 173 172 171 172 169 169 169 168 158 145 145 149 154 153 150 152 152 154 157 158 161 170 169 159 149 148 152 158 162 156 152 152 156 154 150 139 151 153 94 39 30 33 28 53 109 137 143 135 140 144 130 121 126
255 255 255 255 255 160 156 156 149 145 151 153 153 149 149 156 155 158 163 163 161 164 169 166 159 165 166 168 170 167 166 167 165 169 169 169 169 167 171 176 169 169 169 170 167 169 171 168 166 156 149 154 150 156 162 156 153 152 164 161 156 158 158 151 148 143 144 151 147 146 149 145 135 146 149 139 128 119 94 49 29 33 30 47 94 137 144 141 140 144 142 141 131 132
255 255 255 255 255 159 151 149 145 140 138 140 145 144 150 157 157 158 160 160 163 167 159 156 158 163 162 161 165 165 165 164 168 170 166 166 166 166 170 171 167 170 167 169 165 167 168 165 166 161 160 159 159 156 143 131 144 147 152 150 150 161 157 145 128 121 132 143 125 109 124 133 129 134 131 123 123 116 92 60 40 43 57 87 128 144 144 142 150 152 145 150 143 141
255 255 255 255 255 154 153 158 152 143 127 118 126 129 135 145 152 156 153 150 154 158 152 159 161 156 152 152 153 151 155 155 164 164 161 162 161 163 170 166 160 172 169 167 168 167 170 165 161 146 146 154 152 138 110 115 148 152 154 164 157 156 144 123 89 76 90 99 80 63 86 106 114 123 135 143 138 132 123 105 80 86 107 122 145 153 155 151 154 155 159 151 142 140
255 255 255 255 255 255 157 156 151 152 127 108 114 110 115 131 140 143 139 133 140 149 151 158 157 154 147 148 152 147 148 150 155 154 153 159 156 154 158 157 156 163 162 165 165 162 165 161 158 147 137 142 147 137 121 139 152 149 158 163 152 153 146 114 67 38 29 34 47 56 72 76 91 115 135 152 151 147 138 131 121 126 138 144 155 164 164 157 155 159 168 158 155 158
255 255 255 255 255 255 157 156 154 155 140 127 134 120 116 125 138 145 137 128 134 139 146 152 158 161 147 142 142 146 148 144 145 152 156 156 151 152 161 156 158 157 159 160 159 160 158 161 158 146 136 140 154 153 154 166 163 157 158 153 155 158 150 131 84 38 24 29 39 56 66 57 73 102 124 135 143 146 144 143 136 138 143 149 153 167 168 160 160 170 168 157 162 165
255 255 255 255 255 255 152 147 147 153 155 149 146 138 131 124 127 137 132 125 128 134 146 152 150 151 144 142 136 138 145 146 148 154 153 152 148 150 157 151 159 161 160 162 159 162 161 165 154 139 140 146 151 150 153 158 160 164 163 154 162 164 153 140 95 37 28 34 34 41 38 37 63 85 101 122 140 145 149 146 142 146 147 158 158 161 162 163 166 164 162 165 168 161
255 255 255 255 255 255 150 141 144 156 160 147 140 145 144 140 139 139 138 133 126 121 127 136 139 143 150 153 144 142 140 139 144 151 149 151 153 150 152 153 162 165 155 153 154 159 157 153 147 134 134 142 152 145 144 156 162 164 164 158 161 166 159 150 109 51 30 28 33 33 32 36 53 64 83 122 138 138 144 143 142 149 152 159 162 158 157 162 162 160 163 166 162 154
255 255 255 255 255 255 255 140 147 157 157 149 145 155 161 163 159 150 137 124 112 106 106 111 123 136 152 161 156 153 143 133 137 145 149 154 156 152 147 150 155 155 149 155 154 145 141 138 135 123 124 139 148 141 142 160 159 157 156 162 171 166 156 153 124 71 35 26 35 33 38 50 55 55 75 119 143 147 156 151 147 149 157 162 165 164 167 168 165 164 163 163 160 157
255 255 255 255 255 255 255 139 145 153 153 151 152 158 162 164 155 142 121 104 96 95 99 110 118 127 148 161 159 158 147 134 132 138 144 150 152 147 144 148 148 152 150 148 132 114 109 107 106 99 118 145 149 141 145 157 155 156 156 158 157 153 152 149 113 61 34 23 37 50 63 78 83 73 83 123 153 162 162 150 150 154 160 165 162 164 170 164 164 160 159 167 166 158
255 255 255 255 255 255 255 155 155 152 147 146 151 156 155 159 153 129 104 92 97 102 111 119 113 112 136 150 151 155 152 141 135 138 145 153 152 151 154 154 148 151 146 128 102 89 81 74 80 96 121 135 136 120 131 154 162 167 164 160 155 160 157 146 102 40 25 27 49 74 93 111 120 115 119 136 154 154 146 146 154 154 161 163 156 162 167 160 160 165 160 161 162 152
255 255 255 255 255 255 255 161 160 154 153 157 155 150 146 148 147 131 110 96 102 111 131 139 128 124 139 151 155 158 157 154 148 140 139 146 153 156 157 155 150 150 146 125 109 97 78 69 81 99 119 128 137 128 134 152 159 161 153 155 158 161 156 145 105 46 43 72 99 115 126 138 145 142 145 156 153 138 140 148 146 145 151 159 159 165 164 158 149 155 158 159 155 144
255 255 255 255 255 255 255 255 154 149 152 159 158 151 143 141 134 124 117 118 123 127 147 151 142 143 152 157 161 166 166 166 159 144 139 143 152 156 155 157 157 151 142 123 122 121 104 89 98 113 128 136 147 146 148 152 148 150 145 150 155 154 153 144 102 56 74 115 133 138 138 146 155 156 160 173 165 153 150 144 140 149 150 151 151 155 152 155 155 155 156 166 161 142
255 255 255 255 255 255 255 255 152 150 154 158 158 146 140 146 139 127 127 137 144 151 155 155 151 144 145 154 163 169 167 163 153 147 147 143 148 154 157 159 156 147 138 127 134 142 137 123 124 126 130 132 137 140 145 144 143 155 157 153 149 153 154 145 113 90 110 134 145 148 138 146 154 154 155 158 154 153 149 146 141 143 145 143 144 143 145 156 162 155 152 161 149 123
255 255 255 255 255 255 255 255 155 154 158 157 144 127 133 143 143 143 144 152 163 169 165 165 160 148 143 152 169 170 162 158 149 142 137 134 137 140 151 157 149 143 142 141 143 141 139 136 135 127 117 113 127 137 142 140 140 146 148 150 148 152 146 140 128 116 129 141 148 153 146 150 155 155 160 156 153 151 144 146 146 144 142 134 130 138 153 160 160 154 151 152 128 101
255 255 255 255 255 255 255 255 255 154 153 149 131 119 132 148 155 157 155 162 170 169 165 167 161 156 160 160 164 162 159 160 155 147 136 135 134 136 144 146 143 148 158 156 148 139 138 136 130 123 113 116 137 150 151 146 146 148 146 149 147 146 141 143 139 127 134 139 138 143 137 144 152 160 160 154 157 153 147 152 157 153 149 135 135 149 153 152 153 147 144 139 119 101
255 255 255 255 255 255 255 255 255 158 154 144 128 118 124 146 160 160 161 165 167 168 167 164 158 160 161 157 159 160 165 168 164 156 136 130 132 129 131 141 149 153 156 160 161 149 140 141 138 148 146 139 146 154 153 152 151 146 144 143 142 141 139 139 142 138 141 135 134 146 144 150 150 154 154 159 160 156 156 155 154 144 142 144 157 163 152 150 145 133 132 128 114 105
255 255 255 255 255 255 255 255 255 161 157 153 148 140 137 148 158 162 169 166 165 170 174 169 162 164 163 160 160 163 166 162 155 149 139 142 146 135 137 146 152 154 153 156 161 148 139 149 150 153 155 154 154 150 147 148 147 145 147 141 141 148 134 115 119 135 149 145 145 152 154 156 155 150 152 156 151 150 153 153 151 142 142 158 162 159 151 145 143 138 127 111 101 107
255 255 255 255 255 255 255 255 255 255 155 158 158 159 156 153 153 156 158 160 169 175 171 163 167 167 167 167 163 163 163 155 152 154 153 149 144 141 143 143 148 152 156 161 160 145 137 153 158 157 158 162 158 149 154 159 159 153 149 147 149 151 138 119 117 135 148 146 151 153 159 154 155 146 143 145 157 161 157 157 158 152 152 166 159 150 147 147 140 127 114 104 103 113
255 255 255 255 255 255 255 255 255 255 155 156 157 160 161 157 154 154 153 153 162 169 168 166 169 166 170 173 172 171 164 152 149 155 153 147 144 147 149 144 145 150 156 162 153 149 149 152 159 165 159 148 151 154 158 158 161 159 155 154 150 149 150 153 146 142 143 140 147 158 158 148 146 148 149 149 163 164 157 155 159 162 162 161 153 142 141 148 141 122 109 111 119 131
255 255 255 255 255 255 255 255 255 255 160 160 161 166 168 162 159 161 160 156 153 157 163 166 169 170 171 164 165 165 155 139 140 143 138 142 147 152 161 159 157 155 154 150 138 144 148 141 152 155 153 155 162 162 162 150 136 141 150 150 156 156 152 158 153 138 141 148 148 149 145 142 144 147 148 149 153 148 149 153 155 162 165 163 156 152 142 148 146 132 117 113 123 135
255 255 255 255 255 255 255 255 255 255 255 155 156 164 161 154 157 162 160 162 153 150 153 156 163 167 158 150 159 161 144 121 124 129 134 140 138 139 154 163 163 155 142 141 144 148 146 143 152 155 156 158 150 145 151 145 133 133 136 139 152 150 143 143 137 132 130 139 152 145 132 137 147 144 144 141 141 145 158 160 155 162 160 155 160 160 152 152 141 139 124 113 129 142
255 255 255 255 255 255 255 255 255 255 255 145 147 153 148 140 139 147 155 164 159 155 154 153 158 156 153 157 160 148 123 103 114 132 138 133 135 139 149 158 156 152 151 148 140 136 136 141 148 156 150 140 133 131 139 140 135 132 137 142 144 145 140 131 124 128 128 137 152 152 149 153 149 141 152 152 149 150 155 156 157 163 159 158 167 157 160 165 151 152 135 126 141 146
255 255 255 255 255 255 255 255 255 255 255 153 153 155 153 153 151 144 141 146 148 148 144 143 147 142 144 151 146 124 95 83 98 121 130 132 145 152 152 154 150 150 154 149 138 138 142 144 147 151 150 145 141 144 145 138 145 144 144 153 154 143 130 121 114 115 127 139 142 150 163 159 146 147 159 164 164 152 147 152 154 155 156 155 164 158 156 158 151 142 131 136 140 137
255 255 255 255 255 255 255 255 255 255 255 255 154 159 161 162 159 148 130 121 124 134 128 121 123 121 124 131 124 96 73 67 76 103 130 138 142 150 153 151 148 153 156 149 141 142 143 144 150 145 146 148 146 150 146 133 147 150 146 153 147 132 124 123 125 123 126 134 136 146 158 151 148 154 160 162 155 147 154 151 151 154 151 151 152 155 160 148 138 130 123 129 134 133
255 255 255 255 255 255 255 255 255 255 255 255 157 158 155 154 154 151 140 121 120 138 139 120 109 107 118 132 122 98 88 78 76 104 138 145 143 150 149 143 149 157 151 142 139 145 148 142 146 144 143 145 150 149 135 126 141 144 139 139 133 139 142 136 136 141 132 122 130 147 154 152 151 146 150 150 144 142 152 146 151 158 144 147 154 152 151 141 139 136 135 136 133 130
255 255 255 255 255 255 255 255 255 255 255 255 156 151 149 152 151 146 143 130 128 141 143 121 102 109 133 149 145 133 123 107 101 121 139 145 149 153 149 142 147 152 151 149 149 148 146 139 142 151 150 149 149 145 125 117 136 139 133 136 134 139 144 144 141 145 130 108 122 146 143 139 143 146 150 151 149 144 145 141 149 154 147 150 151 146 141 146 153 146 144 143 128 126
255 255 255 255 255 255 255 255 255 255 255 255 255 147 152 151 143 142 144 138 135 137 138 123 116 135 154 155 150 148 143 136 135 142 146 152 158 154 148 144 151 154 148 154 159 150 149 146 144 148 149 147 147 149 136 126 128 130 145 151 146 148 144 146 148 146 143 134 146 159 150 146 150 156 157 155 149 147 146 142 144 146 145 141 136 136 136 143 148 146 142 137 125 127
255 255 255 255 255 255 255 255 255 255 255 255 255 151 153 145 135 135 144 144 141 140 142 139 140 153 155 151 147 146 150 153 154 156 160 164 162 156 152 149 152 142 129 144 159 161 162 155 142 145 147 142 144 150 146 138 140 143 151 151 155 159 146 145 147 149 153 153 163 166 161 162 158 159 163 162 151 145 141 133 138 142 137 128 125 131 141 145 145 149 140 133 131 130
255 255 255 255 255 255 255 255 255 255 255 255 255 255 149 141 133 130 138 143 146 146 146 145 136 143 151 152 150 154 160 159 153 157 163 164 158 154 151 150 153 138 122 134 154 164 165 161 151 151 145 140 137 139 143 146 148 138 136 144 154 156 146 142 138 145 155 165 170 166 162 162 157 165 170 166 163 157 151 140 145 152 141 134 138 140 146 147 146 155 151 148 148 139
255 255 255 255 255 255 255 255 255 255 255 255 255 255 152 145 142 133 137 144 151 159 162 148 131 136 150 150 145 148 152 155 153 158 158 157 159 156 152 149 151 149 143 142 149 155 155 161 160 148 135 134 140 148 151 149 144 138 143 148 154 151 145 134 139 149 156 170 172 169 163 162 162 171 173 173 168 155 153 146 145 154 152 149 149 155 161 151 148 161 149 144 150 146
255 255 255 255 255 255 255 255 255 255 255 255 255 255 255 149 151 144 142 140 143 153 155 147 140 140 149 147 133 131 138 147 149 150 153 157 160 155 151 146 147 148 155 153 152 160 157 157 158 151 142 140 144 146 143 144 144 144 146 144 148 143 138 132 144 159 169 174 167 166 168 173 170 168 170 167 158 152 152 141 139 155 161 158 153 155 162 152 151 160 151 153 147 138
255 255 255 255 255 255 255 255 255 255 255 255 255 255 255 154 153 144 139 139 140 146 146 142 135 127 133 135 126 132 139 141 142 145 155 163 160 152 150 149 152 150 156 155 159 168 161 155 157 153 151 150 147 145 138 145 150 143 138 139 140 139 136 144 153 167 181 177 170 173 171 167 162 169 172 166 167 157 154 143 140 147 147 146 145 141 152 153 149 148 155 163 155 150
255 255 255 255 255 255 255 255 255 255 255 255 255 255 255 158 158 151 145 143 137 134 139 144 138 122 130 140 144 153 149 140 136 137 146 154 151 138 136 140 145 148 153 151 156 156 154 159 159 151 150 151 148 144 134 143 147 146 147 143 143 147 146 152 152 155 164 164 171 175 166 163 164 168 167 165 165 151 150 149 148 146 146 148 146 144 157 162 151 147 152 146 144 150
255 255 255 255 255 255 255 255 255 255 255 255 255 255 255 255 157 148 145 141 132 128 138 152 148 135 139 145 150 156 151 145 128 125 146 156 143 111 92 105 126 140 146 143 147 144 155 163 155 147 150 156 148 138 137 151 158 154 150 145 149 155 153 153 150 146 153 160 168 172 168 165 168 169 166 164 160 152 138 127 139 138 136 143 142 143 155 156 143 142 144 138 136 141
255 255 255 255 255 255 255 255 255 255 255 255 255 255 255 255 143 137 142 138 137 141 152 156 150 147 148 151 153 153 152 149 134 130 144 149 133 100 81 94 122 140 144 147 141 138 146 149 147 151 151 151 149 144 143 154 157 147 146 147 153 151 147 143 142 144 150 154 160 161 163 168 169 175 173 166 159 154 138 127 145 148 142 144 144 133 141 146 137 143 146 137 136 143
255 255 255 255 255 255 255 255 255 255 255 255 255 255 255 255 255 140 141 133 134 147 156 149 143 144 149 152 148 154 159 161 152 142 136 136 128 109 105 121 141 156 159 153 131 125 131 139 147 153 153 153 155 146 139 154 161 151 152 155 153 149 141 134 144 151 150 147 148 150 151 153 153 159 169 164 149 146 142 137 152 149 149 158 149 125 130 145 146 151 159 149 149 148
