example/E5 - XRays/X-ray-tomography/rastert_juap24.txt
ncols         356
nrows         356
xllcorner     -0.5
yllcorner     -355.5
cellsize      1
NODATA_value  -9999
[rows 294 to 335 of 356, columns 94 to 187 of 356]
145 153 160 160 160 164 154 142 147 152 148 139 117 97 93 100 111 128 139 149 144 139 150 156 157 157 152 131 118 124 141 149 151 148 145 148 157 155 165 169 163 168 160 145 110 73 61 53 77 109 129 139 140 129 120 114 119 150 152 149 150 151 151 142 137 144 140 137 137 134 137 142 143 145 156 150 157 163 151 153 152 150 149 152 154 164 159 142 139 138 150 159 160 170
141 150 162 165 165 169 159 144 142 143 143 137 103 71 60 71 103 135 145 140 141 144 151 151 148 155 154 126 114 124 144 150 151 146 140 141 151 154 160 163 163 167 159 147 116 77 64 67 96 122 139 150 153 137 121 114 128 156 145 146 152 150 148 131 126 139 143 153 152 145 145 147 143 147 153 150 153 152 149 150 147 137 138 149 157 159 147 141 141 134 150 158 153 156
145 147 164 168 166 166 157 142 134 130 132 125 95 68 57 75 117 146 144 132 135 139 142 143 149 158 148 128 128 136 150 151 145 147 150 152 154 152 158 169 166 158 150 147 133 107 102 111 124 135 146 158 157 144 123 113 134 155 145 152 153 144 135 128 137 138 137 151 151 146 146 149 144 148 149 148 152 159 156 153 151 138 137 148 154 150 144 141 145 139 143 150 148 143
153 163 172 167 163 159 151 137 117 104 107 103 89 79 81 95 127 151 142 132 136 142 142 137 147 156 151 145 144 147 152 149 146 151 151 150 152 156 159 162 155 142 136 140 143 137 139 142 133 138 153 158 144 136 117 106 137 165 157 151 138 124 128 141 145 139 137 143 153 149 145 147 145 145 151 147 153 162 160 162 160 147 156 164 159 159 160 150 155 157 144 140 140 136
154 165 171 165 161 160 149 122 91 86 101 101 103 104 115 127 136 151 145 137 143 147 143 139 145 151 153 153 149 147 147 155 154 151 147 138 139 150 150 147 147 142 139 138 137 137 140 145 139 140 153 148 125 106 98 109 144 166 154 142 131 117 118 141 148 144 145 146 155 154 149 148 147 146 155 150 155 160 159 164 161 154 167 169 166 164 163 162 163 160 149 143 134 124
156 156 159 159 163 159 138 102 84 97 124 128 129 116 123 140 140 145 143 131 137 152 145 136 134 134 144 148 143 146 144 151 155 151 148 141 144 148 145 139 143 140 139 129 127 138 138 144 148 148 150 143 118 89 95 126 153 159 136 122 131 128 121 141 149 145 149 151 153 155 156 153 151 147 154 154 157 160 159 164 161 160 172 169 168 164 156 161 164 155 143 142 131 109
151 145 151 157 161 146 112 97 111 130 144 145 142 123 116 133 137 145 146 130 136 147 140 131 124 133 150 152 146 148 145 149 153 151 144 140 143 147 149 144 142 136 141 130 125 137 139 146 149 142 138 131 113 106 127 147 157 155 135 123 128 130 129 138 143 145 152 156 156 161 161 159 158 153 155 154 158 167 167 168 165 163 174 180 173 168 165 168 162 146 134 137 135 128
154 146 150 153 151 131 102 104 132 150 154 155 153 133 118 134 141 148 150 141 140 139 135 124 122 141 157 159 150 149 149 148 150 146 138 141 144 151 157 146 139 134 141 139 136 146 152 157 144 135 138 123 109 121 146 154 152 148 137 133 131 126 132 141 143 147 153 156 154 159 160 159 152 153 159 156 159 163 167 173 169 167 179 185 173 167 164 160 153 140 132 132 137 147
164 157 150 148 144 134 117 118 142 157 161 160 149 134 131 140 140 140 143 143 143 138 128 107 116 136 148 157 154 152 157 154 154 152 139 145 152 154 153 145 143 145 150 146 138 143 151 154 135 129 140 120 104 122 145 152 153 154 151 153 146 133 134 140 143 149 148 151 157 156 156 157 149 154 162 163 169 166 165 173 173 173 178 176 169 167 162 155 152 142 136 138 139 149
161 154 155 152 147 144 133 131 146 156 155 151 143 142 145 146 138 129 133 143 149 143 125 101 108 130 149 155 154 152 147 141 147 156 150 147 145 138 143 148 141 150 161 152 142 146 148 144 125 114 120 117 125 142 152 158 163 163 159 165 160 145 135 137 143 149 148 152 160 157 154 155 155 157 163 165 168 169 171 170 167 172 171 170 166 162 157 152 151 144 138 142 145 156
161 164 161 157 156 150 136 135 146 150 148 148 149 155 154 145 134 129 136 144 147 145 133 115 111 125 146 146 143 146 142 135 139 150 152 145 145 136 140 145 137 146 151 148 150 150 148 137 129 117 109 118 142 159 165 168 167 166 162 166 163 149 137 137 145 155 158 159 160 158 155 160 167 163 161 164 169 173 177 166 161 167 166 171 166 157 153 150 148 148 139 136 143 154
151 155 154 157 157 142 130 137 149 150 149 152 154 156 155 141 137 138 145 146 142 143 139 131 123 128 141 142 127 126 136 139 145 146 150 150 155 148 140 139 132 140 148 153 153 150 144 129 132 127 115 122 146 161 163 165 156 155 156 160 157 144 139 140 151 160 163 163 161 154 151 157 167 169 165 167 172 173 172 167 171 171 168 170 167 156 153 151 147 143 140 137 145 148
143 147 142 147 148 129 118 128 148 153 150 150 151 149 149 143 146 143 141 137 135 138 140 139 136 139 148 147 119 112 129 143 151 147 149 152 154 148 142 141 139 143 149 150 143 146 133 116 134 132 124 123 137 150 152 154 151 152 147 144 141 143 143 139 148 153 159 157 156 154 157 159 166 170 168 172 171 169 165 167 173 171 172 164 163 156 147 149 149 142 141 141 152 151
158 149 133 132 142 137 117 118 142 150 148 147 141 138 146 150 152 147 141 136 141 139 136 134 142 147 152 154 128 122 138 147 150 149 154 159 154 149 144 143 151 144 147 153 145 138 114 111 139 139 135 126 127 139 141 141 144 145 144 143 138 142 140 137 145 153 160 155 157 158 161 163 172 171 164 167 168 167 163 168 174 165 164 157 161 159 149 150 152 149 149 153 163 160
161 156 143 129 140 140 117 116 136 147 144 142 137 138 147 150 151 151 148 146 149 140 126 122 141 148 147 148 138 144 151 151 155 159 167 165 153 147 143 140 148 146 149 152 150 141 121 122 139 138 141 140 134 139 137 133 136 136 138 139 130 140 145 137 144 161 159 159 166 166 164 165 172 170 167 165 165 159 150 159 165 161 158 161 166 160 155 154 157 156 157 165 165 160
157 157 149 134 139 138 125 126 138 146 145 143 147 151 151 147 148 154 151 151 150 146 130 118 132 143 145 143 145 147 150 156 160 163 167 160 151 142 139 137 140 142 140 142 149 138 122 124 139 141 140 140 135 133 124 118 128 131 129 124 118 138 151 141 149 163 158 160 164 166 160 163 169 172 175 169 161 142 118 124 146 161 164 168 164 157 156 157 164 164 162 168 169 162
151 146 129 118 131 139 129 125 131 142 149 148 151 152 144 142 143 148 144 141 143 146 129 105 114 135 143 148 150 144 149 156 157 163 158 155 145 130 130 139 142 140 134 141 143 127 115 123 139 138 128 126 121 112 107 113 127 134 131 124 125 140 153 154 159 165 163 160 159 166 162 165 164 171 177 170 160 140 92 78 115 151 162 163 155 147 143 150 162 164 163 168 170 162
135 114 92 97 122 134 129 117 122 141 148 147 149 145 134 137 143 140 133 132 136 138 123 100 110 133 145 153 149 146 152 154 154 156 146 146 133 123 126 135 146 142 131 137 135 127 128 134 140 137 125 122 120 120 123 124 126 138 137 132 136 145 154 163 164 167 164 158 160 168 164 163 166 171 175 171 165 155 120 95 118 143 149 153 152 141 135 148 161 166 166 168 168 166
107 80 74 88 115 129 131 128 132 145 145 143 141 134 124 129 136 132 131 129 128 137 132 110 111 129 141 149 145 146 149 148 150 145 141 144 128 127 138 146 153 146 137 138 136 135 138 133 142 143 131 132 133 128 129 127 124 132 134 130 138 152 154 163 159 162 170 163 158 164 167 166 167 168 173 172 166 166 156 144 146 147 144 153 161 153 149 156 159 165 166 166 165 166
85 76 87 84 95 121 138 140 139 142 139 139 140 136 130 134 139 137 139 136 138 146 139 115 110 128 144 150 149 149 149 143 138 133 139 147 135 139 156 159 154 151 150 149 144 143 142 138 145 147 143 147 137 121 112 99 98 111 123 122 136 156 157 168 167 166 169 163 161 162 165 166 163 164 169 172 168 169 168 156 149 151 158 166 167 160 156 156 161 166 168 170 167 163
104 102 113 107 105 126 141 142 145 145 141 142 146 148 145 145 150 145 144 141 147 148 138 127 126 135 147 152 148 148 148 136 128 133 144 148 145 152 166 160 148 153 157 156 150 142 140 144 146 144 144 141 124 101 78 56 55 76 103 115 136 158 161 171 169 165 162 156 159 162 162 164 164 170 168 167 164 165 165 154 149 153 159 164 162 154 151 155 169 169 172 176 176 170
112 109 119 122 131 151 156 152 147 145 145 140 147 152 151 154 156 149 141 139 144 146 146 145 140 139 145 144 138 141 144 134 134 145 149 146 144 151 157 153 149 152 153 151 147 137 139 144 141 139 137 116 89 70 47 30 29 51 88 116 144 161 164 169 167 166 163 158 162 165 163 160 168 179 171 166 161 157 153 148 151 155 159 158 157 157 154 158 172 170 168 174 176 171
106 107 121 126 152 185 184 165 144 140 146 147 153 152 152 158 161 151 142 146 147 141 141 143 140 144 148 138 131 133 140 141 139 143 145 141 142 154 149 145 150 147 143 143 146 140 138 141 132 131 124 85 50 35 27 23 25 50 99 135 150 157 163 168 163 160 160 159 160 167 165 158 169 177 169 165 155 140 139 139 148 152 161 161 157 164 165 167 170 171 165 166 170 171
112 112 129 144 170 201 197 166 135 136 145 151 154 155 159 159 159 148 144 148 147 142 140 137 135 143 148 137 132 129 134 140 138 143 146 139 148 152 137 138 142 136 140 145 145 141 137 136 126 129 117 68 29 19 21 23 28 64 115 137 143 157 161 162 160 159 161 160 163 168 166 166 173 177 173 166 146 127 135 141 145 145 153 160 159 164 169 172 171 174 167 164 173 173
121 129 145 157 171 192 179 137 121 135 142 147 147 149 154 154 151 148 150 152 148 142 141 139 138 142 144 135 134 133 131 134 142 147 142 135 147 142 137 143 142 136 141 145 140 140 137 134 133 141 116 65 31 22 27 34 47 82 120 132 139 156 158 160 163 160 160 164 169 166 168 177 180 181 174 162 141 130 138 140 142 143 142 153 156 162 170 171 173 179 170 167 174 175
122 143 155 158 161 164 136 105 115 134 142 139 127 128 143 152 151 156 157 154 140 133 138 137 135 136 145 139 134 134 124 128 142 142 138 141 150 141 142 145 140 140 143 139 138 142 139 137 140 144 120 78 41 22 26 41 72 103 130 142 147 158 159 163 165 161 160 168 176 171 173 178 182 181 170 163 150 139 135 132 134 140 140 149 153 164 173 169 170 175 170 168 173 173
124 146 154 153 147 143 121 113 124 137 139 133 116 106 126 143 147 154 157 152 139 137 137 132 135 140 146 148 146 141 125 124 133 137 145 152 152 142 143 142 138 142 146 135 130 133 136 145 150 152 133 93 50 33 42 61 95 123 140 150 152 159 156 162 161 162 163 164 166 168 174 173 175 173 166 166 156 147 140 126 118 126 143 158 162 169 170 168 171 170 166 166 173 170
134 149 154 146 142 143 136 135 133 134 132 136 122 95 108 128 140 143 143 145 141 141 137 140 150 149 141 146 150 142 128 132 137 144 147 146 143 140 137 137 141 143 148 138 125 123 133 147 150 148 128 92 58 50 63 78 104 131 143 154 156 159 160 164 156 159 164 166 164 169 174 172 168 165 162 162 157 154 140 123 119 128 147 165 167 167 169 171 173 173 169 170 171 170
145 153 150 140 142 141 137 138 141 134 122 132 128 110 115 134 140 133 131 141 137 130 132 142 149 146 138 139 141 132 127 138 142 148 144 140 141 145 138 141 140 135 146 138 121 114 124 138 138 125 101 80 68 67 78 89 115 142 153 158 159 159 162 162 155 158 163 164 159 163 167 168 163 162 151 150 161 159 148 142 149 154 160 165 165 166 171 170 167 169 166 169 171 169
148 152 145 141 144 142 136 141 149 147 137 139 141 137 141 153 153 141 139 142 131 122 133 147 151 149 141 137 131 120 123 137 140 141 143 142 147 151 143 144 136 132 139 132 117 112 120 123 119 117 107 86 77 78 86 98 130 151 161 159 157 164 163 158 158 159 163 163 152 156 157 157 155 150 133 137 161 165 162 160 173 173 165 163 162 164 167 165 162 163 164 169 169 173
137 141 137 141 145 144 141 149 160 163 160 157 154 148 148 157 160 155 150 142 139 136 140 142 143 145 138 136 126 117 123 137 134 129 136 140 149 150 145 142 138 131 132 134 126 127 131 119 109 127 134 114 105 100 101 108 135 155 164 159 156 166 162 156 163 164 163 160 152 156 155 152 147 135 129 142 164 162 164 164 176 174 167 160 153 152 162 167 168 167 165 169 170 174
132 133 131 134 136 139 144 153 160 166 167 162 154 145 142 153 158 152 144 134 137 142 139 135 128 132 134 136 132 128 129 137 137 131 135 142 147 145 141 139 138 131 136 143 136 138 138 121 104 128 148 147 140 122 116 119 144 164 164 157 154 162 158 154 160 160 158 160 163 161 160 156 145 131 136 153 164 166 169 175 178 171 168 162 157 158 166 171 171 170 168 173 179 177
138 139 130 127 131 136 145 151 154 160 160 154 151 147 143 149 149 146 141 129 127 139 142 132 117 128 142 142 140 136 135 142 142 135 139 144 142 140 139 136 134 128 139 151 145 139 136 124 103 114 141 158 150 127 124 131 151 163 162 159 155 155 152 155 160 154 153 161 166 160 163 164 155 147 153 157 161 170 173 178 178 170 165 162 162 160 164 167 167 169 169 171 176 179
146 149 137 135 140 140 144 142 140 145 147 145 149 153 150 147 141 141 141 133 131 145 148 132 120 132 142 144 146 136 132 141 140 138 146 147 137 138 141 137 130 127 141 154 150 144 145 140 117 109 138 158 141 123 132 142 153 162 160 154 155 154 151 154 162 161 157 163 167 156 153 158 156 155 160 159 160 170 174 175 173 170 168 167 160 157 154 155 160 168 172 171 172 178
147 146 140 140 145 148 145 140 133 134 142 140 140 148 152 144 139 140 145 144 141 145 141 131 130 137 142 144 147 135 129 142 141 141 145 145 139 144 142 136 132 133 139 145 145 147 154 152 131 118 138 150 135 127 141 147 150 160 159 148 148 157 155 156 157 160 159 162 165 158 152 149 154 159 165 160 160 169 172 172 171 173 172 167 157 155 151 156 158 164 171 171 170 177
142 142 142 149 153 151 150 149 138 133 143 143 139 144 147 141 137 136 144 150 142 138 138 139 140 145 144 142 143 137 133 144 144 144 145 148 150 153 144 136 141 144 141 142 144 151 163 164 146 130 130 135 135 140 154 156 153 157 152 145 146 158 156 161 156 159 162 165 169 167 158 152 155 163 168 167 167 173 172 173 177 178 174 169 161 159 162 163 157 156 162 173 173 176
141 142 146 153 152 146 143 145 142 142 149 146 144 143 138 136 134 136 144 149 140 137 135 139 144 146 138 135 135 135 133 138 143 147 151 152 152 149 141 132 144 146 140 139 143 155 167 164 154 142 122 122 139 145 150 153 151 151 145 146 149 157 156 165 156 158 166 172 172 166 163 163 163 167 168 171 168 169 173 175 180 176 170 170 166 162 165 161 156 155 162 172 174 174
143 145 148 149 143 140 134 138 145 148 150 149 149 143 135 139 141 139 140 141 142 140 128 131 139 137 126 119 124 130 130 131 139 148 151 150 145 138 135 131 141 143 144 140 142 151 162 156 152 145 121 119 138 140 138 145 144 143 138 145 151 156 158 163 162 163 172 175 169 165 170 172 171 170 169 171 167 167 170 172 173 170 168 167 168 167 164 159 150 151 160 166 169 171
145 148 149 148 142 143 139 138 143 145 142 143 146 142 133 141 146 138 137 139 141 136 130 134 133 124 116 112 121 132 138 135 135 145 145 145 147 142 140 140 141 143 144 139 142 141 149 144 145 139 121 121 131 131 128 134 137 137 139 145 151 159 159 157 158 163 167 171 170 166 172 174 172 168 166 172 172 169 165 169 170 172 170 169 170 171 163 160 154 153 157 160 166 172
150 152 152 155 153 151 147 141 136 138 138 143 147 141 135 143 146 135 134 138 137 128 130 137 135 125 118 119 129 139 148 138 133 144 139 140 150 152 150 145 140 140 141 142 139 129 132 136 138 130 117 114 123 130 128 127 134 136 145 151 155 159 159 157 161 165 159 164 174 171 172 175 174 173 167 169 173 171 167 169 173 174 173 174 168 167 163 162 161 157 159 159 169 175
255 255 158 162 156 150 146 140 136 135 139 141 139 138 138 140 138 134 134 141 138 130 129 131 137 133 121 119 132 148 156 148 141 142 134 133 140 147 150 145 140 134 137 143 132 118 125 133 133 128 125 123 127 136 136 128 132 140 150 154 158 156 159 161 161 162 159 164 174 172 171 171 172 171 168 164 166 169 166 166 172 172 171 172 165 165 170 167 163 163 165 160 168 175
255 255 255 255 156 154 152 146 139 135 141 142 134 136 139 138 140 137 133 134 137 136 128 127 136 136 121 110 129 153 164 159 146 139 134 124 125 137 144 143 139 134 134 139 131 122 127 132 136 136 143 143 141 140 143 133 130 141 148 149 152 155 162 164 160 160 162 167 174 170 164 164 164 163 162 162 164 171 169 162 168 167 168 169 164 165 175 170 159 162 169 168 168 172
