example/E5 - XRays/X-ray-tomography/rastert_juap08.txt
ncols         356
nrows         356
xllcorner     -0.5
yllcorner     -355.5
cellsize      1
NODATA_value  -9999
[rows 168 to 209 of 356, columns 94 to 187 of 356]
146 157 163 166 162 166 160 145 145 144 140 149 148 144 148 143 149 157 150 134 125 126 133 141 149 141 144 161 155 145 134 135 141 146 148 150 140 132 154 158 150 144 150 163 168 168 170 168 154 160 174 165 165 149 128 135 162 154 154 157 149 166 161 151 156 153 152 162 167 160 144 137 152 151 168 162 167 176 174 172 178 174 176 174 183 182 172 165 148 154 164 140 129 143
140 152 165 168 174 168 152 144 148 155 157 153 139 141 148 153 158 158 148 131 126 129 141 144 145 149 162 157 140 130 133 131 121 130 144 152 148 135 147 153 150 149 157 167 174 174 180 183 167 164 174 168 162 137 111 120 145 156 149 164 167 163 156 159 163 156 155 165 152 140 145 153 155 152 167 174 171 172 168 171 182 185 185 181 181 183 171 164 154 150 153 143 138 148
138 150 155 151 162 164 152 150 151 151 153 150 143 149 151 156 153 154 149 144 147 143 143 144 152 148 150 142 134 134 147 144 122 121 132 149 152 138 149 162 162 157 161 168 177 174 173 172 170 164 161 169 161 152 145 142 155 166 163 167 154 156 161 162 163 153 150 158 147 141 156 161 145 146 161 177 169 169 173 179 181 176 175 179 171 163 165 163 152 145 143 145 165 172
137 153 162 158 141 138 150 164 161 146 142 144 142 145 146 153 151 156 154 147 150 146 143 137 148 145 144 145 142 139 139 138 136 139 141 151 159 156 155 164 167 158 160 158 166 170 166 170 170 160 167 177 175 169 167 161 160 163 173 170 154 152 157 160 157 147 148 156 161 158 146 144 141 153 168 167 165 174 178 179 173 179 179 176 172 154 161 166 158 160 156 159 173 165
145 146 157 159 128 114 134 146 157 163 161 156 147 139 148 154 146 149 149 148 154 154 144 127 137 142 151 156 146 143 137 144 152 149 147 157 166 158 151 168 171 158 163 162 158 163 166 167 163 158 167 169 180 180 162 162 169 162 168 156 157 165 151 151 153 158 168 163 164 168 155 147 146 157 173 169 164 176 189 182 174 183 191 179 172 147 156 164 157 160 162 168 173 165
139 138 143 149 142 129 132 134 144 165 164 165 162 153 160 158 143 142 147 158 150 150 147 133 144 146 162 170 154 151 144 153 162 158 155 161 152 147 150 166 171 164 164 164 165 161 158 158 152 154 168 170 181 180 168 178 178 157 161 156 164 165 161 161 158 162 168 162 158 155 137 144 149 146 159 177 171 165 172 173 172 176 189 178 170 160 161 150 144 165 171 168 158 160
126 129 139 145 150 146 148 150 144 148 157 162 147 146 155 154 153 151 145 150 137 148 151 142 151 145 159 167 160 160 151 153 159 154 151 163 142 137 155 164 167 163 159 160 172 154 152 164 157 156 171 171 180 173 174 176 167 161 157 164 171 156 161 166 165 162 156 158 157 151 127 131 132 133 150 169 177 168 159 167 169 170 179 166 161 170 168 146 155 168 168 171 161 164
132 138 143 146 145 137 142 151 145 136 153 167 153 155 158 155 152 152 146 136 129 151 153 137 142 148 158 157 160 168 158 156 155 151 154 154 137 140 155 162 161 158 164 160 162 151 149 173 156 142 170 166 167 162 162 166 166 161 158 164 167 170 169 165 164 161 160 163 157 144 123 131 140 142 153 161 175 176 169 174 176 167 167 153 137 143 163 161 164 162 157 164 157 161
139 148 146 145 149 138 130 145 152 151 152 157 159 157 151 155 142 144 150 136 137 149 133 122 147 152 159 165 161 156 149 155 152 151 154 150 147 159 158 158 143 143 158 163 157 155 150 163 146 135 164 158 155 154 152 157 157 152 164 165 157 165 165 156 154 155 155 163 163 143 124 137 144 151 163 168 170 178 178 175 177 168 164 159 152 147 157 170 166 158 151 154 150 150
143 147 136 140 156 150 146 162 159 157 151 151 157 152 154 158 150 145 145 136 137 143 122 114 142 152 150 159 158 160 150 153 153 155 154 164 161 152 154 159 139 138 144 155 161 164 150 139 127 131 157 161 158 156 161 159 149 152 161 161 158 156 153 150 151 146 149 156 154 151 147 146 145 152 159 165 163 175 174 169 169 164 156 148 160 153 153 166 160 159 155 149 144 144
140 142 131 138 147 142 150 157 155 155 149 154 159 159 162 165 171 161 151 144 130 130 114 101 124 150 155 155 155 159 153 156 156 163 157 159 154 147 158 160 142 133 138 158 166 170 152 138 133 135 150 159 159 156 159 155 146 151 149 149 154 156 155 155 151 144 150 154 148 151 157 147 149 151 152 150 149 165 157 160 165 162 163 143 148 144 148 155 149 152 154 151 156 156
145 150 140 149 145 135 140 136 140 151 156 157 153 159 165 160 158 152 150 145 130 122 110 101 123 143 148 149 152 154 153 155 151 157 163 157 136 147 162 152 147 144 143 156 154 156 153 147 149 145 147 149 156 156 154 156 153 157 140 141 157 157 153 157 150 139 147 151 149 150 149 152 157 156 154 146 149 154 148 164 166 156 164 158 156 151 147 144 131 135 151 154 160 152
138 148 145 154 155 150 144 137 145 150 153 154 151 163 175 162 146 144 141 140 141 136 130 130 143 151 145 139 147 151 142 140 142 147 152 153 137 144 157 157 154 145 149 155 145 142 153 154 157 153 153 153 162 161 157 158 157 163 155 156 162 163 157 153 147 140 141 152 161 160 154 145 149 154 149 141 152 160 157 167 165 150 155 166 166 159 157 146 127 124 141 159 161 148
130 138 142 137 144 157 144 133 144 151 159 168 166 172 170 156 153 153 141 139 143 140 136 139 143 151 156 152 148 141 140 138 139 144 142 149 156 163 160 160 157 146 150 148 138 137 153 152 156 163 166 159 159 155 161 164 159 167 170 165 155 157 156 148 148 156 148 154 164 158 153 134 138 140 137 143 157 164 162 155 158 152 155 165 157 152 152 143 139 134 143 163 165 159
136 132 141 138 138 145 143 147 148 141 150 153 157 163 156 146 151 147 150 155 142 140 138 135 135 145 155 154 145 146 154 156 148 142 147 138 143 158 162 163 153 147 154 143 139 138 151 149 155 165 167 163 158 153 162 166 167 169 168 167 158 156 160 150 150 156 148 156 166 157 153 143 154 151 153 158 162 160 168 158 148 148 154 155 160 158 158 157 152 159 158 156 162 168
147 130 137 144 147 145 140 162 159 145 150 145 146 153 157 153 142 137 147 142 120 114 129 147 152 150 149 156 146 148 154 161 149 148 164 153 151 152 154 159 149 143 158 146 145 149 154 157 167 172 165 161 163 175 181 163 163 169 158 162 160 156 167 158 155 153 153 159 161 157 154 160 171 164 152 146 159 157 164 158 143 148 151 139 153 162 157 162 151 163 167 154 158 160
142 135 141 137 128 141 154 166 161 148 141 144 149 151 157 161 152 147 143 137 139 128 135 151 154 161 159 155 139 143 147 148 141 147 155 155 153 153 153 152 152 152 159 147 158 158 153 159 166 174 177 168 165 177 170 154 157 165 158 160 156 158 167 163 155 161 161 161 163 155 152 152 161 162 141 133 151 149 153 157 150 148 141 130 147 164 157 166 149 158 169 162 159 141
138 141 143 135 135 139 152 146 144 144 149 157 145 139 142 150 152 147 141 142 151 149 146 144 144 154 152 148 138 144 149 148 144 147 152 157 153 153 151 143 144 152 150 135 148 155 159 159 150 155 176 169 168 167 155 161 156 152 158 169 164 159 156 158 150 169 177 169 169 155 155 149 145 159 153 140 146 146 155 153 150 147 137 130 150 159 159 169 161 162 172 175 167 155
133 146 149 142 149 150 160 150 144 142 145 150 139 137 134 151 158 146 142 138 141 146 151 154 151 147 148 150 146 146 144 141 145 141 147 160 152 157 149 141 147 142 134 132 140 151 165 157 143 156 174 169 166 152 144 157 155 151 154 162 157 149 155 159 155 162 178 173 161 153 162 160 153 158 152 144 152 157 159 146 140 146 153 148 162 157 150 154 171 173 175 172 167 167
130 140 152 159 157 149 149 152 153 153 152 150 148 144 144 152 146 142 151 146 146 153 149 161 159 155 145 144 156 148 139 140 141 143 140 144 141 152 152 151 156 147 142 155 150 151 162 160 158 165 157 146 147 146 154 157 144 148 157 153 156 153 159 157 156 162 163 157 147 146 147 146 151 148 143 141 145 150 147 143 149 154 155 148 161 165 168 169 183 183 174 165 163 165
128 139 145 148 145 142 136 145 153 152 159 157 157 155 149 145 145 149 157 149 145 156 144 146 152 148 142 141 154 157 155 159 148 139 132 138 139 159 173 178 176 158 147 152 152 164 165 160 159 161 145 134 132 125 142 153 144 158 174 157 153 151 158 152 149 167 162 151 152 151 143 127 138 144 136 134 138 150 156 165 169 162 156 156 164 166 177 185 187 179 177 171 174 178
123 140 140 143 137 145 150 155 163 159 158 167 173 168 157 147 151 151 152 142 139 151 150 153 144 136 147 155 152 153 155 158 154 143 134 147 158 176 183 171 170 150 133 135 146 173 175 172 158 160 142 127 132 136 140 143 148 162 161 156 152 143 153 155 140 155 162 162 157 144 143 132 143 153 147 145 150 169 169 180 183 175 171 168 175 173 171 173 176 171 173 171 183 183
133 141 140 147 141 153 158 160 166 163 161 168 170 156 158 162 155 145 141 135 142 142 141 154 138 137 153 161 163 151 152 158 152 149 149 148 147 152 151 148 150 144 137 131 151 171 166 173 164 162 144 136 148 156 146 143 159 163 148 152 156 151 153 155 127 120 134 155 160 155 156 150 160 152 150 162 171 187 173 179 188 177 169 165 174 176 174 174 167 165 175 166 173 170
151 146 139 143 145 150 159 165 163 161 164 154 157 160 164 161 151 140 137 133 137 134 139 146 137 138 148 151 160 165 173 173 166 159 154 147 137 141 148 157 142 132 143 145 153 160 158 165 154 154 146 146 141 141 155 155 155 151 143 143 146 147 161 162 139 133 146 153 154 159 155 151 154 141 150 172 182 188 179 176 180 172 171 175 176 167 170 182 169 168 176 166 167 170
143 137 134 139 141 152 161 167 165 163 165 160 167 168 155 142 147 143 137 135 131 138 150 139 131 140 160 157 155 173 183 164 166 170 163 153 148 157 160 159 148 123 124 146 145 151 161 157 147 158 149 144 139 139 151 154 154 153 146 147 162 157 170 169 147 136 154 165 159 165 162 155 153 138 151 171 177 174 176 179 171 174 178 184 179 181 169 170 171 174 171 167 169 181
154 137 144 146 144 160 155 156 158 162 161 160 166 154 139 130 138 141 132 133 135 129 135 141 145 156 156 152 153 161 171 165 167 163 161 152 151 156 159 153 146 121 109 125 123 125 137 140 138 149 149 152 158 158 156 161 164 165 157 154 168 164 163 167 158 140 143 162 160 160 156 148 150 130 144 173 181 179 178 180 174 185 193 191 178 188 176 164 166 174 167 167 170 177
135 121 137 144 151 158 150 153 148 153 153 150 156 149 137 127 135 142 140 142 141 132 142 145 147 159 162 159 168 160 159 170 176 168 156 152 164 163 161 157 158 142 124 136 129 106 108 121 128 141 147 148 152 150 155 164 162 161 144 145 163 165 157 149 154 143 128 144 152 144 144 142 152 147 148 166 176 182 182 177 174 185 189 183 179 171 169 174 165 173 175 165 166 176
108 107 119 136 149 144 149 152 146 150 155 157 155 143 123 109 131 147 144 144 133 131 149 149 149 153 160 165 164 164 171 169 171 167 159 171 180 168 163 166 169 161 152 158 147 115 109 127 129 132 133 134 148 150 142 140 143 154 150 152 156 158 151 138 147 143 127 129 142 154 151 149 159 160 152 157 170 170 173 176 181 178 176 172 173 169 167 172 169 176 181 169 165 175
122 124 124 144 147 135 134 125 130 135 141 152 142 140 128 104 121 146 144 133 122 128 143 139 148 153 144 146 147 158 169 169 173 180 171 174 180 165 163 169 178 176 166 159 148 142 141 142 135 131 123 126 144 138 125 132 133 144 151 146 133 137 140 140 146 146 146 143 128 142 147 135 148 141 140 146 157 155 166 177 188 179 173 177 170 173 183 174 174 177 174 176 171 174
146 147 152 158 146 131 102 83 111 119 115 126 128 140 138 130 137 147 144 137 131 133 143 142 144 147 134 129 133 151 163 162 161 169 167 166 171 164 163 168 191 197 172 163 156 155 151 145 136 143 140 134 142 142 140 149 133 118 128 138 134 134 142 147 133 138 143 145 129 130 136 137 142 126 145 151 150 156 167 168 171 178 168 174 176 181 180 168 166 176 172 177 180 180
148 149 158 153 146 126 85 74 112 137 132 136 141 146 153 160 152 148 145 144 142 146 148 155 157 147 123 111 106 136 160 163 160 160 173 168 164 160 171 192 199 191 174 172 166 150 147 152 148 154 153 153 151 145 144 148 131 106 117 128 131 136 143 148 132 135 134 144 146 143 135 136 131 114 140 142 135 154 162 166 161 158 161 174 180 180 171 162 153 164 173 166 169 178
138 150 155 155 152 127 89 84 109 141 152 154 159 160 163 161 156 161 158 142 137 153 154 162 167 155 132 115 95 109 138 158 163 163 161 152 159 163 175 205 201 184 177 174 170 158 157 153 145 145 150 154 148 134 124 128 123 114 130 140 133 140 138 119 110 123 143 151 148 146 131 134 127 108 121 122 128 155 159 163 158 145 160 179 180 174 166 170 160 150 159 161 162 165
153 157 148 149 142 121 95 111 123 135 149 152 158 166 160 150 153 162 157 135 137 164 169 165 160 157 152 128 116 111 130 152 158 161 140 133 157 170 173 190 202 178 159 154 161 160 153 160 157 152 152 151 146 129 119 130 139 133 133 141 138 148 137 111 112 128 142 146 138 138 122 125 136 118 120 128 131 147 155 157 165 149 160 174 175 173 159 165 174 154 160 162 160 152
157 159 154 147 133 107 88 128 131 113 131 152 151 153 150 146 161 166 153 144 156 165 167 163 159 159 153 131 134 140 156 165 163 167 162 156 158 169 183 181 180 162 155 158 160 155 148 157 160 153 152 155 150 141 142 141 136 134 143 142 147 158 145 140 144 143 140 143 133 133 123 113 129 130 131 142 132 139 158 148 146 153 161 153 153 164 170 164 164 160 167 158 159 157
163 162 158 146 129 105 102 124 125 118 132 152 147 141 149 147 148 145 143 150 163 165 172 163 150 147 145 133 136 156 165 159 161 162 164 166 159 162 169 167 168 171 180 171 150 144 153 152 149 148 152 157 156 167 164 152 143 148 157 148 148 144 139 148 140 139 141 136 138 142 133 116 132 150 149 157 139 149 160 133 126 151 157 140 145 159 165 162 156 155 154 155 162 164
160 154 149 138 118 108 126 130 134 144 145 152 155 138 138 140 134 130 147 156 154 155 167 164 152 156 149 151 153 165 165 154 153 158 166 166 165 162 158 167 168 167 175 170 146 133 149 154 141 138 151 160 162 163 160 153 150 138 137 145 140 130 139 139 123 139 146 135 129 142 149 141 155 161 155 156 148 147 133 116 119 132 148 152 158 167 166 166 161 157 157 164 168 162
153 148 139 130 121 119 134 140 151 155 151 147 154 149 145 140 140 141 153 161 159 154 160 159 152 162 152 155 155 165 164 160 157 167 175 166 165 165 164 170 163 158 161 161 150 129 141 145 134 142 160 173 174 158 156 148 139 132 132 131 119 125 138 131 119 122 129 134 132 144 160 162 167 169 162 152 156 157 137 135 142 139 144 157 161 165 164 162 159 164 158 159 159 163
153 149 145 131 127 126 130 143 156 148 143 144 152 152 142 136 143 143 152 165 167 167 163 156 158 164 157 157 145 148 149 157 161 157 161 161 166 167 166 169 164 166 164 155 153 130 129 126 145 164 171 172 166 157 157 152 145 148 144 124 118 121 140 143 127 103 115 137 148 156 167 171 160 163 164 156 159 156 146 148 152 154 157 176 172 170 162 161 164 171 171 174 160 160
146 140 134 135 146 135 128 142 149 141 136 140 141 149 143 136 137 140 153 157 160 162 151 158 172 161 155 151 141 145 138 137 150 153 162 164 171 171 169 174 170 167 169 159 151 123 110 110 146 157 158 169 167 157 152 150 144 147 147 127 119 122 140 145 129 106 123 134 151 168 170 183 179 171 158 154 163 163 161 160 160 156 157 165 158 171 170 166 181 174 170 168 161 158
142 127 122 135 148 145 140 153 152 148 138 140 146 160 154 146 140 145 161 160 163 163 160 171 169 145 151 146 135 152 152 142 136 140 159 160 160 163 158 156 150 157 171 166 126 87 87 112 159 171 165 169 166 159 150 146 146 150 157 141 134 145 152 144 122 120 143 153 167 179 169 176 175 169 162 160 162 158 158 165 170 164 167 175 170 165 167 167 168 168 165 164 163 155
135 129 122 141 146 144 144 151 149 151 130 125 143 149 146 149 143 138 158 161 156 161 156 165 160 137 142 150 144 142 152 148 135 133 147 151 151 156 153 159 162 157 153 141 95 85 117 143 164 174 173 170 162 156 152 144 147 153 159 153 156 156 159 149 129 145 166 175 176 174 169 168 161 161 168 176 178 163 161 168 167 163 165 170 173 168 172 169 158 162 162 175 166 162
142 133 129 148 153 139 128 139 143 145 121 117 132 142 150 145 136 134 154 161 155 154 143 155 156 144 129 141 148 142 149 146 138 135 144 147 152 154 150 150 151 138 119 107 103 127 153 160 156 156 162 165 158 149 143 145 155 155 148 150 147 142 151 157 147 156 167 168 162 161 172 167 167 176 170 171 173 178 179 171 163 162 168 162 171 176 174 178 176 160 162 179 174 170
