example/E5 - XRays/X-ray-tomography/rastert_juap36.txt
ncols         356
nrows         356
xllcorner     -0.5
yllcorner     -355.5
cellsize      1
NODATA_value  -9999
[rows 294 to 335 of 356, columns 188 to 281 of 356]
135 144 151 144 135 138 143 150 156 152 152 158 159 150 148 149 136 131 132 120 115 124 124 126 136 139 140 137 141 143 138 137 137 133 131 136 125 129 148 148 151 151 144 152 147 137 129 129 142 135 133 137 142 145 142 144 151 160 167 170 165 162 163 161 152 147 145 150 151 149 152 160 158 150 141 136 136 141 144 139 132 137 139 139 137 137 139 148 155 155 149 146 150 149
146 143 141 136 136 132 137 150 163 160 158 164 161 145 140 144 128 123 124 116 119 123 116 128 137 132 138 139 133 136 137 138 141 141 137 136 129 131 152 156 158 148 141 147 142 134 132 137 146 139 134 138 146 149 154 147 150 163 171 172 162 159 157 151 151 150 149 145 137 131 142 152 152 150 144 138 133 132 134 134 138 149 155 152 137 126 130 142 154 154 146 146 149 149
150 146 139 137 141 128 134 152 164 168 165 166 161 150 134 133 130 129 124 103 105 117 118 135 139 130 140 149 135 136 142 139 141 145 135 132 137 144 156 165 164 159 141 139 145 138 138 146 147 139 135 139 150 146 151 150 154 163 169 169 160 156 155 146 145 149 151 145 135 125 136 148 148 149 147 144 140 137 136 138 140 150 154 153 149 136 133 140 155 152 141 145 149 147
157 155 142 140 144 134 140 157 168 173 172 176 171 161 140 134 134 137 129 111 119 137 141 145 141 128 140 150 139 142 143 138 147 154 140 138 145 154 158 169 164 162 142 128 139 144 144 148 151 152 142 143 150 145 145 146 155 160 162 165 159 155 156 153 148 148 148 146 139 133 138 145 138 139 144 146 148 149 146 153 153 155 155 156 155 148 142 143 150 149 136 142 152 145
157 156 143 144 144 138 147 163 166 171 171 171 167 162 152 137 133 131 123 120 127 137 142 147 137 129 147 153 146 153 153 142 150 159 147 148 156 158 157 166 160 156 138 115 121 135 139 140 145 154 143 137 142 144 146 143 150 154 160 162 157 157 156 162 158 153 147 148 129 126 135 138 133 136 144 150 159 164 164 169 166 160 159 160 158 154 145 147 150 143 134 138 146 139
151 151 145 142 143 143 147 160 162 172 171 167 168 161 150 142 139 126 117 117 119 128 135 146 139 138 152 155 143 148 151 142 148 156 144 148 158 156 158 164 161 149 130 109 118 134 136 141 141 149 143 127 126 132 143 144 150 153 156 158 154 158 156 159 158 156 149 143 123 111 124 133 140 141 150 157 167 175 174 174 166 159 159 158 158 161 151 148 146 136 134 142 145 137
147 146 143 136 141 145 146 156 158 166 167 166 167 159 145 142 139 123 116 115 123 129 132 141 134 136 138 141 131 133 141 143 146 150 148 155 157 152 149 151 146 142 132 119 131 142 140 145 146 156 151 134 124 125 131 134 144 155 157 157 152 151 151 153 151 146 142 138 126 113 127 136 149 154 156 162 170 181 179 178 172 160 158 155 158 164 163 157 147 136 131 138 150 149
147 151 145 137 139 136 140 150 159 166 165 164 169 164 147 141 130 114 119 121 130 128 132 141 142 137 133 138 134 136 147 148 146 147 150 152 152 150 144 141 134 139 141 131 136 140 135 135 143 152 158 152 139 138 137 131 132 133 147 155 151 148 144 141 139 134 132 135 131 125 133 136 149 161 164 165 167 174 175 175 176 168 163 161 162 161 165 161 152 143 140 144 150 155
146 145 142 146 142 134 141 148 161 164 165 163 160 155 145 134 124 122 132 131 130 128 128 135 141 134 125 134 141 143 152 150 146 145 149 153 151 151 151 139 132 138 135 129 133 136 135 129 139 148 152 152 143 141 144 132 127 120 124 125 121 121 128 131 128 128 135 139 138 134 137 138 147 157 165 163 164 169 169 166 171 170 162 164 167 162 159 161 156 149 143 153 155 156
143 144 145 144 137 138 147 147 157 156 159 155 143 138 138 137 133 139 143 139 137 138 137 138 141 134 125 134 139 140 148 142 143 149 152 153 150 154 156 148 138 136 130 129 134 132 124 124 135 145 146 143 141 134 135 127 118 106 98 83 82 94 111 127 132 135 139 147 142 132 139 149 151 156 164 161 165 171 171 165 167 169 164 162 166 167 159 160 156 151 148 153 158 158
143 145 149 150 139 139 145 141 144 139 140 135 123 126 134 142 139 137 139 139 141 135 136 142 147 143 138 143 139 130 135 128 131 143 156 151 144 157 159 154 148 142 137 137 143 140 121 123 131 135 134 135 142 139 133 120 107 103 84 64 69 89 116 136 143 145 141 144 148 138 142 157 161 161 163 163 164 167 168 164 167 169 167 162 163 170 166 160 158 154 148 143 149 151
146 144 151 156 145 141 143 136 130 123 131 125 116 127 142 146 144 138 135 142 146 137 133 137 139 140 143 144 138 127 124 119 128 141 155 158 153 160 163 153 149 143 143 137 138 138 132 131 138 137 131 139 146 145 145 130 107 104 93 75 80 97 127 144 147 147 143 144 153 154 149 160 165 163 163 164 164 163 165 162 165 170 169 168 166 168 166 159 159 158 154 147 138 145
140 141 147 149 146 145 142 136 133 136 139 127 121 126 135 144 150 140 132 142 146 140 139 141 140 141 143 141 137 123 116 126 137 142 149 155 158 162 159 152 145 139 143 137 132 134 137 135 140 138 136 147 149 145 146 144 138 135 129 109 102 110 132 144 144 145 144 146 153 164 162 164 167 166 167 167 168 166 169 169 163 163 168 170 172 170 167 161 160 160 160 159 148 150
137 145 145 138 136 135 134 130 139 152 148 132 133 134 134 136 145 139 134 141 144 142 145 144 145 143 139 140 137 120 120 131 135 137 144 151 155 159 152 145 139 136 138 138 132 136 133 128 132 135 134 139 144 143 144 150 156 154 153 132 112 112 129 142 146 140 144 149 151 163 166 163 169 168 167 168 164 164 173 175 169 162 169 169 169 167 167 164 162 163 164 165 158 157
139 147 153 146 142 139 131 123 136 150 142 133 139 147 153 146 145 139 136 139 140 138 145 147 149 149 146 145 144 133 137 138 130 133 142 150 154 158 153 145 134 132 138 140 132 138 134 127 130 128 124 127 138 140 146 153 163 155 150 138 118 107 113 129 141 143 149 157 158 164 163 160 162 168 164 162 161 160 168 171 172 165 168 175 170 168 162 162 160 162 161 166 167 163
143 150 159 156 150 146 139 130 130 137 139 139 144 151 157 152 146 139 138 138 137 137 144 146 149 155 156 158 149 141 149 150 141 140 145 149 154 160 152 141 134 137 139 137 133 134 130 117 119 124 124 123 131 139 145 150 161 158 150 149 138 123 110 117 132 140 157 163 164 165 158 164 162 166 163 160 161 161 170 172 169 167 165 170 172 173 167 164 165 166 160 161 169 169
143 151 153 153 150 144 141 141 136 141 146 146 148 154 154 149 144 145 147 141 139 142 151 152 151 158 156 157 147 143 156 159 151 140 138 141 145 154 150 140 133 140 144 135 133 137 139 124 117 129 132 131 134 137 139 144 150 151 148 155 152 140 122 111 123 138 163 170 166 170 164 166 164 167 163 158 158 159 165 174 170 163 163 166 171 171 167 164 166 164 162 158 162 167
150 153 149 152 149 149 142 149 149 150 151 144 144 149 143 133 125 140 147 145 147 148 153 151 147 156 151 144 140 145 157 161 155 139 134 140 143 149 146 143 138 137 143 137 143 147 149 143 132 137 141 146 140 136 137 141 143 147 147 157 154 138 121 100 110 138 157 167 168 170 170 171 167 168 166 162 157 158 162 168 170 163 160 165 169 170 172 165 167 169 165 160 159 161
147 147 146 151 153 157 147 152 154 156 149 134 131 137 132 127 119 134 143 147 152 150 154 151 147 150 148 142 140 144 154 156 156 139 126 135 138 146 149 145 144 136 137 138 146 152 149 149 150 148 148 156 151 141 135 140 143 146 145 151 147 122 100 94 111 141 154 163 167 170 170 169 167 169 167 164 161 159 170 168 167 165 167 167 169 167 170 168 169 171 167 163 161 162
139 135 145 150 146 154 160 157 154 157 150 137 133 132 136 140 134 134 134 143 153 153 156 154 153 148 145 145 148 147 152 153 150 140 126 134 139 140 146 140 136 130 131 133 139 144 145 144 149 150 146 149 153 143 140 143 143 146 140 146 143 117 84 83 115 144 151 159 165 171 168 169 164 164 166 164 169 163 167 168 167 166 170 168 165 164 163 164 169 171 169 168 163 166
141 140 153 157 150 156 163 155 158 162 151 149 148 139 145 152 149 145 135 136 145 149 151 144 146 145 143 145 155 156 154 153 146 145 135 141 144 140 145 139 138 137 133 129 132 131 139 141 142 144 140 138 140 143 147 147 139 141 137 140 141 121 92 87 126 149 154 159 159 163 162 167 168 163 163 166 168 168 167 168 163 168 173 171 165 162 163 162 166 168 166 169 167 164
150 149 156 159 157 159 158 153 159 159 149 152 153 142 145 153 147 146 146 144 147 140 136 129 128 132 139 143 151 156 159 157 147 146 142 145 145 140 144 141 147 152 146 136 134 133 136 140 139 134 136 137 137 141 149 150 141 140 139 138 137 127 107 106 138 156 156 159 163 164 163 164 168 168 165 166 165 168 166 168 166 165 171 175 169 167 163 160 162 162 165 159 167 167
147 145 150 152 153 158 158 155 157 153 151 150 146 141 141 144 143 146 151 155 156 140 124 110 110 118 135 147 148 149 150 148 140 137 140 143 143 139 139 141 153 165 163 152 149 147 137 134 130 127 136 144 148 149 155 155 151 148 147 140 132 124 111 120 149 161 162 163 164 166 169 166 170 172 164 161 161 167 168 166 164 163 165 169 169 169 163 159 161 157 161 152 160 163
149 145 141 146 150 150 152 157 158 156 153 148 142 141 143 141 143 153 155 156 156 137 121 112 116 126 143 151 146 149 146 141 132 130 138 137 138 142 140 141 151 166 169 163 157 150 131 122 112 105 117 135 151 158 161 165 162 156 149 139 127 118 111 125 156 162 163 162 167 165 165 165 170 169 164 161 160 165 169 168 163 164 166 164 166 167 165 160 158 157 157 157 158 166
147 147 140 145 148 144 145 153 156 158 151 145 142 143 148 149 147 158 166 158 150 136 124 124 131 141 155 158 152 148 144 136 125 131 141 137 137 147 148 146 151 158 161 163 158 149 127 113 101 89 92 112 147 159 160 164 160 157 147 138 130 115 110 133 161 163 164 162 165 162 163 162 165 168 166 163 160 160 164 166 169 165 166 166 163 166 164 159 158 157 152 156 160 164
149 149 148 150 146 139 141 147 155 159 152 145 144 142 150 156 148 153 162 159 146 137 137 140 137 142 152 156 153 144 142 140 129 139 146 142 136 144 150 150 148 150 153 158 161 157 142 131 117 100 91 101 143 162 163 163 156 154 146 138 134 120 116 140 165 169 168 166 162 157 161 167 165 166 168 170 166 161 159 162 167 170 166 163 163 167 166 162 156 150 147 151 160 161
155 146 147 152 147 143 145 146 155 162 165 153 145 144 155 163 150 151 158 152 142 145 145 147 140 144 149 149 144 139 140 139 135 142 144 141 132 134 134 138 137 134 137 146 153 153 154 154 147 133 118 115 141 162 161 162 156 151 144 134 128 121 123 141 163 172 168 164 160 157 156 165 166 162 166 171 170 164 159 162 166 165 166 162 161 163 164 164 149 128 132 147 161 164
147 139 143 149 146 147 147 144 153 161 162 154 143 145 157 163 152 152 157 148 137 138 142 144 142 147 149 146 143 138 142 141 134 134 131 130 125 125 122 122 124 121 126 136 143 149 153 155 155 143 135 131 144 156 156 158 153 145 136 129 120 113 121 140 157 169 170 165 158 153 158 161 162 160 166 170 170 167 160 161 167 168 166 161 163 165 161 162 140 113 122 153 255 255
141 134 140 145 145 148 148 145 148 151 147 143 139 146 158 157 147 146 146 138 129 126 134 139 141 149 150 148 147 142 144 148 140 133 129 128 120 115 117 113 114 114 120 126 137 148 154 154 148 137 131 126 134 142 147 151 147 142 134 128 110 92 106 130 146 158 161 166 163 154 157 162 162 160 163 165 163 165 161 158 160 166 168 165 163 165 162 158 139 122 132 255 255 255
142 141 140 142 147 150 151 151 148 146 148 142 139 145 154 148 138 140 136 135 131 127 128 130 135 144 147 144 145 146 150 152 145 133 137 140 131 120 121 122 115 109 111 114 134 148 152 157 149 133 120 109 110 127 138 142 143 138 135 131 106 74 87 120 141 154 154 161 163 161 161 166 167 165 165 165 160 160 163 162 159 158 163 163 163 164 160 147 140 141 255 255 255 255
145 149 144 143 147 147 150 153 154 155 158 152 145 147 155 153 145 146 143 146 139 132 128 124 129 136 144 142 145 151 157 157 155 142 144 148 143 134 135 135 130 124 114 107 122 146 153 157 154 140 123 101 99 120 143 145 142 142 141 134 110 76 83 114 139 151 153 157 161 158 156 160 162 164 163 159 159 157 162 166 161 152 155 160 160 162 152 144 255 255 255 255 255 255
151 152 145 140 143 147 151 151 151 157 156 152 151 153 158 165 159 153 149 152 143 135 133 128 127 133 142 143 152 157 160 154 158 153 152 153 146 137 138 140 139 142 134 119 117 134 150 156 152 145 138 111 105 127 148 156 154 147 143 136 118 92 92 110 137 149 153 156 159 157 155 149 151 156 158 156 155 155 158 160 159 154 150 159 160 159 149 255 255 255 255 255 255 255
147 141 136 128 128 141 154 153 148 151 149 148 148 153 160 165 157 150 145 151 144 139 143 144 137 133 137 139 147 156 154 153 157 156 159 161 148 134 132 137 145 151 154 142 134 135 145 149 144 144 145 122 109 134 154 159 160 154 144 139 130 115 114 121 137 148 150 157 158 158 157 148 150 152 154 155 153 156 155 154 148 155 155 159 159 255 255 255 255 255 255 255 255 255
138 128 128 129 134 142 153 155 151 155 154 157 149 153 161 161 157 153 144 149 145 140 147 152 147 141 140 139 149 157 154 158 161 157 161 163 153 138 135 136 147 158 158 155 149 142 141 145 145 148 143 120 103 126 154 162 161 156 144 137 138 130 132 134 142 148 150 155 155 153 154 154 155 160 153 156 157 155 155 157 149 151 159 255 255 255 255 255 255 255 255 255 255 255
125 121 130 138 143 150 154 155 154 157 157 159 148 151 157 155 156 155 146 148 149 147 152 152 148 142 141 143 154 160 158 162 170 161 158 159 154 148 148 148 150 160 155 153 150 142 133 135 148 153 145 131 116 127 147 157 158 154 143 137 142 137 136 132 137 148 154 151 152 151 154 157 155 163 156 156 163 159 156 159 153 153 255 255 255 255 255 255 255 255 255 255 255 255
127 126 135 138 138 149 151 148 149 150 153 152 142 147 151 154 157 154 152 156 160 159 158 152 147 140 139 144 153 157 158 159 164 162 155 152 153 155 153 151 153 155 153 153 150 138 120 116 142 153 146 143 142 141 145 149 152 155 147 143 149 144 135 129 134 149 156 153 152 152 153 155 155 162 164 162 164 166 159 157 255 255 255 255 255 255 255 255 255 255 255 255 255 255
134 139 137 128 134 148 149 144 143 143 147 149 144 146 146 153 158 156 153 156 165 164 160 152 147 141 136 141 152 152 149 151 152 156 157 153 152 153 153 150 151 150 151 154 148 129 107 105 133 148 145 144 153 154 149 149 147 151 152 148 147 145 137 129 139 153 157 153 153 150 150 153 156 164 166 165 165 165 255 255 255 255 255 255 255 255 255 255 255 255 255 255 255 255
135 147 145 134 140 153 151 146 148 149 151 150 144 145 146 152 158 157 148 146 155 162 162 155 150 146 140 138 146 147 139 138 141 148 152 152 149 150 152 152 152 151 156 157 146 124 100 103 131 145 145 140 145 154 152 150 147 146 147 149 143 139 138 131 145 157 155 151 151 153 151 154 159 161 164 162 163 255 255 255 255 255 255 255 255 255 255 255 255 255 255 255 255 255
127 142 144 144 151 156 153 152 156 159 157 152 147 150 150 156 162 160 148 144 146 158 161 158 155 155 152 143 145 149 144 135 134 143 150 152 150 147 147 151 151 154 157 157 143 124 110 116 134 144 143 139 136 143 151 149 145 146 140 143 141 137 139 139 146 158 153 149 151 156 159 157 164 160 157 255 255 255 255 255 255 255 255 255 255 255 255 255 255 255 255 255 255 255
123 136 139 145 152 154 157 155 154 155 156 150 149 156 152 160 165 165 157 158 156 157 160 157 158 162 160 148 143 149 150 143 136 140 150 151 153 144 145 155 152 154 153 153 148 134 123 125 132 141 141 138 131 131 140 151 148 147 145 139 139 137 137 145 149 155 152 146 150 156 160 158 159 255 255 255 255 255 255 255 255 255 255 255 255 255 255 255 255 255 255 255 255 255
132 144 142 144 150 149 158 155 147 144 143 145 150 151 145 158 168 170 159 160 163 161 161 159 164 170 165 153 144 149 146 144 145 145 150 151 153 146 146 156 159 152 149 150 149 146 139 136 137 142 139 136 130 127 136 148 151 152 153 141 135 145 145 145 147 148 153 149 149 158 160 255 255 255 255 255 255 255 255 255 255 255 255 255 255 255 255 255 255 255 255 255 255 255
138 149 147 144 150 150 156 154 143 139 139 139 151 149 143 152 165 168 160 157 160 165 161 163 170 170 165 165 162 155 150 145 145 149 148 148 151 146 147 157 162 156 147 150 148 144 147 144 143 142 139 137 130 124 133 146 156 156 155 147 138 152 158 147 139 142 151 157 153 255 255 255 255 255 255 255 255 255 255 255 255 255 255 255 255 255 255 255 255 255 255 255 255 255
