example/E5 - XRays/X-ray-tomography/rastert_juap06.txt
ncols         356
nrows         356
xllcorner     -0.5
yllcorner     -355.5
cellsize      1
NODATA_value  -9999
[rows 168 to 209 of 356, columns 0 to 93 of 356]
255 158 155 154 157 157 158 156 160 164 165 164 158 161 156 157 157 155 154 160 168 168 170 166 165 165 162 161 161 153 139 126 120 129 145 154 150 145 132 125 135 154 162 156 153 161 162 148 149 149 145 152 165 164 159 159 157 159 159 160 166 174 166 159 158 157 159 152 161 165 168 169 168 166 151 147 153 168 170 164 157 165 166 160 167 169 156 148 154 149 132 142 156 159
255 164 160 155 156 157 159 159 161 163 161 159 161 165 158 156 160 159 163 173 176 171 173 177 167 168 165 157 151 154 147 137 144 153 156 157 154 158 156 142 139 147 155 156 155 157 160 154 149 151 145 147 166 166 157 155 159 157 150 152 153 155 157 155 167 165 158 151 164 164 156 166 168 162 144 148 154 162 167 162 158 158 167 159 167 165 149 129 126 144 149 144 144 154
255 161 159 160 161 159 155 159 162 164 160 158 159 160 161 162 166 163 161 163 171 171 163 169 167 163 163 166 154 153 151 148 154 156 155 152 149 154 153 151 157 157 160 159 156 148 143 150 151 147 157 155 160 165 163 163 163 156 154 156 150 146 156 156 156 149 152 158 166 166 157 163 164 168 161 152 150 155 162 166 169 162 168 161 165 165 148 135 130 152 157 152 141 137
255 151 151 154 156 154 148 151 154 165 168 168 166 158 155 156 160 164 166 165 168 173 172 165 155 151 153 157 155 155 156 161 163 160 158 156 151 146 151 158 160 153 146 151 154 146 133 139 154 153 156 153 156 155 155 162 164 163 160 165 165 155 151 153 153 147 155 159 163 167 155 160 165 155 151 152 156 164 163 167 164 149 161 170 166 162 152 158 161 165 159 143 139 143
255 148 150 153 155 152 152 156 154 159 161 159 157 155 159 161 159 168 173 173 169 167 173 172 156 153 156 152 152 154 155 158 155 158 159 159 152 144 155 162 157 153 146 147 150 151 147 156 161 158 156 153 153 153 153 162 163 169 164 158 161 164 167 155 149 157 164 163 160 163 159 157 162 152 139 145 151 160 162 163 160 154 161 172 167 164 161 160 161 155 150 127 137 151
255 154 154 154 156 153 154 159 156 152 152 155 156 150 151 158 156 163 170 175 174 166 159 164 156 150 154 153 147 147 152 149 146 155 162 164 159 160 163 162 158 161 156 152 151 156 161 168 162 162 166 159 155 154 149 157 157 157 158 155 159 164 167 150 144 151 151 159 168 172 170 159 155 160 154 133 127 140 150 158 168 166 162 166 163 165 165 166 171 158 147 128 134 148
255 158 155 154 157 152 149 153 152 152 154 153 143 143 151 150 154 162 166 170 170 169 162 158 153 152 155 159 155 154 157 155 152 157 156 155 150 153 157 163 161 157 154 155 158 161 164 163 160 160 163 161 163 164 156 158 159 151 153 157 158 161 167 158 153 158 153 154 159 158 164 164 166 165 160 133 114 137 153 154 161 169 171 166 164 172 162 161 159 156 147 133 136 143
255 148 153 159 161 154 150 149 147 151 150 133 117 130 149 146 148 151 153 160 157 158 168 168 161 152 156 161 163 163 164 162 159 161 155 150 148 150 155 164 164 162 160 159 161 159 163 168 161 155 162 162 157 160 160 159 154 149 154 151 151 164 169 161 155 159 156 159 165 156 163 168 158 159 154 135 110 127 150 162 158 163 168 165 174 177 162 152 145 149 151 149 153 142
255 144 145 151 152 143 138 141 144 146 143 131 119 123 133 142 148 150 152 153 150 150 153 156 153 152 159 162 165 168 167 166 165 159 154 151 155 154 160 160 157 163 162 158 169 170 166 169 161 157 160 159 158 168 166 160 157 155 158 157 159 163 158 158 151 139 142 151 156 162 167 162 154 168 166 144 118 131 150 169 163 161 161 156 169 169 161 154 150 150 152 150 138 144
155 153 146 146 141 130 132 142 148 145 143 146 136 121 127 145 156 158 153 152 155 153 148 149 149 153 160 161 166 167 159 164 167 152 136 135 148 158 160 155 151 158 164 162 165 168 161 161 163 164 163 162 162 165 160 159 160 164 168 171 170 161 145 143 135 133 150 163 160 156 160 163 158 171 167 143 137 155 161 164 164 164 158 154 159 160 158 151 144 153 157 157 151 154
255 151 147 141 123 116 135 148 153 157 160 158 150 142 138 145 150 157 153 148 150 151 149 150 154 161 163 162 168 173 169 172 167 155 137 134 148 157 147 139 153 163 168 171 161 164 160 158 163 161 155 156 167 168 165 158 158 171 171 171 168 162 139 117 114 135 154 163 164 150 153 158 158 168 157 135 145 158 161 158 155 163 158 156 151 149 154 161 152 148 150 152 154 151
255 160 155 124 94 99 127 145 152 156 160 160 156 157 150 149 153 155 149 149 148 149 152 154 155 164 165 159 162 164 166 170 163 160 150 143 153 158 152 142 149 158 157 161 166 162 162 169 161 148 157 166 170 171 167 158 159 164 160 163 155 153 136 116 122 142 151 149 149 143 149 157 157 159 141 111 138 155 163 168 158 167 171 171 156 146 147 155 156 149 149 149 152 151
255 162 147 103 75 96 133 149 157 159 156 157 158 152 136 135 154 159 157 156 155 152 148 148 147 157 165 163 166 167 166 165 158 152 149 150 146 146 154 154 154 162 163 163 168 166 165 165 153 140 156 166 164 164 162 158 160 152 156 159 153 153 139 129 133 138 150 148 146 143 142 154 150 145 127 98 131 150 155 161 152 160 172 169 155 153 151 154 163 160 148 145 154 161
255 149 135 108 93 106 138 154 161 161 158 155 152 138 127 136 158 158 155 147 147 153 151 150 152 158 162 170 169 165 166 167 160 150 149 155 152 146 157 153 150 157 152 149 159 166 168 147 126 126 150 161 169 168 162 165 161 146 149 153 158 155 147 145 141 151 165 153 153 151 144 152 157 152 122 85 113 141 144 155 164 166 168 164 157 154 153 147 149 150 146 137 141 152
255 146 141 132 127 128 137 149 154 151 152 159 158 148 140 145 157 161 160 153 151 151 146 137 139 142 149 160 162 164 161 165 161 151 147 142 142 145 152 150 149 154 150 149 158 162 158 125 95 105 137 154 162 168 158 154 133 116 122 143 155 149 156 163 155 162 164 151 160 159 144 143 146 144 109 66 93 127 136 152 160 161 166 158 152 153 152 147 148 147 140 136 139 153
255 150 150 144 144 145 145 152 156 155 155 157 160 157 146 151 162 159 156 159 160 155 149 124 110 117 137 152 160 164 161 164 163 158 150 150 150 149 153 154 153 152 152 156 159 154 147 126 104 107 131 149 157 164 156 150 131 113 113 142 158 155 157 161 160 162 153 150 168 161 129 100 94 101 85 76 112 133 142 154 154 159 156 145 147 152 145 151 162 160 158 156 145 149
255 148 149 147 142 135 138 150 161 168 168 157 153 143 130 141 158 155 153 157 157 156 148 118 87 85 118 144 153 155 159 159 158 152 144 151 151 154 160 160 157 151 149 154 152 142 141 148 148 138 151 160 158 157 147 149 154 146 131 132 150 159 157 155 164 170 159 150 160 154 130 76 56 58 74 114 145 153 155 157 162 168 151 138 135 135 141 153 162 164 169 163 157 156
255 143 143 145 145 139 136 144 157 163 160 152 144 133 129 148 158 156 158 165 158 157 151 120 92 98 131 143 144 151 156 158 160 150 148 150 145 150 158 156 155 157 159 159 151 143 145 159 158 142 150 157 155 156 146 145 159 159 141 137 149 153 155 162 167 167 155 140 143 140 131 100 79 68 86 130 142 145 152 155 154 155 148 141 144 135 142 148 156 162 172 165 154 160
255 144 141 135 131 134 138 146 156 158 153 151 151 146 145 151 152 156 159 156 152 149 149 129 117 135 149 144 147 153 151 149 151 146 155 147 135 144 157 157 159 160 160 157 150 151 155 152 151 153 155 155 154 158 164 163 159 154 137 136 146 150 152 159 160 157 150 137 139 143 142 130 121 100 112 149 156 153 153 156 142 143 157 154 155 154 152 154 161 167 164 163 161 155
255 153 148 135 123 132 146 149 147 156 162 165 164 157 155 153 151 161 162 152 148 144 144 138 132 143 150 147 145 144 146 138 139 138 141 123 118 146 163 154 153 156 159 158 150 152 153 153 159 164 162 158 158 154 153 157 160 156 142 141 149 154 155 158 153 151 149 149 147 151 152 147 148 136 139 149 154 161 162 156 132 135 165 165 156 159 165 155 156 161 163 162 159 149
255 153 151 142 138 146 156 151 145 152 157 163 163 159 159 158 157 156 156 156 154 155 154 149 144 138 141 145 149 152 150 145 154 154 145 126 129 149 159 156 151 157 166 162 157 164 166 165 172 162 151 152 157 153 146 156 165 157 154 155 157 157 158 164 157 152 148 153 162 162 154 146 146 151 151 154 156 149 156 158 134 128 153 153 157 162 164 151 157 159 159 162 159 150
255 151 150 150 150 150 153 152 150 147 147 152 159 157 156 160 160 161 159 149 150 156 152 143 138 136 136 140 148 154 151 152 155 153 155 144 146 156 164 168 163 161 167 165 155 160 165 164 165 162 158 154 153 145 145 151 152 148 151 149 153 152 158 169 152 141 145 154 160 156 155 152 144 156 153 153 159 160 159 153 133 127 144 149 161 155 159 163 165 160 155 155 157 148
255 163 160 156 149 146 152 158 157 146 146 152 150 145 147 155 158 163 165 155 158 159 150 141 135 145 148 155 163 160 157 158 147 147 157 155 154 159 162 157 157 158 163 169 163 160 164 168 164 165 168 159 152 140 134 125 133 140 143 145 154 156 158 162 151 143 145 156 159 151 154 158 149 143 140 143 151 151 155 151 140 140 145 151 162 152 157 160 160 162 156 156 164 154
255 156 159 155 147 149 153 158 157 146 142 144 142 142 147 152 153 155 155 149 157 158 154 152 152 156 156 163 170 166 168 165 158 160 161 163 163 164 158 141 141 151 155 155 162 166 168 165 161 158 158 163 155 137 139 132 133 136 148 151 155 154 158 160 158 156 151 150 157 159 160 164 155 142 124 123 131 137 155 167 157 154 157 156 161 166 167 160 155 170 165 154 156 152
255 157 154 151 148 151 151 151 148 139 135 141 144 146 148 153 153 150 139 130 142 144 152 158 156 159 161 159 154 156 162 161 159 165 168 163 159 159 145 143 147 154 156 149 150 153 163 165 165 164 159 160 152 148 158 155 144 142 161 161 158 156 164 173 166 159 151 149 153 160 159 156 154 137 98 86 98 122 146 156 151 151 154 152 157 163 162 161 155 166 162 161 158 139
255 160 158 157 152 155 161 161 155 145 135 135 143 150 150 156 155 147 127 111 125 130 147 161 158 168 169 157 145 149 155 152 153 153 160 163 159 156 141 141 149 153 158 156 149 153 155 159 164 163 151 151 159 166 171 168 153 152 167 166 159 162 157 155 157 156 152 151 153 154 149 142 120 96 70 54 64 91 128 142 151 150 151 151 156 157 162 171 172 172 158 152 164 151
255 160 160 161 159 156 155 148 149 149 139 135 145 148 149 157 155 149 129 112 113 107 122 143 151 157 156 151 150 159 156 150 160 160 157 160 163 154 147 151 157 154 151 152 151 158 157 163 164 160 158 155 155 154 156 152 151 157 158 161 164 167 159 150 155 158 157 157 153 135 130 133 99 74 59 48 61 67 93 110 105 96 103 119 132 154 163 166 168 167 158 135 127 136
255 162 161 159 159 158 153 141 142 145 143 143 148 148 153 156 148 150 143 129 118 110 121 141 154 156 154 152 156 159 159 167 168 160 158 156 147 143 145 152 155 153 150 158 165 168 167 166 159 151 157 157 155 155 158 153 153 154 158 170 166 156 149 146 144 145 149 154 153 140 130 128 98 70 62 49 48 56 71 69 47 42 51 70 112 149 149 149 150 149 145 117 95 122
255 255 159 156 156 151 150 151 154 153 155 156 152 153 158 158 155 157 154 143 127 126 138 144 152 157 152 152 155 153 158 165 164 158 156 149 133 135 143 152 156 156 152 159 164 161 158 162 162 157 161 157 146 146 149 153 159 157 157 158 150 134 109 110 131 140 153 161 157 152 135 119 85 63 65 47 37 54 68 61 46 34 30 45 85 120 127 137 149 136 129 103 103 135
255 255 161 161 164 157 152 156 157 151 155 162 160 159 156 154 159 163 161 153 142 141 149 150 146 139 132 142 154 158 156 152 161 163 152 141 137 147 153 162 163 161 160 162 158 155 155 165 168 170 170 155 141 139 147 162 163 162 157 144 137 126 96 90 115 135 149 160 157 157 144 128 102 78 63 43 34 38 42 48 51 41 31 26 45 70 83 95 108 111 104 89 118 149
255 255 163 158 158 156 153 149 146 149 155 158 159 163 158 151 152 158 162 157 155 156 157 156 147 133 122 128 145 150 151 148 152 156 152 144 132 143 155 164 164 158 164 167 156 161 161 164 168 162 160 153 148 149 154 166 164 155 150 140 146 149 124 105 124 143 148 163 164 165 155 144 138 117 77 36 30 34 35 35 32 37 47 43 40 43 58 62 60 71 66 67 118 146
255 255 156 152 150 150 150 144 142 148 151 147 148 155 156 152 153 154 153 152 156 157 153 153 148 143 137 139 145 147 154 155 151 143 136 131 128 137 152 157 155 157 157 162 161 165 161 158 163 160 162 161 158 160 162 158 155 159 161 158 155 151 137 113 125 152 154 163 164 161 152 156 152 136 89 35 38 52 55 58 55 44 51 58 44 37 52 49 39 32 29 53 112 138
255 255 148 148 146 143 142 142 142 144 143 144 151 162 160 157 158 155 153 160 163 156 152 153 151 146 139 138 143 148 149 150 149 145 139 134 144 153 158 156 153 160 159 163 164 165 166 169 168 167 172 159 155 159 161 146 150 162 158 162 155 154 150 137 134 147 153 158 158 161 163 167 154 143 114 73 78 103 107 100 89 71 75 76 70 70 81 81 63 39 37 59 107 137
255 255 147 144 141 139 140 142 143 145 147 149 149 153 149 153 159 157 160 164 163 156 153 156 154 147 142 134 135 138 134 129 129 134 142 146 155 160 163 158 156 159 162 160 157 155 160 164 160 158 158 152 153 154 150 144 158 157 142 152 159 167 159 152 141 140 155 159 160 163 165 159 144 149 147 124 121 129 132 136 121 102 97 101 101 105 119 115 99 73 66 85 125 148
255 255 147 146 145 144 139 133 137 140 144 147 148 153 152 155 157 154 156 156 156 148 138 140 143 147 155 150 134 115 105 100 102 101 105 121 146 154 155 157 156 157 160 161 157 152 151 151 154 151 145 148 154 147 143 147 154 161 159 159 168 166 160 163 145 136 149 156 160 165 162 163 156 153 154 143 140 138 148 154 150 143 133 136 132 134 135 119 119 111 104 123 149 145
255 255 146 144 145 146 147 144 138 134 138 143 146 154 157 154 154 151 147 149 152 139 131 139 149 155 152 144 123 88 66 53 54 57 58 72 111 139 141 145 148 153 159 164 160 160 162 155 158 153 150 148 153 146 141 142 145 152 154 160 173 166 161 165 151 139 151 157 149 154 165 165 164 165 154 149 146 150 159 157 162 158 144 143 141 137 131 131 133 133 135 145 147 140
255 255 255 135 140 148 155 152 132 125 139 151 154 150 149 153 158 159 159 158 155 152 144 147 154 158 143 120 102 77 69 73 69 64 74 87 111 133 132 133 139 146 143 147 151 156 153 146 148 154 160 152 144 132 142 152 158 152 144 153 162 163 165 160 154 147 153 158 146 146 160 162 165 165 160 151 142 150 148 152 158 149 149 150 146 145 143 150 143 151 157 145 140 148
255 255 255 150 156 165 164 149 121 117 136 149 155 157 157 161 163 164 162 156 155 164 159 151 145 145 140 123 101 79 87 112 114 107 119 134 145 149 146 145 150 153 146 146 147 151 146 141 146 153 161 153 138 116 134 152 152 145 139 146 159 161 157 147 146 143 140 146 143 146 149 157 162 156 151 149 158 163 157 154 147 142 155 158 150 149 148 158 153 162 165 141 136 149
255 255 255 164 164 163 161 149 132 130 144 152 155 160 162 165 165 163 158 155 156 160 156 155 151 149 150 137 111 96 99 108 115 128 139 151 155 156 161 166 167 170 164 160 156 156 153 147 144 140 151 157 128 96 118 140 139 140 139 145 154 152 148 147 147 145 147 154 152 149 144 158 158 152 155 154 158 154 156 160 153 147 149 155 150 141 144 149 142 148 155 150 147 149
255 255 255 161 157 155 155 151 147 143 146 153 157 156 159 159 158 161 158 157 158 157 151 151 151 148 149 135 111 96 98 106 117 134 147 157 157 160 164 168 161 155 149 141 139 147 149 134 125 141 146 140 108 90 115 136 137 136 146 157 163 163 154 150 148 147 150 150 153 159 154 156 153 157 160 152 147 148 157 157 154 153 155 158 153 146 153 151 151 151 139 135 146 156
255 255 255 158 154 158 158 152 150 148 145 148 156 157 160 158 158 158 159 158 154 156 153 154 152 145 145 137 114 92 94 114 136 151 152 156 159 160 153 155 154 146 150 152 142 143 146 138 133 149 148 142 129 122 133 145 150 151 165 157 149 158 155 160 159 158 156 145 140 146 149 147 149 153 154 151 147 151 159 154 149 145 152 154 142 144 154 148 144 138 128 137 149 145
255 255 255 157 153 155 158 151 145 148 153 155 158 161 160 160 160 157 154 151 144 148 150 153 152 149 157 155 142 122 110 122 141 152 154 161 162 157 154 149 150 152 154 155 145 143 146 150 153 148 145 145 150 153 150 151 153 165 176 164 162 165 158 163 164 162 158 148 142 138 140 142 147 151 157 150 147 151 158 157 150 141 134 136 143 145 150 148 141 136 145 156 149 145
