example/E5 - XRays/X-ray-tomography/rastert_juap43.txt
ncols         356
nrows         356
xllcorner     -0.5
yllcorner     -355.5
cellsize      1
NODATA_value  -9999
[rows 126 to 167 of 356, columns 94 to 187 of 356]
135 144 140 110 109 127 129 134 132 123 132 142 134 117 123 135 154 151 141 140 127 96 81 108 129 137 155 157 152 152 153 154 154 152 160 154 138 138 142 142 137 135 144 126 119 128 127 131 141 138 126 135 150 156 147 152 154 147 143 149 146 137 142 149 147 150 146 144 145 141 145 146 140 136 125 127 135 126 128 138 136 140 144 156 155 158 145 139 138 148 144 150 155 154
120 136 144 135 137 137 132 133 125 124 131 126 128 129 127 132 150 155 148 152 142 113 78 90 117 135 157 160 153 157 157 155 160 154 151 154 140 139 149 148 147 132 135 116 112 129 132 127 131 133 134 135 136 152 154 146 144 142 136 141 146 140 142 150 146 145 144 146 148 142 141 142 148 155 144 136 137 132 133 136 144 146 141 142 158 171 156 145 136 146 146 145 149 150
117 130 141 143 153 149 144 139 120 111 120 135 138 135 136 141 155 154 145 159 152 121 94 102 120 139 160 160 154 154 155 160 161 155 154 157 152 148 152 155 151 123 121 117 118 128 130 127 133 136 143 147 141 145 145 144 141 147 141 138 137 137 145 153 144 141 139 139 138 128 129 133 147 152 147 140 127 127 130 134 150 135 119 134 155 165 162 157 145 142 135 137 147 153
134 144 146 147 154 153 157 148 129 121 113 132 143 136 136 147 151 145 146 159 155 133 106 98 119 144 158 160 158 160 159 162 162 157 160 150 144 143 139 141 139 126 122 117 119 125 133 135 142 147 149 153 151 152 146 148 147 145 141 140 130 127 140 146 145 138 128 126 130 123 120 142 146 148 143 143 138 139 130 119 123 105 100 130 151 158 156 158 149 148 135 132 148 151
150 151 151 154 151 148 151 136 124 133 124 126 138 138 136 137 134 137 145 152 156 145 121 111 125 140 148 156 156 158 159 155 161 165 155 147 148 142 133 116 117 124 112 102 121 131 128 141 140 150 154 142 148 156 149 147 144 142 137 141 129 120 114 114 125 127 129 134 131 121 108 123 127 137 136 133 137 142 137 122 115 104 123 148 157 162 152 157 152 151 149 152 158 150
159 162 157 155 148 148 163 143 125 136 135 125 125 134 141 139 136 145 147 146 145 142 132 134 125 130 148 153 160 152 149 148 157 163 142 135 139 139 140 120 121 113 88 92 127 143 138 141 133 144 155 142 145 147 150 151 143 141 135 145 134 128 114 114 134 132 131 132 125 119 90 88 114 129 123 123 132 131 126 124 129 120 137 156 165 167 158 160 164 161 161 166 152 144
164 154 150 149 150 147 151 140 121 124 128 123 126 132 128 122 126 136 139 148 152 152 136 141 131 136 149 152 156 147 146 151 153 143 123 125 138 147 137 128 133 119 82 88 117 132 150 156 148 145 143 135 136 138 149 138 134 146 144 140 131 132 133 131 148 134 116 120 116 116 103 94 124 128 111 110 120 122 125 135 143 141 142 150 165 169 161 165 171 160 159 160 155 150
155 155 155 147 152 159 146 130 116 113 127 134 136 141 125 104 117 132 135 149 155 150 134 140 139 139 149 155 148 148 146 139 134 129 125 131 140 144 134 130 131 125 97 97 115 124 147 162 157 139 132 134 137 136 139 135 137 145 153 145 128 132 138 132 128 120 106 112 122 134 131 119 140 132 122 115 120 123 137 139 136 148 161 157 158 166 163 158 155 160 165 163 169 161
146 156 153 152 155 158 148 139 123 107 124 136 136 143 135 122 136 143 137 150 153 139 132 141 141 134 138 147 133 143 146 129 119 119 125 144 149 142 144 146 142 149 140 126 130 136 149 145 138 131 130 135 138 142 137 135 145 144 142 147 140 139 139 137 134 132 118 117 137 147 137 136 145 124 119 110 123 125 129 128 126 141 152 151 151 155 151 146 137 146 157 156 154 158
154 152 146 148 147 150 142 134 117 99 120 140 141 142 129 124 142 143 128 138 149 149 147 149 154 145 128 123 113 126 132 123 125 123 119 138 148 141 150 159 164 164 158 144 127 135 146 132 123 126 133 138 141 141 143 135 138 138 131 134 142 135 136 150 151 142 137 125 130 139 129 137 143 130 137 130 120 120 123 131 138 142 143 146 146 139 124 122 119 127 146 148 137 141
154 153 152 153 142 138 136 132 122 116 137 143 142 146 128 124 140 148 131 130 135 141 150 147 160 158 140 133 141 144 131 127 136 136 138 141 143 139 149 160 167 163 153 146 132 135 137 131 127 124 137 148 152 144 139 135 140 143 134 131 136 130 135 150 151 140 136 124 136 154 129 126 134 132 145 150 134 133 129 139 138 140 146 135 122 117 121 111 110 127 140 144 139 138
156 156 154 150 142 134 139 136 131 137 142 131 133 152 134 118 139 158 141 132 134 136 138 136 153 162 140 134 149 152 133 131 134 125 134 141 138 140 148 159 165 170 166 140 119 130 136 134 128 125 138 141 145 139 128 127 140 148 137 145 145 139 147 145 140 139 141 131 136 148 131 132 137 139 142 140 133 134 132 140 134 132 137 125 109 111 127 104 102 114 109 117 135 140
156 156 145 138 134 129 133 133 131 133 134 125 130 140 127 103 122 138 130 139 149 152 142 136 147 150 134 134 142 137 131 132 129 126 128 135 139 147 145 153 160 167 172 154 124 121 128 128 119 114 131 140 142 122 123 129 134 142 133 137 147 148 152 141 135 144 139 121 108 123 130 134 133 138 142 129 122 137 140 134 135 138 141 134 123 136 144 109 94 96 98 117 138 145
152 146 142 147 146 133 126 133 141 133 126 120 131 135 125 109 103 120 122 130 151 152 146 140 141 140 129 123 130 134 135 139 134 134 137 135 134 138 138 149 157 158 158 153 139 130 121 116 101 104 130 150 153 125 129 131 135 144 128 115 131 138 140 140 140 137 124 113 113 129 139 137 135 136 143 137 135 143 138 122 128 136 138 136 135 141 142 119 93 97 110 119 139 138
133 128 135 138 133 115 120 137 143 129 115 123 145 152 137 126 111 121 126 128 137 125 128 145 144 143 139 127 122 124 123 136 140 134 146 149 143 136 139 148 148 148 142 134 126 128 118 106 109 120 132 142 151 139 141 138 139 136 127 122 131 138 147 142 135 127 121 115 114 121 134 136 142 137 131 135 145 144 139 123 124 129 130 135 145 147 134 115 98 105 111 120 133 129
120 121 122 117 125 125 128 133 134 126 126 135 138 146 148 136 130 133 132 135 143 134 133 144 140 127 129 129 123 128 136 145 144 132 136 147 150 148 143 131 125 130 127 133 125 115 104 98 100 101 126 145 151 146 149 143 127 127 130 123 135 142 153 146 128 134 134 119 113 118 137 146 148 134 127 138 146 150 139 138 135 131 142 149 153 151 133 108 106 103 100 125 132 125
130 130 129 103 107 133 141 137 134 131 135 133 120 124 138 142 147 150 146 139 148 149 150 146 134 113 119 127 128 131 139 145 150 141 151 159 151 144 136 117 114 126 126 138 144 125 112 120 109 88 103 133 144 137 134 138 124 128 130 127 154 162 161 162 134 137 147 140 135 129 146 153 146 139 133 136 135 147 132 121 121 132 135 138 143 137 116 99 108 105 110 129 143 146
129 125 132 106 103 127 138 135 129 139 135 119 113 126 145 150 147 148 142 126 138 148 160 159 136 121 124 127 134 134 126 134 161 157 163 159 151 145 141 129 120 133 142 145 148 140 130 134 131 119 113 126 142 144 134 127 115 121 127 139 164 169 169 169 149 138 134 134 142 139 155 148 132 134 120 120 124 143 133 111 114 132 126 127 131 134 117 106 114 128 143 152 150 161
131 125 133 136 134 139 141 144 139 138 130 120 116 131 139 137 146 151 146 127 126 131 151 159 147 142 134 127 131 134 128 130 150 164 157 150 163 159 148 147 134 137 134 136 144 145 138 137 148 154 148 141 137 148 152 133 124 127 132 134 152 168 164 149 144 145 129 114 127 138 153 142 117 121 119 113 117 137 130 128 136 133 131 124 114 127 132 136 130 133 148 145 137 151
136 128 128 132 135 145 144 145 138 127 121 119 118 131 142 140 147 150 152 146 136 131 141 137 136 148 139 126 128 122 119 127 144 159 157 156 169 165 152 155 140 129 129 138 137 140 144 151 160 159 153 148 134 141 151 143 137 133 132 131 151 169 156 140 135 144 135 116 122 135 144 135 125 131 123 117 124 147 138 129 129 111 123 130 116 119 137 144 128 130 142 131 128 145
147 145 140 139 134 142 146 140 135 143 135 133 126 125 142 143 139 141 149 153 147 134 143 137 122 139 134 128 141 128 126 131 145 150 162 162 160 155 143 148 145 141 142 143 137 151 159 164 160 151 155 148 135 136 124 127 142 144 137 143 161 172 162 145 138 141 134 126 123 129 134 135 138 136 129 131 133 142 137 123 125 116 125 128 115 115 135 136 122 141 147 132 129 137
142 146 145 156 152 145 146 135 127 141 146 152 136 123 131 131 136 141 142 148 151 132 135 142 130 143 144 131 140 135 142 146 146 147 160 163 157 158 156 149 140 150 155 150 138 135 136 156 162 159 158 142 128 122 119 135 150 146 143 166 172 176 165 159 148 132 135 133 121 130 138 140 144 139 148 143 131 135 141 136 126 123 135 131 129 129 134 139 135 143 139 135 138 135
135 139 141 149 150 143 134 133 135 127 130 142 141 147 142 129 135 138 142 144 142 124 124 142 139 140 154 140 126 124 133 142 152 157 158 161 161 167 166 159 142 150 156 155 145 133 136 150 163 156 131 126 130 121 132 146 144 145 157 173 166 171 166 159 149 135 137 140 139 141 144 142 145 144 144 131 123 123 135 142 127 128 147 139 137 140 137 140 139 133 136 143 138 138
134 130 139 148 143 137 131 127 137 131 131 132 137 150 142 138 134 135 139 137 133 126 127 137 140 144 152 140 137 138 130 137 154 161 163 160 153 153 151 147 131 139 145 149 142 138 137 138 147 139 116 125 138 127 134 140 137 141 153 159 166 168 163 156 152 152 147 147 153 149 139 146 142 141 145 132 123 119 120 132 128 130 151 135 127 135 135 134 130 136 147 145 140 158
137 128 129 134 131 131 133 125 137 138 137 134 131 137 140 145 129 139 144 136 132 131 125 129 130 131 140 140 145 151 137 149 159 160 162 163 159 149 145 143 133 138 132 133 130 134 129 132 131 123 119 139 150 136 132 133 126 125 134 145 149 153 156 152 153 158 159 151 155 159 153 157 132 114 128 126 124 124 118 128 123 118 131 132 137 133 124 121 126 143 135 138 158 169
134 133 135 140 131 121 129 135 141 134 132 133 124 127 140 147 136 137 136 130 135 147 131 134 131 126 130 138 143 154 156 164 158 157 159 157 155 145 140 147 143 139 127 118 126 135 131 130 133 139 134 140 141 130 134 138 134 138 146 151 129 124 133 135 153 158 160 158 158 161 165 161 140 114 114 117 124 125 134 140 129 124 125 138 146 131 125 124 132 135 127 138 163 168
136 134 129 134 130 123 133 136 136 131 130 137 138 139 141 142 145 139 134 128 136 146 131 137 127 121 114 118 133 141 156 162 161 154 155 156 144 141 136 137 143 141 140 139 143 126 119 131 138 146 145 129 134 139 140 132 133 142 145 151 133 106 109 129 147 158 162 163 155 157 161 151 132 120 120 116 122 124 143 147 142 136 135 137 137 137 135 133 141 134 142 156 160 161
135 134 112 107 125 141 152 143 128 131 141 141 142 139 134 122 136 142 142 135 128 124 123 134 118 121 117 123 144 145 144 146 159 149 146 155 133 125 132 136 139 145 156 149 137 130 131 138 131 133 143 124 130 146 143 135 132 134 128 133 141 121 114 123 140 167 168 166 161 159 153 145 125 117 115 106 119 122 127 132 142 141 141 144 132 136 135 133 143 143 145 149 147 143
139 137 123 113 122 142 157 151 129 127 142 142 130 123 130 130 129 131 133 137 136 132 130 137 123 121 122 129 146 146 144 140 144 143 137 140 127 126 137 134 137 148 158 160 149 150 155 157 138 130 138 129 139 145 139 138 133 137 138 137 135 126 117 125 142 166 165 156 161 157 152 152 133 130 129 124 136 129 125 139 146 136 136 145 136 137 132 138 150 147 128 125 144 148
141 145 148 134 124 132 149 142 122 121 138 145 119 100 107 126 131 139 138 141 146 141 133 130 130 122 122 132 142 152 155 142 133 132 122 119 115 130 146 138 131 143 154 164 158 159 159 157 139 136 139 124 124 135 135 140 139 134 135 142 133 127 129 143 151 159 167 163 160 146 143 148 135 131 127 124 142 144 139 144 143 150 155 143 138 144 141 144 155 157 145 147 154 156
138 144 142 133 140 138 139 138 131 124 140 147 130 104 103 127 138 142 136 134 133 137 131 119 128 130 127 136 141 154 152 138 124 121 123 125 115 130 148 147 132 134 143 158 161 164 157 156 146 146 141 135 132 140 137 142 139 131 126 125 133 137 143 155 152 147 150 155 158 148 139 141 134 130 132 142 153 142 147 145 142 149 157 147 133 145 153 152 161 148 143 159 158 159
120 125 133 140 157 145 126 133 144 140 149 150 145 131 128 138 130 136 137 131 128 139 144 132 133 133 132 144 145 153 143 132 130 126 134 136 132 151 157 148 142 136 129 151 158 155 155 154 150 146 136 139 135 138 140 136 134 134 135 124 128 134 140 149 145 149 143 132 143 149 142 138 141 140 147 148 137 128 145 153 149 148 155 149 134 140 157 156 155 145 146 157 155 159
123 118 126 135 144 147 136 144 156 158 156 155 156 150 144 137 126 136 151 150 151 151 148 136 133 132 137 145 145 154 146 135 135 132 143 137 140 158 154 140 143 143 127 136 146 146 142 144 150 142 125 131 133 135 131 124 137 143 142 125 127 128 123 129 131 133 129 117 118 139 144 150 160 160 164 157 147 146 146 151 153 152 159 163 161 145 152 156 148 147 145 152 159 157
144 131 133 136 136 144 143 148 154 159 152 154 155 158 154 142 135 145 156 155 154 137 133 128 123 125 137 149 141 130 133 142 136 129 144 141 137 154 162 143 131 134 131 132 146 156 149 148 154 140 122 130 143 140 138 127 124 127 128 115 117 124 118 122 132 125 119 126 129 138 144 158 164 158 166 166 156 163 160 158 158 157 157 155 171 160 153 166 156 150 144 150 159 155
142 136 139 141 138 135 137 150 154 155 158 161 156 161 164 155 144 141 146 148 136 128 132 130 127 124 130 148 145 133 138 141 130 127 136 146 141 148 160 156 139 134 125 122 142 147 151 155 145 131 122 133 146 138 124 113 126 131 126 127 130 127 126 133 141 138 132 139 146 133 144 162 155 152 163 159 151 159 159 163 160 153 151 153 168 172 163 166 163 162 163 159 159 157
146 147 144 133 138 138 139 151 155 155 161 160 155 163 168 162 148 130 126 131 118 132 138 132 141 140 131 137 145 147 150 149 143 135 132 144 143 134 142 157 149 139 127 122 132 131 143 146 128 121 120 142 155 143 117 112 136 154 144 133 135 137 151 152 138 128 118 126 138 132 148 160 149 153 171 168 151 161 165 162 157 157 156 162 155 166 163 153 159 168 175 162 158 158
147 149 158 144 143 144 145 143 146 153 158 157 159 166 172 171 163 149 130 128 127 141 145 137 131 135 132 134 141 149 151 145 146 144 141 143 142 130 135 148 145 148 146 136 131 130 142 139 130 127 119 135 156 139 115 119 129 144 135 125 128 140 164 170 158 129 116 131 144 141 148 159 160 160 167 167 149 155 170 162 149 151 158 156 143 162 166 156 164 173 165 163 172 172
141 139 143 140 150 142 141 142 143 150 158 158 163 167 170 176 168 155 139 133 137 143 144 146 134 132 138 147 146 153 144 129 135 151 145 143 135 125 136 139 142 140 143 136 131 137 146 137 128 141 136 132 146 128 119 126 132 145 136 131 132 144 157 165 161 129 124 136 138 140 155 160 159 158 162 166 160 159 164 165 158 162 163 162 151 156 158 162 160 174 168 172 176 176
145 147 137 129 143 140 137 140 141 143 152 163 171 168 166 179 172 150 143 138 138 142 135 146 149 137 136 138 138 151 143 136 132 140 133 145 141 130 137 128 137 133 133 130 128 137 141 140 138 146 143 139 135 124 132 127 128 131 137 148 141 143 150 154 145 132 133 128 130 143 156 158 160 153 162 166 158 157 160 158 158 168 162 159 161 164 160 164 155 165 171 172 165 171
137 142 144 140 143 140 135 139 133 136 145 159 167 168 164 171 167 158 148 141 139 147 149 157 152 144 142 140 138 145 132 135 128 123 129 142 148 146 142 134 144 140 137 143 139 145 144 141 153 156 147 143 141 138 136 122 126 134 134 144 134 134 139 147 146 143 136 125 133 152 155 158 162 154 159 167 161 159 159 161 165 166 165 166 163 162 151 152 159 164 168 176 171 176
136 134 136 140 139 143 142 142 134 136 145 152 161 173 167 166 161 155 142 136 137 134 140 148 140 145 150 151 140 131 129 142 132 129 139 139 141 142 141 133 136 134 136 149 148 151 155 147 141 141 152 156 153 140 142 137 128 132 134 136 129 134 139 148 157 153 127 118 134 145 148 157 159 159 168 172 162 158 155 161 159 156 164 168 162 154 138 146 170 166 161 167 171 165
132 127 130 132 139 148 144 138 141 144 144 135 145 161 161 164 162 150 141 135 135 129 127 130 139 152 145 143 139 129 127 135 138 138 141 143 143 131 128 124 132 126 128 146 164 167 163 164 151 145 159 159 154 144 141 141 139 137 138 130 129 140 146 155 156 146 122 119 138 148 154 158 165 162 162 162 160 160 154 163 163 163 159 156 159 151 148 150 161 156 156 164 169 161
