example/E5 - XRays/X-ray-tomography/rastert_juap10.txt
ncols         356
nrows         356
xllcorner     -0.5
yllcorner     -355.5
cellsize      1
NODATA_value  -9999
[rows 210 to 251 of 356, columns 0 to 93 of 356]
255 255 255 255 151 149 139 130 136 145 151 149 148 148 154 158 154 150 151 153 155 158 158 160 165 159 154 155 154 157 158 157 168 170 165 161 159 148 151 161 165 165 162 149 141 128 115 140 160 163 162 161 157 143 135 134 139 143 149 134 114 118 134 144 155 162 158 155 155 156 166 163 164 167 160 159 160 164 155 149 147 145 144 139 139 144 136 130 137 143 139 139 146 153
255 255 255 255 155 153 148 143 147 151 155 154 152 150 153 158 158 157 163 166 168 171 169 162 160 161 162 162 156 158 161 160 164 166 161 162 166 155 152 158 163 163 161 153 144 135 127 149 167 170 162 159 161 160 152 142 140 139 149 150 143 151 169 160 158 167 161 154 153 159 170 168 164 163 161 160 158 168 159 153 155 145 131 115 119 131 136 135 132 133 137 135 138 151
255 255 255 255 155 152 157 157 150 145 150 152 156 155 156 162 156 155 161 164 168 168 171 168 169 168 167 166 160 164 167 165 159 155 155 161 157 151 158 161 166 163 157 157 157 151 143 152 162 163 160 154 151 153 149 144 145 137 137 141 143 148 169 163 159 166 163 158 161 166 165 164 163 157 159 156 147 148 144 141 139 125 89 79 113 131 142 141 129 122 123 122 124 128
255 255 255 255 156 151 154 150 145 147 154 156 160 158 159 166 165 169 169 165 167 169 173 177 177 169 167 164 156 160 159 165 164 157 155 158 158 158 163 159 156 154 155 163 163 158 148 148 154 161 157 149 148 146 146 143 137 128 114 112 128 141 159 167 165 163 161 158 162 166 165 164 164 156 155 149 143 133 131 121 98 81 54 71 110 127 143 136 113 103 99 103 119 127
255 255 255 255 161 156 152 142 140 150 159 159 159 160 163 164 168 172 169 166 162 162 166 171 168 167 168 166 167 169 161 158 159 161 159 157 157 154 152 153 158 163 165 165 158 155 148 145 149 160 163 154 148 146 148 126 112 120 103 92 116 133 144 150 149 160 160 154 158 159 151 148 147 141 129 104 90 81 86 73 41 30 36 65 102 119 125 110 81 92 107 115 139 147
255 255 255 255 255 162 157 147 145 143 146 148 155 162 164 164 166 163 160 160 162 165 164 167 165 168 168 166 172 167 164 167 170 163 151 152 150 151 150 152 161 160 158 160 154 156 157 146 147 155 156 157 154 155 158 124 110 135 126 106 105 127 146 145 146 150 147 140 145 151 143 144 133 114 79 41 37 38 41 34 21 18 27 49 98 126 113 90 64 84 110 129 149 154
255 255 255 255 255 162 159 149 148 147 149 156 161 158 158 159 158 160 163 164 167 168 164 163 164 171 174 167 166 162 166 167 165 155 147 152 151 150 152 158 160 150 148 158 156 155 157 146 148 157 147 151 154 152 151 120 117 144 148 136 112 126 148 150 150 146 132 111 103 112 110 107 87 69 46 33 46 50 55 67 66 47 55 77 107 131 122 109 98 115 133 147 151 155
255 255 255 255 255 158 158 154 153 152 154 159 160 155 159 162 159 160 163 162 163 168 167 163 168 171 170 168 165 165 169 161 153 154 154 153 145 142 146 148 152 155 162 161 154 149 145 141 145 147 140 146 146 141 141 128 134 149 157 150 113 111 131 146 152 144 118 87 75 72 65 50 37 31 29 42 74 95 107 117 109 98 105 125 136 141 146 149 149 153 157 161 151 142
255 255 255 255 255 155 154 160 159 153 150 148 149 152 159 160 158 160 163 165 165 171 176 172 173 168 159 163 163 165 169 165 161 164 159 154 150 149 143 143 148 157 160 151 148 144 138 135 143 142 147 149 149 153 152 141 136 140 149 141 108 106 125 137 142 131 110 96 96 83 54 30 31 45 48 64 112 137 145 143 140 143 145 150 152 158 162 160 160 162 161 167 160 147
255 255 255 255 255 255 157 160 156 149 146 149 149 145 150 153 157 160 162 167 165 165 169 170 167 168 168 168 163 162 164 166 167 165 158 154 152 151 148 145 147 157 147 136 135 134 137 147 156 150 148 145 148 148 145 136 130 129 136 142 129 122 135 137 128 115 108 117 129 110 82 52 44 62 70 93 134 151 159 158 155 153 161 162 160 166 165 160 167 172 165 166 164 163
255 255 255 255 255 255 157 162 162 148 141 144 140 140 151 155 156 160 157 152 155 161 159 160 158 156 161 159 159 163 162 161 164 164 154 145 143 146 144 143 146 152 144 141 137 132 137 147 150 142 136 137 150 145 136 138 139 135 142 156 150 143 149 142 127 112 112 117 127 123 107 79 66 75 88 123 150 155 159 154 150 151 156 158 159 165 170 170 176 167 163 165 169 173
255 255 255 255 255 255 157 161 158 148 149 146 141 147 157 162 164 165 161 158 160 160 162 162 161 160 162 157 159 163 163 163 163 164 157 150 147 141 136 136 141 143 146 153 146 139 147 154 157 146 136 133 142 143 138 147 151 146 145 154 148 144 150 144 131 106 95 97 112 123 117 96 88 90 100 131 155 160 159 158 158 151 160 172 169 166 167 169 175 166 174 175 169 166
255 255 255 255 255 255 158 156 151 145 147 149 154 161 164 165 165 164 162 161 166 168 171 168 166 167 167 164 167 166 159 158 161 164 165 160 151 141 137 132 134 142 148 154 152 156 160 155 152 147 142 139 140 142 142 146 149 151 153 160 159 153 151 146 129 96 82 86 105 117 116 103 108 116 121 141 162 166 163 157 151 143 162 174 164 162 166 170 174 171 178 172 160 157
255 255 255 255 255 255 255 149 145 150 151 154 159 163 162 161 162 165 160 157 162 166 165 163 165 163 165 168 167 162 161 166 168 167 169 166 159 146 139 134 141 148 152 155 159 157 154 151 146 143 142 142 143 143 146 149 153 157 159 159 158 157 150 143 125 98 92 92 101 103 103 108 123 138 148 158 159 159 161 157 148 154 167 162 154 160 170 169 169 172 173 173 174 171
255 255 255 255 255 255 255 153 159 163 162 160 159 159 160 164 165 166 161 161 164 161 156 158 160 167 169 162 161 163 168 168 163 165 168 161 156 153 151 149 150 147 151 158 157 151 148 153 154 146 141 136 136 135 139 149 157 154 155 149 145 142 128 131 133 113 101 100 109 105 99 115 134 146 157 155 156 161 164 164 162 168 163 157 162 164 168 168 176 174 164 163 160 158
255 255 255 255 255 255 255 154 162 169 165 156 158 165 171 170 165 163 160 164 168 163 160 162 161 165 165 159 160 167 171 166 160 165 165 168 166 162 160 156 153 152 156 154 154 156 149 148 141 134 131 133 145 143 139 145 149 149 152 154 151 142 126 121 113 98 92 100 111 112 113 119 129 139 153 151 157 160 161 170 172 167 161 164 168 167 165 166 165 160 158 161 160 163
255 255 255 255 255 255 255 156 158 164 157 151 157 162 168 171 168 165 159 158 164 164 168 168 163 164 167 169 170 171 169 169 168 171 170 171 167 166 170 164 154 150 153 152 149 149 145 139 128 118 115 117 135 138 144 152 145 143 147 156 156 152 150 127 98 92 99 118 131 125 114 108 125 142 154 158 157 154 156 160 159 154 158 161 162 161 167 168 154 155 163 169 166 165
255 255 255 255 255 255 255 255 157 158 153 147 149 151 155 161 159 155 154 161 165 163 165 165 165 172 176 173 171 170 169 173 174 173 172 168 168 173 169 162 154 146 143 141 130 131 141 141 126 110 115 127 138 142 146 149 142 142 141 143 145 155 153 133 110 105 114 135 147 143 132 115 133 149 151 156 160 163 163 154 155 149 150 158 164 159 159 159 162 166 163 163 164 161
255 255 255 255 255 255 255 255 155 153 150 146 149 156 160 160 162 162 165 172 167 164 163 165 169 171 172 169 169 173 175 175 171 170 173 175 175 168 164 162 157 150 147 135 117 126 145 147 127 112 128 138 137 148 148 145 138 142 142 142 147 151 144 136 121 119 131 136 138 142 140 133 145 154 159 167 164 158 157 155 159 152 149 151 155 154 153 159 168 165 162 163 162 158
255 255 255 255 255 255 255 255 158 154 156 151 142 145 158 163 165 166 169 170 165 169 167 165 168 167 166 164 164 165 168 170 170 169 169 167 169 169 170 160 147 141 142 135 118 129 146 140 127 129 138 140 142 144 140 144 142 144 143 146 155 147 142 133 120 119 132 140 139 139 138 146 158 163 167 167 165 153 152 155 155 153 157 152 150 157 161 159 161 165 166 159 154 154
255 255 255 255 255 255 255 255 255 165 166 157 140 137 151 161 163 166 166 169 167 170 170 171 173 170 168 166 168 170 168 171 173 171 170 167 165 163 158 147 140 139 139 139 133 139 146 140 139 148 152 148 146 140 140 148 150 153 149 152 156 145 137 131 127 121 133 145 138 130 130 145 156 158 164 160 164 159 161 160 159 157 163 163 158 160 155 151 149 153 153 154 153 141
255 255 255 255 255 255 255 255 255 168 167 156 149 146 152 162 168 171 169 171 169 170 172 174 171 172 175 175 179 179 175 175 176 172 169 168 163 153 147 146 149 143 134 142 152 155 152 144 145 157 157 152 151 151 145 146 151 159 158 157 148 150 149 142 137 137 147 147 134 134 140 145 146 158 169 163 164 162 173 174 164 159 161 159 155 157 155 156 153 154 146 145 143 132
255 255 255 255 255 255 255 255 255 160 159 153 153 153 154 159 165 167 171 175 169 170 172 170 170 171 173 174 176 178 172 172 167 158 157 160 162 161 154 149 154 146 141 154 159 155 153 146 146 160 165 154 149 149 137 141 156 159 146 141 142 150 153 143 135 135 142 147 140 136 145 143 144 153 151 145 157 162 166 167 166 169 169 166 163 162 156 155 152 156 157 147 134 123
255 255 255 255 255 255 255 255 255 255 155 152 152 152 155 155 158 161 168 174 171 173 169 166 171 173 174 171 170 176 173 170 154 143 150 150 147 148 150 153 156 152 151 155 157 158 152 145 142 153 161 146 138 144 146 150 156 155 150 149 156 152 144 138 135 138 143 146 150 144 150 152 153 141 137 143 155 164 165 161 163 159 157 160 167 164 156 164 154 151 152 136 116 109
255 255 255 255 255 255 255 255 255 255 155 154 155 152 152 149 151 157 163 167 170 169 168 166 166 168 175 176 172 174 169 154 133 128 136 135 132 132 143 153 156 157 155 153 152 158 153 147 145 148 150 143 142 139 142 149 152 153 154 157 161 156 150 149 151 155 157 153 149 154 157 140 142 138 148 149 150 156 155 153 162 164 159 162 173 165 159 171 157 153 145 121 106 109
255 255 255 255 255 255 255 255 255 255 152 152 153 155 156 151 146 153 164 166 163 159 161 153 150 161 172 173 171 171 160 133 107 103 105 110 125 135 148 154 160 165 161 154 154 159 150 146 149 136 131 143 147 143 142 143 147 151 150 151 152 150 148 153 160 162 164 168 159 152 146 139 148 148 156 151 150 153 158 161 167 172 171 165 169 157 155 167 162 161 147 118 100 111
255 255 255 255 255 255 255 255 255 255 255 155 151 154 155 148 136 143 154 157 159 153 145 140 143 160 171 166 159 156 150 120 92 82 85 105 128 136 146 155 162 159 153 145 144 146 142 141 148 138 134 145 146 144 145 147 149 143 143 148 152 153 159 162 162 162 163 170 163 150 146 145 148 149 151 145 144 151 158 163 163 161 159 152 153 156 163 167 160 158 147 128 101 106
255 255 255 255 255 255 255 255 255 255 255 155 154 154 151 142 139 146 151 153 148 140 140 148 157 165 162 158 148 142 136 118 102 91 95 111 133 139 143 150 150 153 155 154 143 136 139 140 150 155 153 149 147 147 146 144 141 137 146 149 151 154 168 162 157 165 165 162 167 170 170 156 144 144 144 149 148 146 146 152 161 162 156 158 156 160 169 169 163 160 153 129 95 97
255 255 255 255 255 255 255 255 255 255 255 154 156 157 156 150 150 155 157 146 130 119 124 141 155 160 153 145 136 139 139 131 123 124 129 135 150 155 154 152 143 144 146 146 140 145 149 145 146 155 150 150 154 151 144 137 141 146 147 146 149 148 159 155 157 165 161 163 173 172 171 164 153 145 142 153 151 147 144 144 147 155 158 161 161 165 167 164 159 153 146 122 90 86
255 255 255 255 255 255 255 255 255 255 255 255 158 154 153 154 150 149 148 137 121 109 119 134 144 153 154 143 138 145 147 143 137 143 149 150 155 160 159 156 148 141 135 133 131 143 146 146 145 149 141 145 151 146 147 148 139 133 136 139 149 154 158 157 162 167 169 165 168 165 161 159 155 150 142 146 145 137 138 135 128 137 146 148 150 159 163 159 150 149 147 131 105 85
255 255 255 255 255 255 255 255 255 255 255 255 152 144 143 150 143 136 145 138 124 125 141 150 150 156 159 156 151 152 147 143 139 141 142 144 143 145 149 149 148 147 143 141 138 149 149 144 143 145 147 152 150 145 149 142 132 128 137 141 146 151 154 154 153 156 167 168 170 168 166 168 166 163 158 150 144 129 135 129 123 132 139 140 146 154 153 149 146 140 138 129 112 92
255 255 255 255 255 255 255 255 255 255 255 255 152 144 146 147 141 140 144 134 129 137 154 158 155 156 158 164 158 155 152 151 149 158 159 149 140 144 155 156 155 159 160 160 156 159 155 147 149 148 150 152 152 150 149 137 138 133 131 141 148 147 149 156 148 149 155 156 159 162 164 170 171 172 167 151 147 135 131 131 134 139 140 137 138 139 137 139 149 141 128 117 105 105
255 255 255 255 255 255 255 255 255 255 255 255 255 146 153 156 150 147 141 133 133 146 158 160 161 156 160 168 160 152 155 154 159 164 151 137 136 147 156 158 161 162 162 164 161 160 161 155 154 152 150 148 156 158 149 144 150 135 124 135 139 138 143 153 156 153 152 150 153 159 161 160 162 169 170 156 151 140 137 141 149 150 143 141 146 144 135 133 147 146 131 116 108 125
255 255 255 255 255 255 255 255 255 255 255 255 255 152 157 158 155 149 141 134 135 147 154 157 161 155 156 163 158 156 160 156 158 152 139 133 134 142 137 142 163 166 167 164 161 159 160 154 158 160 155 144 149 151 146 144 149 143 140 145 140 139 140 148 167 162 153 153 153 161 165 158 152 159 166 159 148 137 135 145 156 149 140 139 144 137 135 141 149 145 138 129 129 139
255 255 255 255 255 255 255 255 255 255 255 255 255 255 156 154 147 140 137 135 135 147 152 147 149 146 149 156 155 160 158 155 157 156 151 146 143 140 128 136 158 164 167 163 159 157 156 153 162 160 149 140 149 151 148 147 151 153 152 148 141 142 143 149 162 165 168 170 158 160 160 153 141 142 156 157 144 129 137 150 147 144 150 150 144 134 141 151 152 146 145 152 149 136
255 255 255 255 255 255 255 255 255 255 255 255 255 255 150 147 143 136 125 117 125 142 150 147 146 144 146 150 152 155 155 156 159 158 152 153 156 149 140 146 158 158 161 161 159 159 156 156 162 154 144 146 152 145 144 153 151 144 143 144 135 136 149 155 162 167 169 172 166 171 164 156 149 140 149 150 141 140 143 144 148 157 165 166 156 148 153 149 148 152 155 156 145 128
255 255 255 255 255 255 255 255 255 255 255 255 255 255 255 155 154 150 130 112 124 142 148 152 152 151 147 147 153 153 152 154 152 153 153 162 169 159 149 149 154 154 161 160 159 161 159 160 157 144 144 150 151 144 140 140 140 140 137 137 130 132 148 148 150 156 156 158 162 167 162 160 158 147 145 141 143 153 144 142 151 153 157 160 147 139 149 147 151 155 153 151 142 137
255 255 255 255 255 255 255 255 255 255 255 255 255 255 255 152 150 149 137 131 136 138 141 150 154 155 152 151 153 148 148 151 150 150 152 159 162 159 154 149 154 157 159 152 149 159 164 161 156 147 145 151 154 154 154 146 149 145 131 132 141 147 148 141 139 147 155 164 169 170 167 168 163 157 161 154 150 148 144 144 139 138 147 137 126 133 149 153 154 152 152 153 147 138
255 255 255 255 255 255 255 255 255 255 255 255 255 255 255 146 144 141 140 143 141 135 136 145 153 158 151 149 149 139 141 148 146 146 150 155 152 150 149 141 146 149 140 133 143 157 155 154 160 154 152 158 154 151 155 150 152 148 133 136 155 160 150 147 144 144 153 162 168 172 169 163 159 160 165 159 150 139 142 142 139 145 145 130 137 154 161 160 156 148 146 157 152 124
255 255 255 255 255 255 255 255 255 255 255 255 255 255 255 255 149 144 144 143 138 139 143 150 155 160 151 146 139 128 136 151 150 147 151 158 154 143 136 136 139 131 125 131 143 149 146 146 154 156 160 164 157 156 153 144 153 163 152 150 165 162 150 146 145 146 144 140 149 158 164 163 166 169 164 156 148 147 147 133 131 148 153 138 153 170 163 164 161 145 133 146 137 104
255 255 255 255 255 255 255 255 255 255 255 255 255 255 255 255 152 147 142 144 147 153 150 147 141 142 141 143 148 147 152 152 150 151 155 157 152 144 140 149 149 130 129 139 141 140 138 131 138 153 154 156 159 167 162 150 157 160 156 160 161 155 151 144 146 153 140 134 153 159 162 159 157 163 164 149 141 141 132 125 134 152 158 140 143 163 162 156 153 152 145 143 132 109
255 255 255 255 255 255 255 255 255 255 255 255 255 255 255 255 255 144 140 143 151 155 151 140 132 136 144 151 156 161 161 153 154 157 158 159 155 148 147 151 146 133 131 139 137 130 134 137 147 156 150 153 162 162 159 156 154 151 150 158 158 152 146 140 143 153 144 137 154 157 157 158 153 159 162 148 137 133 130 130 139 142 142 128 119 133 148 155 162 165 153 151 150 124
