example/E5 - XRays/X-ray-tomography/rastert_juap49.txt
ncols         356
nrows         356
xllcorner     -0.5
yllcorner     -355.5
cellsize      1
NODATA_value  -9999
[rows 210 to 251 of 356, columns 190 to 284 of 356]
139 148 155 149 147 152 164 162 148 151 162 168 171 174 169 169 161 157 162 151 141 135 142 151 170 174 155 165 172 170 173 184 184 174 173 176 177 183 173 163 161 174 178 171 172 169 169 173 179 176 177 175 170 177 175 176 176 175 175 179 179 171 173 171 168 170 171 181 185 175 169 170 170 180 187 177 177 181 176 172 170 171 164 144 132 127 135 151 154 139 126 130 145 143 134
130 139 145 155 154 142 153 159 151 141 149 158 164 170 161 162 162 163 165 154 141 122 133 154 165 168 154 163 168 179 180 177 178 175 176 170 173 186 184 177 165 169 175 174 166 161 168 176 177 176 179 181 168 169 170 184 186 180 169 171 177 178 179 176 179 174 171 180 176 167 168 174 181 184 179 174 172 180 178 175 177 170 164 151 140 131 137 148 146 138 135 140 147 144 144
131 134 130 137 154 160 155 156 157 147 152 155 150 167 164 161 159 166 166 156 147 134 141 150 153 166 170 167 171 178 176 166 170 179 178 169 169 174 174 179 164 160 170 171 165 169 174 179 177 178 175 178 178 179 180 187 177 174 172 173 176 179 179 172 173 175 173 174 178 176 175 175 178 184 179 176 174 181 175 172 172 162 156 146 144 140 136 139 137 136 138 145 158 159 154
131 138 131 113 127 151 149 154 157 159 160 154 148 166 164 158 163 170 156 148 145 146 152 146 149 165 177 172 172 169 176 174 171 177 179 178 179 170 168 175 172 171 177 171 173 179 172 175 179 177 173 169 174 190 183 172 166 168 178 181 183 178 174 174 175 174 175 166 170 174 174 173 172 181 183 180 173 172 172 170 172 168 154 137 128 133 141 139 128 122 127 145 162 156 146
135 126 110 97 113 138 141 152 153 146 149 146 148 158 153 154 167 159 143 154 152 152 156 155 156 161 166 164 170 179 188 179 171 174 176 177 176 169 170 177 178 170 171 169 176 183 168 173 178 177 173 170 174 190 183 175 179 173 177 176 182 183 172 170 176 169 174 171 160 168 170 168 170 169 166 172 169 167 175 176 173 167 153 137 125 130 145 137 117 117 123 134 144 134 135
129 100 70 88 126 140 123 130 122 110 129 141 149 158 152 149 156 141 139 154 153 158 151 156 158 165 164 170 174 183 189 182 179 175 175 179 176 174 165 165 175 172 166 172 174 179 171 177 177 176 173 179 182 181 175 176 179 171 171 171 175 182 173 170 173 172 174 179 174 172 167 164 173 175 178 181 173 165 167 174 167 156 147 139 137 126 136 142 126 130 137 137 141 133 128
128 105 68 75 128 140 116 123 111 101 119 144 161 167 161 149 147 141 153 161 155 159 147 160 163 168 169 176 175 169 171 174 174 169 168 177 175 176 173 165 172 178 176 178 171 172 170 173 173 172 175 179 179 177 176 179 175 173 171 169 173 175 171 173 177 175 167 170 179 174 168 162 163 171 179 170 168 166 161 165 158 142 137 134 141 132 135 146 139 143 149 146 142 145 138
128 114 79 63 115 137 129 124 107 111 132 150 161 167 169 160 146 140 144 153 160 164 149 165 166 165 167 174 177 168 161 164 174 171 164 169 170 175 183 167 168 172 173 175 169 163 165 174 176 177 176 174 173 175 182 183 174 171 175 166 165 173 175 175 174 175 172 169 176 181 174 169 171 168 168 171 170 172 173 162 150 140 139 133 144 148 143 138 140 146 148 147 146 154 156
137 129 104 84 125 142 129 116 108 116 140 147 150 158 169 162 144 144 142 146 147 151 143 150 151 159 167 168 167 169 160 161 170 171 165 165 169 180 183 167 159 165 169 173 170 160 163 167 174 178 178 179 182 181 182 181 179 171 173 164 161 173 176 175 173 175 174 176 177 186 175 163 172 174 176 184 177 171 166 154 140 138 148 144 143 149 142 131 130 142 150 149 147 147 153
128 119 109 111 145 147 138 129 124 121 129 137 140 155 166 163 143 137 144 141 128 128 131 121 112 120 139 154 152 161 156 152 159 166 165 163 169 175 172 173 166 168 164 161 166 161 159 158 173 182 179 181 182 175 182 186 185 177 171 162 169 176 174 174 170 168 172 179 171 174 175 163 168 172 172 172 169 168 158 153 141 141 150 148 144 145 142 135 126 132 140 142 147 146 146
130 112 110 125 150 153 153 145 139 126 119 131 137 146 143 150 149 144 143 134 130 134 127 93 54 49 86 114 112 134 137 138 153 155 160 164 163 166 169 173 168 170 171 166 165 168 164 155 167 178 174 175 178 172 180 180 172 179 180 167 168 168 166 172 168 169 172 173 167 161 165 164 157 154 156 156 160 164 161 156 147 140 133 125 127 137 139 138 132 131 138 141 146 146 146
134 128 126 136 154 163 160 151 135 111 111 130 140 147 138 145 153 149 134 129 138 144 120 81 49 41 58 64 75 88 87 107 132 131 132 142 153 158 165 167 165 170 167 167 166 171 172 167 174 174 170 175 183 178 183 179 168 177 182 169 172 171 163 169 170 176 172 165 169 161 155 148 141 146 158 162 160 160 158 149 146 136 114 98 108 131 143 145 140 135 137 140 136 133 136
130 134 140 146 153 158 158 157 146 128 122 124 128 137 142 141 153 151 133 141 152 155 149 127 114 110 106 102 118 110 97 114 138 141 137 131 139 147 162 166 162 165 166 170 170 165 160 163 172 170 166 171 175 171 174 174 173 174 170 162 172 179 163 164 168 167 164 164 166 161 146 115 114 133 153 164 163 166 162 149 152 146 123 110 120 136 144 147 142 139 138 139 139 141 137
138 146 151 145 148 151 150 155 146 135 139 136 127 131 134 131 151 149 145 163 168 171 176 162 157 156 141 131 147 150 146 150 167 172 162 150 133 132 156 165 164 164 167 168 160 161 157 158 166 166 165 166 166 166 165 165 166 164 163 158 160 168 159 159 162 162 159 151 147 146 127 92 98 130 145 158 170 175 166 155 156 150 141 133 133 131 126 135 142 146 142 140 142 150 147
156 167 160 147 144 146 150 155 143 135 146 145 142 138 129 124 145 149 153 169 168 177 173 165 168 167 154 135 138 151 159 162 163 163 165 170 154 145 141 146 162 166 164 168 164 163 163 166 167 169 166 165 167 165 166 167 163 161 156 150 147 147 149 157 158 164 165 152 147 144 125 98 106 140 152 158 165 173 162 157 153 131 131 127 125 118 116 132 146 154 153 155 151 147 144
155 165 155 149 141 140 151 158 149 137 140 140 145 145 134 125 129 139 156 169 170 177 165 170 170 158 165 154 145 159 165 168 162 165 168 172 171 170 156 146 159 168 167 168 164 174 176 168 165 171 168 163 165 163 161 158 152 148 146 145 148 142 149 161 156 161 157 152 148 141 123 114 127 148 162 164 164 171 162 159 157 135 128 125 127 127 128 141 150 158 156 155 152 144 132
151 150 147 151 154 151 154 153 144 139 141 146 153 154 147 135 135 147 165 174 180 181 172 178 172 164 177 166 148 154 159 157 154 164 170 174 172 170 169 153 152 152 155 156 152 167 170 157 156 159 157 159 162 154 151 162 154 151 162 160 149 142 145 151 151 152 148 150 149 130 110 125 144 151 156 162 163 166 160 158 154 148 141 136 127 124 128 139 145 147 146 152 155 147 125
146 146 147 143 149 151 145 140 137 137 141 151 159 150 146 149 155 157 174 179 178 182 179 174 162 158 171 171 149 143 150 155 147 149 162 170 168 159 160 159 156 151 154 154 154 149 150 152 153 146 142 150 155 145 140 154 146 144 154 154 143 141 147 148 152 151 145 146 153 137 122 136 146 147 147 151 158 164 157 151 149 151 147 148 130 113 121 132 136 141 149 163 161 151 130
141 151 155 146 150 152 152 149 149 152 148 152 153 149 149 152 156 158 165 169 167 180 176 173 170 163 174 186 171 161 162 167 159 153 156 164 174 169 174 172 158 156 159 154 154 143 141 146 146 138 139 146 147 142 144 157 159 156 152 140 141 147 156 156 153 143 138 140 148 145 140 145 148 151 149 144 158 168 162 154 148 148 145 152 143 127 128 134 132 137 150 159 153 148 134
146 156 162 156 157 161 170 164 150 156 150 149 148 157 154 148 146 146 150 168 165 172 174 175 181 179 174 176 172 173 160 157 163 160 156 157 167 178 186 185 165 155 156 147 140 134 137 139 141 135 135 142 142 141 151 165 173 169 157 139 146 156 157 150 144 131 135 146 148 145 142 138 148 153 150 147 153 160 159 158 151 150 144 147 152 142 135 140 133 133 142 148 150 154 145
154 158 164 163 158 154 160 164 144 143 145 147 151 155 156 151 146 147 155 170 168 169 168 170 171 176 178 168 170 170 163 167 174 165 163 154 153 167 166 171 162 143 139 142 143 139 133 130 136 137 133 133 138 148 159 167 172 173 169 157 148 152 148 143 141 131 141 156 149 141 138 132 140 149 150 147 155 160 159 152 137 138 144 150 149 142 137 141 130 131 144 148 149 154 148
159 156 163 164 161 157 157 162 155 155 147 148 153 146 147 149 140 145 152 152 160 170 168 171 169 181 181 167 173 167 161 166 172 160 159 144 144 148 146 155 150 139 137 138 145 147 133 128 139 140 129 115 126 153 166 171 169 164 165 157 153 155 151 148 151 146 146 153 148 146 143 131 138 151 159 157 160 159 156 153 140 131 143 150 145 143 141 145 143 137 147 155 154 155 158
160 165 172 168 160 163 174 170 159 155 144 153 151 142 147 152 143 142 148 146 161 168 168 172 163 168 164 162 170 163 153 157 165 158 153 145 144 140 143 151 144 145 143 143 144 147 135 137 144 138 120 113 126 146 155 159 162 158 156 145 149 150 151 150 153 152 147 151 147 142 135 128 130 144 158 160 157 159 158 153 143 134 135 143 148 150 150 151 151 148 141 143 154 160 168
163 166 162 164 167 169 172 166 158 160 156 158 147 141 145 145 139 143 148 153 170 165 159 155 149 167 165 166 165 153 142 146 151 145 145 144 134 129 142 139 136 139 139 146 151 155 139 134 127 128 124 128 133 138 145 147 154 156 154 143 141 142 146 143 151 153 142 144 144 141 133 129 136 154 154 152 149 153 153 143 134 138 135 134 144 155 158 157 153 153 149 145 155 157 157
166 171 166 164 163 167 170 171 162 161 157 156 153 151 150 135 132 138 152 162 170 175 167 154 152 165 163 163 159 150 143 139 138 136 138 137 133 128 149 140 129 137 140 145 153 162 144 128 119 128 133 132 138 142 142 141 147 142 142 145 146 146 146 143 149 154 148 146 147 140 126 120 141 157 146 142 146 150 147 139 140 150 144 131 139 149 152 151 141 142 151 156 157 157 152
158 167 171 158 158 168 163 162 161 155 151 155 153 148 152 142 137 138 151 157 159 173 160 156 153 148 148 149 147 149 152 143 132 124 131 132 132 132 154 150 133 136 140 143 148 158 152 135 137 147 144 134 139 148 146 145 156 143 142 149 147 145 146 145 141 143 150 148 144 140 132 125 135 144 138 133 139 137 131 138 152 158 151 141 143 148 143 123 109 124 148 159 158 159 154
160 154 160 146 147 154 139 141 149 152 148 146 157 147 149 146 134 136 137 137 148 160 150 154 149 147 144 148 141 155 162 154 142 111 111 119 124 133 146 144 136 128 124 126 132 141 138 126 138 146 142 137 138 150 150 157 168 154 147 147 151 147 146 147 137 136 144 145 152 156 149 151 155 146 143 145 135 114 112 130 153 159 154 149 142 137 130 112 104 114 134 154 158 154 148
161 153 155 141 144 141 125 133 144 150 150 139 153 142 149 149 136 135 132 129 141 144 140 145 138 148 145 151 155 175 180 175 160 117 104 112 125 131 136 137 129 114 115 115 111 117 117 114 122 131 124 117 127 144 151 164 167 158 156 157 154 138 139 144 132 131 138 148 163 171 163 162 164 153 145 150 144 119 121 137 148 159 157 152 147 132 124 119 120 117 122 140 153 155 149
155 154 150 132 139 138 142 146 148 148 147 142 149 138 149 154 144 131 134 134 134 133 135 134 132 144 146 148 150 166 178 173 156 132 112 102 113 121 128 131 119 113 119 124 106 93 103 110 109 118 117 114 123 148 164 170 163 157 158 159 154 134 125 130 132 136 143 160 176 175 158 153 157 155 150 150 148 135 136 145 139 144 146 146 149 145 136 132 138 130 125 138 150 155 154
154 154 156 148 150 145 154 151 146 146 138 135 139 134 146 157 150 139 139 145 143 142 136 126 141 149 151 148 144 153 162 156 142 140 137 121 120 123 124 126 129 129 122 128 113 95 97 95 103 125 140 133 128 147 161 169 166 158 160 165 160 144 128 130 138 147 148 156 166 169 154 150 151 148 154 151 141 136 138 138 132 135 137 128 138 152 149 140 143 139 131 138 145 150 153
162 152 151 160 158 152 153 153 147 141 132 129 137 141 142 137 130 145 141 144 156 149 131 116 139 149 149 145 140 151 163 156 142 133 137 134 129 132 134 132 133 130 123 129 127 124 93 72 100 128 141 134 120 133 156 171 172 165 164 168 160 140 125 126 138 150 149 144 147 160 155 151 148 141 150 154 141 137 148 150 138 132 132 125 124 141 145 144 146 141 133 131 136 142 148
165 152 147 158 161 160 157 151 143 135 140 138 143 148 148 142 131 136 141 151 156 141 130 122 134 141 146 147 146 145 147 142 141 129 130 143 139 139 141 136 130 131 129 132 131 126 86 61 98 119 129 137 124 128 152 171 172 167 162 164 157 139 122 110 133 156 155 139 136 149 150 150 146 133 142 155 148 146 153 151 142 140 135 127 124 135 141 148 146 135 126 124 134 136 142
163 144 142 153 157 156 153 144 136 137 145 145 145 148 142 141 130 112 125 146 141 135 133 132 135 141 147 146 143 134 130 128 135 130 130 139 146 145 147 150 148 145 144 141 134 137 112 83 114 125 126 139 132 125 147 169 171 162 153 156 155 147 133 127 146 149 149 142 143 150 153 149 142 131 131 138 139 148 147 141 143 151 147 135 129 131 135 142 143 133 128 129 135 134 133
150 137 142 140 148 151 149 147 142 144 142 138 132 129 124 131 133 124 126 135 126 123 117 128 133 134 139 134 132 127 127 128 130 126 120 132 140 142 150 160 166 166 164 154 137 141 130 113 134 138 128 136 128 121 140 156 158 158 151 155 151 150 150 151 154 141 144 147 157 159 157 154 150 141 136 133 129 136 138 139 141 147 141 131 133 135 134 135 141 139 137 138 139 135 135
149 147 150 138 142 140 140 146 145 144 141 135 132 123 132 135 131 127 123 134 119 106 119 137 131 128 144 138 130 124 128 130 130 137 134 135 140 148 163 167 167 171 171 164 146 138 131 126 133 127 117 129 132 128 135 141 143 158 156 153 146 148 150 148 149 139 142 151 167 168 156 150 146 139 138 139 137 136 139 146 146 145 135 123 130 138 136 125 130 133 137 141 139 136 141
149 151 149 142 144 139 135 140 142 140 142 141 142 139 141 139 136 130 117 130 124 110 120 134 128 121 135 142 136 132 131 127 134 148 138 124 138 153 166 173 171 173 172 172 155 142 134 131 134 127 122 134 137 126 133 140 135 151 155 148 142 143 151 149 145 140 142 154 158 155 152 147 141 134 132 130 136 138 145 149 149 146 139 132 131 139 140 128 129 128 131 135 131 130 137
148 150 145 140 146 143 138 145 151 149 142 147 144 140 134 139 145 145 127 129 131 114 115 135 142 130 128 130 131 136 131 127 139 147 131 111 119 143 160 162 165 166 165 164 150 142 138 134 139 136 136 139 135 130 143 148 141 149 154 154 152 147 150 150 142 140 145 154 143 134 140 144 143 140 141 145 139 139 147 145 137 133 138 142 143 144 149 145 139 131 131 134 132 126 137
150 154 153 150 146 134 139 152 147 145 142 151 149 141 133 148 151 152 148 150 137 122 130 150 156 149 141 131 136 145 133 127 125 134 131 107 100 132 162 165 170 169 162 151 143 134 132 134 137 134 138 149 150 147 152 158 154 155 153 154 156 147 140 140 136 142 145 148 144 128 126 134 137 136 146 157 145 139 140 138 127 117 126 139 144 140 141 146 142 141 138 137 135 130 143
151 152 151 144 132 128 144 145 139 150 150 147 148 141 134 151 153 157 157 161 142 134 139 152 156 149 140 130 137 137 113 108 107 121 138 129 116 131 162 163 167 166 155 146 144 130 129 133 130 124 132 155 162 157 156 159 161 157 158 159 155 150 143 140 139 145 143 132 132 129 133 142 144 144 150 154 146 140 138 135 132 131 134 147 149 141 141 154 148 148 146 136 128 128 138
147 148 146 139 125 134 143 131 134 148 159 151 139 130 131 144 145 150 146 156 148 140 136 143 155 153 142 135 133 131 103 100 117 129 142 142 135 134 151 156 156 157 150 146 153 146 134 128 134 126 129 152 158 153 160 160 158 154 159 161 160 156 152 151 148 148 144 125 124 124 132 155 158 153 157 158 149 139 132 130 134 142 148 162 165 150 152 161 154 150 148 137 119 113 122
149 146 136 138 132 144 141 127 135 142 148 144 131 129 130 126 135 146 141 153 156 150 148 153 155 151 146 146 144 139 120 117 131 140 145 145 149 143 146 142 132 143 147 152 163 163 148 134 137 136 143 155 153 145 154 162 162 159 158 158 161 164 157 158 154 155 154 140 133 129 138 160 161 149 150 151 143 137 134 131 134 140 148 157 159 152 156 164 159 156 149 137 127 116 119
136 136 129 142 145 148 139 127 125 125 134 146 145 144 137 118 117 132 133 144 149 142 150 157 159 158 147 146 151 137 129 133 139 141 139 137 145 144 139 115 110 135 152 163 168 167 152 143 138 141 150 148 145 143 146 157 158 159 157 156 160 172 164 161 160 159 158 146 145 150 154 156 150 142 139 148 143 135 137 140 137 131 136 140 136 142 157 169 171 165 147 138 146 143 136
