example/E5 - XRays/X-ray-tomography/rastert_juap29.txt
ncols         356
nrows         356
xllcorner     -0.5
yllcorner     -355.5
cellsize      1
NODATA_value  -9999
[rows 252 to 293 of 356, columns 0 to 93 of 356]
255 255 255 255 255 255 255 255 255 255 255 255 255 255 255 255 255 150 150 148 146 146 146 148 145 143 141 139 144 152 157 155 141 126 122 127 136 142 135 133 141 142 140 135 134 146 144 131 130 136 134 138 140 136 135 150 160 156 144 151 148 136 142 139 141 150 143 138 131 128 135 136 135 141 141 152 156 155 150 145 125 107 116 114 112 127 142 143 147 144 139 137 133 135
255 255 255 255 255 255 255 255 255 255 255 255 255 255 255 255 255 255 156 154 150 144 142 145 148 149 145 143 147 156 155 144 133 122 122 129 131 134 127 126 131 134 135 130 134 144 148 145 137 139 137 143 145 136 144 162 165 158 143 148 143 137 146 145 143 142 133 130 142 148 146 146 146 153 150 152 145 132 138 143 130 118 127 124 115 124 138 138 145 148 143 129 117 127
255 255 255 255 255 255 255 255 255 255 255 255 255 255 255 255 255 255 157 153 152 149 141 142 144 143 137 133 140 151 153 146 140 133 131 134 136 137 128 124 123 132 138 133 133 132 134 138 139 142 144 146 148 135 145 167 169 165 152 150 150 148 146 144 146 140 127 131 147 144 146 152 149 153 151 142 141 129 134 143 137 133 136 133 126 126 131 135 146 154 154 140 127 129
255 255 255 255 255 255 255 255 255 255 255 255 255 255 255 255 255 255 255 145 149 148 146 145 143 144 137 125 131 143 149 138 130 135 136 137 135 129 126 129 127 131 144 146 141 127 114 118 134 144 147 145 148 142 145 158 157 159 151 149 153 150 141 139 147 148 132 138 145 136 147 154 150 153 152 148 151 143 140 148 139 137 146 132 120 126 135 145 146 150 158 153 140 131
255 255 255 255 255 255 255 255 255 255 255 255 255 255 255 255 255 255 255 152 150 146 149 148 147 149 148 134 134 146 150 137 125 130 137 141 140 139 135 133 129 129 141 147 144 136 125 128 136 131 135 140 149 152 146 146 146 150 148 148 147 139 135 130 133 141 137 145 142 141 148 146 149 156 159 158 154 145 142 149 148 146 143 127 116 125 140 151 151 151 155 153 145 137
255 255 255 255 255 255 255 255 255 255 255 255 255 255 255 255 255 255 255 255 152 152 159 161 157 151 158 156 146 140 132 126 123 131 143 148 146 146 139 138 138 139 142 142 140 142 142 141 132 115 128 144 147 147 145 145 143 144 147 147 148 139 136 133 138 138 134 140 144 147 141 137 144 151 155 148 139 141 146 154 162 153 140 139 134 126 135 151 156 149 149 152 147 147
255 255 255 255 255 255 255 255 255 255 255 255 255 255 255 255 255 255 255 255 158 162 167 169 162 158 163 156 145 135 126 126 129 140 148 146 139 135 132 143 156 158 154 152 154 153 150 150 149 139 146 151 146 141 141 140 132 135 142 142 148 142 138 140 137 137 139 138 142 138 136 142 146 141 139 138 131 128 139 155 163 159 152 153 145 138 142 146 149 147 152 159 154 158
255 255 255 255 255 255 255 255 255 255 255 255 255 255 255 255 255 255 255 255 255 164 168 171 169 175 167 155 152 138 125 130 136 138 142 141 138 140 142 152 158 161 159 157 156 153 152 154 155 151 150 146 146 143 139 135 131 135 142 145 147 140 140 145 136 135 139 136 139 136 143 148 144 128 116 122 126 126 135 151 159 163 161 159 149 154 156 156 142 139 158 163 158 164
255 255 255 255 255 255 255 255 255 255 255 255 255 255 255 255 255 255 255 255 255 159 161 166 166 167 160 158 158 146 129 123 125 127 132 137 143 147 150 156 156 157 158 155 156 161 156 146 142 143 146 142 143 141 138 135 136 135 139 145 143 140 144 144 139 139 138 140 145 144 146 141 137 123 108 117 132 133 126 136 154 163 157 154 153 159 153 158 146 142 155 157 161 162
255 255 255 255 255 255 255 255 255 255 255 255 255 255 255 255 255 255 255 255 255 255 161 163 160 157 155 158 156 151 136 120 124 132 134 143 151 153 150 150 155 156 158 157 156 160 154 145 145 144 135 133 133 130 135 142 139 128 132 139 141 144 146 143 137 139 139 139 144 146 145 136 139 137 135 132 131 127 118 130 153 160 162 163 160 156 150 158 156 148 139 143 167 172
255 255 255 255 255 255 255 255 255 255 255 255 255 255 255 255 255 255 255 255 255 255 159 158 157 155 156 160 156 150 137 131 139 143 147 150 145 146 146 151 162 160 153 155 157 156 153 152 146 141 136 140 139 134 139 138 131 112 118 136 142 142 143 150 147 145 143 141 146 147 149 146 150 157 155 137 130 131 122 121 137 153 156 158 159 160 157 166 165 147 122 127 162 171
255 255 255 255 255 255 255 255 255 255 255 255 255 255 255 255 255 255 255 255 255 255 255 153 158 157 153 152 148 142 136 138 144 146 150 155 150 151 152 152 154 155 152 153 159 157 155 149 139 140 149 149 142 140 144 136 135 124 125 137 135 131 133 146 147 144 147 150 146 139 146 151 153 159 143 135 139 136 123 111 126 147 152 155 158 162 161 161 161 155 141 142 154 159
255 255 255 255 255 255 255 255 255 255 255 255 255 255 255 255 255 255 255 255 255 255 255 141 146 146 147 144 137 136 141 142 136 134 144 150 150 147 153 156 154 149 146 151 153 149 141 136 139 145 152 145 135 139 142 134 133 140 142 138 135 136 139 146 145 137 137 138 139 139 147 148 147 150 141 144 149 139 129 116 122 133 151 160 157 156 152 151 155 158 155 152 147 146
255 255 255 255 255 255 255 255 255 255 255 255 255 255 255 255 255 255 255 255 255 255 255 255 145 139 129 124 133 144 144 143 132 125 134 144 152 148 150 150 148 147 143 153 150 146 134 129 129 128 139 135 129 132 133 122 121 136 138 141 147 150 147 148 149 142 138 132 138 143 144 142 144 147 145 144 143 137 128 112 117 124 142 159 159 155 158 157 161 160 153 151 149 145
255 255 255 255 255 255 255 255 255 255 255 255 255 255 255 255 255 255 255 255 255 255 255 255 255 125 105 107 133 144 142 144 143 139 143 150 155 147 142 141 145 148 148 158 151 144 139 136 121 114 130 132 135 139 146 136 120 126 136 145 144 149 146 144 143 141 143 139 143 140 140 144 150 153 146 137 129 131 130 121 121 122 130 147 151 146 151 155 155 155 151 146 142 135
255 255 255 255 255 255 255 255 255 255 255 255 255 255 255 255 255 255 255 255 255 255 255 255 255 120 105 108 131 138 145 153 151 147 149 152 148 143 141 146 155 157 155 155 147 142 142 137 125 121 127 127 141 152 157 151 128 126 143 142 138 151 151 150 148 140 136 141 146 142 140 146 152 154 145 140 130 123 121 117 107 103 116 132 138 139 143 151 151 154 151 139 140 139
255 255 255 255 255 255 255 255 255 255 255 255 255 255 255 255 255 255 255 255 255 255 255 255 255 255 109 105 116 129 145 151 141 141 142 138 134 131 133 145 160 160 157 157 148 143 140 133 132 130 128 127 136 151 156 154 140 135 141 138 139 144 148 151 149 144 140 140 146 145 142 146 152 153 147 146 142 131 123 122 115 102 92 88 101 116 130 144 154 151 145 139 144 146
255 255 255 255 255 255 255 255 255 255 255 255 255 255 255 255 255 255 255 255 255 255 255 255 255 255 125 114 107 114 133 144 145 146 138 126 120 118 122 133 157 165 165 166 154 139 130 132 140 144 139 131 134 145 151 151 142 140 136 134 145 148 159 154 143 143 141 144 147 146 139 143 153 153 147 142 141 132 135 147 142 109 71 71 88 91 98 115 123 120 122 131 145 152
255 255 255 255 255 255 255 255 255 255 255 255 255 255 255 255 255 255 255 255 255 255 255 255 255 255 255 136 123 116 130 144 147 144 130 110 97 95 106 122 144 155 163 162 151 136 126 135 145 148 142 132 136 139 142 136 127 127 121 122 147 155 161 156 155 153 148 149 144 146 146 150 145 140 132 127 134 130 138 155 151 116 76 96 118 106 91 97 101 103 107 115 129 139
255 255 255 255 255 255 255 255 255 255 255 255 255 255 255 255 255 255 255 255 255 255 255 255 255 255 255 255 138 126 131 142 143 135 120 96 77 79 105 121 128 142 157 156 147 132 126 139 146 146 142 138 139 137 137 130 126 132 129 125 149 156 159 160 166 165 157 157 150 148 147 143 127 126 121 122 136 134 142 157 155 133 100 107 127 124 121 126 123 112 106 119 125 121
255 255 255 255 255 255 255 255 255 255 255 255 255 255 255 255 255 255 255 255 255 255 255 255 255 255 255 255 145 136 131 141 145 138 123 104 93 108 134 141 140 143 147 146 140 121 116 137 147 147 136 120 125 137 143 134 129 136 139 141 151 160 162 164 166 164 162 163 150 134 134 141 130 125 126 125 134 134 139 154 156 144 116 119 129 120 125 134 135 128 125 135 141 138
255 255 255 255 255 255 255 255 255 255 255 255 255 255 255 255 255 255 255 255 255 255 255 255 255 255 255 255 255 142 142 150 149 142 133 123 120 137 151 156 159 152 144 140 140 121 109 133 152 161 144 115 123 141 140 133 128 126 128 136 152 164 166 169 167 165 167 165 143 119 122 136 136 130 132 130 137 144 147 155 159 147 125 137 144 131 132 140 137 133 127 120 131 141
255 255 255 255 255 255 255 255 255 255 255 255 255 255 255 255 255 255 255 255 255 255 255 255 255 255 255 255 255 147 153 159 155 150 148 141 133 138 146 148 148 149 151 148 147 138 125 138 152 162 147 123 122 129 128 133 137 128 117 123 142 151 161 162 153 155 158 145 120 97 107 129 140 138 137 137 143 143 144 150 157 140 120 132 141 137 144 153 142 136 122 102 103 117
255 255 255 255 255 255 255 255 255 255 255 255 255 255 255 255 255 255 255 255 255 255 255 255 255 255 255 255 255 255 161 163 160 158 151 141 135 133 137 136 142 149 153 151 143 139 139 139 141 147 137 121 121 126 135 147 148 145 137 126 116 116 140 140 129 137 134 119 104 93 109 135 142 144 143 147 157 152 135 131 140 130 117 129 139 137 150 157 137 130 117 99 95 109
255 255 255 255 255 255 255 255 255 255 255 255 255 255 255 255 255 255 255 255 255 255 255 255 255 255 255 255 255 255 255 156 153 151 146 140 142 140 138 141 148 155 154 146 132 129 132 129 131 140 137 128 126 129 144 159 159 158 152 141 113 96 112 116 121 132 124 113 116 121 128 138 139 147 153 161 169 162 148 137 137 130 125 131 132 134 143 141 130 131 123 115 118 124
255 255 255 255 255 255 255 255 255 255 255 255 255 255 255 255 255 255 255 255 255 255 255 255 255 255 255 255 255 255 255 151 147 150 151 148 151 148 151 151 143 147 146 134 124 125 122 117 117 127 135 135 133 135 148 159 158 153 148 153 143 117 107 114 130 134 125 123 132 139 134 138 147 155 166 171 171 172 170 162 154 144 137 140 138 135 129 122 127 133 128 128 131 130
255 255 255 255 255 255 255 255 255 255 255 255 255 255 255 255 255 255 255 255 255 255 255 255 255 255 255 255 255 255 255 255 142 143 144 143 150 154 151 142 136 144 140 131 135 134 120 113 112 119 130 135 143 151 153 151 146 141 145 147 150 140 123 122 126 128 124 126 136 142 140 143 149 155 165 166 168 174 174 167 160 153 149 146 139 132 128 119 123 131 133 136 132 128
255 255 255 255 255 255 255 255 255 255 255 255 255 255 255 255 255 255 255 255 255 255 255 255 255 255 255 255 255 255 255 255 255 145 148 146 151 153 147 143 141 141 137 139 140 125 106 109 119 124 131 137 142 147 137 129 133 135 139 136 139 136 132 129 113 115 132 135 141 146 144 141 152 164 169 171 173 176 170 167 168 168 157 147 143 131 133 138 145 144 136 145 150 143
255 255 255 255 255 255 255 255 255 255 255 255 255 255 255 255 255 255 255 255 255 255 255 255 255 255 255 255 255 255 255 255 255 255 145 140 146 149 145 140 139 141 139 141 138 120 110 120 131 133 132 136 137 142 135 124 124 125 128 131 136 135 137 136 115 115 140 146 148 156 146 136 153 165 170 173 171 169 166 169 176 169 159 157 147 131 134 143 149 144 136 144 148 150
255 255 255 255 255 255 255 255 255 255 255 255 255 255 255 255 255 255 255 255 255 255 255 255 255 255 255 255 255 255 255 255 255 255 139 135 143 142 138 139 143 150 145 140 139 123 112 117 127 132 138 143 132 129 136 130 126 129 130 131 133 133 127 130 127 122 137 141 144 149 128 115 140 162 167 167 163 164 168 169 174 168 169 168 155 142 138 135 141 141 139 142 140 146
255 255 255 255 255 255 255 255 255 255 255 255 255 255 255 255 255 255 255 255 255 255 255 255 255 255 255 255 255 255 255 255 255 255 255 136 138 138 138 140 142 142 139 136 133 123 114 114 108 109 135 149 130 122 135 136 131 131 122 122 136 140 124 122 128 124 133 136 137 135 108 98 129 155 163 163 161 167 171 170 170 170 171 165 159 148 137 130 129 129 131 141 135 137
255 255 255 255 255 255 255 255 255 255 255 255 255 255 255 255 255 255 255 255 255 255 255 255 255 255 255 255 255 255 255 255 255 255 255 255 137 141 145 146 145 136 133 131 132 134 131 125 113 117 142 149 136 134 142 139 133 127 111 110 134 143 135 128 126 122 126 135 138 143 124 100 115 142 157 164 167 172 170 171 172 168 157 155 156 141 136 135 133 137 143 151 136 136
255 255 255 255 255 255 255 255 255 255 255 255 255 255 255 255 255 255 255 255 255 255 255 255 255 255 255 255 255 255 255 255 255 255 255 255 255 146 146 146 148 137 132 137 138 139 145 142 139 145 153 151 139 136 140 137 133 125 108 106 128 135 135 131 129 130 128 128 130 142 139 116 120 139 154 166 168 170 171 174 172 167 152 154 150 128 135 144 140 144 144 146 143 146
255 255 255 255 255 255 255 255 255 255 255 255 255 255 255 255 255 255 255 255 255 255 255 255 255 255 255 255 255 255 255 255 255 255 255 255 255 145 141 143 145 136 136 140 142 148 147 139 143 150 148 142 135 138 140 134 134 128 108 107 125 130 132 124 121 123 131 131 129 141 146 134 134 136 144 156 162 167 170 172 167 166 152 145 140 125 132 137 137 142 138 142 151 154
255 255 255 255 255 255 255 255 255 255 255 255 255 255 255 255 255 255 255 255 255 255 255 255 255 255 255 255 255 255 255 255 255 255 255 255 255 255 148 147 147 143 142 143 147 154 148 136 141 147 144 136 132 140 148 144 144 136 121 122 132 138 134 123 116 119 133 137 122 120 134 139 135 136 141 140 149 159 164 163 156 152 141 135 132 136 145 141 142 144 142 146 154 149
255 255 255 255 255 255 255 255 255 255 255 255 255 255 255 255 255 255 255 255 255 255 255 255 255 255 255 255 255 255 255 255 255 255 255 255 255 255 255 139 144 145 144 143 141 144 140 125 133 143 144 139 144 154 158 154 148 141 144 146 139 136 136 135 128 132 139 145 128 108 116 129 137 149 148 136 143 151 156 152 144 133 121 118 130 146 148 140 144 147 149 149 152 148
255 255 255 255 255 255 255 255 255 255 255 255 255 255 255 255 255 255 255 255 255 255 255 255 255 255 255 255 255 255 255 255 255 255 255 255 255 255 255 255 142 143 145 141 134 141 139 128 137 143 142 138 149 159 157 154 153 156 162 158 137 119 129 141 138 138 139 149 134 104 108 128 144 155 156 155 145 143 151 145 137 129 122 120 130 143 143 144 149 146 141 139 137 136
255 255 255 255 255 255 255 255 255 255 255 255 255 255 255 255 255 255 255 255 255 255 255 255 255 255 255 255 255 255 255 255 255 255 255 255 255 255 255 255 142 139 139 129 127 138 138 134 138 137 125 120 134 148 152 154 156 158 155 155 138 114 124 147 148 137 136 143 130 107 121 141 145 152 160 163 141 136 146 142 138 140 143 137 133 142 151 152 151 139 133 134 131 126
255 255 255 255 255 255 255 255 255 255 255 255 255 255 255 255 255 255 255 255 255 255 255 255 255 255 255 255 255 255 255 255 255 255 255 255 255 255 255 255 255 137 134 129 134 138 135 135 138 136 126 122 131 145 151 152 148 151 149 149 141 113 108 136 143 138 137 128 115 116 139 150 144 148 160 161 150 146 144 135 142 144 134 127 132 144 151 149 144 140 147 153 150 142
255 255 255 255 255 255 255 255 255 255 255 255 255 255 255 255 255 255 255 255 255 255 255 255 255 255 255 255 255 255 255 255 255 255 255 255 255 255 255 255 255 255 137 136 139 137 134 133 132 138 145 147 139 144 150 152 151 149 135 130 124 94 83 118 137 140 133 121 118 129 142 150 149 154 162 160 156 156 145 125 129 129 125 133 139 134 136 145 147 152 161 157 152 146
255 255 255 255 255 255 255 255 255 255 255 255 255 255 255 255 255 255 255 255 255 255 255 255 255 255 255 255 255 255 255 255 255 255 255 255 255 255 255 255 255 255 255 138 135 132 132 136 138 146 149 146 138 142 145 146 144 128 105 103 104 89 77 104 131 138 131 128 129 130 135 145 149 155 158 157 157 160 150 131 124 123 125 130 127 116 124 141 145 151 149 139 139 145
255 255 255 255 255 255 255 255 255 255 255 255 255 255 255 255 255 255 255 255 255 255 255 255 255 255 255 255 255 255 255 255 255 255 255 255 255 255 255 255 255 255 255 255 131 127 132 143 152 154 150 144 145 146 139 137 134 118 105 108 112 110 102 109 127 130 131 134 130 126 128 138 147 157 156 154 156 156 147 137 124 117 116 127 132 130 142 150 148 149 143 139 142 152
