example/E5 - XRays/X-ray-tomography/rastert_juap45.txt
ncols         356
nrows         356
xllcorner     -0.5
yllcorner     -355.5
cellsize      1
NODATA_value  -9999
[rows 126 to 167 of 356, columns 94 to 187 of 356]
134 118 104 88 72 84 127 156 164 164 153 151 132 130 147 151 152 145 134 121 125 136 128 124 143 170 170 163 153 139 115 104 120 138 137 130 132 135 121 132 142 128 123 126 115 128 132 119 133 146 134 128 146 154 160 161 160 157 156 141 124 133 151 141 142 135 135 129 128 143 141 130 133 136 146 140 131 143 140 147 148 139 137 133 145 155 163 169 167 174 170 166 174 168
109 107 99 74 54 72 111 143 159 168 153 143 127 123 138 146 140 137 134 121 119 124 120 118 122 141 159 161 145 129 99 100 127 131 128 118 121 137 130 124 132 131 128 123 114 123 128 127 137 143 139 137 154 166 168 157 160 160 158 139 117 131 141 128 138 132 139 144 136 137 133 138 139 143 149 146 139 140 133 145 149 135 122 119 140 163 173 179 170 170 169 171 174 172
117 109 87 60 55 68 105 137 143 153 157 148 131 128 136 140 138 145 142 136 137 132 125 127 124 127 135 142 138 117 87 108 140 133 125 120 128 135 136 123 123 131 131 135 132 134 135 143 143 134 134 146 161 167 164 159 168 169 156 142 130 133 129 118 128 140 159 164 154 138 131 146 146 147 143 141 142 139 131 135 136 136 127 129 151 170 171 173 167 164 172 174 173 168
123 104 75 51 55 68 109 135 121 129 142 138 132 137 133 136 142 145 139 146 147 142 134 131 131 141 137 130 125 116 106 121 135 136 131 130 142 134 127 130 133 131 127 139 145 153 153 152 144 140 139 146 161 168 158 155 159 162 158 155 146 143 146 134 138 146 151 156 151 142 149 154 146 150 142 142 144 139 129 125 124 132 139 151 154 162 167 166 161 154 166 172 169 169
113 96 74 58 72 84 109 124 118 127 136 128 127 132 134 134 138 143 137 141 143 147 148 142 134 145 142 140 142 135 125 127 127 142 151 142 145 143 133 136 138 129 139 159 160 152 151 155 152 153 142 139 154 169 167 161 151 153 156 152 134 133 144 141 149 153 140 139 143 136 149 151 142 147 141 135 131 134 135 128 127 126 134 161 165 169 167 166 165 158 167 168 164 176
114 95 73 60 76 92 108 119 118 124 130 126 131 129 132 137 132 139 142 137 137 146 147 143 147 151 149 145 145 141 129 127 129 147 156 139 133 136 141 136 124 132 149 163 165 159 157 164 163 160 143 142 150 155 163 157 137 135 146 134 124 133 137 148 154 158 142 132 144 141 147 145 139 144 135 130 127 135 139 127 126 124 140 162 171 175 164 169 169 161 166 164 167 173
110 98 85 81 91 99 103 109 121 127 131 137 138 138 131 122 117 133 138 140 137 144 145 147 164 158 155 155 150 142 140 147 153 149 130 119 133 146 141 130 110 137 158 159 158 163 161 160 156 149 140 137 140 137 139 143 135 143 145 126 129 143 143 150 146 145 146 138 135 134 142 138 149 145 117 118 129 143 137 124 131 136 153 154 157 171 167 170 171 171 174 174 170 167
99 95 99 102 107 107 101 104 128 120 122 141 139 129 127 119 102 113 132 144 142 146 156 159 170 163 154 152 151 147 145 152 159 154 139 137 151 162 145 134 119 135 157 162 150 156 156 152 138 122 127 129 125 125 137 142 135 142 143 135 136 139 147 145 138 140 149 148 128 120 128 121 144 149 120 124 134 140 135 131 138 138 145 155 164 169 171 165 164 171 173 175 176 173
109 104 108 106 103 108 110 111 133 103 100 124 127 123 125 131 125 116 134 147 142 142 157 163 162 161 160 156 143 132 138 147 145 146 145 139 137 146 150 149 128 126 144 153 137 145 143 136 122 113 116 125 133 138 147 139 145 149 139 135 143 140 148 134 134 149 161 154 130 125 125 111 123 144 146 147 129 125 138 131 133 136 138 151 171 166 167 164 165 168 156 162 177 165
122 122 111 102 106 118 120 116 125 106 101 120 124 123 129 135 133 109 124 144 131 139 162 163 155 153 153 140 126 123 137 152 152 156 156 143 130 127 138 140 119 116 126 127 111 124 130 115 108 115 115 125 140 142 137 131 147 161 144 128 130 130 139 128 140 146 155 146 131 133 121 111 123 131 141 147 133 130 143 127 133 142 132 125 144 154 162 164 163 166 155 150 165 159
131 131 119 106 107 111 113 124 134 122 114 124 126 126 134 141 134 117 125 136 119 126 151 156 154 160 155 137 130 134 144 147 146 149 159 146 135 125 122 124 120 120 126 125 104 120 135 124 119 128 126 135 140 144 140 133 132 146 145 130 123 125 136 138 138 133 144 137 128 132 117 101 108 113 124 127 139 137 140 145 144 147 152 142 144 142 146 146 148 158 151 149 155 151
124 121 120 100 103 110 109 129 148 141 127 113 120 129 132 137 133 133 145 147 133 132 148 157 157 159 148 141 136 129 141 147 144 142 148 138 136 125 126 130 129 118 120 131 128 139 144 138 137 145 137 138 141 137 129 134 123 127 139 142 133 129 144 149 143 134 135 128 124 128 125 100 78 100 128 129 138 137 134 152 154 157 163 163 152 147 149 140 149 151 137 148 155 135
116 119 111 99 115 127 123 130 142 142 135 119 131 127 127 143 138 131 146 160 155 146 146 144 148 147 130 132 135 130 140 147 140 140 143 134 128 124 139 141 132 127 114 120 132 139 146 139 133 132 125 132 138 136 134 139 142 140 141 143 141 138 145 147 157 148 136 132 128 132 136 116 98 109 132 140 140 122 104 139 165 167 159 168 153 148 156 151 142 134 130 137 139 127
113 120 105 102 125 132 132 138 135 131 136 129 127 114 126 143 136 130 138 154 152 150 149 141 139 140 135 137 134 128 137 140 142 147 139 133 121 117 131 129 127 149 142 139 140 128 141 134 121 125 125 133 138 143 153 153 153 154 146 138 136 139 150 148 161 158 140 136 129 127 129 119 119 121 143 149 137 101 91 134 164 166 171 180 165 156 155 149 136 128 133 146 139 122
111 113 107 114 125 127 133 144 140 134 144 140 130 129 147 147 132 125 132 146 141 146 148 141 139 145 142 133 121 122 131 129 134 139 136 133 130 124 135 136 128 138 141 147 138 123 137 124 122 139 142 141 144 151 155 150 137 142 153 154 142 134 151 156 148 142 128 132 135 131 130 118 130 126 140 148 138 115 117 145 164 166 174 176 168 158 153 149 147 140 136 141 141 138
117 116 120 135 133 124 128 137 142 141 144 144 140 146 146 140 130 129 136 143 135 137 145 148 141 146 142 127 126 128 133 142 143 132 131 140 145 137 135 137 132 133 131 136 138 132 147 146 142 135 143 143 142 148 150 146 141 139 158 179 163 143 136 135 131 135 134 135 129 125 130 126 143 140 126 128 141 137 141 151 165 172 166 163 159 160 157 146 144 140 132 121 121 137
109 101 128 139 129 128 135 136 144 148 143 137 126 144 146 143 142 146 146 143 136 125 137 154 145 140 136 129 139 138 133 143 148 140 145 153 148 140 140 148 145 145 131 135 142 150 159 150 142 126 140 146 136 136 141 137 143 143 155 179 174 164 138 129 136 133 132 134 126 124 137 135 143 138 117 127 138 133 139 146 152 161 159 168 171 161 155 140 135 139 134 133 134 140
114 91 122 143 136 136 137 135 143 156 148 139 122 137 153 153 153 148 140 145 145 117 123 146 140 137 129 129 146 148 139 134 132 128 145 152 150 146 153 163 162 159 146 147 141 150 149 134 134 129 138 145 138 132 135 134 143 145 156 179 173 166 149 133 134 133 133 135 140 126 119 126 144 138 127 136 133 129 128 146 150 146 149 155 151 140 139 135 140 138 131 143 155 150
131 123 132 146 140 139 142 140 141 153 145 143 135 145 159 153 148 147 140 138 136 122 123 139 151 149 135 128 144 137 126 131 137 140 151 148 154 155 155 160 167 165 154 144 140 151 132 123 137 131 128 132 137 139 136 137 143 149 160 178 178 169 155 139 138 128 139 144 140 126 118 120 133 137 129 135 134 135 129 136 134 131 143 145 130 131 139 126 128 128 128 137 148 153
136 138 136 144 139 141 151 141 138 151 145 139 143 154 159 154 147 150 141 134 130 129 133 140 148 151 149 136 136 138 127 131 151 147 152 154 152 153 155 159 159 153 137 127 135 140 117 129 146 130 119 131 139 149 146 135 138 152 168 178 179 166 151 139 142 138 135 134 127 126 125 124 131 133 130 139 139 138 131 127 132 122 126 134 123 127 141 129 120 124 131 132 139 143
140 135 131 141 144 148 151 148 152 150 143 140 147 144 145 136 133 142 138 138 128 126 136 141 139 147 146 129 119 131 135 132 153 149 153 159 148 142 148 143 139 131 130 137 149 147 127 137 145 136 135 143 144 143 143 129 133 150 165 176 180 164 151 137 135 145 133 127 126 119 106 107 121 130 132 140 130 122 124 127 137 120 125 138 126 127 134 137 128 135 132 120 133 137
144 155 140 136 146 152 142 135 145 143 141 142 146 143 139 121 112 127 132 133 129 134 140 133 134 142 139 133 127 124 134 135 142 146 153 160 153 151 153 144 141 139 148 147 147 151 140 135 143 145 143 144 142 137 136 128 137 152 167 182 185 156 147 140 128 131 124 122 126 124 122 111 114 131 135 141 129 117 135 142 131 122 137 144 138 146 146 139 133 147 137 136 149 145
141 168 146 134 136 141 140 136 135 138 143 139 138 144 142 135 125 130 131 128 138 147 137 117 131 145 133 130 134 127 133 132 139 149 159 158 147 150 156 145 134 143 151 154 143 142 151 139 141 148 148 141 144 153 148 141 143 154 176 182 176 139 128 134 136 130 122 132 139 130 133 128 131 140 151 154 144 138 144 140 120 126 149 148 144 153 143 137 143 142 130 141 153 155
135 152 145 139 131 122 133 146 144 137 137 137 134 144 141 142 146 142 132 134 141 150 143 126 136 143 133 129 143 138 138 141 150 148 157 159 153 153 149 136 123 132 145 151 140 127 141 140 133 137 144 135 135 145 156 146 141 151 166 173 164 149 145 143 146 131 121 133 145 133 134 136 140 136 139 144 144 142 131 117 117 131 148 150 143 143 141 143 149 148 145 150 149 151
145 148 142 134 133 134 142 146 149 140 138 138 134 144 139 136 142 144 134 137 141 141 138 129 131 128 127 128 142 150 144 139 146 148 152 152 149 137 132 137 127 134 143 137 127 122 141 147 130 123 135 136 135 141 144 133 137 151 161 160 150 152 153 152 150 142 137 143 146 139 145 141 129 131 140 148 147 134 131 119 118 125 138 139 132 131 140 142 141 144 145 154 154 154
145 144 137 125 127 137 138 139 144 142 148 145 134 133 130 127 134 140 138 139 142 145 144 128 128 127 114 111 133 151 143 130 129 139 140 143 152 138 138 148 141 145 141 129 123 121 132 141 139 127 113 121 129 141 143 137 136 143 156 148 147 142 128 142 153 156 147 158 160 146 144 139 127 134 151 154 142 126 140 146 131 119 136 145 142 143 145 136 138 143 148 150 155 152
137 142 137 132 133 135 136 136 128 130 141 145 135 132 127 118 130 136 125 128 138 145 141 116 122 129 118 117 131 150 149 140 134 138 133 136 147 148 150 152 158 159 145 134 129 132 141 143 144 135 114 125 127 131 141 145 137 139 148 148 146 146 142 149 153 151 141 156 164 150 149 147 136 145 157 148 136 138 146 153 152 138 144 165 159 152 146 137 135 136 141 150 160 154
136 146 144 144 136 135 138 128 118 134 135 139 131 136 133 123 127 134 128 135 130 126 128 115 125 130 127 131 138 148 147 148 152 148 138 131 140 146 148 162 168 163 159 150 141 140 162 168 155 147 129 135 136 145 146 140 135 141 144 154 148 144 154 152 149 151 154 156 158 159 157 160 155 164 166 155 149 156 151 144 159 165 158 171 162 156 153 144 147 137 133 146 155 157
141 147 151 153 140 143 149 137 122 128 130 140 138 145 148 137 138 134 128 147 133 116 134 141 138 135 130 127 137 145 151 154 156 145 141 141 147 144 143 148 155 163 167 157 143 137 145 158 154 157 143 141 140 144 136 134 136 137 135 142 140 136 136 137 144 147 159 161 158 166 163 165 163 166 167 163 156 158 158 152 159 169 163 164 161 157 165 154 154 137 133 137 137 154
140 145 143 151 148 151 153 148 135 126 136 150 152 146 146 143 140 129 126 152 145 119 119 129 133 127 128 130 146 157 154 156 158 143 136 134 138 135 138 141 145 153 147 137 138 127 135 155 150 146 140 144 147 140 128 128 132 122 123 131 132 140 131 134 141 146 155 164 154 156 165 169 168 162 161 163 166 163 166 175 168 168 165 163 157 146 156 156 156 147 141 142 136 150
134 129 126 141 144 142 145 140 136 132 138 152 159 149 151 152 138 126 127 139 131 124 135 129 131 128 125 138 156 160 153 154 149 134 131 130 137 143 145 151 143 137 142 136 139 128 143 149 134 139 134 137 147 142 134 133 131 119 122 136 140 145 138 137 139 155 159 158 153 156 169 173 171 165 161 159 171 170 162 167 165 158 161 159 159 162 162 167 165 152 143 148 147 150
124 115 126 128 129 131 138 141 136 131 126 143 151 154 157 155 137 122 128 133 121 114 138 144 145 139 133 146 151 150 150 150 144 133 137 133 132 143 152 158 148 140 139 132 130 125 136 131 132 151 142 137 140 137 135 129 126 135 135 149 151 143 140 131 136 153 157 165 168 169 174 170 167 162 165 165 172 170 158 158 166 165 169 163 161 164 162 169 167 154 155 147 138 134
134 131 135 131 135 137 143 148 144 139 126 144 159 163 162 150 133 125 131 148 149 131 128 142 144 139 137 142 141 145 147 147 136 132 137 129 123 138 157 167 157 140 135 134 134 136 137 134 147 151 138 151 150 144 135 121 124 138 121 121 137 143 138 125 137 144 151 167 170 164 175 170 165 156 161 168 175 175 159 159 170 160 155 161 153 153 157 163 162 152 153 145 137 137
151 155 150 139 139 136 137 142 147 147 138 147 161 167 156 139 127 128 122 131 146 147 137 140 138 140 149 152 145 139 132 137 127 131 145 140 117 128 148 156 147 128 132 147 146 148 149 141 148 151 150 160 155 151 141 133 133 134 112 99 122 127 110 117 143 143 148 169 173 163 169 167 164 167 169 167 168 175 166 155 164 158 149 158 151 157 174 170 162 166 156 147 144 140
163 168 159 144 144 144 142 136 139 141 141 144 156 161 147 131 126 127 118 119 120 140 146 140 130 135 154 162 159 149 129 134 132 129 139 142 124 126 147 150 147 130 128 135 136 143 146 137 140 144 153 154 141 138 129 125 137 143 137 130 129 113 95 117 141 135 143 160 173 172 168 169 165 166 168 160 165 176 169 158 161 159 152 157 159 164 171 165 157 171 162 151 147 142
170 169 163 158 155 152 151 146 148 147 139 143 152 155 147 136 132 129 140 140 126 136 130 128 131 131 142 154 153 145 138 141 137 127 126 134 132 129 146 150 146 140 127 123 129 135 134 132 141 143 144 148 136 134 135 127 136 140 138 129 115 119 116 128 141 136 147 153 161 167 174 177 164 160 166 168 162 167 170 169 164 164 164 165 165 162 159 162 158 161 156 151 157 149
170 166 166 162 149 147 149 143 150 150 149 157 157 150 147 150 152 147 149 146 138 140 124 125 136 127 122 135 146 140 146 150 140 133 132 144 147 137 139 138 135 134 127 123 130 136 136 131 145 154 149 143 132 133 133 134 142 139 125 116 117 132 136 141 137 127 146 158 160 158 167 171 161 163 167 169 158 158 166 177 174 161 163 158 141 145 158 169 164 169 165 162 164 151
169 161 156 157 143 147 156 143 146 145 144 148 146 140 140 150 154 153 148 149 145 149 148 139 137 136 133 135 146 143 141 138 140 134 132 146 150 141 140 133 133 128 122 123 125 131 144 137 139 149 145 132 118 124 126 123 132 131 115 128 137 132 142 147 137 135 144 154 158 159 158 162 157 161 168 172 167 165 163 171 169 160 155 147 145 149 158 162 154 167 172 166 166 160
165 163 156 150 142 146 148 141 151 156 152 152 150 145 148 153 147 141 142 146 139 143 151 152 144 140 151 146 141 142 140 135 139 135 138 143 142 131 134 133 137 139 128 128 126 132 137 125 133 153 141 136 135 134 131 112 118 119 112 137 131 124 142 142 138 152 156 164 157 159 156 158 167 171 169 173 174 169 167 171 171 169 166 152 159 161 159 159 160 163 165 166 163 158
152 157 146 139 145 139 135 143 154 159 154 157 159 152 150 148 148 149 145 144 132 141 153 151 143 143 144 142 143 143 139 126 127 135 145 139 134 130 137 132 134 143 129 127 125 131 129 123 133 149 141 149 156 153 137 117 119 126 114 124 121 133 142 141 141 153 156 165 158 163 161 163 166 169 165 167 175 174 166 169 169 169 173 162 166 168 167 161 158 160 168 170 166 161
129 143 133 140 157 145 132 148 157 151 143 145 148 141 148 156 152 147 145 144 132 135 143 138 139 141 140 148 147 138 131 126 129 135 136 129 134 136 138 125 128 143 149 136 120 138 142 135 138 128 124 147 149 144 128 123 123 129 124 131 131 142 147 139 136 150 143 145 158 169 171 175 177 179 167 168 169 170 164 171 169 171 166 167 172 168 164 159 163 160 162 172 171 160
137 149 149 158 163 148 135 148 156 155 146 138 143 149 158 156 147 137 129 139 136 127 134 138 142 144 139 147 138 126 124 136 139 139 140 130 133 141 139 128 130 137 151 143 135 152 149 137 139 126 117 138 138 134 125 125 124 130 133 137 137 153 156 139 138 150 141 144 156 168 172 167 174 180 175 171 157 156 165 170 162 165 170 174 164 161 170 166 170 172 161 160 162 157
