example/E5 - XRays/X-ray-tomography/rastert_juap36.txt
ncols         356
nrows         356
xllcorner     -0.5
yllcorner     -355.5
cellsize      1
NODATA_value  -9999
[rows 84 to 125 of 356, columns 188 to 281 of 356]
139 132 134 134 130 145 157 162 153 141 134 141 151 160 153 143 126 115 129 138 150 155 155 158 156 155 156 151 153 143 138 139 142 150 155 148 130 137 151 144 117 120 131 138 146 142 131 136 135 133 133 138 156 159 150 133 121 117 112 115 116 115 127 141 142 139 142 154 146 140 138 139 140 133 121 122 132 140 148 140 129 123 124 133 136 135 142 148 147 149 150 147 139 139
141 123 112 114 127 143 156 162 154 153 148 150 155 157 146 129 109 98 121 130 152 163 152 153 154 157 154 153 162 147 137 130 139 145 145 144 133 135 149 145 118 112 127 142 147 143 131 129 127 131 142 152 158 152 146 143 130 120 126 123 122 119 125 132 135 134 140 143 136 141 143 137 140 132 119 122 135 147 149 138 129 118 121 131 135 137 145 146 143 146 149 152 149 147
156 143 128 129 146 149 160 162 154 161 158 155 153 144 135 116 104 100 121 127 148 163 155 157 157 155 148 151 157 142 138 135 135 141 140 144 144 140 152 154 132 115 123 137 143 143 136 139 136 137 146 151 150 138 135 139 134 109 110 105 119 125 126 127 131 136 139 131 136 148 148 138 135 123 121 132 140 148 149 144 133 125 129 133 138 143 145 142 142 145 147 149 150 155
168 162 153 153 160 157 161 160 158 156 156 157 152 131 130 119 112 109 129 140 159 168 160 163 162 153 150 151 146 135 141 145 130 137 138 143 152 149 155 157 139 121 123 134 140 143 138 147 143 136 147 148 144 129 114 121 118 73 57 63 104 127 129 128 133 136 137 125 131 150 145 139 129 119 123 135 144 148 150 144 135 141 146 146 152 153 150 152 154 155 153 146 145 157
166 167 154 151 151 153 159 161 156 147 152 152 149 130 125 128 134 128 127 136 154 165 163 162 163 158 155 154 152 139 134 141 135 143 137 138 150 149 151 140 137 140 136 136 137 137 135 138 138 138 146 139 130 116 90 89 82 46 36 56 106 129 130 130 131 131 131 123 125 136 136 140 137 125 118 130 142 150 154 145 147 159 153 155 161 157 157 162 161 163 158 154 159 162
163 160 143 149 144 133 142 148 147 147 150 144 139 130 127 134 143 131 119 127 144 159 163 163 162 161 150 153 157 152 140 136 139 139 131 138 152 154 150 136 137 145 140 139 145 142 132 123 127 137 146 139 125 106 75 67 58 36 41 60 108 127 123 128 133 131 127 125 125 132 137 145 148 137 131 137 139 149 158 159 161 161 158 163 162 156 163 166 162 161 158 158 161 160
159 147 134 141 143 135 135 131 138 145 150 150 139 132 131 133 138 134 128 126 134 147 157 163 163 161 148 152 148 151 151 142 138 132 135 138 151 156 146 144 144 140 137 141 141 136 132 121 128 136 136 144 131 109 76 73 75 54 61 84 113 129 130 132 134 134 137 140 133 131 142 152 155 149 153 156 154 159 163 164 160 157 164 169 161 152 158 167 168 164 159 160 162 164
151 146 138 146 147 143 145 136 138 149 156 158 146 126 131 140 141 137 136 128 139 149 153 160 162 157 151 156 149 145 153 147 145 141 139 133 142 152 140 139 146 139 137 140 134 134 132 124 136 142 135 141 136 106 72 81 97 88 87 100 112 128 143 146 145 140 146 149 136 135 150 155 158 155 157 157 158 162 165 162 164 161 165 167 158 154 157 162 163 163 158 160 162 168
145 143 134 144 144 140 143 130 127 143 158 147 137 119 129 142 139 131 137 133 149 148 146 154 153 153 151 151 151 145 149 145 144 140 136 137 136 141 143 138 142 142 140 136 131 136 129 122 134 138 136 138 128 99 73 84 110 123 115 113 119 137 155 155 158 152 149 147 138 138 149 158 165 160 160 166 162 165 164 161 168 166 163 161 155 158 162 160 160 161 159 157 160 169
140 130 122 132 135 142 140 121 119 129 146 139 129 129 138 143 149 143 142 133 148 141 135 147 152 153 147 148 155 146 145 138 126 131 138 149 140 134 137 142 147 149 143 129 134 140 136 133 138 132 133 136 121 95 90 105 131 144 135 131 140 154 161 160 165 162 152 152 150 150 153 160 163 161 169 172 163 160 161 163 169 174 170 158 153 157 156 156 164 165 165 162 168 171
136 131 127 132 135 146 145 131 129 124 133 136 128 131 137 138 147 150 147 139 147 137 134 149 151 141 141 143 144 131 134 136 134 138 141 151 144 137 123 127 156 166 155 137 134 138 143 141 137 128 132 135 121 110 120 131 145 150 143 144 155 161 158 163 163 160 157 155 152 156 163 160 160 167 174 167 160 160 163 163 169 177 170 162 166 159 158 164 171 166 164 161 169 172
137 135 131 134 137 147 149 136 142 129 117 122 132 130 127 139 151 162 157 146 140 126 130 142 145 143 145 134 124 114 126 136 148 142 127 134 138 140 127 131 160 175 160 147 137 132 139 136 131 127 133 140 126 121 134 144 157 159 155 154 159 159 162 170 164 163 163 154 148 155 163 161 163 170 170 164 162 163 167 167 164 164 161 162 164 157 163 166 166 164 162 162 165 167
143 142 134 135 132 133 142 137 141 128 111 114 128 125 131 151 164 167 156 151 142 130 129 141 154 154 153 144 135 121 123 136 152 134 123 130 134 138 142 137 144 162 158 152 141 129 131 133 131 132 135 141 136 136 143 158 166 161 163 162 160 157 164 172 166 160 159 153 152 158 161 160 164 167 165 160 165 164 166 166 157 157 163 171 166 160 163 161 161 166 168 162 161 161
147 145 136 139 129 132 147 134 121 111 104 106 112 119 144 164 164 160 148 149 153 151 134 147 157 151 152 145 138 128 125 137 140 128 141 141 126 131 149 142 141 151 155 155 145 133 123 128 129 131 128 126 135 149 153 163 159 155 162 164 161 163 164 167 163 155 151 151 156 163 165 160 161 163 161 156 163 167 169 169 165 163 165 168 166 165 160 158 163 166 167 160 164 166
141 140 133 131 128 136 148 135 121 109 112 125 131 140 156 167 163 164 161 162 163 155 135 145 151 143 149 149 138 130 131 133 125 122 146 141 123 123 141 142 148 151 151 156 153 144 130 130 130 133 127 125 137 153 159 161 155 161 164 162 160 163 158 161 156 148 143 143 153 169 162 159 171 168 156 156 163 166 168 168 168 167 165 163 161 163 161 159 162 165 166 167 167 164
128 139 140 136 137 142 143 144 145 130 138 151 151 152 157 160 161 166 170 170 168 156 147 148 151 140 144 148 143 141 139 140 124 117 140 143 133 126 137 143 158 158 152 162 161 153 144 138 131 141 136 135 145 156 158 154 157 161 157 164 168 167 165 163 143 131 139 146 157 167 160 161 174 165 156 159 166 169 166 166 163 166 165 164 167 171 162 161 169 169 168 168 160 158
122 142 142 138 139 141 133 140 149 136 141 154 155 156 161 164 162 167 171 170 173 160 159 151 149 140 134 133 130 135 141 150 137 130 145 150 140 129 131 141 156 152 147 159 161 155 154 148 136 144 147 147 152 151 146 147 158 155 157 164 166 166 169 158 127 124 142 156 163 160 163 167 163 157 162 163 162 166 164 169 169 163 158 161 165 170 168 172 170 167 166 164 160 160
124 138 150 148 137 131 119 122 145 143 145 160 157 164 166 165 160 170 168 158 160 158 160 146 139 141 139 134 123 130 142 151 143 142 153 151 142 135 126 132 149 156 158 161 162 160 156 151 144 149 152 149 159 151 142 142 148 150 156 151 152 162 158 140 121 122 141 157 157 158 167 166 158 154 160 160 164 165 166 172 171 165 157 162 165 167 168 171 164 160 160 160 161 160
139 136 151 149 130 130 121 119 138 148 148 151 155 170 170 165 162 162 151 137 138 152 157 149 143 144 141 134 122 133 146 155 147 143 150 143 130 130 123 128 148 152 154 157 152 153 148 142 141 148 152 141 145 133 126 128 130 129 137 130 137 154 147 136 125 123 143 156 159 165 167 163 163 157 161 161 165 163 164 165 169 173 164 163 168 170 162 165 169 164 161 161 164 160
149 133 138 144 137 139 133 138 141 148 157 154 163 170 167 166 163 154 131 123 139 157 164 154 152 149 138 132 128 135 145 155 145 138 143 140 122 125 126 129 143 140 136 141 142 151 143 135 129 125 134 133 127 102 87 103 113 105 107 121 135 152 148 135 119 110 128 146 158 162 162 161 164 160 166 167 165 162 163 164 169 175 166 168 171 167 164 169 171 167 167 170 170 166
141 122 130 139 146 150 144 145 140 146 159 159 162 164 159 169 155 134 117 112 136 152 155 151 154 148 136 135 138 137 133 136 133 121 131 142 131 124 121 130 135 139 140 140 146 149 136 135 137 119 115 124 126 101 84 94 103 94 101 131 143 155 148 139 128 111 121 141 156 160 160 158 159 161 166 166 163 164 168 174 173 167 162 167 169 169 172 172 168 164 163 168 169 168
127 114 141 145 152 159 160 149 142 153 152 147 162 164 163 172 147 122 119 109 122 150 156 159 153 130 115 122 137 140 136 140 132 123 136 140 138 137 121 130 125 130 139 143 145 139 135 139 151 144 121 115 131 119 110 114 101 87 107 139 147 151 141 143 141 131 137 147 156 158 160 158 156 159 163 164 169 170 168 172 169 161 166 167 166 166 168 165 167 169 162 164 167 166
132 132 158 160 159 160 163 158 145 155 156 139 155 161 164 159 145 123 114 105 125 156 158 162 163 135 118 129 143 137 127 136 124 111 126 136 142 148 129 123 118 134 143 142 147 146 146 149 155 155 126 104 129 126 129 136 103 89 118 142 157 158 145 151 144 139 148 156 163 162 165 163 157 161 166 165 169 168 165 164 167 170 169 165 166 166 169 166 170 176 169 165 169 168
134 145 156 163 160 159 168 165 145 142 143 120 123 144 162 158 153 136 115 90 106 146 154 151 161 145 129 136 140 132 128 123 110 92 110 135 147 152 143 126 120 138 145 143 153 150 150 159 159 161 146 128 133 127 135 137 114 115 135 138 150 155 146 142 121 118 142 156 158 159 165 162 158 162 168 168 170 168 168 171 172 169 167 166 164 168 170 170 172 172 165 164 172 172
135 142 155 160 155 161 167 158 145 141 143 118 100 123 156 163 160 156 136 85 81 120 142 142 147 137 129 129 131 125 130 128 120 104 113 129 143 146 150 141 137 147 147 150 156 153 152 164 163 161 161 152 149 148 147 135 130 135 142 132 130 140 142 124 93 105 136 144 152 156 162 163 157 160 166 168 168 165 166 173 173 168 165 164 164 166 172 175 171 166 160 165 171 166
141 142 149 149 155 151 145 144 142 142 137 125 106 121 154 156 159 159 148 107 103 114 126 147 150 142 135 127 128 123 133 134 132 128 129 127 137 139 154 153 148 147 145 154 155 159 163 168 166 165 167 156 158 158 155 146 147 132 127 132 129 132 136 121 97 119 144 143 157 162 165 164 159 165 167 166 168 173 169 167 165 167 168 166 162 165 170 168 165 160 161 171 173 167
147 141 145 149 153 149 143 141 135 139 130 120 118 125 151 150 160 156 142 126 135 126 120 143 148 139 136 132 131 136 144 137 131 137 127 117 122 132 149 151 152 144 139 151 155 160 163 165 162 170 173 161 162 156 151 152 149 124 116 134 141 136 138 139 138 145 150 149 161 162 164 169 169 168 163 164 168 172 167 162 163 168 169 168 164 171 161 152 158 159 165 166 168 169
146 145 151 150 147 152 153 145 137 140 135 117 120 127 144 139 153 159 141 123 131 127 125 139 148 143 144 141 138 145 141 142 141 140 127 127 126 130 142 147 149 143 144 154 161 165 161 164 166 173 173 162 160 154 142 146 138 120 113 123 135 136 138 144 150 150 149 154 160 161 166 174 171 163 157 165 167 159 163 164 168 177 167 162 164 168 153 150 160 164 165 164 166 167
126 154 158 140 138 150 154 135 126 127 132 118 113 129 149 143 148 160 149 128 120 115 128 135 139 142 140 132 136 144 142 150 148 141 135 147 144 149 146 139 141 137 152 159 158 161 163 161 167 173 169 165 168 161 149 148 133 116 101 101 117 131 134 141 148 143 139 150 157 161 170 172 163 161 162 170 171 163 168 168 168 178 169 165 164 163 156 158 161 163 168 171 164 163
126 158 151 136 135 145 154 136 116 124 132 127 120 122 141 144 138 140 136 121 117 118 131 135 131 133 137 131 139 141 136 148 142 133 138 152 145 138 133 133 130 128 155 163 159 162 163 151 161 163 163 170 175 164 151 144 131 112 93 94 99 110 126 129 136 134 139 148 154 163 168 168 171 171 172 169 167 169 167 162 165 173 166 163 163 165 168 165 159 163 173 165 152 156
149 164 142 142 144 138 144 146 132 131 132 144 150 131 127 138 134 137 131 117 130 137 136 131 131 129 122 112 120 131 134 140 136 136 144 144 136 133 136 141 116 107 146 162 162 160 159 157 165 160 167 173 167 162 155 146 135 110 98 103 94 84 100 116 119 119 130 131 145 166 167 170 177 167 166 164 163 168 163 164 171 172 163 164 163 159 165 165 160 161 171 163 156 160
146 161 143 134 137 142 148 146 129 125 136 146 154 140 125 137 140 138 132 118 125 133 131 130 132 129 101 76 79 110 134 139 140 143 140 127 122 138 145 144 113 91 136 162 165 161 163 163 170 166 164 168 169 168 160 147 139 114 100 105 95 79 89 104 99 113 129 130 139 155 165 172 173 159 159 163 166 163 164 170 173 171 166 167 163 163 168 165 164 166 174 165 165 171
135 148 141 133 138 153 156 146 120 122 150 146 139 131 127 139 148 148 140 124 117 118 132 142 135 123 95 65 61 99 132 144 145 142 138 123 119 133 145 145 123 102 136 161 168 167 167 157 166 165 165 170 164 158 155 139 135 120 99 84 82 84 97 99 98 130 150 149 142 145 160 169 165 164 170 165 165 166 163 164 164 166 167 165 160 170 167 158 161 169 170 165 165 169
142 141 134 143 148 153 158 155 142 136 154 152 140 143 138 135 138 148 155 144 128 104 108 121 114 102 84 68 71 105 127 144 155 153 148 140 138 150 160 151 135 120 136 155 170 167 168 161 167 166 167 170 162 149 139 129 136 130 108 85 94 101 109 106 114 142 157 159 153 154 162 163 157 165 167 162 164 170 167 168 169 172 173 172 168 170 160 156 161 165 163 166 165 162
143 135 130 151 149 139 152 157 150 136 151 157 149 156 144 139 140 143 153 149 143 117 101 95 91 93 81 86 92 103 116 133 156 166 147 127 138 161 160 149 144 134 137 151 170 165 162 163 164 163 165 169 167 154 130 121 135 134 123 106 118 127 121 110 124 152 162 161 154 162 166 161 168 169 158 160 161 166 166 169 171 174 172 166 158 150 147 146 156 162 166 168 172 171
141 133 129 143 149 136 140 138 141 137 138 140 145 149 137 142 148 146 142 135 143 142 141 135 129 137 123 122 123 118 124 135 153 158 135 113 125 144 137 142 137 135 145 147 163 165 166 169 160 159 161 164 164 156 143 133 132 128 126 116 130 135 126 127 143 169 171 155 147 159 161 164 170 166 156 163 163 165 163 164 166 170 168 163 142 117 112 110 130 153 168 169 168 168
140 133 131 135 145 133 127 132 146 147 126 119 124 134 139 147 145 142 140 133 140 145 152 157 152 154 148 138 141 142 145 143 139 138 134 127 128 130 127 134 132 144 153 152 155 157 162 164 159 170 169 167 163 155 149 145 139 129 115 95 119 128 125 134 151 169 158 137 139 160 164 171 165 166 167 165 164 166 170 168 164 169 168 154 116 75 61 59 90 136 164 169 163 163
141 133 136 148 150 142 139 139 146 140 122 128 137 149 154 150 141 138 154 146 136 150 158 150 145 156 156 142 149 153 145 139 126 131 146 141 137 130 127 132 138 151 155 164 162 153 154 160 165 175 170 167 159 148 138 141 145 137 101 69 106 129 129 137 147 153 138 121 135 157 162 172 170 171 167 158 160 160 172 169 160 166 158 134 83 40 35 26 52 112 158 170 170 169
141 142 137 137 147 148 148 145 148 143 129 139 152 158 158 155 142 126 136 140 128 139 162 160 154 159 159 146 151 158 150 148 133 137 141 137 137 131 117 128 141 149 151 161 166 153 146 159 165 167 171 164 158 153 138 136 133 126 99 86 112 128 133 144 141 137 130 119 134 149 159 168 162 164 156 149 161 167 169 171 160 156 154 135 88 41 30 21 44 103 150 170 171 170
134 131 134 135 141 139 143 148 152 151 137 140 152 156 160 161 138 124 128 134 121 121 154 165 157 162 162 155 157 159 158 156 147 143 140 144 139 129 108 128 144 150 150 154 163 154 149 160 168 168 173 160 158 162 148 145 142 130 117 119 130 133 131 131 126 114 109 110 125 143 157 158 149 157 157 149 163 168 163 172 164 157 157 144 112 72 50 52 81 119 148 164 166 170
136 125 135 142 148 146 151 156 158 146 138 137 141 148 149 146 130 126 127 117 104 124 154 164 159 164 159 158 160 156 149 148 148 137 142 149 144 132 114 136 150 154 151 148 161 149 145 150 165 167 170 158 156 159 152 149 155 142 134 132 135 136 131 122 127 126 117 118 127 139 152 155 150 158 159 153 164 171 166 168 160 159 152 144 131 121 115 115 132 147 158 167 168 171
145 129 137 136 143 160 167 164 159 147 142 142 133 136 141 134 130 119 119 109 105 130 148 156 157 159 161 162 152 151 148 149 147 143 144 143 141 137 123 141 142 145 140 136 149 136 135 138 153 158 161 167 163 152 147 148 149 140 128 127 128 133 138 134 139 144 143 133 135 139 149 151 155 161 159 157 164 166 157 157 160 155 143 143 143 145 147 141 151 164 164 165 166 165
