example/E5 - XRays/X-ray-tomography/rastert_juap46.txt
ncols         356
nrows         356
xllcorner     -0.5
yllcorner     -355.5
cellsize      1
NODATA_value  -9999
[rows 42 to 83 of 356, columns 188 to 281 of 356]
156 146 144 152 146 156 145 130 137 137 135 139 137 143 152 146 133 131 138 137 142 146 143 133 135 131 129 137 143 129 122 131 129 137 139 135 134 133 130 131 139 143 134 131 135 131 133 140 140 144 145 145 145 145 147 142 138 135 137 134 131 130 138 142 137 140 142 140 134 135 142 143 142 142 146 155 158 156 155 162 164 159 160 157 154 159 166 160 153 146 144 145 150 149
151 149 148 153 147 155 145 126 125 124 124 135 139 137 141 139 125 130 138 130 129 135 144 151 149 133 129 133 135 126 124 130 134 138 138 141 142 140 132 135 143 145 134 128 125 119 132 145 143 149 150 149 149 137 134 141 143 143 137 131 129 128 139 144 141 140 144 141 136 142 145 150 150 150 152 154 155 156 160 167 164 159 156 154 157 167 166 159 151 148 150 150 149 145
146 153 153 154 146 150 143 123 118 126 126 131 137 141 141 135 124 129 129 125 126 132 147 160 153 142 138 138 133 130 135 135 138 134 134 143 148 148 143 140 135 142 134 132 129 121 131 134 131 145 154 156 148 130 126 136 143 149 140 138 136 131 145 149 143 142 140 135 138 143 148 154 155 155 153 152 152 153 159 161 160 159 157 158 161 164 157 153 149 150 152 150 146 151
147 155 153 150 146 148 147 135 133 144 141 140 137 141 143 142 134 136 129 131 132 133 150 157 153 147 141 133 124 130 139 140 142 142 142 149 151 152 149 141 138 143 139 138 139 133 135 134 127 136 148 150 145 134 128 132 135 142 144 145 141 141 147 145 144 143 138 135 136 140 149 149 150 152 151 152 154 158 158 154 154 153 153 158 158 150 150 150 147 150 151 151 152 157
148 156 156 149 145 147 149 146 155 155 151 149 137 136 140 143 141 147 144 145 130 121 137 145 146 141 135 132 129 139 146 142 140 141 145 153 152 151 151 146 147 146 141 136 139 139 142 147 137 138 142 140 145 143 138 137 135 142 147 145 140 142 144 140 142 144 145 140 138 139 144 144 145 146 150 155 157 163 159 155 152 145 148 154 149 147 150 148 148 151 153 154 154 158
157 161 156 150 146 144 149 148 161 159 147 143 131 132 138 135 137 149 151 155 133 112 124 130 126 122 130 138 140 153 154 145 139 132 138 151 155 150 147 146 147 146 142 139 142 142 144 151 148 148 148 135 137 140 142 143 141 142 143 141 137 137 141 137 139 142 145 144 143 141 143 144 148 153 156 155 156 162 159 159 150 148 156 153 148 150 149 148 151 150 152 151 156 161
159 162 156 151 145 144 157 147 148 147 134 134 133 135 129 122 137 155 152 153 139 120 129 132 127 121 136 145 151 164 160 151 145 132 130 138 148 148 142 146 148 144 146 151 150 148 147 150 146 140 148 136 128 132 139 139 142 145 146 143 140 141 144 142 138 137 138 138 136 141 146 149 155 155 152 152 156 158 154 149 146 155 161 151 149 147 145 145 148 150 152 150 158 161
149 159 164 158 149 148 159 146 138 149 142 141 140 133 123 118 135 151 148 145 133 124 132 131 136 135 143 157 164 168 160 159 155 138 129 128 139 144 144 151 145 138 146 155 153 149 145 143 134 129 141 135 130 133 137 137 144 148 150 144 138 141 143 142 142 143 139 127 121 129 144 154 158 156 147 143 147 151 148 144 145 154 156 143 145 145 145 144 148 153 154 151 156 158
144 158 173 165 156 150 157 151 141 150 146 137 135 130 127 125 130 136 136 133 120 116 129 134 144 146 149 165 166 160 159 163 162 149 141 130 137 139 143 144 135 134 142 149 150 146 138 136 132 133 142 137 140 144 148 145 147 145 147 141 134 140 142 142 149 149 143 130 120 125 144 155 161 159 149 145 151 151 149 148 147 151 144 135 143 145 142 142 148 154 153 152 153 156
148 158 169 161 159 154 153 153 145 145 141 133 129 127 123 126 128 123 128 124 116 119 130 133 139 152 156 167 169 164 166 162 158 152 147 140 145 141 141 141 131 129 137 142 148 140 139 139 137 135 140 140 145 148 148 146 141 136 144 150 145 145 139 140 151 147 144 147 137 132 139 152 158 153 148 153 157 155 154 152 153 150 140 136 143 143 140 141 141 147 152 155 155 154
153 156 165 158 159 156 149 150 147 145 137 130 134 132 129 127 136 128 133 127 120 124 134 133 133 152 161 167 165 168 172 165 159 155 153 148 152 143 139 145 139 133 134 137 143 138 140 137 136 134 138 145 147 145 141 142 139 136 146 154 147 144 139 142 144 143 142 153 149 141 147 154 147 142 142 154 160 158 154 156 157 149 141 138 141 138 140 141 138 142 154 158 157 153
158 157 167 162 163 154 143 146 146 140 136 132 141 138 132 122 133 142 137 131 126 120 131 134 139 159 163 170 166 169 174 170 167 163 161 147 144 141 138 144 142 137 138 140 145 138 136 131 127 133 137 140 137 142 143 141 142 134 141 146 141 141 145 145 139 141 146 157 158 156 155 153 144 138 146 158 166 157 156 158 152 148 147 143 141 142 147 144 138 143 157 159 156 153
148 158 166 161 147 135 130 141 146 137 134 135 141 138 133 126 129 139 131 133 133 116 127 138 151 169 169 166 164 170 173 168 163 163 164 147 135 138 134 133 134 135 141 148 145 128 126 130 130 137 141 135 128 136 138 143 148 132 139 144 141 148 151 144 137 145 151 154 157 158 153 148 144 146 155 160 162 153 155 157 150 152 154 146 145 151 147 139 136 145 154 156 157 160
141 150 155 148 134 132 137 133 136 132 129 131 133 133 133 135 130 134 131 142 150 128 130 146 156 171 164 162 169 174 172 166 161 165 164 152 140 138 133 127 128 133 140 150 140 111 111 128 138 144 144 141 134 133 136 142 141 133 146 150 149 155 154 141 136 145 149 152 157 158 156 153 152 154 162 161 154 151 150 148 148 155 153 146 147 149 142 134 134 140 146 155 160 163
141 140 147 142 138 139 141 127 130 134 136 131 130 139 138 137 132 134 137 146 148 135 136 150 157 166 160 165 177 176 172 167 160 161 159 146 137 137 137 131 134 142 140 139 126 106 111 126 140 149 142 144 140 137 141 137 132 139 152 148 145 149 144 136 142 144 147 157 160 161 156 155 154 156 162 154 144 148 143 139 145 153 149 142 141 137 138 134 135 145 151 157 157 162
139 141 146 144 138 134 138 128 123 134 141 133 132 140 141 131 128 131 132 138 135 137 143 153 162 164 162 174 181 176 169 163 163 156 151 142 136 139 139 133 134 139 139 133 116 110 122 133 143 153 149 147 143 140 139 139 137 147 150 142 143 142 134 141 149 144 144 155 154 158 155 153 151 144 143 136 132 139 137 138 146 150 143 134 136 134 133 134 137 147 153 148 150 162
135 150 149 143 147 143 133 121 121 136 141 139 144 139 140 130 126 130 126 132 131 137 146 155 166 161 159 173 176 172 164 161 166 156 150 143 140 145 140 133 128 129 137 137 121 127 141 142 152 158 153 146 142 141 137 141 142 148 147 144 145 140 136 143 148 146 142 145 151 155 152 153 146 133 128 120 122 134 139 141 143 143 135 128 136 136 136 134 129 138 146 143 148 159
139 155 148 141 151 148 133 119 127 140 139 142 154 143 132 127 132 138 131 132 133 133 145 159 163 146 145 169 169 167 168 165 165 154 143 132 137 146 136 130 129 131 143 150 143 150 157 153 155 151 143 140 139 141 134 137 135 135 146 146 143 141 137 137 139 142 143 145 144 144 139 142 143 137 126 122 134 140 141 139 139 140 131 126 134 135 137 138 134 141 144 144 149 155
147 148 148 140 139 145 137 128 132 137 138 145 150 141 132 133 139 137 126 131 136 131 145 162 163 144 138 161 168 168 175 169 160 151 134 125 130 133 129 133 144 146 150 160 161 160 163 159 152 138 127 135 139 135 130 130 129 128 139 146 141 143 139 134 139 141 141 145 140 140 132 134 140 140 135 141 151 147 141 133 133 133 126 127 132 131 131 137 138 144 148 142 141 146
146 135 142 141 137 153 146 132 134 136 134 142 144 138 136 134 132 131 131 132 132 132 146 160 164 161 155 161 170 168 176 169 152 143 136 136 131 125 130 137 145 151 153 162 170 167 162 156 154 144 131 136 141 135 130 125 116 119 133 150 145 145 135 132 145 145 146 152 147 147 140 137 139 141 139 136 141 143 133 131 135 133 126 125 131 128 131 139 143 143 140 135 138 147
141 138 140 136 133 147 146 141 139 135 134 140 137 129 135 139 131 127 122 121 124 127 139 154 160 163 167 164 172 168 168 166 153 142 141 142 124 123 138 142 144 151 157 161 164 162 154 153 155 145 136 138 143 137 127 124 119 126 135 150 149 150 138 135 150 147 148 152 150 152 145 137 133 133 131 122 129 133 126 130 139 141 134 133 138 137 140 145 147 142 136 131 138 143
146 144 137 130 131 144 149 156 144 135 139 141 131 133 144 149 142 135 121 113 124 129 138 155 164 168 175 169 170 167 163 162 144 127 122 120 116 130 141 143 141 154 161 158 157 155 157 156 152 139 133 136 140 137 132 136 140 142 140 150 144 143 138 138 145 142 146 153 155 156 149 138 133 132 130 125 132 140 137 132 138 137 132 144 151 148 142 139 138 136 137 138 138 137
135 129 129 127 132 151 156 152 139 135 125 120 121 138 150 153 146 141 137 128 132 138 143 155 162 173 171 162 165 167 155 143 119 111 111 114 127 136 138 149 146 153 157 154 154 152 156 153 145 140 137 139 138 137 144 154 152 143 139 148 136 132 138 140 136 137 150 158 163 161 157 152 143 135 133 133 139 151 146 137 138 135 132 142 147 146 141 137 132 133 140 143 137 136
149 135 126 124 125 139 152 147 140 138 118 112 124 137 139 142 134 131 138 134 133 135 135 145 159 172 168 162 165 164 149 127 104 106 119 122 133 137 139 153 147 140 141 145 148 143 140 148 147 144 140 140 133 133 146 154 145 133 133 144 135 136 146 147 140 138 148 157 167 168 167 163 147 139 142 137 134 149 149 136 137 136 131 137 142 143 142 141 137 138 140 135 133 138
158 147 124 113 114 118 135 141 140 138 129 126 140 144 140 133 120 114 130 129 124 126 133 143 161 171 161 157 163 161 144 117 106 107 120 125 134 139 142 152 141 131 138 142 141 133 130 142 153 145 137 139 130 130 138 136 132 130 138 143 139 145 149 151 147 136 144 152 162 163 160 160 150 144 145 135 130 136 139 135 141 136 135 144 142 145 148 152 154 149 140 129 129 138
155 157 134 116 126 128 134 134 134 141 148 137 146 148 148 136 103 82 104 122 125 122 135 139 150 161 155 148 156 157 144 120 124 118 119 125 134 142 146 149 137 127 140 139 138 129 125 136 156 147 138 143 130 124 128 130 137 140 138 131 131 142 143 149 148 136 141 145 152 159 158 156 148 143 145 134 129 134 140 140 146 148 150 153 151 153 156 160 162 158 144 132 135 139
160 165 150 120 131 138 137 134 135 135 144 132 138 136 139 135 109 91 99 112 128 128 135 134 145 153 149 150 153 147 144 130 132 121 122 128 134 147 149 147 136 133 140 141 142 128 123 131 149 147 146 151 138 134 135 135 143 141 135 128 129 139 142 143 141 134 133 136 142 152 149 145 143 136 141 141 136 136 140 146 158 161 156 155 158 161 159 162 163 156 142 138 139 134
157 151 150 125 125 132 132 132 129 125 135 130 134 128 133 138 124 115 114 107 127 132 132 136 143 151 143 141 148 141 142 144 135 116 123 136 138 144 145 148 141 138 140 148 146 130 132 138 141 146 153 158 148 145 138 133 142 139 142 142 137 138 141 132 130 128 126 130 137 137 133 129 127 122 136 140 139 139 139 151 165 164 163 160 158 160 158 165 165 154 138 124 117 111
158 157 147 134 134 135 137 133 125 124 132 123 131 130 133 142 131 127 134 129 139 140 139 146 145 152 135 131 142 140 139 146 133 113 117 143 147 140 139 144 139 140 147 152 147 137 141 140 141 143 149 157 151 137 129 133 143 142 145 148 138 134 137 128 128 126 121 119 125 122 116 112 109 111 125 130 139 141 144 151 159 163 165 159 158 162 156 156 153 134 114 104 103 103
157 160 141 134 138 138 136 131 123 119 125 115 130 132 138 146 130 128 140 146 158 153 146 151 141 134 126 130 139 140 137 141 131 127 134 140 136 133 134 142 138 142 145 146 140 137 141 141 146 150 154 162 150 132 128 134 139 144 147 150 138 134 137 133 130 126 121 114 119 118 105 97 99 107 125 135 139 135 141 142 145 156 156 152 156 157 149 145 129 104 91 94 106 112
147 149 142 140 140 135 128 130 134 123 116 113 138 142 136 139 130 133 140 147 151 151 153 150 133 121 127 134 137 143 143 144 133 127 141 141 134 133 143 151 139 142 148 146 138 140 145 142 150 154 156 159 144 132 137 143 145 141 147 150 127 116 126 136 135 134 129 121 122 116 103 97 100 109 124 133 138 134 133 134 139 149 148 145 149 151 143 134 114 97 101 116 124 124
140 145 152 153 144 132 125 130 136 133 123 120 142 145 134 137 134 147 148 144 140 144 154 149 146 141 136 129 134 152 158 154 136 127 139 139 133 138 150 152 141 141 147 144 147 147 144 138 143 143 144 144 137 128 132 141 153 143 140 142 125 106 119 143 144 135 125 124 121 113 104 102 103 102 106 113 123 124 128 136 140 145 143 140 138 145 142 131 122 114 121 135 133 129
148 148 157 156 148 132 127 134 130 128 125 127 136 137 140 146 139 157 157 143 137 141 148 146 151 143 130 118 134 160 165 164 150 146 147 136 133 144 152 147 140 135 135 136 146 147 142 141 138 137 135 133 134 134 133 137 149 140 135 141 143 130 139 161 154 131 116 122 125 116 105 102 97 94 93 91 90 92 108 126 134 141 139 136 142 146 142 139 135 128 134 141 139 136
153 155 157 146 143 136 128 132 126 122 121 131 132 138 142 144 133 145 149 138 139 143 151 147 150 145 130 122 139 162 165 168 158 156 149 139 144 150 152 139 134 135 133 130 140 144 143 146 139 135 135 135 136 143 143 141 148 143 136 136 140 135 146 165 155 135 123 127 128 117 103 92 91 86 82 81 75 69 81 106 126 140 141 139 152 159 156 148 137 137 142 144 141 135
147 151 146 141 136 129 123 126 130 128 131 145 138 137 136 137 131 140 142 135 146 147 150 144 149 150 137 135 152 162 165 164 153 153 150 145 149 143 140 130 136 138 136 130 137 145 145 144 139 138 135 135 137 139 136 140 147 141 132 134 139 132 142 156 146 131 126 129 128 124 111 92 86 80 79 81 77 67 69 87 101 123 138 144 156 163 160 149 138 143 143 145 139 129
149 147 141 140 135 133 134 133 132 130 142 152 143 141 137 142 136 143 145 136 143 144 141 136 142 146 134 133 153 161 161 152 148 152 151 140 134 139 140 133 139 135 136 134 135 142 144 138 137 141 135 137 142 138 132 141 144 136 137 143 142 137 144 144 134 125 124 126 128 129 113 95 87 76 69 72 76 75 79 80 70 89 118 145 159 155 150 148 143 147 145 144 140 135
139 130 133 135 134 140 140 134 130 131 146 153 142 142 137 139 135 142 145 136 136 134 133 137 136 136 133 136 148 153 151 142 147 150 144 124 128 143 144 135 138 140 134 141 142 142 143 138 143 145 137 140 142 139 137 144 144 139 143 140 140 141 137 133 133 137 134 129 129 134 121 107 95 75 63 69 78 90 103 101 86 84 94 122 143 146 147 147 143 143 142 140 140 142
134 126 139 136 137 140 131 128 130 134 150 155 141 137 135 140 139 140 137 136 138 139 139 140 142 140 135 138 141 140 136 133 126 121 120 105 124 135 136 131 132 145 134 141 139 135 133 133 147 147 137 139 136 137 139 143 140 135 136 137 139 137 126 121 123 139 141 138 132 133 132 124 107 81 72 74 82 101 118 120 112 100 86 88 111 130 141 141 139 139 142 136 135 143
129 125 144 140 138 139 141 131 129 136 149 152 138 134 133 138 141 136 131 142 149 143 138 139 141 136 129 137 145 144 140 131 104 85 99 120 136 131 137 135 137 146 140 148 143 134 132 131 144 146 143 142 136 141 140 137 140 133 129 133 140 137 133 127 125 143 149 149 140 132 132 131 122 106 99 87 87 105 122 136 140 127 105 97 99 114 128 127 133 144 147 138 135 137
131 120 140 135 132 132 138 130 126 131 139 137 126 130 135 136 139 140 138 138 147 142 130 133 131 131 136 141 145 144 148 142 120 94 110 140 144 129 137 144 146 146 146 147 141 133 142 145 151 148 143 137 128 134 135 135 139 131 128 135 143 144 144 136 138 151 153 150 146 140 132 133 130 127 124 104 99 115 122 141 152 143 131 124 113 116 108 106 119 138 145 145 139 135
131 114 133 133 132 135 135 123 118 131 143 133 132 125 132 142 141 142 147 135 134 139 137 139 130 138 141 132 138 149 154 153 148 136 142 141 134 131 142 151 148 146 143 128 129 135 140 143 146 144 138 133 125 127 130 138 136 125 128 137 141 141 142 139 146 146 148 148 146 143 137 138 136 139 137 123 118 119 120 139 150 148 140 132 122 119 100 88 100 126 137 141 134 132
126 107 129 133 137 144 137 124 129 144 146 136 146 138 139 145 146 142 140 141 140 137 133 137 137 147 136 122 131 152 156 156 155 155 148 132 133 141 147 152 152 146 138 129 138 141 128 133 143 137 129 124 127 128 131 140 142 133 131 132 137 142 142 144 144 142 148 145 139 141 143 145 145 147 144 139 131 121 125 140 145 144 136 125 114 108 99 83 88 118 137 146 137 132
