example/E5 - XRays/X-ray-tomography/rastert_juap43.txt
ncols         356
nrows         356
xllcorner     -0.5
yllcorner     -355.5
cellsize      1
NODATA_value  -9999
[rows 0 to 41 of 356, columns 94 to 187 of 356]
255 255 255 255 255 255 255 255 255 255 255 255 255 255 255 255 255 255 255 255 255 255 255 255 255 255 255 255 255 255 255 255 255 255 255 255 255 255 255 255 255 255 255 255 255 255 255 255 255 255 255 255 255 255 255 255 255 255 255 255 255 255 255 255 255 255 255 255 255 255 255 255 255 255 255 255 255 255 255 255 255 255 255 153 255 255 255 255 255 255 255 255 255 255
255 255 255 255 255 255 255 255 255 255 255 255 255 255 255 255 255 255 255 255 255 255 255 255 255 255 255 255 255 255 255 255 255 255 255 255 255 255 255 255 255 255 255 255 255 255 255 255 255 255 255 255 255 255 255 255 255 255 255 255 255 255 255 255 255 150 145 135 125 124 142 155 152 153 150 140 120 103 116 139 147 150 155 153 151 155 151 152 153 153 153 155 153 150
255 255 255 255 255 255 255 255 255 255 255 255 255 255 255 255 255 255 255 255 255 255 255 255 255 255 255 255 255 255 255 255 255 255 255 255 255 255 255 255 255 255 255 255 255 255 255 255 255 255 255 255 255 255 255 255 255 158 155 153 158 156 151 156 151 150 146 140 133 131 135 143 141 138 138 127 114 115 132 145 146 150 153 154 153 153 152 147 150 152 151 150 152 154
255 255 255 255 255 255 255 255 255 255 255 255 255 255 255 255 255 255 255 255 255 255 255 255 255 255 255 255 255 255 255 255 255 255 255 255 255 255 255 255 255 255 255 255 255 255 255 255 255 255 255 162 162 162 160 156 159 161 155 151 156 159 152 155 151 150 151 151 147 144 141 141 139 134 136 136 136 140 147 152 149 152 148 152 157 151 154 150 150 155 154 150 154 156
255 255 255 255 255 255 255 255 255 255 255 255 255 255 255 255 255 255 255 255 255 255 255 255 255 255 255 255 255 255 255 255 255 255 255 255 255 255 255 255 255 255 255 255 255 255 155 159 154 154 149 151 153 155 153 148 154 163 157 153 160 160 152 154 152 151 152 155 152 151 151 148 147 147 146 151 154 150 155 158 154 157 150 152 160 154 156 159 159 162 160 154 152 152
255 255 255 255 255 255 255 255 255 255 255 255 255 255 255 255 255 255 255 255 255 255 255 255 255 255 255 255 255 255 255 255 255 255 255 255 255 255 255 255 255 255 154 148 147 147 152 159 152 145 137 135 136 141 145 146 154 166 161 156 162 163 159 156 156 156 157 155 157 153 152 151 152 157 153 154 158 151 155 159 157 158 158 157 163 157 158 167 165 165 163 157 153 150
255 255 255 255 255 255 255 255 255 255 255 255 255 255 255 255 255 255 255 255 255 255 255 255 255 255 255 255 255 255 255 255 255 255 255 255 255 255 154 152 155 152 148 145 140 140 144 144 139 133 135 141 146 148 152 158 158 165 164 158 161 163 164 155 155 157 158 153 155 151 151 153 152 154 151 150 157 154 154 160 159 161 163 161 161 156 157 166 165 165 160 155 151 147
255 255 255 255 255 255 255 255 255 255 255 255 255 255 255 255 255 255 255 255 255 255 255 255 255 255 255 255 255 255 255 255 255 255 161 158 158 157 154 148 148 153 152 147 140 132 126 124 130 138 146 153 162 162 161 165 161 161 161 160 159 162 164 153 154 153 160 156 152 154 153 154 148 149 151 152 156 154 154 158 158 162 164 163 160 154 152 159 158 160 156 156 150 145
255 255 255 255 255 255 255 255 255 255 255 255 255 255 255 255 255 255 255 255 255 255 255 255 255 255 255 255 255 255 255 155 154 151 155 157 153 154 156 152 149 155 160 159 153 143 136 136 142 152 160 160 166 168 168 166 164 164 157 158 158 158 155 147 154 153 157 158 153 157 154 153 145 147 149 155 154 151 153 155 152 156 159 162 157 151 146 153 149 149 153 157 153 147
255 255 255 255 255 255 255 255 255 255 255 255 255 255 255 255 255 255 255 255 255 255 255 255 255 255 255 255 153 156 156 154 155 152 150 152 147 146 150 157 156 159 169 168 162 155 153 156 157 160 164 162 166 166 168 166 166 167 158 158 159 158 148 142 149 153 155 157 158 159 154 152 153 151 148 157 154 148 153 152 146 151 150 152 151 149 145 148 135 129 141 149 154 150
255 255 255 255 255 255 255 255 255 255 255 255 255 255 255 255 255 255 255 255 255 255 255 255 255 156 156 156 152 152 152 151 149 151 148 147 148 145 147 163 163 162 175 174 167 163 159 160 160 158 162 162 166 163 168 170 165 162 160 161 162 158 140 136 147 152 152 156 157 159 153 149 159 157 144 152 155 149 152 149 144 149 145 145 148 149 146 145 127 105 108 125 143 146
255 255 255 255 255 255 255 255 255 255 255 255 255 255 255 255 255 255 255 255 255 255 159 156 148 150 152 152 152 150 151 150 145 150 148 143 146 146 149 163 169 166 175 176 168 166 166 160 158 155 158 160 165 157 162 171 168 160 160 165 164 154 139 137 149 152 151 156 156 155 153 151 158 158 144 148 153 151 150 146 142 147 145 144 147 146 143 142 131 107 102 120 133 137
255 255 255 255 255 255 255 255 255 255 255 255 255 255 255 255 255 255 255 157 159 150 151 157 147 143 146 148 154 152 149 152 147 144 145 141 143 144 151 155 164 170 172 175 170 168 169 161 154 153 157 158 164 157 158 167 165 158 158 168 167 158 149 143 151 154 151 157 158 157 158 155 152 156 149 148 151 153 151 147 143 151 147 146 147 141 136 139 140 132 133 140 136 129
255 255 255 255 255 255 255 255 255 255 255 255 255 255 255 255 255 159 146 146 157 151 144 153 152 144 143 146 153 154 148 149 145 139 144 142 138 139 152 157 159 167 169 172 171 171 164 160 154 151 157 161 163 157 156 163 163 158 160 169 166 162 159 150 155 160 154 159 160 156 161 160 152 156 152 150 151 157 152 146 145 153 153 152 151 142 138 139 142 147 151 150 143 127
255 255 255 255 255 255 255 255 255 255 255 255 255 255 255 150 151 157 145 137 149 157 148 147 152 150 145 146 148 149 147 149 143 140 150 149 139 139 155 163 160 166 170 172 167 170 163 155 157 149 155 164 162 157 158 162 163 158 159 165 159 161 162 153 160 161 150 154 158 153 159 159 152 152 152 152 149 157 152 139 137 141 150 155 153 149 151 144 137 147 148 146 139 126
255 255 255 255 255 255 255 255 255 255 255 255 152 152 153 150 148 149 146 139 144 155 151 148 153 154 146 142 141 138 144 152 146 140 151 152 144 145 154 166 164 168 174 170 167 171 164 153 158 151 154 164 163 161 163 160 161 156 153 159 157 157 156 152 159 157 148 151 153 151 157 157 155 152 153 157 152 151 148 139 135 132 140 153 159 156 154 148 136 140 141 136 119 115
255 255 255 255 255 255 255 255 255 255 160 162 157 152 145 143 147 145 146 146 146 148 148 144 146 150 145 142 140 135 141 149 145 138 145 146 147 148 148 162 161 165 177 173 171 172 165 158 160 157 153 160 165 164 164 158 156 151 143 147 152 151 147 148 154 151 150 154 156 153 155 156 157 154 151 154 149 147 141 139 140 133 137 153 162 158 154 154 140 135 133 117 90 93
255 255 255 255 255 255 255 255 169 165 164 157 154 148 135 134 146 145 143 149 151 149 145 144 145 146 145 149 152 150 147 147 139 131 137 143 145 143 143 157 160 167 175 174 170 168 159 152 149 157 154 151 161 168 165 156 147 147 142 136 143 151 147 149 151 148 148 155 162 157 154 155 152 152 150 150 147 147 142 142 146 138 141 157 161 157 161 164 148 140 140 119 90 84
255 255 255 255 255 255 165 167 167 166 168 151 143 143 138 136 143 145 141 145 150 147 142 146 155 157 157 159 161 157 152 153 142 132 142 149 142 140 142 149 153 161 169 176 169 159 145 139 138 148 156 151 153 160 154 144 135 145 147 137 143 150 145 148 146 146 152 157 162 161 155 149 147 149 146 149 148 146 138 134 144 139 141 154 160 157 159 166 157 149 147 126 109 105
255 255 255 255 169 165 163 166 167 164 168 154 140 143 143 143 148 144 138 141 145 141 142 149 160 166 166 164 170 161 154 155 147 141 145 145 135 136 145 146 144 151 164 175 167 151 146 140 139 139 154 162 150 141 133 128 131 145 150 143 144 144 139 142 142 146 153 158 160 158 154 144 143 136 134 144 144 140 137 132 136 139 143 150 156 155 155 156 144 136 140 128 122 128
255 255 159 160 166 170 163 161 161 159 160 151 137 142 140 143 150 142 134 138 144 142 143 148 158 168 165 158 165 162 155 157 150 145 142 133 136 143 149 151 142 146 163 170 160 145 144 135 139 141 148 163 152 132 127 131 131 136 147 148 139 136 144 150 153 151 151 151 155 155 151 142 141 127 124 140 141 137 134 131 126 136 152 152 152 155 151 140 120 111 129 138 137 140
150 153 157 160 161 168 165 163 161 156 152 137 128 137 134 132 131 128 128 134 145 149 146 151 157 166 165 155 164 166 156 155 144 139 143 132 139 149 143 146 143 145 158 159 149 139 134 128 135 144 146 156 156 136 128 132 127 127 140 143 130 128 145 156 161 156 150 143 146 151 144 138 136 130 132 138 139 140 126 120 124 134 149 146 149 146 140 123 106 102 125 148 146 145
145 148 148 153 157 162 161 156 152 150 148 133 132 138 132 125 111 107 115 130 146 150 150 156 156 160 165 164 164 166 161 151 132 126 137 137 137 135 128 136 143 148 153 151 146 139 132 133 134 136 138 149 152 141 134 134 132 139 145 140 129 132 147 156 158 155 153 144 138 145 142 133 127 132 141 140 138 142 133 128 138 149 151 148 150 139 133 123 118 118 133 153 146 145
143 140 132 130 135 144 147 144 144 140 140 134 134 143 140 128 106 102 118 134 149 148 149 159 159 157 160 168 165 162 158 143 127 124 126 133 132 124 129 141 148 150 147 141 142 141 136 141 138 133 133 144 147 139 135 137 139 146 152 143 136 141 150 160 159 155 155 151 138 141 143 133 130 139 145 146 137 136 143 136 141 155 157 155 153 144 140 140 143 139 144 155 150 148
150 143 129 127 126 136 146 142 133 111 122 136 138 145 148 141 127 122 136 140 145 152 148 155 159 159 159 160 162 163 157 140 125 127 128 134 129 127 145 155 154 153 149 136 135 139 137 139 138 142 144 143 142 139 139 138 135 137 144 138 141 149 151 161 163 156 154 154 143 139 142 138 142 145 148 149 138 134 141 136 136 145 150 155 158 156 151 152 155 150 151 157 154 152
155 148 137 134 135 147 156 143 115 82 103 140 147 148 150 146 139 137 143 141 133 144 146 146 151 159 163 160 163 164 156 137 125 136 145 143 128 132 148 154 160 159 147 126 127 138 140 134 136 144 148 146 140 138 141 142 134 128 134 139 148 154 154 156 158 153 148 148 142 134 135 137 143 141 146 151 137 134 137 129 125 132 141 147 158 160 156 155 154 154 156 163 160 155
154 149 142 140 144 150 154 142 102 77 102 144 155 151 148 143 140 140 145 146 132 130 142 148 151 158 160 159 164 163 154 135 130 140 148 143 133 140 141 140 154 160 144 129 132 140 141 140 143 143 142 141 137 136 132 135 136 137 139 144 155 158 155 142 146 153 151 146 137 132 129 133 138 136 147 151 136 133 133 121 119 131 147 148 154 162 162 154 150 156 160 163 161 156
155 151 141 142 147 143 139 133 92 65 99 141 155 154 146 141 138 139 145 143 128 117 130 146 147 154 158 158 158 159 150 137 132 134 134 130 130 137 136 138 143 146 131 130 147 153 147 150 155 152 146 141 144 142 138 137 140 148 142 145 157 161 153 139 143 150 151 155 143 130 126 134 138 140 149 149 136 135 135 126 133 139 151 153 154 159 161 156 154 159 162 163 162 159
154 155 149 142 141 136 131 130 101 64 93 136 152 156 148 130 121 131 140 136 123 116 126 139 138 143 150 153 155 154 148 140 133 134 135 136 136 133 135 149 145 134 117 123 150 156 149 148 148 150 149 145 152 149 143 143 144 151 142 140 150 154 151 150 151 149 153 161 151 133 131 142 144 140 140 142 135 128 131 132 146 148 149 149 154 160 157 156 157 156 157 161 160 158
148 152 153 145 138 138 135 132 111 76 91 129 148 151 144 115 100 125 144 139 130 128 131 137 142 145 142 145 151 145 142 144 138 139 148 152 141 129 135 155 151 133 121 129 146 153 150 149 139 137 146 147 152 151 144 144 144 147 141 139 146 150 151 156 156 151 154 158 150 139 139 145 149 144 131 130 133 116 109 120 153 162 155 149 154 164 160 153 156 158 158 161 158 152
151 142 142 145 138 142 144 138 119 86 85 116 126 123 123 107 104 128 148 139 128 133 132 134 145 150 140 136 142 140 139 143 134 133 145 149 134 125 131 146 142 130 130 132 136 144 147 154 145 138 145 150 146 148 140 137 148 143 136 144 147 154 153 155 151 146 152 146 141 143 147 150 154 155 137 133 138 122 108 119 158 169 155 150 156 161 156 151 152 156 157 156 156 145
160 139 123 138 142 141 151 151 139 116 112 129 125 118 103 98 119 132 138 129 121 137 141 144 151 145 129 127 135 139 142 140 132 128 133 141 136 130 129 135 130 121 129 138 138 141 147 156 153 149 144 150 148 147 140 133 145 143 138 149 152 154 150 153 147 144 156 143 139 152 152 157 161 161 150 145 137 134 134 134 153 162 159 157 159 161 151 149 153 158 158 151 147 139
152 139 123 133 147 149 154 152 149 147 149 150 146 131 104 107 137 139 134 134 133 140 146 153 150 140 130 134 137 139 143 137 132 135 134 145 143 123 114 122 130 131 135 145 150 150 150 155 148 146 148 150 148 138 126 127 141 145 141 144 154 157 150 147 143 147 157 147 144 157 154 158 166 163 162 153 136 140 149 144 146 156 163 160 158 161 157 153 154 159 157 148 142 138
146 140 136 136 153 159 159 151 148 155 157 150 147 134 122 132 146 138 129 137 142 144 147 148 143 140 132 138 140 139 147 137 132 139 139 150 138 110 107 116 132 142 142 144 150 156 152 149 144 145 148 150 135 114 103 119 137 143 143 138 145 155 148 140 147 154 155 153 155 163 160 161 167 163 165 161 140 138 148 149 148 152 155 160 160 160 163 163 159 158 155 151 145 141
144 138 130 131 152 157 157 151 145 151 150 148 148 145 148 152 150 146 132 131 142 147 147 141 136 136 128 140 147 142 148 138 132 144 147 147 135 116 118 120 131 142 145 143 146 154 153 149 148 150 146 152 129 103 99 110 120 130 139 145 143 151 149 140 154 162 155 156 155 160 164 162 163 163 161 164 148 141 145 147 145 144 146 156 158 157 159 162 158 155 158 156 142 137
136 132 121 130 146 147 151 155 146 143 151 156 157 158 163 163 149 148 137 125 135 136 137 141 138 133 124 139 151 142 146 146 137 145 149 142 135 126 131 129 136 141 141 132 137 154 151 153 155 153 143 148 130 107 111 114 120 139 145 151 148 152 150 145 161 165 152 159 157 151 158 159 159 163 158 161 151 147 145 140 144 144 148 154 153 156 158 163 158 158 161 151 132 130
139 141 141 146 151 152 155 163 159 146 155 163 161 161 161 162 149 145 139 128 132 137 135 139 138 135 133 138 141 139 148 157 143 140 151 144 132 133 135 126 132 140 138 131 134 154 151 152 159 158 148 148 137 121 128 128 136 151 154 155 151 154 152 149 162 162 152 158 157 140 147 155 156 161 155 154 149 146 145 136 137 134 139 148 149 151 149 162 161 163 158 147 139 137
134 148 157 160 162 162 162 165 168 158 154 159 162 164 157 160 153 148 148 140 131 139 143 143 141 140 136 135 139 146 147 150 140 137 150 144 123 125 124 113 123 134 137 140 134 139 146 148 150 150 147 146 143 134 138 142 147 152 150 153 152 153 152 155 161 156 144 148 154 139 145 156 158 160 158 156 151 145 144 138 134 125 131 138 144 153 145 154 158 158 149 149 146 136
135 148 160 161 166 166 166 163 165 164 163 159 158 160 159 165 164 157 154 147 139 140 144 145 140 137 131 128 141 153 147 144 134 131 144 146 123 118 121 125 130 127 130 138 135 131 133 133 136 140 148 146 138 135 138 146 146 142 137 144 153 154 152 158 164 155 143 139 150 150 147 158 160 159 159 153 155 152 147 142 137 131 139 141 147 157 150 148 153 154 149 153 145 133
143 150 159 163 164 167 169 165 165 161 164 163 161 160 162 163 164 164 157 148 139 138 142 141 138 126 119 125 139 147 149 152 131 124 135 134 121 122 125 130 130 129 132 140 142 141 135 132 134 139 143 144 134 133 136 141 139 137 135 136 148 152 145 159 172 159 150 142 148 162 154 155 160 155 156 145 145 151 150 146 141 140 149 153 157 157 154 147 146 148 148 152 146 141
150 158 158 163 164 164 166 165 168 160 158 160 160 163 164 162 160 164 161 149 136 135 136 132 127 110 109 129 140 146 147 147 134 131 138 136 128 128 120 117 126 140 142 146 151 159 153 151 151 144 143 145 141 139 137 140 136 136 136 132 148 151 141 154 165 157 152 151 151 164 160 150 153 151 153 146 137 148 155 149 144 145 152 153 158 155 148 150 145 142 144 145 143 147
156 166 159 158 164 159 162 166 166 162 160 158 161 169 165 167 163 165 165 151 130 133 135 127 111 87 106 140 142 149 151 139 145 139 137 142 131 127 117 115 129 140 143 151 156 168 167 162 160 151 142 137 140 147 144 146 134 128 137 136 147 145 141 152 158 153 147 158 157 160 159 143 138 146 155 156 141 143 154 148 150 153 151 145 146 150 145 149 144 145 150 150 151 144
