example/E5 - XRays/X-ray-tomography/rastert_juap32.txt
ncols         356
nrows         356
xllcorner     -0.5
yllcorner     -355.5
cellsize      1
NODATA_value  -9999
[rows 0 to 41 of 356, columns 190 to 284 of 356]
255 255 255 255 255 255 255 255 255 255 255 255 255 255 255 255 255 255 255 255 255 255 255 255 255 255 255 255 255 255 255 255 255 255 255 255 255 255 255 255 255 255 255 255 255 255 255 255 255 255 255 255 255 255 255 255 255 255 255 255 255 255 255 255 255 255 255 255 255 255 255 255 255 255 255 255 255 255 255 255 255 255 255 255 255 255 255 255 255 255 255 255 255 255 255
151 149 157 148 148 150 255 255 255 255 255 255 255 255 255 255 255 255 255 255 255 255 255 255 255 255 255 255 255 255 255 255 255 255 255 255 255 255 255 255 255 255 255 255 255 255 255 255 255 255 255 255 255 255 255 255 255 255 255 255 255 255 255 255 255 255 255 255 255 255 255 255 255 255 255 255 255 255 255 255 255 255 255 255 255 255 255 255 255 255 255 255 255 255 255
145 148 152 143 141 143 144 144 145 149 148 146 155 148 255 255 255 255 255 255 255 255 255 255 255 255 255 255 255 255 255 255 255 255 255 255 255 255 255 255 255 255 255 255 255 255 255 255 255 255 255 255 255 255 255 255 255 255 255 255 255 255 255 255 255 255 255 255 255 255 255 255 255 255 255 255 255 255 255 255 255 255 255 255 255 255 255 255 255 255 255 255 255 255 255
152 147 146 141 141 142 140 140 141 144 141 141 154 146 142 147 153 151 146 145 255 255 255 255 255 255 255 255 255 255 255 255 255 255 255 255 255 255 255 255 255 255 255 255 255 255 255 255 255 255 255 255 255 255 255 255 255 255 255 255 255 255 255 255 255 255 255 255 255 255 255 255 255 255 255 255 255 255 255 255 255 255 255 255 255 255 255 255 255 255 255 255 255 255 255
150 150 146 144 145 145 143 140 139 140 139 143 153 148 142 142 142 142 144 140 140 150 160 159 165 255 255 255 255 255 255 255 255 255 255 255 255 255 255 255 255 255 255 255 255 255 255 255 255 255 255 255 255 255 255 255 255 255 255 255 255 255 255 255 255 255 255 255 255 255 255 255 255 255 255 255 255 255 255 255 255 255 255 255 255 255 255 255 255 255 255 255 255 255 255
144 150 144 138 138 141 148 145 145 139 135 142 151 149 142 141 138 138 141 136 135 151 159 154 160 154 148 153 152 255 255 255 255 255 255 255 255 255 255 255 255 255 255 255 255 255 255 255 255 255 255 255 255 255 255 255 255 255 255 255 255 255 255 255 255 255 255 255 255 255 255 255 255 255 255 255 255 255 255 255 255 255 255 255 255 255 255 255 255 255 255 255 255 255 255
141 144 141 133 136 143 150 148 149 133 123 132 145 147 140 142 143 141 141 138 136 149 153 149 152 145 141 146 148 149 152 153 152 255 255 255 255 255 255 255 255 255 255 255 255 255 255 255 255 255 255 255 255 255 255 255 255 255 255 255 255 255 255 255 255 255 255 255 255 255 255 255 255 255 255 255 255 255 255 255 255 255 255 255 255 255 255 255 255 255 255 255 255 255 255
139 139 142 135 142 144 143 146 148 132 126 134 145 146 134 135 142 145 144 140 139 142 148 146 148 145 142 145 147 146 151 153 149 147 149 158 155 255 255 255 255 255 255 255 255 255 255 255 255 255 255 255 255 255 255 255 255 255 255 255 255 255 255 255 255 255 255 255 255 255 255 255 255 255 255 255 255 255 255 255 255 255 255 255 255 255 255 255 255 255 255 255 255 255 255
139 138 142 139 147 142 136 144 149 142 139 144 146 145 134 132 136 145 139 133 138 142 146 147 152 154 149 148 149 149 154 155 150 143 147 158 158 158 156 156 255 255 255 255 255 255 255 255 255 255 255 255 255 255 255 255 255 255 255 255 255 255 255 255 255 255 255 255 255 255 255 255 255 255 255 255 255 255 255 255 255 255 255 255 255 255 255 255 255 255 255 255 255 255 255
139 138 140 138 145 141 140 148 149 142 137 141 143 144 138 131 131 138 130 125 138 144 144 147 155 156 149 148 147 149 155 160 156 151 156 161 164 159 159 162 163 161 156 255 255 255 255 255 255 255 255 255 255 255 255 255 255 255 255 255 255 255 255 255 255 255 255 255 255 255 255 255 255 255 255 255 255 255 255 255 255 255 255 255 255 255 255 255 255 255 255 255 255 255 255
137 138 142 141 143 140 139 145 142 131 127 138 142 143 137 128 128 128 126 129 138 145 147 146 151 153 149 143 143 152 156 161 162 160 161 164 166 160 161 168 163 159 160 161 156 152 255 255 255 255 255 255 255 255 255 255 255 255 255 255 255 255 255 255 255 255 255 255 255 255 255 255 255 255 255 255 255 255 255 255 255 255 255 255 255 255 255 255 255 255 255 255 255 255 255
137 140 145 142 140 140 138 144 139 124 118 131 138 139 134 126 126 127 132 139 143 146 146 140 144 153 149 141 146 158 159 158 163 160 160 168 167 159 164 166 161 161 161 160 158 155 147 141 142 255 255 255 255 255 255 255 255 255 255 255 255 255 255 255 255 255 255 255 255 255 255 255 255 255 255 255 255 255 255 255 255 255 255 255 255 255 255 255 255 255 255 255 255 255 255
140 143 146 144 143 145 146 150 144 130 121 131 135 135 137 129 127 135 141 143 143 139 134 132 139 146 146 146 153 159 160 158 159 157 161 165 162 159 166 162 162 161 158 160 162 156 143 137 134 137 147 149 255 255 255 255 255 255 255 255 255 255 255 255 255 255 255 255 255 255 255 255 255 255 255 255 255 255 255 255 255 255 255 255 255 255 255 255 255 255 255 255 255 255 255
143 146 150 148 145 148 151 151 148 139 134 138 134 131 141 137 132 145 146 140 133 120 109 114 129 138 145 149 157 161 161 159 160 157 162 161 159 158 162 162 164 159 158 163 160 151 142 138 137 136 137 142 147 144 255 255 255 255 255 255 255 255 255 255 255 255 255 255 255 255 255 255 255 255 255 255 255 255 255 255 255 255 255 255 255 255 255 255 255 255 255 255 255 255 255
147 146 143 141 145 147 146 152 152 144 138 137 130 128 144 144 138 145 143 136 124 107 93 105 133 143 149 155 160 163 162 161 160 157 162 163 163 160 164 165 165 159 156 157 151 142 139 137 144 137 134 140 142 143 145 152 255 255 255 255 255 255 255 255 255 255 255 255 255 255 255 255 255 255 255 255 255 255 255 255 255 255 255 255 255 255 255 255 255 255 255 255 255 255 255
144 141 134 132 143 146 146 154 149 140 128 128 130 129 140 143 139 140 141 138 122 114 114 131 151 149 155 161 161 164 165 162 161 162 163 164 164 160 162 167 161 156 152 148 143 142 141 141 145 140 139 139 138 139 143 147 148 148 150 255 255 255 255 255 255 255 255 255 255 255 255 255 255 255 255 255 255 255 255 255 255 255 255 255 255 255 255 255 255 255 255 255 255 255 255
139 137 130 127 138 143 145 144 136 135 127 130 134 130 134 137 140 139 139 141 130 129 140 151 148 146 156 162 158 163 162 158 161 162 163 163 161 156 158 165 157 154 147 139 141 146 147 145 142 143 141 135 134 131 138 146 149 145 148 148 147 255 255 255 255 255 255 255 255 255 255 255 255 255 255 255 255 255 255 255 255 255 255 255 255 255 255 255 255 255 255 255 255 255 255
139 134 129 127 141 147 143 136 133 140 138 140 140 136 136 139 144 138 139 145 138 133 145 150 140 148 158 158 154 158 152 148 153 159 163 161 161 156 161 163 156 151 143 136 143 149 151 144 141 141 139 138 129 123 136 149 150 146 151 149 147 152 151 255 255 255 255 255 255 255 255 255 255 255 255 255 255 255 255 255 255 255 255 255 255 255 255 255 255 255 255 255 255 255 255
141 131 127 130 144 149 140 132 136 151 147 145 145 141 140 138 141 142 141 142 141 136 146 146 138 146 152 149 150 152 144 133 138 151 158 159 162 158 161 157 150 147 141 140 146 148 148 142 142 140 140 140 130 123 134 145 146 149 153 150 148 153 150 148 149 255 255 255 255 255 255 255 255 255 255 255 255 255 255 255 255 255 255 255 255 255 255 255 255 255 255 255 255 255 255
135 127 124 130 141 145 141 135 135 152 149 147 144 139 142 139 144 144 138 136 138 138 145 146 143 142 144 143 147 152 141 132 132 137 147 153 153 154 155 151 147 141 142 144 148 149 147 144 145 142 143 138 128 122 126 138 147 151 149 148 146 151 148 145 149 156 155 255 255 255 255 255 255 255 255 255 255 255 255 255 255 255 255 255 255 255 255 255 255 255 255 255 255 255 255
131 129 128 131 139 148 150 144 137 145 144 144 139 131 142 146 149 140 133 139 139 140 144 143 142 139 138 137 144 152 145 139 130 126 136 139 141 145 148 152 150 141 141 144 148 147 147 149 149 145 146 142 134 129 128 141 148 144 143 144 147 150 144 147 152 155 149 142 141 255 255 255 255 255 255 255 255 255 255 255 255 255 255 255 255 255 255 255 255 255 255 255 255 255 255
129 126 126 130 137 146 151 148 136 137 141 141 138 133 142 146 145 136 136 151 149 146 144 138 131 134 133 134 144 150 151 147 136 131 136 135 142 146 140 149 149 138 137 142 143 146 151 152 152 150 147 146 143 141 141 146 147 142 143 145 146 149 150 152 152 146 142 132 134 154 160 255 255 255 255 255 255 255 255 255 255 255 255 255 255 255 255 255 255 255 255 255 255 255 255
143 133 129 141 146 147 152 143 135 141 149 148 139 140 144 140 139 135 140 153 151 146 141 135 121 122 126 131 140 148 150 149 147 146 149 148 154 150 134 145 148 139 141 142 143 153 151 151 155 154 150 146 146 149 147 146 148 149 149 148 144 149 153 155 150 144 141 129 138 156 157 160 160 255 255 255 255 255 255 255 255 255 255 255 255 255 255 255 255 255 255 255 255 255 255
156 148 136 147 154 151 153 147 144 151 152 150 143 144 146 137 134 134 141 151 152 143 137 132 119 117 127 133 137 146 148 148 151 155 153 153 158 149 137 144 148 143 141 139 143 152 146 149 157 158 153 147 149 153 150 151 152 154 155 150 146 151 152 157 149 146 141 131 143 153 161 166 157 157 155 255 255 255 255 255 255 255 255 255 255 255 255 255 255 255 255 255 255 255 255
159 156 140 141 152 157 152 145 144 140 139 143 142 146 147 136 128 132 141 152 153 140 135 133 132 133 141 139 135 136 133 141 149 152 148 146 150 149 145 147 148 142 137 134 139 146 144 146 156 163 160 153 151 156 154 151 153 160 159 152 154 158 158 157 149 147 143 136 143 157 168 165 157 159 155 152 255 255 255 255 255 255 255 255 255 255 255 255 255 255 255 255 255 255 255
160 156 142 137 147 157 153 146 142 134 133 141 141 143 145 137 129 134 141 148 146 137 141 143 147 149 148 140 135 128 126 137 145 147 148 142 147 153 147 147 146 141 138 135 143 150 147 145 156 162 163 158 154 161 153 146 152 163 156 153 159 163 161 158 155 152 146 139 146 164 168 162 152 149 147 145 147 149 255 255 255 255 255 255 255 255 255 255 255 255 255 255 255 255 255
152 150 141 129 135 148 147 142 138 132 135 142 144 147 147 146 137 137 143 144 142 143 154 155 154 155 152 147 140 131 132 138 145 145 141 140 144 143 131 133 139 140 135 136 147 153 149 147 155 158 164 162 159 159 149 142 156 161 155 157 161 163 160 158 158 156 151 140 143 155 159 158 148 144 141 136 141 142 141 145 255 255 255 255 255 255 255 255 255 255 255 255 255 255 255
135 133 137 131 129 140 143 137 132 130 132 140 145 152 150 147 139 137 142 141 145 153 159 159 156 156 157 153 139 134 140 146 150 146 135 131 130 128 121 127 135 137 131 130 135 137 141 146 158 160 163 162 160 158 149 146 162 159 156 159 163 163 162 159 158 158 156 149 143 147 148 149 147 142 139 132 133 136 136 141 147 255 255 255 255 255 255 255 255 255 255 255 255 255 255
123 126 144 144 134 140 143 137 132 131 140 143 144 148 141 139 136 136 137 138 151 161 157 159 152 157 161 158 138 130 143 147 151 150 140 125 119 121 130 133 140 142 133 126 127 129 138 148 157 153 153 156 160 159 152 151 161 158 157 161 163 164 159 155 156 158 157 152 143 141 137 138 135 131 138 131 130 135 139 140 142 141 139 255 255 255 255 255 255 255 255 255 255 255 255
131 136 143 138 134 139 141 135 134 134 142 143 145 148 138 141 138 134 135 140 156 163 157 160 156 164 165 160 140 132 143 144 147 149 145 131 126 127 132 135 140 140 134 131 140 142 145 146 149 148 152 163 166 164 157 151 155 160 163 161 163 162 155 153 157 157 159 153 141 134 132 134 126 122 133 127 125 131 138 140 140 140 137 132 139 255 255 255 255 255 255 255 255 255 255
144 150 146 133 137 142 141 139 140 139 140 146 145 144 140 142 142 131 133 142 156 162 158 162 163 167 163 159 149 142 146 144 136 136 141 139 138 131 133 138 132 131 130 137 151 153 151 141 143 153 157 166 162 163 156 150 159 164 164 158 163 160 151 155 160 158 156 153 145 139 141 138 130 133 134 129 129 128 133 140 144 140 135 133 142 152 255 255 255 255 255 255 255 255 255
146 146 145 135 142 148 139 137 144 144 146 154 146 140 139 136 138 128 133 147 159 163 160 164 163 162 162 162 156 151 149 142 136 135 141 145 143 133 136 138 120 116 116 132 154 159 155 139 138 150 150 154 160 163 153 150 157 163 164 162 164 157 153 159 158 151 149 147 144 141 143 142 146 149 143 142 140 129 134 145 142 136 132 132 135 143 149 148 255 255 255 255 255 255 255
133 130 141 141 145 145 136 135 141 148 158 156 150 144 137 134 138 133 141 150 161 165 161 167 164 164 166 164 157 149 140 136 134 127 126 142 146 139 140 141 125 118 118 131 148 156 152 138 136 149 147 153 164 161 152 154 157 163 163 155 153 151 152 156 150 144 142 137 135 132 136 140 149 151 151 152 149 138 137 134 131 129 132 137 134 140 147 142 140 255 255 255 255 255 255
133 131 144 145 144 143 138 141 144 152 159 155 153 149 140 136 143 141 143 147 159 166 163 164 162 168 167 160 154 140 129 130 129 122 119 141 148 144 143 145 136 128 130 137 146 154 153 142 140 147 147 158 162 156 155 160 159 162 159 150 148 148 148 155 149 149 146 137 135 133 128 127 133 142 151 152 152 142 131 123 124 124 134 138 136 140 144 137 135 133 255 255 255 255 255
137 136 142 144 136 134 135 139 144 148 156 154 147 144 143 141 146 143 136 141 160 168 163 165 164 167 163 157 154 136 128 127 130 139 137 143 142 142 144 144 145 140 140 140 141 149 152 142 140 143 147 154 153 155 162 163 159 159 156 152 152 147 146 153 150 149 146 142 142 139 129 118 121 135 145 143 143 138 130 126 127 130 139 137 136 136 135 129 128 127 133 139 255 255 255
144 135 129 134 133 131 134 128 132 139 154 154 141 138 138 141 145 139 136 146 165 168 165 169 166 166 162 155 149 135 130 127 137 151 145 137 137 142 141 139 141 140 143 140 138 144 149 145 145 146 147 146 147 155 161 160 159 155 150 145 143 140 140 145 143 142 143 142 143 143 136 122 124 134 140 138 132 135 134 128 126 130 135 136 137 134 127 123 125 125 135 144 147 255 255
149 138 126 136 146 139 137 127 126 127 146 152 142 137 137 140 140 138 140 148 165 165 169 169 164 169 162 151 142 132 129 132 144 147 138 134 139 140 136 141 141 134 141 143 143 144 149 152 152 150 147 144 146 155 160 158 159 153 145 139 140 138 135 139 141 146 146 141 137 143 141 130 128 132 133 130 126 133 135 130 126 126 130 138 137 134 130 130 128 129 139 147 150 148 255
145 142 138 146 154 142 129 132 131 129 145 151 146 142 141 140 141 143 148 147 159 167 170 169 167 169 162 156 144 136 132 140 147 138 132 134 141 136 136 146 149 138 142 148 149 149 151 153 152 153 146 141 140 145 157 160 158 147 144 146 144 137 133 137 141 147 146 137 135 141 141 136 130 127 125 126 127 133 142 141 133 128 133 136 136 138 139 138 133 135 142 149 148 146 143
138 140 142 145 142 137 134 133 128 128 141 144 141 142 142 136 138 140 150 149 156 166 167 166 164 164 161 158 150 142 136 142 141 131 135 136 143 141 141 152 152 150 151 152 154 150 149 152 152 153 145 144 141 143 154 155 149 147 148 148 139 130 134 139 140 143 141 136 137 136 137 135 136 132 131 134 135 136 143 143 136 131 130 129 129 134 141 144 144 144 148 153 152 148 136
142 148 147 145 139 136 136 133 131 131 134 136 137 142 146 140 140 139 144 149 157 159 161 166 162 161 159 155 149 148 142 145 139 135 142 138 145 150 145 144 145 142 148 150 146 146 152 156 152 151 150 152 147 151 153 145 143 147 145 139 125 120 139 144 145 142 136 138 135 129 128 131 137 137 139 141 139 136 138 135 131 130 129 127 127 132 139 146 155 156 156 156 154 149 141
150 155 154 151 144 140 138 131 129 131 136 137 138 143 149 150 147 147 144 152 160 158 156 161 153 151 155 147 149 151 145 140 139 143 147 143 149 158 148 135 138 133 140 146 139 149 158 156 152 155 156 152 154 157 153 141 135 136 140 130 118 121 138 144 146 136 134 138 129 124 124 130 137 137 139 142 137 132 134 131 129 132 133 131 134 136 139 153 164 162 156 151 151 154 151
144 148 154 153 145 143 140 132 130 132 134 131 127 131 144 152 150 156 155 156 158 152 149 149 144 149 152 147 150 151 142 133 135 143 145 142 149 155 144 135 145 141 144 152 146 152 160 155 154 156 152 147 150 151 151 135 123 125 133 126 122 130 140 144 139 135 138 134 125 123 127 131 135 137 138 139 133 131 134 128 124 132 134 133 137 137 143 157 164 165 156 149 152 155 155
