example/E5 - XRays/X-ray-tomography/rastert_juap31.txt
ncols         356
nrows         356
xllcorner     -0.5
yllcorner     -355.5
cellsize      1
NODATA_value  -9999
[rows 210 to 251 of 356, columns 95 to 189 of 356]
150 139 137 148 148 145 138 131 144 154 150 153 151 149 149 148 148 139 133 128 131 133 140 141 131 128 147 144 122 124 124 122 140 148 134 133 145 136 132 140 147 126 74 48 52 56 76 95 89 107 136 140 145 138 118 101 84 88 113 123 117 113 114 142 160 168 164 170 177 186 189 180 184 179 185 189 178 184 177 171 173 172 172 172 168 173 163 134 105 91 101 120 138 151 147
154 128 127 140 135 139 139 135 146 158 153 155 149 143 134 137 138 142 142 137 137 133 126 137 130 129 132 129 132 134 145 145 144 146 138 136 135 121 110 123 139 124 88 70 64 52 61 61 56 92 137 146 149 145 145 140 132 122 128 121 107 120 126 140 156 165 161 172 176 180 182 179 176 170 178 185 176 184 175 170 175 170 178 178 165 167 164 140 98 68 73 107 135 151 149
142 118 116 136 148 145 148 152 151 155 147 146 140 135 127 135 143 143 143 151 158 150 142 140 127 132 129 137 145 134 131 134 132 140 137 132 136 133 118 121 129 127 111 100 99 72 55 47 44 60 103 148 152 156 164 161 146 126 132 120 96 114 131 137 148 161 165 167 169 172 172 171 172 174 175 181 182 178 174 179 173 163 167 172 165 155 165 162 141 110 85 105 134 147 145
140 132 133 141 154 149 147 147 149 154 149 146 132 137 143 143 140 137 140 157 165 157 160 157 140 147 150 145 144 138 128 137 142 138 123 122 138 146 140 137 139 147 137 121 121 85 63 75 81 68 85 144 159 165 163 160 147 136 137 123 90 101 136 149 151 162 172 167 171 169 172 174 179 176 173 174 179 170 186 188 172 171 162 162 162 159 174 167 144 123 103 117 141 143 140
134 134 136 139 141 144 143 143 137 140 142 139 137 148 150 131 120 133 141 157 172 156 157 169 159 159 159 152 149 142 143 149 142 132 122 131 139 140 145 145 153 151 148 135 121 98 104 125 113 86 87 141 165 170 167 160 153 146 142 142 117 95 124 156 150 155 166 161 172 183 182 177 180 172 164 170 177 177 187 177 176 178 162 168 171 169 174 160 129 112 107 125 148 141 129
135 133 134 131 130 145 143 149 140 134 136 134 152 166 154 117 109 135 141 150 171 169 172 167 160 162 157 160 154 148 153 149 134 131 130 145 153 149 146 146 153 145 150 149 140 140 145 146 132 120 111 144 161 160 166 155 147 147 146 148 143 111 100 137 143 151 151 151 172 182 185 176 176 164 160 175 172 173 175 168 174 174 166 170 171 169 174 160 137 115 111 135 150 132 117
145 139 133 132 135 151 144 139 137 137 142 137 152 167 148 114 110 139 149 153 157 160 166 159 164 162 158 162 151 149 161 154 141 140 135 148 159 157 150 150 156 154 153 145 138 146 143 139 138 139 127 131 148 161 160 150 148 150 153 145 156 135 99 111 133 152 151 158 170 171 181 179 181 171 169 181 170 168 176 173 168 166 173 169 164 167 171 164 159 141 128 144 146 135 129
134 134 131 141 147 158 150 132 132 142 146 138 146 154 131 112 119 141 147 149 154 157 159 161 168 160 158 162 146 143 162 154 149 150 128 130 154 173 170 159 164 163 158 147 143 144 138 132 136 127 111 131 155 163 153 161 166 158 153 136 142 127 98 93 110 142 162 166 167 173 182 174 170 173 179 178 171 172 175 168 165 166 170 164 168 172 168 169 162 145 142 149 139 144 142
117 122 119 134 145 146 143 131 129 140 138 139 150 150 132 115 122 130 132 136 152 155 150 150 157 156 154 160 153 151 157 148 143 142 132 145 158 170 169 160 163 162 159 154 143 134 133 130 123 89 68 106 141 150 155 167 162 156 156 139 133 130 124 108 94 128 151 151 159 165 170 169 166 171 186 175 169 181 179 167 167 168 160 160 165 165 169 171 159 147 154 151 136 154 153
129 130 119 127 141 124 122 132 124 131 137 145 149 142 129 113 119 132 131 121 132 137 132 146 166 155 141 148 147 149 151 134 118 128 150 172 172 167 163 166 168 164 153 147 134 121 116 119 102 66 42 68 118 149 146 148 155 160 156 142 141 135 137 123 93 100 124 142 155 155 162 167 163 169 183 176 176 181 183 179 169 166 155 164 163 154 156 155 162 152 154 150 142 156 151
143 141 127 130 137 114 104 126 133 136 142 143 140 137 135 123 119 124 117 100 110 129 140 150 151 139 129 143 156 155 153 138 118 139 163 169 165 170 168 172 168 156 145 131 111 98 104 120 107 81 57 55 86 145 151 155 156 155 153 146 143 136 143 121 86 77 113 141 147 152 159 158 157 164 171 176 178 170 178 182 174 163 154 162 156 150 148 144 172 163 154 152 144 150 148
141 148 140 139 147 140 130 142 157 160 155 139 131 132 136 130 122 113 113 113 124 134 139 133 128 140 141 142 143 147 159 151 134 143 153 159 170 170 167 168 157 152 152 128 98 86 91 109 117 108 93 66 56 122 156 159 157 154 154 151 135 143 153 126 94 76 96 129 141 144 138 143 150 166 175 183 182 179 178 169 169 160 151 157 152 148 139 146 162 158 158 152 144 143 139
147 146 138 139 147 148 140 144 151 152 154 136 119 121 128 128 130 120 120 121 142 143 139 125 125 145 143 142 142 144 149 147 133 135 145 162 173 170 174 172 162 155 151 115 100 94 79 92 113 118 108 71 52 111 147 145 158 159 158 137 114 133 146 136 112 91 90 125 140 133 120 109 107 144 166 183 182 176 174 159 164 150 127 139 144 151 145 160 160 158 161 161 155 138 136
152 147 141 143 137 136 135 142 151 149 151 135 113 113 117 119 122 118 127 131 150 162 144 125 133 145 139 133 139 138 142 151 146 133 137 166 161 158 164 161 155 140 145 126 116 121 99 85 101 106 89 57 63 108 138 142 151 151 144 116 104 134 148 135 98 80 82 113 131 123 111 92 86 120 152 173 176 163 160 156 152 125 114 139 145 151 153 161 159 157 150 147 145 141 143
149 137 138 138 125 125 138 142 149 159 154 144 133 130 129 128 122 123 134 129 130 146 136 134 143 143 133 122 132 137 147 156 148 124 121 149 155 163 161 154 142 134 147 140 129 133 126 107 113 116 92 73 91 110 128 135 137 139 127 123 125 133 143 116 90 101 105 120 133 130 123 113 106 120 149 164 167 159 154 156 141 121 131 144 140 143 152 157 156 144 139 136 135 144 152
159 136 128 131 117 117 137 146 153 159 152 145 144 145 139 138 130 130 135 127 120 133 141 137 131 127 114 113 126 135 148 150 134 122 128 136 147 164 160 142 132 136 147 133 124 126 142 143 135 128 89 79 109 114 116 127 141 146 135 140 141 121 119 100 108 139 134 129 136 129 130 131 123 134 155 155 157 159 156 152 138 135 139 131 135 141 143 144 146 137 138 142 138 145 156
154 144 133 135 124 126 139 145 157 153 143 129 120 138 150 150 138 127 129 129 126 135 143 139 137 136 121 125 138 138 140 135 127 136 149 135 128 142 146 132 130 128 130 122 128 136 145 142 131 118 81 83 118 126 123 138 155 149 145 141 146 136 117 95 105 136 145 146 141 135 139 152 151 148 148 145 153 156 161 154 143 144 135 129 146 149 142 131 125 133 143 151 143 136 158
149 150 138 141 132 126 134 133 142 145 143 134 110 126 153 152 134 121 127 133 125 129 135 145 148 136 129 130 131 131 137 132 131 136 140 135 124 132 147 147 143 137 133 109 99 112 137 145 144 132 103 101 121 137 138 152 163 152 150 148 153 154 134 115 121 125 134 147 150 155 150 154 166 157 142 147 158 151 150 141 141 140 129 138 150 146 134 111 99 127 148 154 146 135 157
151 156 150 148 137 131 142 142 144 141 136 144 132 117 144 152 139 136 146 150 140 147 154 146 137 133 135 127 124 133 149 143 136 129 130 141 139 145 150 149 147 151 152 126 94 98 136 146 146 130 110 96 98 125 144 155 159 148 144 153 166 162 142 126 133 129 133 143 148 159 152 143 153 154 150 149 162 161 151 141 136 138 137 152 154 148 136 117 119 141 146 146 152 135 152
146 155 159 148 145 146 153 150 159 151 136 142 149 139 150 143 129 140 159 161 152 155 150 136 144 152 142 129 129 140 148 146 146 133 131 142 138 144 144 138 136 150 150 134 121 121 134 132 124 113 120 107 99 116 138 153 151 140 136 148 167 167 155 139 140 134 136 137 150 157 151 154 156 153 161 155 165 174 162 151 145 146 140 145 145 145 150 144 142 148 145 149 152 133 147
141 148 151 142 154 152 146 145 149 149 147 149 147 137 137 128 110 130 162 153 142 145 139 134 142 141 134 139 146 144 130 128 137 131 136 153 148 149 149 139 140 151 140 129 132 128 119 105 105 117 143 145 138 134 139 144 136 145 150 155 161 155 151 147 142 134 135 126 145 148 144 155 148 150 157 151 162 168 160 154 157 146 129 132 136 136 153 157 147 151 152 154 146 132 146
135 137 146 145 156 162 155 154 149 145 155 161 152 137 134 131 110 130 153 142 137 143 142 138 136 130 128 147 146 137 137 139 136 134 135 145 143 147 154 147 141 145 133 122 130 128 115 98 114 133 149 156 160 150 147 143 130 143 143 154 164 156 155 141 136 141 140 122 129 144 153 154 152 160 155 151 157 159 159 154 150 138 134 143 153 142 145 149 147 155 158 155 141 139 146
138 140 143 147 157 158 155 157 151 148 157 157 154 143 143 144 125 141 145 140 139 132 133 136 132 116 114 141 138 141 143 140 140 141 135 138 134 142 145 138 134 132 129 131 128 129 126 116 133 147 161 160 162 155 148 148 130 127 122 142 154 154 157 148 145 140 125 116 133 147 154 148 149 160 153 152 155 153 156 150 144 149 150 142 153 148 151 150 148 151 150 143 132 139 146
139 149 155 168 166 154 155 151 149 152 150 144 147 143 148 159 149 142 130 133 140 129 124 128 115 106 114 137 146 153 132 112 118 133 136 140 135 146 145 131 142 146 141 135 123 131 135 132 149 159 163 154 157 154 141 127 116 113 118 134 140 139 135 146 144 133 121 104 135 147 152 153 148 149 154 149 152 156 156 152 145 149 151 151 152 145 152 155 151 148 140 131 136 149 152
138 146 158 163 164 163 164 152 154 159 146 133 140 145 150 154 150 140 139 147 143 137 129 126 122 127 123 126 140 145 136 122 117 135 145 148 136 139 142 136 142 135 139 146 131 134 138 136 151 151 154 152 152 151 144 114 101 117 135 140 144 148 142 141 147 144 128 112 138 151 157 156 146 137 150 150 160 163 157 153 147 145 150 153 141 140 153 155 145 148 142 136 154 165 152
144 148 156 158 160 154 155 151 151 152 148 141 149 154 155 148 148 147 145 153 139 120 112 120 135 144 142 134 128 141 148 144 131 136 147 159 145 139 141 146 149 127 126 145 133 126 130 133 145 150 161 155 142 130 133 120 113 128 146 142 143 154 158 139 146 142 116 117 143 150 138 136 131 121 134 153 163 164 154 157 160 153 153 140 127 138 150 149 136 149 151 144 150 166 160
153 154 156 156 153 140 140 150 148 137 133 134 136 140 148 145 150 154 148 150 138 129 128 135 148 154 154 149 134 139 149 144 139 138 141 153 150 146 145 147 145 137 126 131 132 130 137 137 137 155 157 138 140 129 117 124 144 150 161 149 140 143 145 136 139 132 116 129 149 147 124 128 127 130 141 161 165 157 142 146 154 147 147 139 138 148 145 139 138 156 158 155 140 152 148
159 159 154 150 153 155 151 145 132 122 119 118 103 108 131 137 145 145 152 152 143 142 142 150 150 151 149 149 137 137 151 148 151 147 138 147 146 145 143 136 129 132 139 151 157 145 150 143 129 145 147 139 140 131 128 137 148 153 160 150 145 146 152 145 136 143 142 143 143 152 138 139 137 148 160 162 159 151 145 146 153 149 148 146 146 148 146 140 144 159 153 147 138 149 143
151 147 145 152 157 156 152 139 123 118 121 119 101 107 130 138 144 138 153 158 151 151 145 138 137 148 149 134 119 126 135 137 144 141 138 145 139 135 132 128 136 133 148 160 167 159 154 149 143 142 144 154 148 136 146 153 154 155 155 155 155 159 160 152 149 153 152 157 151 142 133 140 145 145 155 157 163 161 157 150 153 153 145 146 143 134 138 139 141 146 127 133 145 151 146
148 142 148 158 156 149 150 142 137 137 136 141 139 140 148 147 150 153 164 163 155 144 139 132 130 143 147 127 118 135 140 142 143 137 139 139 129 105 106 125 149 154 159 163 173 167 170 162 157 153 142 147 144 136 144 157 167 158 155 166 157 150 148 147 152 151 148 149 152 140 139 152 153 145 151 156 163 156 151 152 149 146 128 125 130 127 128 131 142 140 125 134 143 145 146
163 158 153 160 156 145 152 151 141 136 139 154 150 148 147 141 140 151 164 167 154 128 132 135 132 138 144 144 142 144 145 141 140 146 148 134 131 94 71 87 124 146 157 170 169 162 174 168 169 169 157 145 142 150 156 165 165 158 167 169 160 143 142 152 151 149 149 147 149 144 140 148 152 151 162 172 167 147 130 141 142 142 133 121 122 137 133 137 146 133 133 147 146 139 144
165 160 153 158 142 134 152 155 145 146 155 160 158 147 132 132 134 149 159 160 150 123 127 138 145 141 131 137 143 146 146 143 145 155 155 145 147 105 63 61 104 148 160 168 168 169 172 172 175 174 173 161 162 169 163 167 163 159 161 150 155 148 144 151 154 155 158 158 150 146 145 148 159 153 161 168 154 145 120 117 118 128 140 137 137 140 133 135 140 141 144 146 151 141 135
166 157 149 150 131 135 153 139 122 126 136 139 150 141 131 147 141 137 135 131 140 142 141 147 151 138 129 143 152 158 159 155 154 155 152 151 145 110 91 82 99 145 163 162 167 167 167 167 173 178 171 160 159 158 154 160 160 159 155 151 155 154 159 164 156 158 164 149 137 135 137 146 152 149 157 158 154 154 129 106 99 112 124 146 159 149 130 118 133 150 151 136 136 138 135
158 153 147 147 136 133 142 137 121 118 121 133 144 133 134 139 116 115 116 116 148 162 149 141 144 142 147 156 155 166 170 172 169 160 155 148 149 132 131 118 101 126 148 152 165 179 181 171 177 181 171 163 160 158 160 158 145 132 136 154 153 155 161 170 162 156 145 136 136 139 139 156 153 151 163 164 156 151 132 104 101 119 124 141 156 161 148 127 137 145 145 129 125 141 136
145 149 136 132 130 126 140 153 144 129 128 142 153 144 145 142 119 127 135 132 152 159 145 142 142 141 151 152 152 163 165 170 164 164 167 158 160 150 145 138 113 122 144 145 153 169 171 162 166 166 162 167 168 159 150 146 145 134 137 158 156 159 160 161 153 141 128 135 145 149 142 155 156 151 153 159 161 159 145 125 111 124 142 142 139 147 150 144 144 126 120 137 145 151 141
137 142 136 139 138 125 132 150 150 142 144 156 155 144 133 134 134 138 140 135 142 145 146 150 141 137 142 142 149 164 166 168 164 165 172 166 157 156 145 135 126 131 138 138 144 160 150 142 144 145 156 161 154 146 133 130 133 138 139 151 160 162 159 154 151 140 147 154 152 144 145 160 163 158 152 155 167 165 157 157 143 150 158 154 150 156 150 143 148 131 126 149 148 146 144
139 136 141 145 144 128 130 150 153 143 145 157 162 150 125 115 137 139 139 140 138 142 142 135 130 138 137 135 148 158 160 162 165 168 164 162 162 161 141 131 130 138 142 143 142 145 136 149 150 141 149 146 139 139 141 137 130 140 139 147 152 147 140 141 140 139 161 161 151 147 149 157 164 155 151 159 163 165 163 160 164 164 158 160 154 158 150 143 149 151 149 150 146 145 145
144 139 139 143 149 135 128 140 139 142 155 151 144 148 141 129 140 136 139 147 139 145 142 130 132 140 141 141 149 148 157 159 163 162 160 166 163 159 146 135 131 150 151 144 144 139 131 143 148 136 138 138 135 139 150 148 145 148 145 145 143 130 123 123 127 135 152 154 152 151 144 152 159 154 155 164 159 165 164 155 167 162 150 150 146 146 142 145 142 149 146 140 145 145 146
151 150 153 158 154 143 130 132 128 136 153 151 136 146 150 136 137 133 143 153 133 132 139 137 134 138 141 140 141 143 160 157 164 164 164 168 157 148 137 134 138 157 149 146 158 150 133 133 147 141 138 141 140 129 135 138 141 142 138 135 137 133 140 137 139 141 148 142 148 148 141 158 155 158 163 165 165 161 155 153 163 162 158 160 155 161 159 156 150 144 137 141 147 148 150
151 150 156 167 167 155 142 152 158 145 148 159 157 156 148 138 139 140 155 161 143 134 134 138 132 143 153 150 143 148 156 149 160 170 170 163 158 142 121 127 137 154 151 150 157 152 133 134 155 148 140 139 133 132 138 136 139 141 137 145 138 126 130 136 142 141 146 145 151 154 151 157 151 159 164 160 164 155 151 157 161 152 148 158 163 176 163 153 151 142 143 151 149 144 148
144 139 149 161 165 157 148 158 166 155 161 167 165 156 146 147 146 144 150 161 166 159 147 143 139 160 164 160 154 149 144 138 148 159 159 162 169 151 124 131 135 147 153 152 157 153 140 138 149 146 143 141 147 160 161 149 141 133 124 139 142 132 128 134 136 136 142 144 149 158 151 151 152 156 159 157 165 157 157 158 162 160 156 158 161 173 168 156 147 139 147 146 137 139 149
131 123 136 136 136 153 153 159 165 163 166 164 159 164 163 158 146 155 159 164 174 164 155 157 156 165 154 152 154 137 138 138 139 145 147 154 164 158 152 158 141 137 150 152 159 159 149 142 146 153 152 146 156 168 166 163 161 148 128 127 136 142 129 116 124 139 141 135 145 154 151 156 157 154 158 158 161 160 155 149 158 163 167 166 158 165 168 168 157 149 159 153 145 144 146
