example/E5 - XRays/X-ray-tomography/rastert_juap01.txt
ncols         356
nrows         356
xllcorner     -0.5
yllcorner     -355.5
cellsize      1
NODATA_value  -9999
[rows 210 to 251 of 356, columns 0 to 93 of 356]
255 255 255 255 152 155 160 166 163 162 164 160 158 163 165 165 167 163 159 160 160 157 147 152 154 150 144 144 143 147 151 148 149 154 154 150 158 166 157 159 153 149 157 166 165 153 149 142 143 141 137 140 149 146 143 139 146 153 150 138 127 128 145 144 147 147 146 144 144 143 127 116 125 133 142 147 150 134 120 125 121 116 127 138 135 132 139 150 147 143 153 162 144 141
255 255 255 255 159 158 161 164 159 160 160 158 163 172 177 180 171 163 161 161 163 158 141 144 148 141 137 148 152 155 155 148 143 149 151 152 162 168 155 156 160 161 162 161 163 147 138 140 145 140 141 142 149 148 139 138 147 144 147 143 115 109 144 154 158 156 149 154 151 146 135 120 125 136 138 133 131 118 122 144 129 118 131 142 142 130 135 157 157 147 152 159 142 132
255 255 255 255 166 170 171 169 166 163 162 163 163 167 171 171 162 158 160 156 155 150 142 143 137 128 137 145 147 155 155 148 151 152 148 152 159 159 162 167 159 160 159 154 158 157 156 155 154 147 143 145 151 138 124 133 141 137 142 147 127 124 142 147 149 149 144 159 165 154 140 140 137 129 130 123 114 113 140 158 144 138 142 131 133 126 122 140 145 143 147 154 143 128
255 255 255 255 162 162 163 164 167 168 168 173 176 169 170 173 166 162 162 163 160 159 161 153 142 140 151 147 146 148 151 150 154 151 149 151 153 163 169 168 158 156 158 161 163 160 157 153 152 143 133 138 144 133 128 137 144 150 151 154 145 141 142 146 148 151 164 172 167 168 161 150 132 122 127 123 114 126 147 147 143 145 148 128 125 139 140 141 142 150 155 158 152 138
255 255 255 255 155 154 155 158 162 165 165 168 178 172 167 163 162 167 163 161 161 164 163 158 152 153 161 155 148 141 147 147 151 155 157 159 160 161 152 158 166 160 158 153 150 148 147 153 153 147 139 141 144 143 145 152 152 142 137 142 142 141 145 162 169 159 166 167 156 153 155 146 130 126 131 133 124 129 139 133 133 133 136 139 148 156 154 160 156 160 170 170 167 156
255 255 255 255 255 153 160 161 161 163 159 159 162 160 166 166 162 163 159 155 155 160 164 168 160 159 167 164 159 154 154 154 159 161 158 154 160 166 153 153 161 162 164 162 158 157 161 170 162 159 162 153 143 134 143 146 141 134 139 151 147 140 146 155 159 156 154 152 156 157 152 149 138 133 144 148 138 117 113 130 133 124 126 137 147 152 152 163 173 186 189 176 168 154
255 255 255 255 255 157 157 151 148 153 154 156 156 162 165 166 167 164 159 157 161 163 162 166 161 159 163 160 157 152 155 160 163 162 159 154 156 162 161 161 165 169 167 167 157 150 156 163 153 154 163 155 148 134 141 139 136 144 140 142 149 155 163 160 159 163 155 149 159 171 159 145 140 140 142 140 130 117 120 138 133 118 124 144 154 151 146 152 166 180 176 165 165 156
255 255 255 255 255 152 147 141 143 151 150 152 154 156 155 157 156 158 163 165 167 161 155 158 158 156 155 154 152 150 160 160 160 155 146 154 158 159 165 167 165 159 155 158 151 152 146 144 149 151 149 147 154 155 155 148 143 138 114 111 128 135 152 163 161 158 153 148 146 150 149 147 144 148 141 139 134 132 134 141 153 145 136 137 146 152 157 160 157 164 158 157 168 170
255 255 255 255 255 144 138 134 137 144 146 152 157 156 158 159 154 155 162 161 162 165 172 172 162 154 154 162 157 156 160 158 157 148 144 147 150 161 160 159 159 153 154 160 160 160 154 152 154 145 144 143 144 154 161 158 152 145 129 124 130 130 145 147 149 150 145 141 145 150 149 153 152 149 142 143 142 138 138 145 162 160 154 152 154 157 160 159 152 159 158 162 162 160
255 255 255 255 255 255 137 137 142 145 147 153 164 170 170 171 168 165 165 165 167 167 166 158 155 157 155 165 161 154 150 153 156 150 156 152 146 153 148 150 160 156 158 161 162 160 150 156 153 142 148 147 151 151 156 151 142 141 131 122 140 146 133 122 134 130 131 136 146 149 147 143 142 147 146 137 131 132 142 152 153 151 156 169 161 150 146 142 145 153 152 154 156 162
255 255 255 255 255 255 144 143 150 155 158 160 163 166 164 166 173 176 176 177 172 163 163 156 154 160 154 162 161 151 147 153 151 152 161 156 149 147 147 150 155 151 158 161 155 155 149 150 144 137 141 141 153 154 148 145 137 140 133 130 140 130 111 120 141 127 132 142 145 151 153 145 149 155 156 151 148 155 164 165 150 147 154 162 151 147 141 137 147 156 150 151 161 172
255 255 255 255 255 255 148 148 154 164 166 170 172 170 162 165 171 172 172 172 172 168 169 162 157 159 154 153 156 153 159 159 150 153 157 155 159 157 152 150 149 146 152 153 144 145 141 131 131 140 144 147 155 151 138 134 129 145 147 140 134 127 125 134 149 141 140 145 148 143 146 145 145 147 152 149 153 158 165 155 150 148 145 154 150 152 145 147 164 167 162 167 165 156
255 255 255 255 255 255 157 164 172 177 174 171 172 173 169 166 161 164 167 164 164 168 171 161 158 164 163 160 157 153 156 151 147 156 160 162 167 161 151 150 148 146 152 146 145 159 148 127 121 124 128 146 152 142 132 126 128 140 138 130 135 141 143 137 137 147 151 155 155 145 147 154 151 151 151 155 160 151 158 147 141 138 132 147 156 162 161 159 170 165 156 159 155 144
255 255 255 255 255 255 255 166 167 166 168 167 167 165 164 162 163 170 174 173 164 164 170 164 166 172 169 159 157 154 150 148 149 158 162 165 168 169 157 156 150 147 156 152 150 155 138 130 120 109 115 132 139 135 127 110 104 114 137 140 139 144 153 152 150 162 153 163 174 161 147 147 156 161 161 170 170 160 159 149 149 146 131 148 157 165 170 164 159 155 155 149 142 136
255 255 255 255 255 255 255 168 166 165 167 167 164 161 165 168 172 172 169 167 166 169 165 163 169 170 170 162 161 156 157 163 168 161 159 160 167 176 163 157 154 156 156 158 159 154 150 151 146 137 135 134 137 146 139 106 96 109 129 133 129 141 159 156 148 155 156 169 164 148 141 137 153 158 155 154 154 156 153 154 158 158 149 160 157 161 165 167 164 162 165 160 154 138
255 255 255 255 255 255 255 163 169 169 161 154 151 157 162 166 164 164 165 162 166 166 166 173 181 178 177 172 163 158 161 163 167 163 165 167 172 176 168 157 154 160 158 162 161 158 160 160 159 148 135 136 137 144 140 120 106 115 121 130 133 143 152 147 143 150 165 166 146 140 131 119 142 153 149 144 154 156 156 148 146 156 159 160 161 168 159 155 157 164 166 170 177 154
255 255 255 255 255 255 255 164 162 156 156 157 155 164 164 159 160 171 169 162 166 169 174 182 190 180 172 171 165 166 169 165 162 166 174 171 164 163 161 154 161 167 158 159 155 155 151 149 148 140 130 146 150 139 137 135 122 130 131 138 142 143 150 153 155 150 153 155 155 156 138 122 137 158 164 157 165 162 157 139 134 147 157 154 152 157 167 159 157 174 178 170 171 157
255 255 255 255 255 255 255 255 156 158 167 165 159 162 157 156 165 180 172 169 170 171 178 181 181 172 166 169 170 170 169 171 171 174 177 174 171 171 166 160 162 163 158 167 166 153 151 151 153 157 146 149 148 143 145 145 133 127 129 143 150 151 154 160 165 159 152 150 155 157 139 138 144 141 149 152 154 160 155 146 144 152 161 156 148 143 152 146 162 187 182 166 158 147
255 255 255 255 255 255 255 255 155 164 171 169 170 175 168 162 169 182 176 179 177 170 172 172 168 164 161 165 173 169 163 164 171 173 169 172 176 174 165 153 155 160 156 162 157 150 158 155 155 162 152 143 134 139 151 145 130 124 135 147 149 155 159 160 158 166 169 155 149 146 137 135 136 131 143 149 149 160 161 158 166 165 153 149 143 135 122 113 137 168 165 158 156 136
255 255 255 255 255 255 255 255 158 167 172 172 173 175 176 173 176 182 177 179 176 172 173 165 161 166 162 166 172 169 163 161 165 168 165 172 175 170 158 152 157 160 154 152 145 145 153 149 152 156 150 138 131 132 134 137 143 139 142 144 141 153 160 169 161 157 159 154 153 151 155 141 139 158 154 147 154 163 163 146 155 162 155 156 150 147 127 110 111 139 152 154 149 133
255 255 255 255 255 255 255 255 255 155 168 170 164 164 167 170 175 178 176 175 170 169 172 169 165 167 166 169 167 164 157 155 167 170 161 166 166 161 155 158 162 164 162 155 153 150 155 151 153 156 151 139 138 137 132 138 151 140 142 151 153 158 157 167 169 163 162 164 156 153 160 147 139 160 165 155 160 163 156 148 162 165 162 166 158 148 128 121 125 142 148 146 145 155
255 255 255 255 255 255 255 255 255 138 155 164 168 172 170 170 167 169 172 171 169 171 169 166 166 169 166 158 157 160 163 163 171 172 169 169 164 157 158 167 168 165 161 152 152 156 162 151 155 164 165 153 147 143 144 144 152 150 154 158 161 167 162 165 166 159 161 169 163 151 150 159 156 166 176 163 157 160 152 135 141 149 150 156 157 156 149 145 146 149 154 153 147 155
255 255 255 255 255 255 255 255 255 124 146 161 171 172 173 178 174 169 173 172 167 169 168 165 167 164 157 158 168 166 169 171 172 173 179 177 172 168 166 170 167 170 164 148 149 161 158 149 151 151 153 155 158 156 153 155 163 161 157 153 162 166 153 153 155 153 146 142 145 143 142 156 163 161 165 166 165 172 159 129 121 140 159 167 162 162 156 155 152 144 157 163 152 138
255 255 255 255 255 255 255 255 255 255 146 160 165 165 172 175 170 168 169 167 166 166 162 164 169 167 159 161 171 176 174 166 167 171 175 170 168 177 175 173 164 163 161 159 169 172 156 146 155 153 152 161 167 163 156 150 147 153 152 154 155 149 135 132 139 141 151 155 154 146 141 148 161 161 156 164 165 170 148 126 121 141 156 166 157 154 150 146 153 153 160 158 155 146
255 255 255 255 255 255 255 255 255 255 161 170 171 173 174 165 158 161 165 169 170 164 162 167 165 164 170 178 178 181 170 146 150 164 174 171 171 179 175 171 161 155 157 160 167 161 150 148 155 165 172 171 168 165 156 157 154 159 165 162 149 147 137 120 122 129 141 147 152 151 149 149 162 158 154 167 166 165 150 125 117 133 148 155 147 155 152 146 150 147 149 143 144 147
255 255 255 255 255 255 255 255 255 255 168 170 168 171 168 162 167 170 169 173 169 167 170 174 167 164 175 178 174 176 167 155 167 179 182 176 176 175 172 169 160 156 163 156 157 156 151 147 150 163 164 163 164 166 162 164 156 146 154 156 154 151 142 134 144 142 130 144 154 155 155 154 158 152 145 151 158 157 151 146 145 143 153 147 142 158 158 150 139 140 145 140 133 120
255 255 255 255 255 255 255 255 255 255 255 165 165 166 167 177 184 171 165 167 171 175 169 167 172 178 174 169 170 172 167 165 171 175 174 172 175 173 169 170 169 160 162 159 160 155 151 146 144 148 150 160 154 145 155 156 157 152 158 162 161 153 140 138 140 126 121 141 149 152 155 157 165 164 143 124 131 146 153 155 154 150 164 160 150 154 162 147 121 134 158 151 135 116
255 255 255 255 255 255 255 255 255 255 255 164 166 164 163 169 173 164 163 170 174 175 177 174 175 182 170 158 156 156 161 169 167 172 178 176 174 172 169 163 164 155 157 164 163 156 154 145 149 152 154 161 148 144 153 145 151 149 153 160 151 144 139 137 125 122 131 135 134 142 147 150 157 152 136 126 132 144 155 162 160 164 164 155 151 161 159 147 135 132 143 135 132 136
255 255 255 255 255 255 255 255 255 255 255 163 168 168 160 160 162 162 167 176 175 178 181 177 177 178 171 162 158 164 173 181 175 176 177 174 171 169 168 157 154 153 161 165 155 158 159 150 155 160 163 166 156 157 162 156 149 134 141 149 139 146 150 138 124 131 140 138 140 146 135 125 137 142 139 151 152 151 160 167 170 183 169 160 169 179 165 158 160 150 148 144 145 150
255 255 255 255 255 255 255 255 255 255 255 255 168 167 160 157 160 164 174 180 177 176 180 177 178 177 177 179 175 178 180 176 170 171 168 164 170 171 167 158 156 157 160 161 157 158 158 162 166 168 168 170 166 164 156 149 147 145 151 152 150 157 151 137 122 123 136 148 145 139 117 114 131 129 135 154 148 149 162 169 174 180 160 156 168 171 163 157 163 153 147 145 144 150
255 255 255 255 255 255 255 255 255 255 255 255 167 165 162 165 168 175 175 168 168 177 176 171 173 171 176 182 175 176 180 171 168 167 167 168 170 167 160 160 166 163 157 159 162 157 155 165 167 170 163 164 161 152 153 144 146 164 165 160 163 156 147 149 132 131 145 143 133 133 120 118 125 130 147 154 146 154 161 166 168 173 175 171 164 165 162 158 160 157 160 152 150 159
255 255 255 255 255 255 255 255 255 255 255 255 165 163 166 167 161 162 163 164 167 170 169 172 175 170 171 170 165 166 165 167 175 174 170 163 165 167 163 164 161 152 158 165 164 160 162 165 160 159 157 163 161 156 159 154 153 164 161 158 162 152 150 163 155 147 152 134 125 135 129 119 123 140 153 155 158 158 144 149 161 170 174 174 177 176 169 168 164 155 152 141 152 169
255 255 255 255 255 255 255 255 255 255 255 255 255 167 169 169 161 157 151 162 171 170 175 178 169 164 162 162 171 172 163 169 176 171 158 152 159 160 154 152 148 149 161 163 166 167 167 161 154 149 152 159 161 159 157 159 161 154 154 152 155 156 154 164 160 148 151 145 141 141 131 130 131 137 155 165 158 156 147 149 161 166 169 171 175 169 168 170 165 153 155 157 159 168
255 255 255 255 255 255 255 255 255 255 255 255 255 164 167 165 157 152 155 159 163 167 168 165 154 156 158 160 167 164 164 166 159 160 157 157 162 160 149 147 146 156 163 156 161 163 162 159 157 161 162 158 156 154 159 157 153 143 145 147 149 156 158 162 152 134 146 160 162 146 137 141 137 142 162 164 152 153 155 148 150 158 165 168 160 146 150 156 169 165 163 165 161 161
255 255 255 255 255 255 255 255 255 255 255 255 255 255 166 163 157 155 158 152 151 159 156 160 158 159 163 167 164 161 163 162 159 160 160 162 162 156 154 160 159 159 158 155 159 158 159 155 153 159 151 148 150 149 158 159 153 157 155 154 157 157 157 152 153 139 152 164 160 147 144 142 148 167 175 163 155 157 150 145 147 149 151 158 153 138 142 145 161 156 146 148 155 161
255 255 255 255 255 255 255 255 255 255 255 255 255 255 159 161 161 160 155 151 156 154 156 162 161 163 166 170 167 169 169 164 164 164 165 162 156 157 158 160 160 162 156 157 166 168 167 162 158 160 157 159 157 148 149 151 147 159 160 155 163 161 158 149 152 149 161 162 149 147 153 158 176 174 168 168 165 157 148 153 147 137 140 143 143 137 152 157 151 145 144 150 150 159
255 255 255 255 255 255 255 255 255 255 255 255 255 255 255 159 162 156 152 157 162 157 163 164 163 167 167 167 163 168 172 167 166 164 166 163 158 165 160 160 162 163 158 161 165 166 164 162 159 161 161 167 160 146 149 156 152 151 146 153 166 164 158 155 161 151 156 159 152 156 164 173 182 161 164 180 173 156 148 152 149 139 144 142 142 140 154 158 155 169 169 154 153 158
255 255 255 255 255 255 255 255 255 255 255 255 255 255 255 157 161 152 147 150 156 165 176 172 173 171 164 165 167 173 173 164 157 156 157 157 157 158 157 158 156 154 158 160 160 163 159 155 157 159 162 168 165 158 162 171 166 160 163 173 178 177 167 164 170 160 160 161 164 169 176 184 177 168 176 179 169 166 158 155 156 146 159 161 155 150 150 157 169 177 172 163 166 162
255 255 255 255 255 255 255 255 255 255 255 255 255 255 255 152 157 155 156 157 160 170 178 177 177 166 158 161 162 165 159 153 151 154 159 157 154 156 154 151 159 159 153 149 153 157 155 155 164 167 174 173 170 167 166 171 165 164 169 173 175 183 176 166 157 160 171 172 171 171 170 176 173 167 176 169 162 167 160 153 153 154 163 151 153 162 161 165 177 180 181 167 159 155
255 255 255 255 255 255 255 255 255 255 255 255 255 255 255 255 163 165 168 164 165 169 175 169 162 155 155 151 151 151 149 148 151 158 161 156 155 167 169 163 170 162 153 158 158 157 159 162 170 168 173 170 170 167 158 158 159 164 170 171 165 172 167 161 159 166 169 166 161 159 157 162 163 159 175 174 170 173 165 161 169 173 164 146 149 162 165 163 173 179 176 177 171 160
255 255 255 255 255 255 255 255 255 255 255 255 255 255 255 255 156 159 162 161 157 154 160 158 153 148 148 144 150 153 153 154 157 157 154 153 158 170 170 156 156 160 158 161 154 159 168 170 164 159 167 159 152 153 149 154 161 163 166 165 166 171 154 152 168 167 162 163 155 152 154 159 156 155 173 176 175 171 173 173 165 157 161 162 156 158 165 161 171 179 177 186 167 151
255 255 255 255 255 255 255 255 255 255 255 255 255 255 255 255 255 158 165 169 161 147 140 142 152 148 147 151 159 169 167 165 163 161 163 161 163 166 159 146 149 152 150 156 154 158 164 167 163 159 158 155 152 152 152 152 157 163 170 175 171 163 150 152 158 157 163 163 160 164 156 155 153 164 177 173 172 164 170 166 155 158 171 173 165 165 172 167 168 176 173 167 142 138
