example/E5 - XRays/X-ray-tomography/rastert_juap50.txt
ncols         356
nrows         356
xllcorner     -0.5
yllcorner     -355.5
cellsize      1
NODATA_value  -9999
[rows 294 to 335 of 356, columns 95 to 189 of 356]
144 130 138 143 140 144 138 127 130 142 137 140 154 166 164 158 154 146 144 160 164 167 168 157 145 138 140 130 123 135 126 115 123 132 141 152 155 161 156 159 154 150 155 152 136 129 143 154 149 137 133 138 125 116 123 130 129 124 123 121 124 132 139 136 134 124 107 108 120 133 134 135 147 152 152 143 141 144 147 152 148 145 152 157 154 146 142 152 161 156 152 134 107 107 124
139 132 135 124 115 120 116 113 130 145 141 143 149 156 155 150 154 159 157 161 170 174 169 157 147 139 142 132 115 126 121 102 117 136 139 136 138 145 149 150 152 148 140 127 121 121 128 146 149 146 150 136 122 120 118 127 134 128 124 126 134 134 131 133 141 135 122 126 125 129 129 133 139 145 151 153 151 147 148 154 148 149 149 155 151 147 154 162 164 158 158 149 126 114 126
141 138 139 125 115 133 145 148 159 163 162 157 150 145 146 148 156 164 166 159 170 175 165 150 141 132 134 134 120 127 122 104 113 129 130 134 136 129 131 135 139 139 133 118 104 109 120 142 152 151 156 140 121 114 110 123 131 129 136 139 147 143 139 149 153 142 137 139 130 129 136 145 144 143 149 149 147 150 153 152 149 148 137 133 127 135 153 162 165 156 158 160 152 144 138
143 139 132 120 119 146 165 171 170 167 165 160 154 143 142 151 157 157 162 160 169 174 168 156 142 130 125 132 133 135 122 117 123 118 117 133 130 115 117 118 120 133 140 128 98 98 125 144 150 155 161 150 133 121 113 129 139 135 141 142 145 143 147 154 150 145 140 135 131 133 140 144 143 140 137 139 141 151 156 149 151 146 131 122 123 135 143 156 167 158 159 163 157 148 136
139 137 129 120 126 153 167 176 168 165 164 153 148 146 148 156 157 159 162 156 161 168 169 159 142 133 139 147 149 146 131 131 133 109 108 132 123 113 123 120 112 127 142 142 123 114 125 136 144 150 154 146 134 124 123 138 138 128 138 150 153 144 150 151 147 147 142 139 135 133 134 135 141 141 138 139 141 153 160 150 146 146 144 140 144 151 146 156 166 158 157 160 157 145 132
141 135 133 137 150 165 171 172 167 169 167 150 137 144 148 153 159 167 169 159 161 163 163 157 149 148 152 147 145 144 133 131 134 122 117 127 119 123 133 117 104 118 129 136 135 136 127 128 142 142 143 133 115 116 138 145 123 114 134 151 158 150 156 154 144 142 143 143 144 142 143 140 143 144 144 138 146 156 151 141 140 146 153 154 151 157 160 163 166 160 157 161 154 134 137
142 134 140 155 162 165 165 167 171 167 161 148 133 134 142 152 160 165 165 156 161 161 155 157 159 157 156 145 144 144 137 138 146 144 134 125 124 134 135 123 118 120 121 127 125 132 126 129 147 144 140 118 97 115 140 138 116 109 127 136 142 142 151 151 138 138 135 133 147 150 150 144 136 135 139 135 141 141 132 135 142 143 151 159 156 154 161 158 160 161 157 159 153 141 143
141 142 151 159 165 165 165 168 169 165 160 150 138 125 128 144 153 160 157 152 155 151 151 155 159 155 153 146 142 136 136 141 144 144 140 130 128 139 141 132 130 124 124 129 124 122 122 132 145 141 139 122 107 119 134 136 128 122 123 124 131 138 145 141 135 132 123 130 149 151 149 143 134 136 138 137 140 134 125 133 140 147 156 163 166 160 159 149 143 148 150 157 154 152 149
147 154 152 150 158 159 158 163 161 155 155 151 143 128 126 137 152 156 147 140 137 144 154 156 161 154 142 142 141 132 129 120 117 135 145 150 150 151 150 141 142 143 143 135 123 121 124 131 138 136 137 133 127 126 137 142 136 136 132 130 130 129 137 137 137 129 125 139 146 145 143 135 127 135 142 138 142 145 143 143 143 150 161 163 167 165 160 148 135 133 143 153 152 156 153
152 154 152 152 152 149 150 156 145 134 140 141 134 129 128 133 141 139 130 132 135 147 151 157 164 154 141 146 144 137 128 104 106 140 153 155 157 155 156 151 148 148 148 141 128 127 125 125 128 131 140 141 133 127 137 147 143 138 133 130 128 129 143 142 140 136 135 138 137 138 139 129 121 126 136 146 144 145 148 148 144 148 158 160 166 165 156 149 133 127 134 145 150 156 155
147 152 159 164 159 152 147 140 128 117 118 126 127 122 119 129 136 134 133 143 150 152 147 156 158 148 140 138 133 137 134 121 126 149 154 152 150 150 156 157 156 148 144 145 141 135 127 126 124 129 142 142 132 124 138 146 140 138 132 129 136 137 141 133 138 150 151 149 147 147 140 128 123 122 127 145 141 140 148 148 139 145 159 162 162 155 149 143 134 128 124 134 140 145 144
148 151 153 156 153 149 143 134 131 122 108 115 132 120 110 132 144 142 141 147 149 146 149 146 144 148 138 114 113 129 139 138 135 144 151 154 151 145 145 154 153 146 144 142 143 142 133 119 114 129 137 138 133 125 140 145 133 136 130 133 141 139 135 127 138 156 164 162 157 149 140 126 129 136 131 141 134 137 142 145 150 155 162 162 163 156 146 132 131 128 120 129 144 147 129
140 140 136 146 155 157 154 148 143 133 116 117 138 123 110 127 136 123 126 143 143 148 153 140 138 145 133 103 103 127 146 147 131 133 143 147 146 148 149 150 147 142 148 148 142 143 139 126 125 133 127 123 131 132 141 140 130 123 121 135 143 143 144 140 140 154 162 155 142 139 142 134 139 145 134 137 136 139 135 140 154 158 161 159 160 154 144 131 131 129 125 134 150 146 120
137 136 130 138 151 155 158 157 140 124 117 121 138 131 120 123 117 91 106 144 149 151 153 142 137 135 126 107 102 125 146 145 125 123 136 147 151 150 147 147 154 145 147 148 141 143 145 141 139 133 130 128 133 135 141 140 131 108 112 136 141 142 152 151 147 151 145 134 132 141 140 135 142 143 141 139 137 139 136 146 158 158 162 156 150 149 143 136 140 137 131 131 133 131 120
144 141 135 135 149 152 156 156 135 115 108 121 137 130 123 126 116 95 110 140 146 151 153 142 140 134 126 110 101 127 146 144 126 111 126 143 150 149 147 146 150 147 144 137 134 140 140 137 139 126 128 136 141 141 146 151 141 111 116 137 136 139 150 150 153 160 149 136 136 144 131 126 139 137 138 138 139 143 138 136 142 148 156 150 148 157 155 147 144 140 126 110 107 117 128
152 150 144 139 153 158 157 153 143 132 121 131 145 133 124 129 126 114 119 137 143 150 151 140 137 138 132 119 120 141 147 146 130 113 129 142 145 147 151 144 137 140 140 139 134 133 127 126 132 113 115 128 144 148 153 159 147 127 129 142 146 143 139 142 156 167 159 149 139 143 131 120 127 126 132 145 147 144 132 127 134 136 141 139 154 172 165 154 146 134 118 105 106 119 130
156 158 155 152 161 162 159 161 159 150 144 148 156 146 130 132 137 134 136 139 143 145 145 140 134 133 131 129 139 151 153 151 139 128 137 145 145 144 145 138 137 141 140 146 141 129 116 110 119 117 116 116 134 151 159 155 147 138 137 146 153 147 128 133 159 165 162 163 151 140 126 114 122 130 133 143 146 142 132 138 148 142 134 132 152 173 168 152 145 128 106 109 121 132 129
160 165 162 160 165 165 159 161 162 160 160 161 155 144 138 139 147 154 152 147 151 148 142 136 129 126 133 140 144 149 151 152 144 134 138 142 145 142 139 140 145 145 142 147 145 134 122 104 102 115 120 116 128 151 163 156 153 152 151 157 160 151 135 139 157 162 163 164 151 131 117 114 136 149 141 136 139 142 146 152 156 150 138 128 136 151 156 146 148 138 108 102 113 134 140
156 161 162 164 168 163 158 160 162 166 164 161 153 143 145 142 147 153 153 156 158 153 141 127 124 126 142 151 148 148 151 153 151 142 136 140 146 139 138 144 145 141 138 140 143 143 134 114 103 112 116 113 126 146 159 156 153 151 149 167 168 155 147 152 157 160 163 157 139 124 114 112 133 150 144 137 136 137 148 157 156 147 134 130 133 136 137 136 144 145 123 104 106 132 150
151 157 163 169 168 159 159 163 165 167 167 163 161 151 141 136 142 145 147 153 155 150 139 127 133 146 149 145 146 149 151 152 154 153 141 140 144 141 143 148 146 138 137 139 142 141 126 118 113 114 113 111 120 135 149 148 137 131 131 151 157 150 151 158 157 158 163 157 143 130 116 104 124 149 151 148 138 131 143 152 151 142 133 137 134 130 129 131 137 142 133 111 115 138 154
146 149 158 169 171 167 162 162 166 166 162 160 163 151 139 136 142 143 142 146 150 147 138 138 143 148 140 137 146 148 147 150 153 154 144 139 136 144 151 150 147 137 132 133 131 120 105 100 94 100 113 122 125 132 139 132 117 119 117 119 131 145 156 162 163 167 168 161 157 145 115 89 103 139 153 151 130 119 136 147 139 135 135 144 141 132 130 132 139 145 138 122 129 148 156
141 149 162 169 169 167 167 168 168 164 157 161 168 159 150 141 137 139 142 144 147 147 138 138 140 135 130 137 143 143 142 146 149 148 138 137 137 142 146 150 148 136 120 117 113 99 86 81 77 97 118 134 148 147 139 128 113 123 119 108 126 150 162 162 168 175 167 160 159 150 123 92 92 128 147 146 130 121 133 142 132 134 140 149 148 139 133 130 134 144 142 140 141 146 151
147 157 167 168 166 165 168 171 170 162 157 161 167 157 149 137 132 141 145 147 143 144 144 142 138 130 130 133 132 141 142 142 144 142 139 145 145 137 140 146 144 138 124 115 111 105 104 110 115 124 130 143 158 150 141 138 121 122 126 126 146 157 167 170 170 170 168 163 158 155 140 112 106 130 142 138 135 133 135 133 129 132 143 147 149 148 137 128 130 137 146 151 142 140 146
156 158 160 162 163 163 169 173 171 163 163 165 164 151 141 130 124 128 135 144 143 145 148 144 139 134 136 133 127 134 128 129 135 140 143 148 145 136 136 135 135 141 134 129 126 129 136 140 143 142 143 149 151 141 132 138 130 126 133 141 158 162 168 170 167 168 170 166 164 162 153 133 127 136 137 137 140 140 137 133 134 140 150 145 146 148 146 137 131 135 147 157 149 152 154
148 144 151 162 166 167 170 169 163 164 161 159 157 148 134 116 106 115 130 139 141 144 151 142 135 133 136 139 134 133 130 133 135 142 146 146 145 144 138 128 125 137 142 143 145 152 151 145 149 148 151 148 151 152 135 132 135 133 135 144 157 166 169 169 172 172 172 170 168 163 158 142 133 133 132 137 140 136 133 134 136 144 149 149 150 146 151 150 145 147 154 162 156 158 160
137 135 148 162 167 167 164 165 162 166 160 158 155 144 127 112 108 122 136 135 136 142 152 144 139 133 131 134 136 134 139 147 145 146 148 146 149 151 142 128 125 139 149 151 154 159 152 145 152 157 158 149 155 151 132 129 140 138 138 150 160 168 169 168 173 175 173 169 166 159 157 148 141 139 138 140 136 133 132 131 136 142 143 153 157 151 150 142 144 151 152 158 156 160 164
116 114 134 156 166 163 160 165 166 163 157 153 148 130 114 121 135 142 144 131 119 132 151 158 153 143 139 133 126 129 134 140 141 148 152 153 156 154 147 138 137 146 148 153 157 158 154 149 150 151 147 145 154 153 149 145 146 145 141 149 161 165 165 168 175 174 170 169 166 160 155 150 149 150 148 142 136 134 131 126 129 136 142 153 157 157 152 139 140 146 148 158 159 162 167
118 118 132 151 162 163 160 160 158 154 152 149 144 121 104 117 135 145 147 128 107 121 148 161 156 146 145 140 128 125 126 134 146 157 156 158 156 148 148 147 150 149 146 152 157 160 158 151 146 145 144 149 153 156 162 155 142 142 137 139 157 159 159 169 175 173 168 167 168 168 161 155 151 147 140 133 132 135 128 122 121 129 142 151 161 157 155 149 141 145 154 162 164 163 169
124 126 124 139 156 160 153 151 156 153 151 143 132 117 111 120 133 145 150 127 103 112 138 153 157 148 145 147 136 125 122 133 151 159 155 157 153 144 146 146 147 148 142 142 154 164 162 154 148 146 141 145 148 150 154 141 120 122 122 128 146 150 163 175 175 170 165 158 159 159 157 152 143 133 124 120 132 141 130 126 125 132 143 149 162 155 153 147 143 153 160 161 166 165 168
128 119 103 112 136 150 150 153 158 148 144 134 124 116 118 129 140 146 151 128 97 102 130 151 158 146 140 146 140 126 126 135 151 152 148 153 149 144 144 140 137 144 141 139 150 160 162 155 149 145 135 126 124 126 131 121 114 113 119 126 139 153 168 174 169 163 158 145 137 146 156 146 132 131 132 131 137 138 131 127 124 128 135 142 152 142 139 136 140 149 154 157 163 162 165
148 125 95 91 120 145 151 154 149 138 137 131 113 107 118 135 143 147 153 128 93 93 121 138 137 132 136 139 136 130 138 141 149 140 137 147 146 145 146 136 129 132 132 135 147 154 154 151 151 146 125 111 106 105 110 112 124 123 121 127 137 151 165 166 164 163 157 143 130 142 154 139 131 140 147 144 140 139 133 129 124 117 118 131 141 132 122 124 133 140 146 154 163 166 164
160 141 116 104 120 134 138 135 130 126 135 130 101 95 109 132 142 151 162 140 100 86 111 120 114 122 133 137 138 140 152 150 145 134 133 139 142 143 146 134 121 121 119 119 134 147 152 151 151 141 114 114 119 117 122 127 137 127 114 127 134 145 161 164 163 159 157 153 146 149 150 140 135 142 146 144 142 147 142 135 129 115 118 134 149 143 124 130 138 144 146 153 163 163 158
157 148 137 129 130 127 121 114 116 120 131 128 107 102 109 134 149 157 165 147 107 85 107 127 122 126 138 145 141 140 151 150 139 131 126 125 135 139 137 120 107 102 99 106 122 139 148 149 148 136 122 136 152 153 150 148 143 119 107 123 130 134 145 153 155 156 161 157 151 154 155 147 139 141 147 149 149 158 153 144 143 135 137 147 157 155 142 147 147 151 149 148 153 153 150
153 148 142 139 137 128 122 118 110 109 121 130 122 121 125 140 154 158 153 138 114 101 120 148 153 142 146 151 140 142 152 153 142 133 123 117 128 136 133 115 102 80 76 98 114 126 136 140 139 138 142 154 165 163 161 158 143 118 105 117 128 128 126 133 144 158 159 152 145 148 154 152 143 147 156 158 156 156 151 149 151 151 152 153 155 151 147 149 143 142 144 140 143 148 145
144 147 139 137 138 133 134 132 119 115 120 131 132 138 140 143 149 151 142 134 124 123 135 148 158 153 147 138 133 146 154 153 143 141 140 138 139 143 140 130 121 98 91 106 111 111 115 126 128 137 150 155 156 146 148 147 132 119 106 104 113 128 120 117 131 148 147 145 148 148 150 149 147 147 150 150 152 149 144 146 148 149 150 147 143 142 144 145 135 132 140 140 142 145 147
140 148 138 134 138 135 134 134 128 119 114 126 144 153 143 137 141 150 147 141 125 127 135 135 144 152 145 128 123 139 149 150 153 157 160 163 159 156 153 147 139 126 115 117 120 112 103 108 117 137 151 146 136 120 123 133 127 122 114 102 100 119 123 123 128 131 132 139 152 151 145 139 141 141 136 138 148 146 139 145 145 141 139 132 132 141 144 138 127 123 135 143 146 147 146
142 143 134 133 141 140 138 139 126 105 98 120 150 159 143 127 130 145 148 142 125 127 138 136 140 142 144 130 120 127 140 148 160 162 160 162 164 160 158 150 145 138 116 107 121 128 121 115 124 141 151 142 129 120 125 138 140 133 126 119 114 117 124 133 133 124 124 137 154 154 144 133 124 123 128 133 145 151 141 139 141 142 135 128 135 148 150 139 130 127 134 141 145 146 143
144 142 140 139 146 150 147 141 125 107 102 126 151 155 142 124 118 128 130 135 130 134 141 143 142 134 141 136 127 123 137 150 160 160 161 162 163 162 160 152 152 148 117 93 105 123 132 130 132 144 150 140 137 142 145 147 143 144 135 131 132 128 124 130 136 134 134 139 149 153 148 139 126 113 125 140 147 151 141 132 140 148 142 137 145 154 153 143 137 135 138 138 137 135 138
147 150 150 148 152 149 147 144 140 137 131 137 146 145 141 129 117 112 113 128 135 137 133 131 132 131 139 138 129 123 139 152 161 163 166 164 166 170 164 157 157 154 133 110 105 112 120 125 130 146 150 138 141 152 150 143 138 143 137 137 138 134 124 125 139 145 144 138 140 144 144 152 148 127 130 144 144 145 144 135 145 149 146 144 147 151 147 141 142 145 142 136 134 131 133
149 153 153 153 152 146 145 144 148 153 147 145 149 147 141 136 132 122 121 126 132 135 135 134 132 132 140 140 132 131 143 154 165 168 168 164 168 169 161 159 162 155 146 136 124 120 121 123 130 145 143 133 134 138 138 143 145 142 137 142 143 142 134 132 138 137 135 127 130 131 135 147 150 147 144 144 138 140 147 143 145 144 145 146 145 148 145 136 142 149 145 137 130 131 142
255 150 152 151 144 136 132 135 145 148 149 151 155 150 146 151 151 142 139 138 134 134 145 150 140 132 138 144 142 142 151 157 165 170 165 159 168 168 162 163 167 158 142 135 136 138 131 128 131 134 134 129 126 125 127 144 155 143 137 149 151 143 136 133 132 127 123 125 131 135 138 141 142 152 150 144 138 143 149 147 143 139 144 147 140 144 146 141 143 144 150 144 129 129 147
255 255 255 148 133 128 126 132 138 139 147 152 152 143 146 155 159 156 156 154 139 131 141 150 145 133 133 139 139 140 153 160 167 167 163 165 172 169 169 169 170 160 139 125 132 145 140 125 119 122 126 126 122 116 122 146 156 148 143 151 152 145 138 135 130 125 125 131 134 136 143 142 146 150 146 140 140 148 151 148 143 135 136 140 134 139 143 142 147 140 145 146 137 131 142
