example/E5 - XRays/X-ray-tomography/rastert_juap53.txt
ncols         356
nrows         356
xllcorner     -0.5
yllcorner     -355.5
cellsize      1
NODATA_value  -9999
[rows 84 to 125 of 356, columns 0 to 93 of 356]
255 255 255 255 255 255 255 255 255 255 255 255 255 255 255 255 255 255 255 255 255 255 255 255 255 255 255 158 146 141 145 142 135 130 121 115 115 115 126 141 153 158 148 144 146 148 146 150 152 149 142 136 142 139 143 149 144 146 157 172 168 160 152 141 137 145 147 140 137 142 144 127 132 145 144 151 154 150 145 132 126 132 134 128 132 154 155 164 171 160 148 149 148 134
255 255 255 255 255 255 255 255 255 255 255 255 255 255 255 255 255 255 255 255 255 255 255 255 255 255 159 157 151 147 148 149 147 142 135 123 118 112 121 132 142 152 154 148 143 141 142 149 146 143 129 125 139 136 140 148 138 129 137 158 164 153 140 137 147 153 145 141 143 145 141 129 138 143 147 151 150 145 148 140 128 125 129 136 128 137 149 158 159 154 146 147 133 125
255 255 255 255 255 255 255 255 255 255 255 255 255 255 255 255 255 255 255 255 255 255 255 255 255 255 160 158 152 152 153 151 148 146 142 131 119 117 133 137 135 144 150 143 137 144 150 154 143 141 132 126 137 141 144 151 144 129 121 127 147 148 133 132 151 157 140 139 141 134 129 130 137 137 145 150 148 141 140 132 130 135 128 131 128 134 145 147 144 149 145 141 131 141
255 255 255 255 255 255 255 255 255 255 255 255 255 255 255 255 255 255 255 255 255 255 255 255 255 158 161 156 145 142 148 150 149 153 152 141 122 118 135 138 135 141 143 133 132 145 157 155 142 144 146 150 150 145 144 151 150 138 130 125 134 144 144 143 144 145 135 136 144 138 132 136 135 134 134 140 143 141 136 120 119 129 124 127 131 135 139 141 138 148 146 145 142 147
255 255 255 255 255 255 255 255 255 255 255 255 255 255 255 255 255 255 255 255 255 255 255 255 255 154 158 156 146 135 133 137 139 143 143 140 128 125 131 131 140 151 148 139 137 143 151 149 142 142 150 161 162 147 137 148 151 142 134 130 139 150 148 150 147 144 136 138 145 147 136 134 135 135 125 131 140 142 140 120 113 123 124 133 137 138 144 142 134 147 147 136 133 145
255 255 255 255 255 255 255 255 255 255 255 255 255 255 255 255 255 255 255 255 255 255 255 255 152 146 148 150 149 144 135 135 137 141 139 141 139 135 130 127 137 147 150 145 143 150 151 145 147 146 152 161 165 158 145 144 151 140 126 127 146 157 151 146 141 145 138 137 135 141 136 132 138 139 126 128 135 141 149 137 130 138 135 138 140 144 147 144 136 143 150 134 130 137
255 255 255 255 255 255 255 255 255 255 255 255 255 255 255 255 255 255 255 255 255 255 255 154 148 149 152 152 149 143 138 135 131 140 148 146 145 137 124 113 123 133 144 150 149 156 153 137 135 142 152 156 158 154 149 143 143 136 131 142 159 162 162 162 151 151 143 137 137 149 147 137 136 139 133 131 132 134 144 144 133 136 142 145 140 141 141 144 143 150 156 140 138 138
255 255 255 255 255 255 255 255 255 255 255 255 255 255 255 255 255 255 255 255 255 255 255 145 142 145 150 150 146 141 142 144 138 139 148 149 147 144 134 110 105 123 144 152 151 154 149 137 131 130 140 152 159 147 143 143 138 140 143 149 161 160 161 162 153 145 141 141 145 151 151 140 131 132 132 136 142 129 124 137 129 126 135 142 139 135 134 137 138 146 150 133 128 145
255 255 255 255 255 255 255 255 255 255 255 255 255 255 255 255 255 255 255 255 255 255 155 147 140 137 143 147 146 142 144 151 147 141 143 144 142 137 135 122 105 115 139 150 148 153 150 144 140 134 134 139 150 138 135 147 140 141 152 152 159 161 162 158 145 140 147 151 149 150 144 135 135 133 130 128 140 140 133 137 134 129 131 128 132 133 131 135 137 135 142 137 132 142
255 255 255 255 255 255 255 255 255 255 255 255 255 255 255 255 255 255 255 255 255 255 153 144 142 141 141 143 142 135 138 149 152 143 140 139 137 132 136 138 122 113 134 153 153 154 148 143 143 141 135 130 136 132 131 141 139 141 153 157 161 161 162 154 142 135 144 155 154 159 152 136 135 130 131 134 134 138 141 139 138 128 128 126 129 136 137 135 143 140 144 144 143 146
255 255 255 255 255 255 255 255 255 255 255 255 255 255 255 255 255 255 255 255 255 162 155 145 147 146 142 139 139 131 132 138 144 146 142 134 134 138 142 139 121 104 117 137 143 152 146 140 139 140 143 139 133 133 137 142 140 144 149 150 154 157 155 139 137 137 142 153 153 156 155 150 148 127 120 136 136 139 139 136 143 134 133 134 132 140 143 134 137 145 149 148 150 153
255 255 255 255 255 255 255 255 255 255 255 255 255 255 255 255 255 255 255 255 255 158 157 149 147 144 149 148 137 128 130 135 135 142 134 120 124 140 148 137 118 104 104 109 116 140 143 135 134 134 140 142 137 138 139 141 142 144 142 144 149 149 151 139 135 137 144 149 151 153 150 152 158 134 119 129 141 151 149 139 144 144 137 138 138 141 143 137 133 144 146 144 150 157
255 255 255 255 255 255 255 255 255 255 255 255 255 255 255 255 255 255 255 255 160 156 152 145 141 138 143 151 147 143 144 141 132 140 137 123 122 130 145 143 140 138 131 110 103 134 149 140 142 140 140 143 138 141 141 142 143 143 145 147 152 146 144 145 150 145 140 142 147 147 139 136 148 142 134 136 147 156 153 150 146 141 137 137 136 137 139 138 133 141 142 133 131 143
255 255 255 255 255 255 255 255 255 255 255 255 255 255 255 255 255 255 255 255 166 161 150 140 139 138 137 145 148 146 143 140 140 147 149 143 137 129 138 140 147 151 153 130 113 130 147 142 143 140 136 144 146 147 147 151 152 145 143 146 149 142 139 145 152 154 146 140 138 130 126 122 125 134 138 136 143 155 150 146 139 135 145 143 139 138 136 144 149 151 145 134 126 135
255 255 255 255 255 255 255 255 255 255 255 255 255 255 255 255 255 255 255 162 162 158 150 141 138 129 122 131 142 143 134 129 139 146 144 141 139 136 143 141 146 147 148 142 134 135 140 136 136 139 138 141 151 152 147 153 152 142 145 148 147 145 144 146 147 157 156 147 140 127 125 123 104 113 132 127 129 145 149 143 130 124 141 144 142 148 148 145 147 148 143 139 136 139
255 255 255 255 255 255 255 255 255 255 255 255 255 255 255 255 255 255 255 156 155 149 147 142 139 123 106 113 134 141 133 128 126 132 136 129 129 134 146 148 146 145 141 143 142 139 138 136 137 137 141 139 145 150 146 146 136 131 133 132 135 146 151 148 145 152 147 145 146 141 134 130 105 114 135 137 130 136 148 144 129 123 141 145 137 140 155 153 144 136 135 129 128 136
255 255 255 255 255 255 255 255 255 255 255 255 255 255 255 255 255 255 161 157 149 143 142 145 147 136 122 127 145 150 139 133 133 132 135 136 141 148 151 148 149 151 145 136 133 139 142 144 146 140 143 141 143 143 141 140 136 132 119 115 129 144 147 143 142 143 146 152 147 138 135 125 119 140 147 141 126 122 131 129 129 140 147 144 139 139 146 146 135 121 131 130 125 129
255 255 255 255 255 255 255 255 255 255 255 255 255 255 255 255 255 255 165 160 150 141 136 137 143 141 143 150 156 157 150 140 136 135 134 142 150 156 157 151 150 152 151 142 133 137 148 145 147 148 144 139 141 144 145 141 134 130 130 128 131 134 132 130 132 136 145 152 145 134 129 126 130 145 149 145 126 121 132 132 129 141 140 137 139 140 136 139 131 121 131 135 133 126
255 255 255 255 255 255 255 255 255 255 255 255 255 255 255 255 255 167 161 156 151 151 143 133 138 138 142 148 149 142 134 130 131 134 133 142 151 152 144 137 145 152 150 149 147 141 145 145 146 147 139 135 136 138 146 153 145 133 134 140 137 134 133 131 136 137 140 142 137 134 126 129 139 143 146 147 123 112 126 134 131 136 130 132 138 150 144 143 141 130 136 138 136 124
255 255 255 255 255 255 255 255 255 255 255 255 255 255 255 255 255 171 165 160 153 147 144 139 145 149 140 131 130 129 124 121 121 136 141 140 146 147 138 123 131 144 145 148 148 149 149 143 140 140 132 132 130 133 142 149 142 126 129 143 139 135 136 133 141 138 138 140 142 132 120 129 140 140 140 140 124 120 124 124 130 139 135 137 134 142 147 145 139 141 146 142 140 121
255 255 255 255 255 255 255 255 255 255 255 255 255 255 255 255 161 163 162 158 152 139 138 140 145 152 135 127 132 135 136 134 127 142 152 144 141 145 143 130 129 139 141 147 137 134 150 153 145 139 141 141 130 132 141 135 130 121 137 150 141 135 134 130 134 138 139 133 131 127 128 134 135 134 134 133 134 138 136 130 134 144 141 134 128 129 141 150 141 148 158 151 141 121
255 255 255 255 255 255 255 255 255 255 255 255 255 255 255 255 160 157 155 149 146 143 141 142 142 143 139 144 149 147 148 148 144 145 143 127 118 135 148 144 144 139 138 152 138 119 138 157 152 142 148 145 139 141 140 129 136 134 140 146 139 142 142 142 143 144 136 129 121 117 124 122 122 124 127 133 136 132 129 139 145 147 146 134 126 134 142 145 136 146 154 148 136 123
255 255 255 255 255 255 255 255 255 255 255 255 255 255 255 160 158 156 155 153 155 154 147 145 144 143 144 151 155 157 159 162 158 149 135 115 107 127 150 152 149 146 142 152 151 138 138 141 141 133 138 139 139 141 141 122 120 128 131 135 132 144 151 148 145 140 130 128 118 119 128 117 118 130 135 145 148 140 137 140 142 140 137 132 130 143 148 141 134 141 142 133 124 113
255 255 255 255 255 255 255 255 255 255 255 255 255 255 255 157 153 149 149 149 155 156 153 153 153 151 148 151 157 161 161 159 159 161 145 119 114 127 144 148 144 146 144 146 148 151 152 142 140 131 137 137 131 134 137 116 96 109 132 141 135 142 138 139 141 137 124 112 105 123 132 125 130 141 136 140 150 153 152 144 145 139 121 125 135 146 147 138 138 142 142 130 127 123
255 255 255 255 255 255 255 255 255 255 255 255 255 255 255 152 151 150 150 151 153 153 149 148 153 152 148 148 156 161 159 154 154 157 148 128 127 130 134 137 133 130 125 135 143 145 149 140 138 138 142 145 143 143 130 108 89 94 121 140 141 140 127 131 140 135 129 124 115 122 133 140 135 138 140 139 139 144 153 142 134 124 117 136 146 140 132 126 136 146 143 132 129 135
255 255 255 255 255 255 255 255 255 255 255 255 255 255 154 146 150 154 151 146 145 150 151 148 150 149 147 150 152 157 158 158 156 148 144 142 135 125 127 133 140 137 124 127 138 140 137 135 141 141 139 143 142 130 112 103 97 100 119 142 143 138 134 134 143 126 119 125 125 127 138 149 137 136 139 137 140 141 140 131 126 122 130 150 159 139 125 132 139 138 142 140 128 125
255 255 255 255 255 255 255 255 255 255 255 255 255 255 153 148 151 152 148 143 142 149 155 155 153 151 149 153 148 148 149 148 155 152 144 146 134 120 122 132 144 150 145 136 139 138 132 133 143 140 132 130 121 103 106 127 137 129 126 140 139 133 131 130 145 140 126 128 137 144 143 140 134 138 136 139 143 141 135 129 136 143 146 148 150 139 127 126 131 137 143 148 141 123
255 255 255 255 255 255 255 255 255 255 255 255 255 154 153 152 150 151 150 153 153 147 141 142 143 145 146 153 153 149 145 140 141 148 147 143 136 132 129 131 149 159 146 132 133 140 136 134 140 143 138 132 121 115 135 156 160 150 136 139 137 127 120 132 149 148 143 141 136 141 146 152 141 122 122 144 145 139 149 147 142 144 147 143 130 127 139 126 112 137 147 149 156 150
255 255 255 255 255 255 255 255 255 255 255 255 255 152 151 152 152 152 144 141 138 130 122 125 142 156 155 158 162 155 150 146 138 142 144 137 133 135 134 133 144 151 141 132 129 129 136 141 139 144 147 140 127 126 151 165 161 164 153 144 136 122 119 132 141 136 139 140 140 142 153 183 169 115 104 137 144 142 153 151 149 150 150 146 128 119 138 134 117 137 149 155 158 159
255 255 255 255 255 255 255 255 255 255 255 255 151 149 149 151 150 148 138 127 122 129 140 142 148 163 165 165 164 162 159 155 144 143 142 138 133 135 138 141 143 142 137 138 141 135 135 136 132 134 143 145 136 135 158 173 169 172 169 148 124 116 131 136 136 132 139 139 143 144 155 196 195 128 101 134 142 143 148 149 147 133 131 133 127 120 124 126 130 145 154 164 161 159
255 255 255 255 255 255 255 255 255 255 255 255 155 158 161 163 161 158 151 147 144 143 155 160 154 162 167 168 167 165 161 156 146 137 135 139 136 138 138 137 142 150 145 135 137 140 131 126 124 126 136 146 140 142 161 176 173 166 168 159 130 119 130 132 134 133 146 141 141 145 145 164 172 132 115 142 151 153 152 151 146 132 117 110 103 105 116 129 148 158 161 163 155 158
255 255 255 255 255 255 255 255 255 255 255 255 155 161 169 172 164 158 154 154 154 148 150 160 162 166 167 166 167 167 161 158 153 143 138 137 137 141 140 131 133 142 142 131 125 136 137 139 135 131 138 150 148 146 158 170 171 172 168 162 142 122 121 117 119 131 150 140 143 149 144 147 152 143 142 156 162 163 160 164 156 140 106 93 85 84 109 141 161 164 167 167 160 160
255 255 255 255 255 255 255 255 255 255 255 158 162 166 165 167 165 160 162 163 160 153 150 152 156 160 164 164 165 169 166 161 155 148 148 141 135 139 147 137 134 140 141 134 126 134 139 143 141 141 144 143 142 147 157 164 160 162 158 158 150 131 126 125 122 132 141 134 137 140 147 153 152 150 157 163 167 167 162 171 164 150 114 94 98 102 125 151 166 168 171 171 163 159
255 255 255 255 255 255 255 255 255 255 255 162 163 166 164 165 172 169 163 161 160 157 158 158 153 149 156 163 166 165 165 165 160 153 153 145 138 138 139 136 142 141 137 136 136 137 138 138 132 136 142 141 142 150 158 164 164 164 156 151 145 134 133 135 135 136 139 140 140 138 148 154 156 154 156 166 172 174 168 173 163 159 139 117 126 136 146 157 165 163 167 173 162 165
255 255 255 255 255 255 255 255 255 255 255 167 168 169 169 165 169 168 161 158 157 158 157 159 157 156 158 163 165 160 158 159 160 156 151 143 138 139 142 135 137 136 135 136 138 138 141 143 134 139 146 154 157 157 156 156 152 157 152 144 134 125 128 134 137 129 138 143 143 143 149 156 162 167 164 170 170 165 162 164 158 151 137 127 148 156 157 165 162 160 167 171 163 166
255 255 255 255 255 255 255 255 255 255 172 169 169 168 171 170 173 171 168 169 165 161 151 153 159 162 160 161 160 158 163 164 166 164 154 141 138 139 139 137 129 127 140 149 149 144 138 138 136 135 141 157 166 165 153 146 139 136 140 147 143 136 134 135 132 124 135 135 138 143 151 154 161 172 173 176 164 161 157 135 126 123 120 135 165 169 166 169 165 162 172 168 167 168
255 255 255 255 255 255 255 255 255 255 166 169 169 169 168 172 175 172 169 172 173 174 162 157 158 157 163 163 159 159 158 152 154 159 150 139 144 142 137 146 143 132 132 144 152 150 142 141 149 143 135 147 162 159 141 135 136 137 137 140 141 135 130 134 132 134 141 143 145 142 156 165 162 170 174 174 166 156 145 113 103 108 115 133 160 171 164 167 172 168 169 157 159 160
255 255 255 255 255 255 255 255 255 255 167 169 169 176 172 170 170 167 163 166 167 172 168 160 160 160 164 165 163 159 155 151 141 144 147 148 145 136 141 149 152 145 132 135 145 148 140 136 145 143 131 135 147 151 150 142 132 137 140 136 135 132 131 131 132 145 147 150 149 151 162 171 165 163 167 165 166 154 129 114 116 123 133 140 157 173 171 168 166 168 170 159 164 164
255 255 255 255 255 255 255 255 255 172 171 171 167 170 171 173 175 174 168 161 164 171 174 169 165 165 162 160 163 162 162 165 153 145 145 147 145 129 125 133 144 143 139 136 139 146 145 140 136 127 113 110 133 148 157 149 138 133 133 136 137 137 140 140 147 154 143 143 141 158 169 172 160 154 157 159 160 141 110 113 119 116 134 151 155 162 168 172 168 169 170 166 167 162
255 255 255 255 255 255 255 255 255 166 171 172 172 173 173 176 179 176 175 165 161 169 175 175 173 169 162 154 152 154 155 154 150 150 149 137 129 122 126 136 139 136 137 137 142 145 145 148 145 133 119 109 135 151 152 144 140 139 132 133 138 138 137 137 142 146 143 145 144 151 158 166 163 159 160 155 140 128 104 89 86 107 140 157 162 166 168 177 176 169 169 167 163 169
255 255 255 255 255 255 255 255 255 158 166 169 173 174 173 171 171 172 174 170 166 167 169 170 170 166 169 163 153 148 149 145 139 145 152 140 128 135 150 158 145 136 134 134 142 144 144 145 146 141 135 132 140 144 147 135 130 144 143 137 140 145 142 142 130 133 143 147 147 147 153 159 159 158 158 145 117 116 103 74 78 124 154 157 161 165 166 172 170 163 163 168 162 167
255 255 255 255 255 255 255 255 158 161 164 166 168 166 169 169 169 174 176 172 173 173 169 170 173 165 164 168 163 154 152 146 135 141 140 131 140 149 157 162 154 146 136 139 150 146 139 147 152 150 148 142 135 132 136 133 135 146 149 140 139 145 141 144 136 139 148 148 145 145 152 152 150 147 139 137 125 129 119 94 106 141 154 160 160 166 166 165 164 163 163 160 156 161
