example/E5 - XRays/X-ray-tomography/rastert_juap24.txt
ncols         356
nrows         356
xllcorner     -0.5
yllcorner     -355.5
cellsize      1
NODATA_value  -9999
[rows 168 to 209 of 356, columns 188 to 281 of 356]
168 168 161 164 159 166 167 159 169 178 166 168 169 172 169 180 172 170 184 184 179 170 176 169 179 180 172 173 163 173 184 175 170 168 180 176 169 170 176 176 173 169 163 171 176 172 173 170 165 180 183 177 179 171 175 176 175 170 166 177 165 150 154 146 137 142 162 166 145 126 119 130 137 136 138 142 143 137 135 135 139 149 149 144 161 170 172 171 164 161 151 115 101 102
175 164 161 165 168 170 167 162 170 179 174 174 164 163 167 176 169 169 178 177 174 176 185 170 174 182 167 169 174 174 179 175 169 166 176 176 169 165 177 175 174 171 167 174 176 168 171 170 166 170 170 167 170 171 175 175 184 178 165 163 155 149 143 140 141 136 153 153 135 133 126 136 141 135 146 142 129 131 143 145 143 144 141 148 162 165 174 172 165 157 137 96 94 117
166 166 168 168 169 166 169 170 169 173 173 166 165 170 164 173 179 178 181 174 172 177 186 174 170 175 174 180 184 170 166 168 176 168 173 181 172 173 171 162 169 166 175 176 170 162 166 167 171 169 162 160 170 174 175 177 181 174 167 161 153 148 142 139 137 126 136 136 132 134 130 136 141 132 134 132 118 118 134 135 135 129 119 126 143 152 161 159 156 145 125 110 122 140
164 173 174 172 167 170 173 175 164 166 177 174 173 177 176 186 180 172 172 170 179 185 175 174 175 169 174 183 182 168 165 167 175 165 166 172 172 175 165 167 177 168 169 176 175 175 176 171 167 172 165 159 172 174 173 171 165 161 164 155 147 148 152 142 130 117 127 125 127 129 137 142 151 146 129 128 117 99 105 117 136 122 91 88 115 133 151 153 140 129 120 131 142 149
162 172 164 168 169 171 170 183 175 173 173 172 172 170 173 173 163 176 180 177 177 180 172 178 183 175 172 181 177 168 168 172 177 176 173 170 168 166 164 177 179 171 166 164 168 172 169 165 168 172 166 166 175 170 168 172 162 160 159 145 148 156 158 149 139 129 137 127 124 134 152 154 160 161 138 129 120 91 82 98 128 120 93 85 109 125 142 147 134 125 131 147 149 147
161 172 169 171 173 178 178 176 172 171 170 166 171 175 174 165 158 172 183 183 170 164 175 182 183 182 173 171 176 173 169 171 179 179 182 179 173 178 170 169 169 167 177 166 166 171 168 167 175 174 163 166 172 168 156 158 160 171 165 152 159 159 163 159 152 148 145 139 135 139 160 160 161 159 146 146 132 98 79 83 113 133 124 118 125 129 133 140 137 138 148 152 156 159
161 160 163 166 173 179 184 175 176 176 169 167 177 179 177 178 173 176 183 168 163 174 174 172 171 171 169 166 177 179 169 167 173 163 178 179 175 181 174 173 173 168 171 173 170 176 174 172 175 170 166 165 174 172 162 161 162 164 155 153 163 158 162 162 152 142 133 143 149 149 156 155 158 156 159 163 149 124 105 97 117 145 145 149 153 150 141 145 145 150 155 149 159 167
171 162 159 164 173 166 172 182 179 173 164 171 178 175 172 178 177 173 173 165 173 176 171 168 169 173 175 177 177 172 173 167 161 163 178 177 180 183 176 173 181 176 169 183 177 175 174 164 166 164 171 171 168 162 171 173 168 153 129 139 168 166 159 152 148 143 141 148 151 152 158 155 157 156 163 167 162 154 140 122 130 140 137 147 153 161 156 151 146 149 154 154 160 159
163 160 156 165 179 167 170 183 181 176 169 166 167 170 174 173 174 167 166 172 177 170 174 179 177 182 177 186 177 158 165 173 166 173 178 173 176 185 187 181 183 177 169 179 172 172 180 166 166 164 162 160 158 155 162 168 169 154 133 140 164 171 168 152 147 147 152 158 152 146 152 159 166 160 159 164 161 157 153 143 149 144 137 148 150 161 160 151 146 147 154 159 161 154
159 163 158 168 168 165 171 175 175 175 174 167 161 167 172 165 170 175 178 172 172 173 178 179 172 170 175 182 179 173 175 178 175 176 171 178 177 175 172 175 179 171 174 178 165 166 169 167 167 168 167 156 161 161 156 162 170 162 157 153 160 162 162 151 143 148 149 151 157 150 150 166 170 154 155 162 154 145 146 153 153 148 145 152 159 164 157 152 144 141 148 160 163 158
150 149 151 160 148 154 167 163 171 174 164 163 162 166 170 162 164 175 178 172 174 171 176 175 165 165 171 170 175 180 174 175 177 180 169 184 182 172 170 176 175 174 183 175 166 170 166 175 173 169 170 162 168 155 151 160 159 162 159 152 161 158 160 158 145 150 139 128 149 146 154 170 161 146 158 163 147 140 144 149 148 153 146 138 144 155 153 152 145 139 148 160 166 160
140 142 159 168 161 166 165 151 160 168 161 161 164 168 171 170 177 178 175 176 179 170 170 174 172 176 170 162 169 169 168 171 176 178 170 176 174 170 165 181 177 172 171 165 163 170 171 173 175 166 152 156 163 151 150 170 163 158 156 149 141 138 159 164 151 147 133 121 134 137 156 163 155 150 163 159 146 151 153 149 148 151 146 143 144 154 152 148 152 155 161 159 160 160
131 155 172 178 170 161 157 154 156 163 156 147 154 162 167 174 178 170 170 175 176 169 172 174 175 174 169 178 176 164 169 180 182 172 177 178 171 173 173 186 180 169 170 173 167 165 174 162 155 150 149 149 150 156 156 167 171 162 164 159 144 141 155 155 149 146 137 129 131 141 152 160 162 149 151 151 157 169 166 152 143 140 140 145 147 152 143 143 154 156 159 156 152 158
131 161 174 180 167 156 154 155 150 146 147 142 149 154 158 167 167 166 171 176 179 173 169 166 176 181 170 173 172 169 162 170 174 171 183 184 171 173 181 179 174 168 169 163 165 162 168 149 126 126 153 156 160 167 163 165 163 158 156 153 151 149 149 152 149 148 145 143 143 148 159 165 160 147 144 153 165 173 162 140 140 137 126 132 147 151 144 150 152 141 146 156 149 155
148 164 169 164 147 149 162 171 162 146 156 153 148 149 144 158 167 167 174 168 166 170 165 165 177 174 169 175 181 175 164 159 161 167 174 181 177 168 169 169 172 170 175 158 166 166 145 118 107 113 141 155 161 161 152 156 160 156 156 152 154 155 147 150 154 146 143 152 150 152 160 155 151 149 143 148 158 162 155 137 136 133 112 119 143 151 148 150 147 142 147 152 150 160
158 167 173 162 149 160 164 152 149 147 158 162 162 167 158 161 163 167 175 165 157 154 150 160 168 161 160 169 170 158 164 159 159 163 165 182 185 178 174 177 173 169 183 171 166 156 120 91 101 116 141 145 143 151 145 145 159 156 162 162 156 154 149 145 149 144 144 153 152 154 144 136 141 141 144 148 156 155 154 143 132 130 118 111 134 155 152 149 136 137 156 158 148 149
152 155 164 163 166 172 163 145 145 148 149 152 162 170 163 159 161 167 167 159 155 157 157 159 164 156 155 163 159 161 165 161 152 155 163 178 178 172 167 174 169 161 169 165 152 142 118 99 124 143 156 144 142 150 152 149 155 151 154 157 154 142 142 146 145 153 154 148 152 152 138 135 144 147 150 146 156 155 150 145 137 144 136 113 130 155 154 144 115 110 142 155 133 119
137 148 161 150 154 163 162 155 148 143 143 129 138 160 161 166 175 171 156 140 155 166 164 155 161 165 159 164 160 164 157 158 158 164 166 178 187 190 178 181 169 161 170 159 144 139 124 124 157 164 161 157 151 147 150 152 157 160 163 157 150 132 127 145 148 151 151 144 141 139 137 134 140 152 154 148 154 158 152 147 140 142 132 124 129 134 140 132 98 94 130 143 127 104
121 140 161 156 155 158 150 157 151 144 143 117 122 151 153 159 170 174 158 137 151 160 164 152 147 159 157 169 173 167 156 154 157 162 166 171 173 184 177 172 162 161 154 150 149 148 143 142 157 155 156 163 152 138 136 151 167 163 157 152 145 141 139 156 161 155 147 137 137 140 135 124 121 128 134 139 140 151 153 142 134 140 129 129 134 136 145 138 107 106 141 144 135 112
121 150 155 155 159 161 155 162 156 149 146 140 137 144 142 157 167 152 131 132 151 159 161 151 151 166 163 176 180 170 164 159 157 164 170 161 151 160 160 153 146 144 127 129 144 147 145 145 145 145 152 159 159 151 149 152 161 156 145 144 149 153 155 158 161 156 149 134 140 147 136 130 117 109 123 132 129 134 140 138 135 142 129 118 133 149 153 153 135 120 143 152 149 138
144 152 143 146 150 156 162 169 164 149 147 153 145 143 143 156 156 129 124 137 146 154 155 157 158 168 162 166 160 159 163 159 159 168 173 167 152 143 143 147 137 129 125 114 134 144 147 148 138 138 146 148 151 151 159 152 151 153 135 137 146 157 165 163 162 161 156 145 147 146 140 142 125 108 124 138 132 123 129 149 149 152 143 128 137 150 148 156 151 136 144 153 148 145
154 156 153 156 152 162 161 162 168 157 154 147 144 144 142 143 139 129 143 152 149 153 159 168 158 159 163 166 158 160 163 165 160 155 163 161 161 157 150 141 135 132 136 129 148 153 147 148 142 139 146 149 146 142 151 151 154 148 127 141 156 160 168 176 169 162 158 158 150 149 144 142 135 120 125 140 134 127 138 155 156 155 145 136 145 156 145 142 148 149 152 154 144 140
142 155 161 151 146 167 164 160 167 159 152 142 145 141 136 145 144 143 163 164 160 163 163 154 153 161 159 163 163 160 160 168 168 162 167 167 174 171 148 130 128 127 139 139 149 151 140 145 145 144 154 161 151 143 148 156 153 137 125 141 159 163 168 170 164 166 166 164 155 147 132 133 143 127 118 130 133 124 125 138 145 147 144 140 147 157 147 142 146 148 149 150 147 144
137 149 159 146 149 166 164 160 161 153 148 140 142 143 138 138 145 159 168 169 164 170 178 164 156 159 152 161 167 163 168 169 166 160 160 172 170 153 131 131 132 129 140 137 145 146 128 138 149 146 157 162 150 143 146 151 140 138 142 146 159 161 161 165 163 175 170 157 144 133 116 115 135 142 127 122 130 119 101 104 126 133 139 145 145 146 152 151 145 143 141 143 148 152
159 161 151 144 151 159 154 148 154 151 156 148 141 136 132 134 142 161 169 177 175 177 181 169 155 163 159 156 158 164 175 166 150 138 139 160 160 139 115 133 141 140 138 131 139 146 135 146 161 149 153 155 144 142 143 145 140 145 150 141 143 151 164 167 164 168 156 148 139 136 130 115 121 139 135 130 135 122 97 98 127 130 133 146 144 140 141 138 139 146 142 135 136 147
158 157 146 147 153 160 149 153 164 166 158 137 144 148 142 152 162 167 169 183 190 179 178 172 154 165 162 151 146 156 160 150 141 142 144 153 153 144 130 142 146 153 137 132 133 135 140 146 153 147 158 163 151 143 140 158 159 147 142 130 130 146 162 158 154 157 151 149 142 140 143 126 124 134 135 131 134 118 94 103 127 130 138 153 152 143 129 113 125 148 145 128 128 141
146 137 138 154 155 156 145 147 157 153 145 139 145 148 146 146 162 174 173 182 188 176 181 180 170 172 163 143 128 140 145 139 141 156 159 161 149 149 155 162 159 161 143 143 151 153 147 142 151 157 167 167 153 148 146 166 169 157 149 130 136 149 153 151 154 159 153 140 140 143 140 120 114 116 120 127 130 118 99 103 119 130 142 150 149 141 116 91 112 141 149 145 146 142
159 136 129 158 167 155 146 157 155 143 143 144 140 144 154 153 167 176 174 182 176 168 173 172 173 185 169 141 115 123 148 150 153 155 159 163 144 143 150 169 176 160 148 151 158 159 148 147 151 158 165 168 158 142 150 171 172 162 155 135 138 146 147 147 152 155 145 133 130 133 121 104 96 96 115 124 128 129 115 106 110 125 137 145 140 126 96 81 119 147 150 150 149 136
160 137 135 161 163 152 139 142 144 152 158 158 152 154 165 164 162 157 163 177 175 178 166 164 166 178 173 157 133 118 140 151 155 152 158 163 149 145 153 163 172 161 151 154 158 153 143 152 160 163 165 159 140 121 146 171 166 161 159 149 133 129 132 134 133 131 141 138 114 100 90 95 96 108 125 122 122 118 109 112 110 116 127 138 129 114 90 80 123 146 145 138 133 128
155 137 138 156 161 155 140 141 144 155 160 162 161 156 156 153 155 159 165 170 168 181 174 172 171 164 159 159 153 130 143 148 146 139 135 143 152 160 166 163 163 167 157 153 155 157 151 150 155 155 155 153 145 138 156 170 165 167 156 131 112 118 128 115 108 118 137 137 109 82 79 99 117 127 131 123 114 117 108 114 119 121 131 132 118 108 91 79 108 128 137 139 136 133
157 140 133 149 160 152 140 152 154 157 161 160 162 165 166 151 151 165 163 159 160 175 168 166 169 162 152 148 143 128 140 143 143 132 122 126 145 165 173 168 162 171 166 146 142 156 150 139 148 145 140 139 149 157 164 155 147 147 126 98 100 122 134 120 117 130 134 126 105 97 99 102 118 119 115 113 109 120 113 111 115 124 130 130 126 123 109 93 93 107 114 115 120 120
156 144 135 146 152 148 137 161 167 153 154 157 163 162 161 144 153 168 158 155 159 171 159 154 159 155 141 136 132 135 139 141 143 133 134 134 141 152 165 165 150 151 158 140 132 148 149 129 143 144 139 133 145 153 155 147 137 138 131 123 123 129 130 124 122 129 122 102 81 93 117 122 124 115 110 123 128 123 115 116 119 122 120 120 135 140 130 111 90 97 98 90 95 104
144 145 150 155 152 157 145 151 161 153 155 159 170 154 156 153 163 173 165 164 159 164 160 146 143 144 135 135 138 138 126 121 131 138 141 134 138 154 159 160 155 147 146 133 124 135 142 115 125 143 147 142 141 142 153 162 156 162 166 161 151 148 140 136 131 129 118 87 61 68 111 132 132 126 126 143 139 115 96 96 97 95 92 110 138 144 136 119 105 112 104 95 103 112
147 143 154 164 164 166 157 149 148 144 154 161 170 155 158 160 156 155 159 159 153 160 161 145 134 140 143 136 131 126 120 111 127 147 145 133 138 156 154 147 146 151 144 132 121 125 136 122 129 143 145 151 146 143 157 166 161 161 164 164 155 152 154 156 148 143 138 109 82 63 93 115 120 132 130 130 125 110 81 69 72 78 77 101 135 144 138 131 127 131 124 114 113 114
154 144 151 163 168 166 162 155 144 145 154 165 170 158 160 163 159 152 148 133 139 151 158 157 143 140 146 146 140 134 136 119 118 143 148 141 143 148 147 135 130 147 148 150 142 136 147 147 154 151 136 150 154 149 159 162 157 155 161 160 155 151 152 162 163 155 146 131 112 78 72 76 93 116 109 89 77 83 90 93 100 105 104 120 140 140 134 138 137 137 136 125 114 116
148 145 149 150 163 163 143 132 135 155 157 154 158 157 162 166 160 152 135 128 146 144 149 152 143 142 146 147 140 134 141 133 131 140 133 123 135 149 150 142 145 154 153 162 162 154 159 154 157 160 137 149 162 161 170 163 151 160 164 157 159 155 149 161 166 160 148 139 123 97 79 73 81 98 90 59 35 52 84 105 124 130 138 149 148 143 139 143 139 139 141 131 124 122
150 153 155 153 167 167 141 140 140 148 155 154 161 163 158 158 154 157 139 143 162 153 150 148 152 153 137 130 141 131 131 141 133 125 120 110 126 150 157 153 161 168 161 159 161 168 172 162 166 163 142 150 164 170 177 171 161 170 164 159 158 152 155 164 159 153 145 143 130 117 118 116 111 110 93 71 46 43 64 98 131 137 142 151 151 153 155 153 135 128 126 107 113 134
145 143 152 158 159 160 149 147 130 135 147 147 151 157 160 165 152 157 157 165 173 163 150 142 153 152 138 131 139 133 136 149 130 127 141 134 141 153 158 158 160 166 163 156 156 167 171 167 164 160 153 157 163 161 171 170 161 164 158 164 170 160 160 159 142 147 146 138 132 129 137 143 138 126 109 102 72 47 56 89 132 139 138 145 149 152 152 150 136 113 92 84 112 146
135 134 148 164 160 164 158 132 112 130 147 149 140 140 155 157 146 159 163 170 169 154 143 141 147 138 137 140 141 141 147 155 150 155 153 135 147 163 163 163 159 169 173 171 163 171 171 171 162 166 170 164 158 150 162 164 165 169 164 163 162 154 153 159 150 147 142 123 121 128 144 152 147 140 134 122 104 83 64 75 121 137 137 138 136 136 138 136 130 99 72 91 136 161
137 143 148 159 160 156 141 126 118 121 140 155 146 140 155 156 154 165 160 167 166 160 151 155 153 139 121 114 134 149 146 146 161 163 153 139 153 166 165 163 163 170 174 181 168 168 169 176 175 168 164 167 168 161 163 162 172 167 159 163 152 150 151 156 159 151 141 122 110 116 141 151 144 142 135 125 126 106 73 67 103 132 135 128 117 104 100 108 120 105 99 131 159 168
140 149 156 153 154 152 133 129 127 123 138 155 153 138 152 158 162 171 172 177 169 165 158 167 165 145 124 119 135 154 150 143 154 158 155 148 161 169 169 164 169 169 163 171 167 163 166 169 171 164 165 172 172 169 173 162 168 163 163 170 156 155 159 157 159 152 139 133 113 99 123 140 137 129 114 115 124 106 89 78 97 131 133 117 94 65 51 64 103 118 132 158 168 172
142 144 152 155 153 157 141 132 139 151 148 137 132 132 152 154 162 174 176 177 161 166 175 173 161 142 122 125 143 156 156 152 160 161 155 150 165 166 176 175 171 166 166 173 170 171 176 175 169 169 175 169 163 161 165 164 170 170 162 167 157 156 164 161 152 144 136 145 131 102 117 131 129 117 98 101 113 109 105 93 110 144 138 116 80 40 31 50 97 130 151 165 166 173
