example/E5 - XRays/X-ray-tomography/rastert_juap26.txt
ncols         356
nrows         356
xllcorner     -0.5
yllcorner     -355.5
cellsize      1
NODATA_value  -9999
[rows 168 to 209 of 356, columns 188 to 281 of 356]
157 170 165 163 174 181 176 173 171 175 175 176 178 172 173 174 182 183 176 166 171 163 164 167 159 173 175 170 168 177 174 171 175 171 173 169 164 168 171 170 171 166 168 173 177 175 170 185 175 179 174 175 184 176 175 179 172 162 158 166 173 171 161 151 152 150 155 159 160 158 150 137 142 143 146 145 139 142 137 131 136 153 162 161 156 150 149 138 136 138 136 123 116 114
170 175 168 174 172 168 164 169 174 169 182 176 168 165 174 173 174 177 174 172 174 170 171 186 178 181 166 156 167 179 171 170 173 171 173 169 172 178 178 171 169 170 174 175 173 178 175 182 181 176 160 167 182 172 167 167 168 160 154 164 169 166 160 146 146 147 158 164 160 152 139 126 142 145 140 141 147 144 140 132 140 151 158 155 155 155 160 150 146 138 135 135 137 135
170 175 166 165 164 170 168 177 181 164 180 175 162 162 170 175 174 173 176 177 181 176 168 175 173 171 166 164 170 176 171 173 167 173 178 178 173 178 182 177 173 172 170 168 171 177 175 180 188 176 166 170 172 171 164 156 158 159 153 163 162 155 150 143 141 149 169 177 163 142 128 119 134 141 139 141 147 147 143 134 147 151 151 152 152 155 165 157 152 140 135 145 156 149
167 170 169 148 150 170 176 174 176 168 176 183 183 178 170 174 180 174 172 167 167 174 171 163 164 166 168 175 173 174 170 171 173 177 174 183 179 174 172 173 169 167 164 165 171 178 178 177 185 177 171 179 175 170 168 166 164 170 162 160 155 154 150 142 133 132 143 150 145 135 131 133 143 148 149 144 138 138 137 136 140 137 146 155 150 154 165 156 146 137 133 147 153 148
179 162 163 151 161 163 161 160 165 165 163 179 189 181 170 166 178 171 161 163 170 177 178 163 161 162 173 177 172 168 163 171 177 172 172 177 176 172 168 171 171 177 168 164 166 175 177 171 176 172 168 179 186 176 166 164 164 175 162 157 157 160 155 138 129 118 117 128 142 147 139 144 155 161 162 149 132 125 128 134 128 122 138 150 149 147 145 146 138 132 130 142 147 149
181 167 175 169 173 163 169 176 172 181 175 172 180 184 179 168 172 171 166 166 177 173 171 164 169 176 174 170 178 181 171 180 174 170 177 171 164 173 170 168 171 182 181 175 167 176 181 175 176 175 171 179 182 174 168 162 169 174 154 158 165 166 159 150 141 128 134 143 150 148 139 143 156 163 163 152 132 121 124 128 124 123 135 142 137 130 113 122 128 132 139 143 149 158
177 171 179 171 170 169 176 174 166 182 179 171 175 175 178 178 175 177 173 172 176 169 170 175 177 176 174 175 178 177 169 169 171 176 185 180 172 178 167 165 176 183 180 171 172 174 179 183 177 178 172 174 179 172 176 172 173 158 144 157 162 162 152 150 139 141 151 152 149 141 141 143 144 149 147 144 130 127 138 135 128 129 132 133 128 121 102 102 123 133 140 144 146 156
175 175 179 175 171 174 177 178 173 170 171 171 172 167 174 182 175 176 172 177 173 167 181 182 175 172 174 177 182 180 170 173 179 176 181 172 175 182 179 177 176 179 174 168 174 166 173 173 167 177 174 163 172 177 174 173 170 144 129 146 153 158 150 146 144 148 155 152 142 133 141 148 139 144 152 144 131 140 146 138 136 141 139 130 132 125 112 110 139 146 145 152 153 151
167 172 177 183 178 176 169 169 173 176 186 177 180 178 175 175 169 178 178 177 182 179 183 183 177 170 172 169 179 178 170 181 187 175 175 161 169 179 176 175 177 171 164 171 180 170 176 172 175 179 178 173 174 177 177 175 170 157 144 164 161 162 155 144 152 154 156 152 134 123 131 141 135 144 155 144 138 153 152 140 140 154 148 138 142 142 140 139 148 148 148 158 164 158
162 163 169 177 172 176 173 175 173 175 185 184 186 177 173 174 174 178 172 171 172 177 178 176 186 178 167 166 180 178 176 182 179 171 174 175 176 183 170 167 174 174 168 166 173 170 176 179 177 169 170 174 178 182 186 184 176 170 164 174 165 154 146 142 150 146 140 140 131 129 138 133 127 139 141 134 138 147 150 143 136 143 147 151 149 150 150 145 146 149 157 161 164 172
154 157 165 163 174 187 183 187 184 187 184 173 171 166 174 178 175 172 173 173 173 178 179 178 187 176 162 175 177 173 184 181 176 168 164 186 189 182 180 175 167 172 176 174 176 172 181 180 171 176 177 174 181 180 179 177 173 168 167 169 161 152 155 156 145 135 121 126 138 141 149 138 130 138 136 131 139 137 144 147 143 142 148 156 154 156 151 140 138 145 153 154 162 177
140 154 166 174 188 190 187 185 175 179 177 167 171 171 182 181 170 171 180 171 182 182 179 182 185 177 173 188 175 176 179 174 181 178 170 189 182 172 173 172 173 167 168 178 177 176 186 185 174 173 171 177 184 179 173 167 171 167 164 170 158 146 152 153 148 136 110 104 129 138 139 135 131 133 134 130 139 146 151 150 150 145 152 161 163 158 151 144 142 150 157 163 166 173
147 158 168 182 189 176 175 179 174 169 165 169 173 177 188 179 174 179 182 172 184 177 179 188 181 167 173 181 175 183 180 176 179 179 174 185 174 173 186 183 178 167 171 176 178 186 186 183 173 170 169 170 180 176 174 172 172 166 158 159 150 146 148 150 150 126 100 97 123 132 130 132 137 149 159 155 150 147 150 151 146 146 161 166 167 159 147 133 137 151 163 173 163 163
162 168 166 166 176 167 163 173 175 171 171 177 174 175 174 171 175 174 174 172 174 168 176 184 176 168 173 170 170 178 180 173 177 178 172 185 175 181 193 182 167 169 178 176 179 181 184 175 172 167 166 166 169 160 156 167 169 163 161 158 157 162 150 145 144 127 103 103 123 137 148 145 147 161 167 169 160 147 153 151 138 143 162 166 169 162 145 126 124 143 157 168 164 159
164 176 169 159 167 172 172 176 166 169 178 173 171 176 174 179 181 173 175 180 179 180 187 179 172 173 176 174 177 177 176 170 176 176 168 176 175 181 184 178 170 174 181 176 178 174 183 178 175 163 162 166 168 159 158 166 157 157 158 158 169 164 148 141 136 129 116 111 121 135 143 139 150 159 157 160 159 153 148 143 128 127 150 161 163 161 150 134 117 129 149 155 163 162
163 170 169 159 158 164 175 175 169 175 176 172 182 179 171 176 178 181 183 183 182 186 191 176 167 177 184 182 184 174 173 174 170 163 169 182 182 180 179 178 176 179 187 184 180 177 185 175 168 164 158 153 161 158 166 163 152 157 157 160 167 157 148 137 133 137 136 119 115 126 133 133 143 149 151 161 165 161 149 144 127 107 121 149 160 159 152 138 114 105 129 149 159 163
156 168 167 161 166 169 169 165 177 175 172 168 177 173 171 174 175 181 171 171 176 173 178 182 170 175 177 170 172 173 179 170 161 162 176 182 180 183 174 174 176 174 177 180 175 169 178 172 176 178 166 153 158 157 154 156 156 152 152 159 164 160 152 141 140 145 147 136 123 132 140 134 140 147 152 161 157 154 152 148 134 108 105 135 152 150 147 139 128 106 114 148 158 159
149 163 159 160 174 168 159 162 176 172 169 155 160 173 179 191 182 172 164 173 188 174 175 191 178 163 165 165 171 177 179 172 170 175 181 176 176 184 173 174 166 165 173 166 172 174 178 175 184 174 152 150 156 151 147 158 158 147 148 158 165 164 154 145 145 144 144 141 132 143 146 140 146 154 157 151 141 135 128 139 145 138 130 137 143 140 141 153 149 120 110 141 156 148
144 153 165 168 173 175 162 160 163 157 165 158 163 167 167 179 177 175 171 175 178 171 167 172 173 156 163 170 166 167 167 170 172 168 180 185 182 173 163 172 165 156 168 170 180 178 170 160 157 152 150 164 162 149 144 157 164 156 148 152 159 162 155 145 143 134 134 134 132 142 144 139 146 150 135 129 120 108 105 119 133 141 145 142 143 148 153 159 152 135 124 143 158 152
150 151 164 168 168 184 172 158 162 158 158 154 161 160 160 168 170 176 175 172 170 169 166 166 166 152 160 169 158 167 166 155 166 163 169 180 184 171 162 169 164 152 159 175 171 161 150 134 135 158 155 156 168 168 166 158 157 157 148 153 160 159 157 148 143 131 137 136 130 140 144 139 138 141 127 124 99 80 103 116 126 138 141 137 139 152 167 168 155 145 138 146 149 149
150 158 152 153 158 168 171 167 165 172 167 151 151 157 162 163 167 174 173 176 176 170 163 151 145 142 150 150 151 158 164 163 172 176 175 172 173 164 157 156 152 153 160 169 160 140 125 123 144 162 142 139 160 159 161 151 152 157 151 152 158 156 157 155 153 144 148 135 126 134 133 131 125 115 119 132 93 61 102 125 134 137 140 135 137 155 174 170 161 157 153 151 147 146
150 161 153 137 139 158 156 157 151 164 171 155 153 153 157 166 178 177 166 170 171 167 155 131 122 115 146 161 158 151 162 171 176 173 176 167 159 154 151 152 153 152 158 166 157 125 117 133 154 158 141 149 159 149 150 149 155 156 152 153 156 156 161 159 160 152 141 120 130 146 138 128 109 75 85 116 90 61 110 135 130 133 139 143 155 162 166 164 166 161 157 155 154 154
148 162 154 140 145 163 144 150 162 170 183 178 168 155 152 144 154 171 174 180 176 173 157 139 128 106 134 154 153 146 157 162 173 168 162 164 163 159 163 153 154 152 149 154 143 135 135 140 147 152 146 151 148 134 142 156 152 146 154 156 160 160 156 152 157 153 140 125 143 157 136 113 98 72 68 84 81 69 107 133 128 133 144 156 161 157 159 155 155 155 162 162 155 151
153 162 144 148 166 163 150 155 168 168 178 180 167 159 142 119 136 165 176 176 168 166 150 148 126 106 126 143 141 143 157 168 178 173 154 162 170 161 159 144 151 156 141 125 116 129 146 150 149 149 151 142 127 112 125 151 152 149 156 153 153 155 156 151 152 155 150 140 147 146 114 79 90 99 74 52 52 60 86 106 115 131 146 152 156 160 161 155 158 164 170 169 156 146
153 156 150 157 167 160 155 153 161 153 160 174 166 156 138 132 150 156 164 167 163 164 152 156 125 95 103 127 136 148 160 171 174 171 164 166 163 154 140 137 150 158 148 132 130 139 154 155 150 152 145 130 136 129 121 132 149 161 162 148 149 148 153 151 148 145 144 142 146 139 113 63 66 90 75 50 48 54 66 68 76 112 139 146 149 144 144 154 164 173 171 165 152 145
155 157 156 156 165 160 145 147 155 148 161 174 165 153 139 138 157 161 161 169 179 179 166 153 136 109 105 125 140 153 167 171 161 168 176 169 158 154 138 147 156 151 142 142 145 144 152 153 156 153 146 141 144 131 120 123 139 159 162 152 152 154 157 146 141 144 148 151 152 144 114 54 36 54 60 54 59 60 60 55 58 91 120 134 140 131 132 149 158 163 166 162 154 146
156 145 146 157 156 141 126 138 146 144 158 159 141 136 142 150 160 170 163 160 172 174 162 147 149 146 142 149 154 153 162 171 164 156 158 154 153 155 156 169 161 145 140 147 150 146 144 153 154 147 153 153 130 113 135 149 152 168 164 155 156 160 152 134 135 145 153 153 146 138 111 62 33 33 47 69 76 69 72 71 71 83 90 96 105 122 139 144 146 152 162 163 163 154
136 135 145 151 145 137 130 131 131 138 156 142 135 139 146 153 155 158 156 161 167 161 158 142 155 168 159 163 160 146 154 167 164 151 152 149 156 153 154 163 157 147 152 156 156 158 153 158 161 160 156 152 126 109 149 166 162 173 173 164 158 156 149 136 140 147 147 149 140 130 123 86 40 33 60 89 84 82 96 98 81 64 53 48 64 103 132 131 138 148 153 152 146 144
131 134 136 142 142 136 125 124 134 147 160 152 150 145 146 150 156 157 159 164 157 143 158 158 167 176 165 166 163 152 158 162 151 146 148 149 155 156 160 163 159 155 158 165 157 149 151 159 171 164 152 157 135 106 136 161 163 163 166 164 153 146 141 134 137 139 137 147 144 137 122 86 49 53 73 89 83 86 88 82 61 45 38 41 68 102 118 120 138 150 140 140 132 130
136 128 131 145 140 131 118 123 137 144 148 149 147 136 139 141 150 160 165 153 142 147 166 170 167 161 163 166 161 156 156 158 153 155 148 141 131 142 165 171 166 157 141 145 148 135 140 153 166 164 155 151 144 135 144 164 167 159 151 155 146 140 130 127 133 133 134 145 141 134 114 86 74 84 80 78 78 76 64 52 36 37 43 45 70 94 102 110 128 142 127 124 117 109
144 134 132 145 149 138 116 115 128 144 152 146 145 144 145 145 152 163 166 154 143 157 170 167 161 160 162 162 160 153 150 157 153 158 144 127 128 142 151 156 157 153 134 132 141 144 157 151 159 165 158 152 141 146 155 163 158 152 150 151 144 151 137 134 142 139 140 140 136 130 117 96 82 82 73 62 60 68 60 53 44 39 50 65 84 99 101 112 134 144 127 116 114 98
137 138 137 141 144 133 114 124 136 147 161 157 158 160 158 158 151 167 170 167 169 172 171 162 164 172 164 154 146 142 149 163 153 147 145 132 139 155 152 160 161 155 152 150 143 156 171 161 160 157 152 149 133 135 151 162 148 138 140 139 128 141 138 142 144 144 139 129 133 135 129 106 77 71 79 68 54 57 53 49 47 44 57 77 104 127 129 136 146 139 130 132 133 119
145 143 148 141 136 137 134 145 138 144 163 164 162 165 164 168 156 162 160 160 173 179 180 175 168 158 153 148 142 141 151 159 157 148 140 127 140 162 150 141 147 151 157 158 149 162 167 166 166 162 161 147 129 126 142 149 142 141 140 136 126 133 134 144 141 136 132 125 127 131 130 112 81 67 74 62 51 57 62 58 64 73 81 96 126 147 146 151 149 138 132 145 148 131
160 149 156 156 145 139 156 161 140 151 166 164 169 171 170 167 164 159 156 160 167 171 173 179 169 151 150 148 145 148 153 157 158 148 130 121 132 155 143 135 145 153 150 152 151 158 158 156 155 156 156 148 131 120 128 130 133 139 139 136 129 129 128 138 141 139 138 131 128 128 119 103 73 47 48 52 71 92 99 97 113 122 125 130 144 157 153 153 153 143 130 141 144 122
154 146 145 153 154 149 154 157 147 154 164 168 174 177 179 169 169 160 152 151 156 155 157 162 157 149 161 164 150 148 150 149 149 146 126 128 146 153 150 150 148 148 146 155 155 146 148 148 147 150 147 153 137 117 124 134 130 130 139 142 133 126 116 121 138 151 145 124 121 118 107 103 87 57 44 49 82 122 133 134 145 151 150 152 149 147 146 149 147 140 135 141 139 120
146 149 147 153 150 154 151 154 156 150 143 151 164 170 174 167 155 149 147 135 143 156 157 153 157 159 162 162 150 139 138 150 154 153 123 122 140 141 154 149 148 150 144 155 159 153 156 153 155 167 156 155 146 132 133 145 147 140 144 146 146 141 128 128 134 143 142 130 125 119 117 113 98 69 48 45 70 109 135 141 148 156 149 150 149 141 136 138 136 138 140 145 144 134
152 149 150 153 151 161 158 156 163 157 154 153 164 171 169 172 141 113 115 120 138 154 157 158 161 160 158 165 165 148 136 154 151 142 129 130 135 137 153 150 155 158 148 157 169 171 159 156 155 164 159 156 150 152 156 156 156 149 151 153 152 144 142 138 136 141 144 144 137 123 121 114 97 75 58 54 58 79 131 151 152 161 155 155 151 135 132 141 139 135 132 142 151 155
153 146 154 152 155 161 154 149 149 157 172 165 158 167 166 157 116 88 97 117 147 159 159 157 150 161 167 167 166 152 141 152 156 147 132 133 140 146 153 152 154 157 151 157 169 171 165 166 159 158 157 159 154 163 167 163 163 158 159 160 154 143 141 134 136 142 138 134 130 117 121 118 110 112 105 79 59 69 124 157 157 164 161 162 156 139 134 133 129 138 143 153 161 171
151 149 151 146 153 147 142 147 145 148 160 163 157 159 154 138 118 115 134 144 155 162 159 150 148 159 161 155 153 146 141 144 156 152 133 140 151 154 139 137 152 158 153 153 157 161 163 170 162 163 163 157 157 165 169 165 165 165 161 154 155 154 152 145 139 143 138 123 114 110 121 126 131 132 129 101 77 84 121 150 156 163 160 160 156 152 139 130 129 147 161 163 165 172
147 145 150 142 147 149 154 158 153 156 161 160 155 155 154 148 147 147 151 150 151 166 167 158 161 155 152 157 147 134 143 142 136 142 144 135 140 151 143 147 159 163 161 159 161 169 168 172 168 173 174 163 160 165 165 161 162 161 161 150 149 153 152 149 141 145 141 129 116 114 120 119 126 126 123 105 90 99 123 141 152 152 148 149 148 148 138 129 138 158 162 168 174 174
149 153 159 148 147 154 157 154 149 153 159 155 144 146 158 157 155 162 159 142 152 168 164 163 168 160 157 167 155 133 142 141 144 151 150 130 137 152 157 166 163 159 169 171 168 172 173 170 165 170 174 171 162 163 164 163 163 145 153 154 144 148 151 144 138 139 141 136 123 119 108 93 91 105 119 108 87 80 97 119 142 144 145 149 148 142 128 122 144 167 164 170 175 173
156 149 156 158 158 163 153 147 142 144 161 162 146 145 163 163 158 162 163 153 161 172 167 165 162 164 163 164 159 131 132 137 140 143 143 139 153 161 161 161 168 171 177 174 167 164 169 168 171 170 163 168 165 171 170 160 168 156 152 153 148 148 148 133 132 140 137 131 125 115 100 97 95 87 89 101 83 58 67 106 137 140 141 159 160 145 125 118 147 170 171 172 168 168
