example/E5 - XRays/X-ray-tomography/rastert_juap43.txt
ncols         356
nrows         356
xllcorner     -0.5
yllcorner     -355.5
cellsize      1
NODATA_value  -9999
[rows 126 to 167 of 356, columns 0 to 93 of 356]
255 255 255 255 255 255 255 255 148 148 151 158 150 141 139 135 138 144 153 159 161 164 161 156 147 130 123 126 138 142 142 148 142 129 133 131 126 130 130 129 128 140 130 110 127 137 135 145 141 137 147 151 144 141 146 149 145 145 138 139 139 129 122 127 140 147 145 137 138 136 135 135 135 142 141 132 137 134 131 139 151 165 169 162 159 164 155 160 162 165 162 152 148 140
255 255 255 255 255 255 255 255 148 147 145 151 152 143 130 125 131 136 145 157 160 163 161 158 152 139 129 132 137 136 136 137 133 130 133 132 131 125 120 122 124 132 130 116 129 146 145 145 148 148 147 151 145 145 148 144 140 133 128 134 136 127 124 131 136 139 141 135 130 133 132 134 129 136 142 139 132 127 143 153 157 155 158 161 156 156 160 161 152 152 163 155 142 127
255 255 255 255 255 255 255 156 155 150 146 149 143 132 127 124 133 142 147 159 163 162 163 160 151 141 138 142 136 129 124 123 126 128 132 132 126 115 116 118 123 133 130 125 134 152 157 145 137 147 148 157 155 151 145 136 137 137 133 144 143 136 137 142 136 137 136 126 122 134 139 143 134 128 131 135 142 136 139 150 155 159 165 166 159 154 155 158 151 147 156 144 135 129
255 255 255 255 255 255 255 144 147 151 149 146 135 128 128 124 135 147 151 159 163 160 157 156 152 145 141 140 132 131 122 119 126 132 134 125 119 118 131 132 127 132 128 125 138 154 157 139 129 138 140 149 157 157 147 134 141 150 142 149 149 142 137 136 126 126 129 124 123 126 131 139 142 135 131 132 150 154 144 145 150 162 169 165 158 156 153 152 145 139 148 139 128 128
255 255 255 255 255 255 255 150 146 149 148 145 139 132 132 130 133 143 149 158 154 143 141 147 150 138 133 126 125 133 122 117 119 121 125 125 135 129 133 140 134 132 131 137 145 148 147 131 131 141 142 143 147 150 147 139 139 143 143 143 144 143 136 129 118 122 126 131 137 124 124 127 132 138 145 147 149 154 153 151 156 156 152 152 153 159 160 160 153 144 137 134 139 145
255 255 255 255 255 255 255 153 148 147 140 141 143 136 136 132 125 131 137 141 145 150 154 155 150 123 113 119 125 126 117 118 122 119 126 130 134 130 127 135 141 141 137 146 151 150 143 130 130 138 143 141 137 131 135 138 142 135 141 144 140 140 126 127 124 122 121 118 115 109 130 139 130 130 135 143 147 155 156 151 152 145 142 156 158 159 155 160 158 148 134 141 150 152
255 255 255 255 255 255 152 141 139 147 143 139 144 144 143 136 128 128 126 117 124 139 149 148 140 116 104 121 130 116 111 121 129 132 137 139 136 137 140 138 138 140 139 149 161 162 151 134 128 131 136 139 141 132 130 136 143 136 139 140 139 143 130 133 133 119 116 118 110 105 121 137 139 147 149 145 145 146 152 150 151 149 146 154 155 158 150 149 161 167 159 157 159 163
255 255 255 255 255 255 155 146 135 136 142 143 144 146 144 139 138 138 127 105 100 105 110 113 110 98 98 115 125 126 134 138 133 141 141 143 146 143 141 140 137 138 135 137 145 146 146 142 140 127 122 137 145 137 132 134 131 128 136 132 131 140 142 136 132 128 124 131 125 122 124 126 138 159 157 149 146 142 150 155 155 156 154 150 149 155 155 150 152 159 162 164 160 156
255 255 255 255 255 255 147 145 137 128 135 139 140 146 145 146 143 141 127 108 108 114 114 111 104 100 109 120 129 134 149 154 146 148 142 139 145 149 143 140 146 148 137 135 142 141 141 145 150 137 122 136 147 146 138 137 132 124 130 132 125 127 136 142 138 138 137 138 140 145 142 127 126 142 148 149 150 147 142 147 148 152 157 158 159 159 163 166 156 155 159 166 160 148
255 255 255 255 255 255 138 135 129 126 131 130 129 136 142 150 151 144 130 123 128 132 139 139 133 134 134 136 140 132 129 142 150 156 155 152 151 154 155 147 144 144 135 136 141 139 135 138 143 134 127 143 148 151 140 135 136 140 142 141 137 142 140 140 148 143 145 146 146 150 150 141 138 147 150 150 152 158 152 146 148 150 156 169 170 162 163 169 168 168 164 169 161 155
255 255 255 255 255 148 139 138 133 128 125 127 128 131 135 139 140 138 132 133 141 143 143 150 155 156 152 150 150 146 136 131 136 145 149 156 157 153 153 146 140 144 146 144 139 133 129 131 134 138 139 144 143 141 139 139 144 151 153 152 148 151 153 146 152 145 141 153 149 138 144 146 144 143 139 142 147 156 154 138 137 148 153 164 167 164 164 164 166 171 158 169 165 154
255 255 255 255 255 151 142 141 137 128 122 128 133 137 136 132 126 127 129 135 146 152 150 150 153 149 149 151 152 153 141 125 127 132 131 142 144 146 149 147 146 145 148 151 149 142 136 139 145 147 148 139 137 139 142 145 155 160 157 160 159 155 155 145 143 150 146 151 153 144 142 140 141 143 141 139 139 141 144 135 140 152 157 158 153 161 171 170 168 165 157 165 165 158
255 255 255 255 255 145 140 138 137 128 128 138 143 143 136 127 112 110 124 135 146 151 153 149 150 148 144 144 147 147 139 133 134 136 136 137 142 147 146 144 146 145 145 154 157 151 147 150 153 148 149 140 139 142 143 148 158 166 162 160 158 146 146 148 139 147 149 143 150 154 145 143 143 147 156 152 143 135 137 138 148 159 161 164 155 153 157 158 161 159 163 159 150 152
255 255 255 255 255 146 144 135 137 140 142 146 146 142 129 119 110 117 141 150 153 154 160 158 155 153 149 147 137 131 136 140 134 134 141 136 139 148 153 145 143 145 145 151 152 146 144 150 151 142 143 143 149 152 146 152 162 162 162 154 149 149 144 143 141 152 152 141 142 148 145 144 139 142 150 147 145 146 148 145 145 160 158 154 154 157 150 144 152 158 162 155 150 152
255 255 255 255 152 143 141 139 142 142 140 138 140 137 124 116 122 137 150 152 155 158 161 161 158 155 149 148 142 128 129 135 134 127 136 140 137 143 155 146 138 139 140 144 145 145 150 155 152 148 141 138 136 137 141 146 158 158 156 150 143 153 155 151 144 151 147 140 138 141 141 144 142 140 144 141 143 134 134 137 133 142 144 143 143 154 152 145 150 154 154 148 156 152
255 255 255 255 152 141 136 140 140 135 131 128 129 127 123 121 127 142 151 152 155 161 160 160 160 163 154 147 148 141 129 129 136 133 138 145 145 149 155 148 143 152 148 140 143 145 146 149 154 154 144 139 136 135 137 139 150 149 144 150 147 146 143 143 147 153 147 143 147 151 150 148 145 145 143 134 138 136 132 133 128 124 135 147 145 142 140 141 148 138 142 146 135 128
255 255 255 255 151 150 141 134 131 131 132 130 124 122 127 129 127 133 143 154 153 153 156 158 155 153 147 140 140 141 138 138 139 139 143 145 148 150 150 148 138 136 135 134 143 147 144 143 150 146 141 138 137 147 142 140 148 151 147 152 155 153 138 132 141 144 145 150 153 151 149 147 140 141 138 135 138 145 143 144 140 134 143 152 145 132 132 141 146 135 136 143 124 120
255 255 255 255 145 146 142 136 132 129 130 132 135 127 123 125 123 122 129 144 150 151 146 145 142 141 133 126 133 138 138 141 145 147 141 135 141 144 148 147 139 129 126 139 152 150 147 146 146 138 137 140 138 144 139 135 138 145 150 145 144 148 147 138 139 139 143 152 145 139 138 136 127 125 132 141 144 148 149 146 144 140 139 141 136 126 138 152 158 146 137 145 135 126
255 255 255 255 144 143 143 135 131 126 127 138 142 133 130 135 131 125 125 129 133 142 135 130 133 138 132 125 130 138 138 139 141 145 139 136 137 137 143 145 150 150 150 148 151 150 142 137 138 129 130 148 151 146 145 138 132 132 141 142 145 150 153 147 140 139 137 146 143 142 141 134 129 128 135 141 143 141 146 148 150 141 131 133 134 136 150 155 153 143 129 132 136 131
255 255 255 150 144 138 136 129 125 131 136 141 138 137 139 144 139 128 129 128 120 124 131 132 129 126 131 132 131 138 138 133 128 136 148 153 147 139 142 147 153 156 163 161 157 149 137 140 135 123 129 149 150 147 152 149 143 134 141 146 152 153 140 140 145 146 137 138 142 148 140 133 133 130 138 147 147 142 146 143 138 126 128 140 145 143 150 145 132 127 126 134 144 147
255 255 255 156 144 136 137 129 116 129 145 142 131 134 136 138 138 134 138 141 134 134 133 133 131 130 130 133 135 138 135 129 131 139 147 151 148 143 145 150 158 158 157 161 162 148 139 154 152 134 132 142 137 139 150 148 147 136 142 149 152 158 147 145 147 146 139 139 137 142 136 131 131 127 128 138 139 136 130 123 113 108 128 148 152 147 139 132 134 132 134 140 145 152
255 255 255 153 150 151 154 138 120 129 137 132 131 134 133 136 141 139 141 144 140 138 127 121 129 132 131 135 141 143 139 132 138 142 145 153 151 141 141 144 157 162 158 163 159 140 139 153 155 149 140 136 130 132 144 146 134 121 131 140 141 147 142 142 145 144 134 129 125 127 131 131 134 140 136 134 127 129 130 133 122 116 130 144 151 155 143 133 138 130 137 147 140 140
255 255 255 147 147 156 164 159 139 129 123 124 132 138 141 141 136 132 137 140 133 134 132 131 137 138 138 134 138 148 145 140 143 145 143 147 156 153 147 144 155 160 157 166 156 138 151 156 152 155 146 137 134 134 140 147 135 122 131 145 142 145 140 132 127 136 136 135 134 127 131 134 133 134 132 139 140 144 147 148 142 136 127 125 135 133 132 137 135 127 132 140 133 129
255 255 255 152 151 156 161 167 155 137 128 130 136 143 152 156 147 140 142 137 124 120 128 137 143 148 144 135 132 137 137 143 149 152 150 141 144 149 147 146 155 161 162 165 154 144 160 169 169 166 150 129 137 144 142 142 134 134 137 146 142 142 140 138 122 128 135 135 144 138 136 137 138 127 121 135 150 151 146 138 141 139 128 125 137 137 137 140 133 124 121 133 138 131
255 255 255 157 156 155 155 155 152 150 147 140 137 145 157 166 164 158 149 138 130 129 130 130 133 133 126 134 135 135 134 140 149 148 143 138 138 135 129 138 151 160 162 157 146 143 150 166 166 156 143 130 145 146 140 134 128 137 140 144 139 137 139 143 134 128 133 131 137 129 127 137 142 133 126 139 145 144 135 124 132 133 128 126 135 140 141 142 127 120 130 148 146 133
255 255 151 147 152 156 154 153 150 151 155 149 139 143 155 160 162 161 149 138 135 136 135 130 128 127 123 136 134 137 145 147 149 144 136 137 143 137 125 130 144 158 157 147 143 157 161 156 142 143 146 143 150 146 139 139 136 134 138 147 142 136 131 133 136 131 130 129 133 130 129 135 140 141 134 135 134 137 131 123 122 122 130 132 134 123 129 136 128 126 138 136 127 123
255 255 151 142 144 151 154 155 154 153 156 152 149 148 156 159 159 158 145 132 132 135 140 143 141 141 140 144 142 139 146 152 151 145 137 137 142 141 135 130 138 150 156 148 148 156 156 141 121 127 140 138 134 136 132 138 141 139 139 138 147 147 134 134 135 136 135 127 131 137 136 134 134 139 140 140 136 136 129 128 135 128 132 132 127 124 128 127 129 134 138 136 136 132
255 255 151 139 135 140 149 154 156 158 160 155 151 147 143 149 157 154 139 134 143 141 138 148 145 143 146 145 149 150 150 149 148 145 143 143 148 151 148 145 139 132 136 140 151 156 151 135 108 96 112 125 125 127 131 136 141 156 155 130 132 146 143 142 133 131 142 139 130 138 139 140 133 127 138 150 145 135 130 130 138 134 133 130 127 132 134 135 140 136 138 141 145 138
255 255 154 145 133 128 140 148 150 151 153 153 146 133 135 141 145 150 144 143 152 147 143 150 150 150 154 148 151 151 152 147 142 140 145 148 153 157 147 147 142 136 134 132 137 144 147 137 109 92 106 130 138 135 145 146 141 150 154 131 120 124 134 137 130 123 135 130 110 129 143 139 134 131 137 141 131 130 138 140 134 127 121 121 122 134 129 139 146 137 141 141 147 145
255 255 155 151 135 116 129 142 140 145 151 153 138 118 134 140 136 140 141 139 141 145 153 152 156 158 162 157 154 151 148 147 145 140 143 144 148 156 154 155 142 135 137 134 128 137 137 128 119 117 123 139 145 137 139 138 138 141 142 139 136 126 130 132 134 128 122 122 117 133 139 127 127 125 125 129 131 130 138 143 140 136 122 124 129 143 142 144 139 123 132 141 146 144
255 255 149 147 138 119 124 143 144 146 147 150 133 120 137 137 135 136 132 129 134 150 155 145 149 155 160 160 154 146 140 143 144 142 143 146 144 147 150 152 145 139 130 123 125 138 140 129 128 135 139 138 141 140 136 137 143 136 133 139 138 130 120 123 128 125 119 131 134 141 134 121 124 122 132 138 145 144 146 146 147 150 146 149 151 158 157 149 139 125 133 139 149 142
255 255 150 152 150 141 136 137 141 144 141 142 136 130 137 139 146 144 139 136 143 151 140 133 143 147 150 159 152 146 147 144 142 136 133 139 146 152 150 146 144 145 137 130 136 145 149 135 135 143 144 141 141 144 148 149 150 144 145 150 135 120 109 120 124 125 124 130 124 128 129 119 132 141 138 139 140 144 144 141 150 152 156 162 156 160 161 154 146 137 139 135 139 132
255 255 152 148 145 144 139 126 131 138 141 141 137 135 140 145 149 143 139 141 144 141 133 136 147 150 150 150 147 148 145 140 138 136 141 144 146 149 142 138 135 130 135 135 140 143 141 128 123 132 134 141 143 140 147 152 155 149 144 143 129 118 115 123 121 113 101 104 115 126 139 132 130 147 138 130 133 138 137 138 149 148 153 166 165 161 161 159 148 153 151 133 123 126
255 149 148 140 134 133 135 129 127 126 127 125 122 129 133 138 147 148 140 141 144 143 141 138 137 145 151 142 137 146 139 136 137 142 147 143 142 142 131 121 118 118 132 133 132 134 127 122 130 133 124 133 141 142 152 152 148 137 134 137 124 123 120 113 113 105 100 106 117 132 148 151 142 140 135 134 134 138 137 144 147 152 159 161 172 173 160 165 163 162 156 143 138 147
255 149 150 146 141 136 131 129 124 118 120 123 124 132 134 132 142 146 143 142 145 148 140 129 125 133 141 136 138 145 141 138 140 147 144 136 141 146 141 131 127 127 132 134 140 153 137 131 140 132 125 136 147 144 146 152 141 133 136 136 132 135 130 118 114 114 128 130 129 139 139 140 144 142 132 128 137 133 130 135 139 149 157 155 168 179 166 163 163 160 156 147 141 145
255 156 151 144 141 141 135 136 137 131 129 133 136 138 139 133 136 140 142 144 146 150 141 133 130 138 144 142 140 142 146 147 139 141 143 145 150 150 145 137 132 132 133 137 147 160 148 145 144 137 140 144 146 142 140 148 145 144 142 125 123 132 128 127 132 135 140 130 121 131 133 134 141 144 138 129 140 139 137 137 146 152 157 165 166 162 156 161 167 166 163 160 146 142
255 152 148 142 140 137 139 150 150 143 140 144 143 139 139 139 139 138 146 151 144 137 132 130 134 144 149 149 146 146 143 147 147 148 146 144 148 148 140 137 138 133 135 135 140 146 150 150 142 138 141 141 140 138 139 137 138 144 145 135 131 138 136 135 145 145 138 133 126 129 133 141 143 145 142 136 140 139 149 148 147 152 162 172 169 164 161 157 160 152 147 151 152 148
255 151 150 147 144 141 147 154 152 149 149 155 146 138 135 140 140 133 142 145 135 125 124 129 138 141 144 147 148 149 142 144 151 147 138 141 146 148 141 137 136 127 134 137 129 127 139 147 143 135 136 144 146 147 151 143 143 143 134 132 139 144 141 134 134 135 134 135 131 137 144 147 146 146 142 142 137 135 149 148 149 160 164 161 162 160 170 169 157 146 135 129 140 142
255 153 147 143 142 144 148 147 145 154 159 160 152 148 145 148 147 134 135 138 128 117 127 139 144 148 150 149 139 144 144 141 139 134 135 147 145 136 136 134 129 131 141 140 126 124 131 139 140 134 138 144 140 141 145 144 145 145 138 129 131 135 136 135 129 132 132 132 131 145 153 142 139 145 144 145 134 126 137 146 159 166 165 159 157 152 158 165 162 157 146 132 133 135
255 150 146 146 140 134 137 142 144 154 161 161 159 156 149 148 149 143 144 147 120 106 129 144 139 144 150 142 124 139 148 141 141 143 145 146 140 138 131 126 119 117 135 142 136 142 147 142 138 141 139 135 135 137 136 142 143 140 142 137 137 143 142 135 129 139 137 132 134 136 145 132 130 148 146 149 145 136 134 147 159 156 162 162 157 158 166 164 159 152 141 143 135 127
255 151 148 149 146 136 136 144 147 157 160 156 156 151 147 148 148 143 140 142 119 114 138 143 134 134 139 142 139 145 146 142 151 153 145 143 142 144 141 135 131 123 131 142 141 140 147 141 132 140 143 142 149 153 144 140 135 134 143 143 144 152 151 143 144 151 145 143 147 138 142 132 130 141 139 144 145 139 132 147 162 156 155 157 155 160 160 165 162 148 134 149 143 132
255 150 149 149 148 143 140 142 148 155 157 152 150 143 137 139 142 140 140 137 132 135 143 140 134 134 134 145 151 149 146 146 149 146 145 141 139 134 131 141 145 141 137 134 135 137 142 138 135 139 148 156 152 150 143 131 131 131 138 138 131 136 147 142 139 143 146 151 149 146 143 132 131 137 137 144 140 132 135 142 155 161 166 165 152 150 154 162 154 146 135 145 143 137
