example/E5 - XRays/X-ray-tomography/rastert_juap03.txt
ncols         356
nrows         356
xllcorner     -0.5
yllcorner     -355.5
cellsize      1
NODATA_value  -9999
[rows 42 to 83 of 356, columns 94 to 187 of 356]
158 155 163 157 156 163 168 162 165 164 159 166 168 170 159 147 153 147 152 159 157 159 161 158 164 166 165 156 155 168 162 149 154 163 163 157 148 154 167 158 161 167 164 154 143 145 149 165 161 161 158 157 162 166 156 160 164 162 161 166 169 162 158 168 165 155 159 148 120 85 99 130 138 135 137 136 136 145 153 159 165 151 148 157 147 143 141 145 148 159 162 161 150 158
160 155 162 157 153 157 165 162 163 169 170 172 172 169 165 161 161 152 155 157 155 157 158 162 166 162 165 161 151 166 165 149 153 162 167 165 149 153 168 158 159 155 165 161 150 151 153 158 161 168 160 159 159 169 167 159 162 160 164 163 153 150 155 166 165 158 163 147 114 95 116 131 133 133 131 135 137 142 152 162 160 154 154 156 150 152 149 145 156 161 159 159 154 161
161 157 164 163 150 150 161 166 167 164 168 172 167 160 158 158 159 145 153 159 153 153 159 166 164 157 156 163 151 157 162 154 158 159 157 161 153 153 169 158 157 157 162 167 156 151 154 152 156 166 162 162 149 162 170 164 169 160 164 165 151 152 166 162 159 167 168 152 122 120 139 131 134 136 120 125 139 143 149 157 153 156 159 146 147 157 153 147 157 160 163 163 159 161
162 157 156 163 155 147 154 161 173 166 155 160 165 162 154 151 156 144 155 160 159 162 162 162 159 163 155 156 148 146 159 162 155 152 153 156 152 154 164 157 155 166 163 166 158 154 157 157 158 162 157 157 150 163 173 165 162 160 161 154 152 153 165 167 161 160 158 146 133 134 149 141 140 136 117 120 139 142 146 148 148 159 154 138 149 156 156 150 152 164 166 162 167 161
162 164 156 155 160 155 153 149 166 171 158 153 161 166 155 152 159 151 157 153 163 173 164 158 154 160 155 152 146 147 152 161 163 152 144 153 154 153 156 160 157 166 166 166 161 157 163 159 154 164 159 154 158 165 168 167 160 160 155 144 151 151 154 160 159 152 150 138 147 144 147 149 140 136 129 127 134 139 141 143 149 155 148 143 158 162 155 150 156 172 170 162 170 161
158 161 162 153 156 149 147 142 150 161 160 158 160 160 155 156 158 152 161 155 156 168 163 154 157 160 158 151 141 157 156 157 167 154 138 148 162 156 154 161 162 157 165 170 165 161 170 162 143 163 168 159 162 158 154 162 164 159 152 148 149 151 148 151 151 153 150 137 147 144 141 150 136 129 129 130 138 142 138 142 146 145 152 147 151 159 150 144 159 169 165 169 171 164
161 151 157 152 151 152 153 151 141 143 152 157 160 158 157 158 160 152 159 162 154 158 163 157 158 161 161 150 142 154 146 151 161 154 145 146 157 161 158 154 164 163 160 158 159 163 168 161 149 154 165 163 163 163 156 158 163 156 151 147 132 126 128 137 133 148 148 143 144 141 141 151 140 134 131 132 142 142 141 145 145 148 155 158 154 148 150 145 151 160 158 169 164 160
157 153 157 156 150 151 154 156 147 148 160 160 164 161 161 164 159 159 161 160 155 156 162 160 161 164 162 156 149 151 146 148 152 152 148 147 152 156 159 159 163 167 156 151 157 163 167 162 161 157 161 163 158 164 160 148 153 160 158 146 119 96 108 121 102 123 140 148 146 144 147 151 142 143 134 133 144 140 143 147 148 153 151 157 161 146 147 151 154 157 152 165 163 154
159 154 157 158 152 150 155 152 149 163 169 160 168 163 161 162 153 158 159 156 154 152 165 165 154 159 161 163 152 152 152 152 151 141 135 146 159 157 155 165 164 163 158 161 158 159 163 167 162 156 152 156 159 163 158 153 152 153 151 138 119 102 106 118 106 111 133 140 154 155 143 148 145 147 143 140 147 153 147 146 145 149 156 155 155 147 147 158 160 156 145 161 162 150
166 156 153 154 155 155 157 153 151 161 169 160 168 164 167 164 155 156 152 153 154 154 161 167 162 157 151 151 149 153 148 153 154 142 133 144 158 163 156 160 163 164 161 171 166 156 154 165 154 150 147 156 166 167 160 166 159 148 147 139 129 128 126 123 121 112 131 135 141 153 151 149 145 154 147 145 145 157 148 149 152 148 160 161 154 154 158 161 149 137 140 149 149 158
163 158 153 157 156 157 157 151 153 152 157 161 161 161 165 167 162 158 149 148 155 159 155 156 163 158 146 149 152 150 141 149 155 155 146 146 151 157 159 161 165 169 159 163 166 161 154 168 159 153 153 163 159 163 163 162 157 146 149 149 145 136 137 139 139 129 132 129 124 136 137 137 138 152 146 145 142 146 144 148 153 149 153 153 150 155 166 160 139 121 132 140 147 159
164 158 154 158 154 158 170 160 153 145 138 151 155 161 162 162 162 154 152 152 148 149 153 152 158 165 148 141 150 146 144 147 140 153 149 140 145 159 165 162 158 165 157 158 160 160 151 162 164 153 151 167 160 152 162 167 158 140 139 145 151 143 140 152 150 140 129 116 112 121 118 124 127 137 143 139 136 140 155 157 152 154 155 144 151 159 166 159 150 140 144 146 152 159
161 163 160 157 153 155 172 168 155 153 145 154 159 161 163 158 160 157 157 157 145 145 153 153 151 155 145 143 152 147 152 160 148 156 149 146 154 156 163 162 155 162 161 164 158 151 144 145 158 162 149 155 156 143 155 157 147 145 145 143 148 151 139 156 159 149 140 135 127 123 122 128 130 135 146 142 145 147 154 149 147 156 155 140 151 159 154 150 159 144 145 158 159 156
162 164 154 148 146 147 156 161 155 156 160 162 158 160 162 156 156 155 161 164 147 145 153 156 146 143 147 153 152 147 149 154 154 158 143 142 162 156 151 159 158 164 159 164 160 151 147 138 149 160 148 148 150 140 147 146 147 153 150 149 151 154 141 154 158 148 152 161 154 148 147 140 141 140 136 140 149 151 136 128 134 148 150 147 150 157 150 140 153 143 141 158 161 153
165 166 157 153 155 160 154 153 151 150 164 165 156 158 157 160 161 162 154 155 156 155 150 155 146 151 144 155 151 144 160 159 150 153 147 135 148 152 144 156 162 164 154 161 162 157 158 143 150 154 146 151 149 137 141 149 156 152 142 156 155 144 143 153 159 153 156 155 158 160 158 155 147 145 130 137 139 137 114 108 127 141 146 143 150 152 152 147 153 153 144 148 153 154
159 159 164 161 158 164 155 150 146 143 157 164 158 157 151 153 155 170 161 151 162 164 155 154 150 158 143 151 151 139 160 163 155 157 156 141 146 153 147 155 166 165 155 163 166 157 163 147 152 157 154 147 141 142 141 140 147 155 150 154 148 146 150 159 159 160 165 158 160 166 168 165 152 148 134 137 128 125 119 112 135 149 143 137 154 155 151 155 153 162 157 145 144 152
159 151 151 155 150 152 158 160 153 142 154 153 146 142 145 152 151 167 167 154 161 162 162 159 152 152 147 157 152 137 151 153 164 167 167 150 150 162 157 157 170 169 159 166 166 159 162 158 156 156 160 149 145 150 148 144 150 161 153 149 152 151 146 167 170 159 159 163 163 161 167 164 155 152 139 136 121 120 135 136 137 146 141 144 163 161 149 161 163 164 163 148 147 147
153 151 153 156 152 151 156 157 156 147 159 155 150 151 149 162 161 165 171 157 155 166 167 157 157 155 145 153 155 149 149 147 159 156 163 161 155 161 158 150 160 170 163 161 164 164 155 159 160 159 163 150 146 159 154 148 149 155 155 149 154 150 149 165 171 161 148 168 172 153 150 159 164 163 147 134 128 131 138 145 140 145 147 148 153 153 158 169 167 161 159 152 161 159
157 160 163 159 158 163 158 153 154 153 155 152 147 157 156 161 159 154 159 158 152 162 166 155 151 154 144 145 147 154 151 151 153 146 160 162 154 158 158 151 163 165 160 162 162 165 152 149 159 159 161 157 150 156 150 147 150 157 155 144 150 155 159 165 173 163 153 161 165 153 156 153 164 161 146 142 145 143 143 152 157 154 148 144 143 147 152 169 163 151 156 159 155 160
163 158 168 162 157 169 161 151 149 143 139 146 144 148 162 168 161 154 159 162 160 160 158 157 153 152 151 153 147 153 152 153 154 148 162 166 157 156 151 147 163 162 155 159 154 154 154 150 155 157 158 159 157 151 152 155 157 162 159 142 146 168 160 153 176 168 164 153 165 167 163 151 149 139 141 153 150 146 149 161 168 160 147 143 148 149 153 169 160 153 159 156 144 154
161 153 164 168 157 166 162 142 127 116 120 130 146 153 159 160 162 170 167 158 159 157 149 154 154 145 153 153 146 154 156 153 156 154 155 162 167 163 156 147 156 167 161 156 158 151 147 154 149 150 151 155 161 143 151 166 163 158 166 158 157 169 157 144 164 158 158 147 161 164 158 153 149 123 135 156 152 149 148 158 154 154 150 151 159 159 154 161 151 149 155 152 151 156
158 155 160 165 164 165 160 143 123 106 110 118 138 148 152 149 156 162 161 162 166 163 150 154 160 140 145 151 145 151 150 149 151 150 147 151 164 154 154 160 153 158 162 155 150 150 139 149 146 140 148 154 160 140 136 152 163 153 157 162 160 156 154 148 149 148 147 141 152 162 164 158 147 120 133 151 153 148 151 158 152 157 155 156 165 164 151 155 153 158 161 155 153 153
165 157 155 158 166 176 168 148 123 111 120 136 150 154 158 156 159 156 157 160 166 164 153 159 170 151 142 153 154 156 152 149 148 154 155 144 158 158 146 160 158 153 154 154 148 141 121 120 125 122 146 152 151 144 145 148 161 152 145 157 165 152 151 165 157 147 142 135 146 159 158 158 155 129 126 134 145 154 161 158 160 159 154 152 165 160 151 153 155 163 161 155 155 159
170 156 151 151 157 171 171 162 136 130 141 153 173 172 162 157 158 156 158 161 162 167 155 158 160 153 150 151 156 164 162 154 152 151 154 145 157 172 156 158 161 154 152 152 145 122 110 100 96 103 124 130 136 140 153 149 161 157 150 167 169 154 145 157 154 147 147 136 136 146 141 152 166 149 128 117 123 145 156 152 159 156 161 162 168 159 145 150 159 166 162 158 161 164
171 161 156 153 156 167 163 161 154 147 155 159 173 168 164 164 159 161 158 161 155 159 157 161 154 141 149 148 148 157 158 157 157 151 159 150 149 167 162 168 159 144 143 138 117 94 91 80 77 101 121 125 132 137 141 142 157 146 137 147 145 144 143 143 141 147 158 137 125 140 146 154 164 160 142 125 119 124 138 147 147 149 155 162 168 152 141 156 164 164 158 154 161 163
173 167 159 152 157 164 154 149 151 144 151 151 159 164 172 179 167 156 151 151 153 157 162 164 160 148 155 143 142 152 163 165 162 154 157 154 146 158 165 176 162 148 148 127 99 85 70 53 70 102 124 137 139 136 128 133 139 127 122 128 126 128 137 138 126 138 153 123 107 131 147 153 156 157 145 128 124 110 127 147 143 153 155 158 159 151 146 160 164 157 150 154 159 164
165 170 165 158 162 165 158 154 158 154 159 150 152 159 159 174 173 159 155 155 163 166 171 169 154 145 157 144 146 149 149 160 162 158 157 158 160 159 159 172 158 150 160 135 116 108 78 58 75 107 123 141 146 126 113 110 102 98 96 114 120 122 129 130 121 134 136 109 106 128 141 156 157 155 145 135 136 102 119 148 150 159 154 157 149 153 154 162 163 159 161 160 159 166
166 165 165 163 162 170 161 151 154 157 164 155 158 164 157 165 166 163 161 164 168 161 166 163 146 150 153 146 155 159 151 164 163 162 157 152 167 169 158 161 154 147 155 135 121 123 97 64 75 104 117 134 139 117 104 87 78 77 76 111 130 124 131 135 136 138 130 112 124 139 147 162 169 170 161 157 147 104 112 141 157 158 156 162 153 154 158 160 159 159 167 170 170 163
160 160 162 167 159 159 153 143 140 148 159 152 156 166 165 174 172 165 153 156 167 166 162 158 147 152 144 139 158 161 155 165 167 166 159 159 157 159 155 151 146 134 139 135 122 120 110 88 88 104 123 144 141 128 124 102 87 92 87 104 117 111 123 137 142 135 134 132 148 154 153 154 159 168 164 158 139 112 116 128 152 155 157 159 157 162 167 163 155 158 164 162 166 169
151 164 160 167 166 160 158 150 145 155 161 152 154 154 157 162 164 169 158 158 161 163 159 162 158 153 152 145 161 163 151 161 156 161 158 163 160 155 155 145 140 134 128 123 122 128 120 107 105 116 138 152 142 140 138 128 108 109 101 82 90 95 106 131 140 134 143 152 159 162 167 164 161 165 163 157 140 123 119 123 143 153 160 156 155 158 166 163 153 163 163 157 158 166
135 159 162 165 164 168 166 154 144 154 167 164 161 154 166 165 160 163 162 170 163 163 157 168 170 158 156 151 153 164 159 161 153 158 162 158 166 155 161 162 144 135 115 106 120 141 135 127 120 130 145 152 149 157 145 145 139 124 123 105 103 106 116 134 143 136 146 159 155 156 167 171 164 149 150 151 133 118 127 135 147 155 159 154 152 152 152 160 160 167 164 160 161 163
115 134 156 161 164 174 171 167 160 154 173 177 174 163 163 158 151 149 162 169 154 159 159 168 173 162 156 156 158 164 170 168 158 157 169 157 170 162 160 179 151 131 112 101 127 155 150 147 145 144 152 160 155 163 156 158 165 149 149 136 119 127 135 142 147 140 151 161 152 155 163 161 160 154 158 142 116 111 130 145 148 140 145 158 163 167 149 156 169 168 160 155 154 160
131 129 154 150 160 179 174 167 163 152 174 171 167 167 160 160 156 150 160 162 153 155 150 155 167 165 155 151 156 158 160 170 162 154 159 158 164 165 156 174 156 144 136 129 149 156 149 151 153 152 160 166 155 158 156 158 168 161 157 148 130 139 148 146 149 144 157 165 149 154 160 146 152 160 165 150 136 135 136 140 130 131 145 162 170 168 156 159 166 161 162 167 152 157
155 145 146 148 158 171 168 159 173 169 176 169 166 173 171 171 168 158 146 150 159 153 146 150 161 163 151 150 152 161 162 165 157 157 154 161 160 156 159 175 167 154 145 145 159 159 155 153 152 155 159 163 163 166 161 156 172 166 155 160 153 153 164 156 155 157 160 158 157 151 150 151 160 162 158 157 162 155 149 145 135 139 154 157 158 155 159 161 161 157 160 165 163 166
158 151 140 145 158 163 164 151 163 169 162 163 163 164 171 165 160 163 154 151 161 157 159 161 164 167 153 151 155 164 161 162 154 150 149 164 170 155 154 168 165 156 151 150 152 156 151 147 159 165 163 170 170 171 166 158 169 166 156 162 153 150 158 157 158 158 158 155 152 141 144 150 147 152 152 149 151 142 140 149 144 144 149 148 156 158 159 151 159 162 167 158 156 162
164 155 143 138 154 155 158 158 160 170 167 165 170 170 169 159 156 160 159 162 167 158 160 159 166 166 154 150 163 163 157 163 160 149 154 162 177 173 151 155 163 157 156 158 158 157 149 145 161 173 172 171 169 170 164 163 167 171 168 165 146 143 152 157 161 157 151 162 155 132 129 129 122 134 149 153 143 149 149 151 149 144 139 136 148 154 162 154 157 164 168 151 151 153
166 163 157 146 152 155 155 163 162 163 169 161 161 172 172 165 165 164 157 161 160 150 148 146 160 158 158 159 169 172 162 156 157 161 165 151 165 185 160 152 160 163 159 158 158 158 156 152 158 168 172 168 162 158 159 165 163 172 167 165 149 121 133 150 155 161 152 157 159 137 123 106 102 114 140 156 149 161 154 143 145 144 148 144 152 158 163 163 157 164 157 131 152 148
166 166 165 155 156 155 153 157 161 159 154 157 158 159 176 176 165 161 162 163 160 158 146 136 142 135 157 168 162 167 157 138 150 167 177 163 159 169 165 164 160 160 159 163 160 156 161 159 155 162 163 160 167 158 159 174 168 175 165 146 133 101 116 141 150 165 157 151 156 144 136 114 108 115 140 155 148 157 156 141 139 143 151 145 153 162 154 164 156 150 130 110 153 152
166 163 167 157 159 159 159 161 157 156 152 157 162 145 154 164 164 155 158 164 163 164 161 153 145 142 160 171 162 161 159 151 155 163 180 181 166 157 157 161 167 160 147 154 164 155 160 159 158 168 159 155 171 163 152 175 171 164 164 147 141 123 135 149 151 161 155 155 156 144 139 128 128 130 145 158 153 156 157 144 137 127 123 127 152 169 152 155 153 142 129 126 155 145
162 155 161 167 169 162 163 159 159 161 160 157 151 140 143 151 165 166 160 160 159 160 158 159 159 160 160 170 161 151 159 163 160 166 176 179 165 157 163 166 164 154 154 154 165 162 156 161 161 158 154 148 158 157 151 167 175 157 159 156 157 153 151 152 155 151 157 162 158 146 143 135 127 132 143 159 156 159 160 152 151 131 123 133 144 160 152 148 156 151 143 145 154 156
165 162 157 162 169 163 169 164 163 162 164 165 148 143 151 152 158 170 163 156 154 170 164 152 157 162 160 178 171 157 156 169 163 156 163 171 161 153 171 171 157 149 155 160 161 166 169 174 162 154 161 144 151 157 155 161 173 164 160 160 154 149 149 144 146 141 159 162 154 144 152 144 130 140 150 155 151 157 159 151 159 154 148 141 139 155 153 147 160 149 146 153 151 162
167 169 156 150 164 166 166 164 158 154 152 157 148 137 148 154 152 161 159 152 158 167 160 155 148 166 162 173 170 160 160 165 160 154 165 170 166 161 165 162 161 163 159 153 158 165 166 169 154 161 169 153 156 157 164 165 164 160 157 161 160 151 160 139 128 135 159 164 159 145 151 154 149 144 159 157 152 163 168 159 156 161 159 133 134 154 154 152 146 133 151 157 152 161
