example/E5 - XRays/X-ray-tomography/rastert_juap29.txt
ncols         356
nrows         356
xllcorner     -0.5
yllcorner     -355.5
cellsize      1
NODATA_value  -9999
[rows 294 to 335 of 356, columns 188 to 281 of 356]
164 174 175 174 177 174 174 169 152 120 122 144 148 146 151 159 148 131 136 138 132 134 149 161 156 153 137 120 137 156 155 154 155 160 159 151 145 132 118 112 131 137 135 140 143 151 148 136 124 119 117 127 137 146 140 136 140 138 146 160 157 148 132 131 145 145 140 131 131 121 122 131 139 137 132 134 137 131 130 129 131 138 136 133 142 153 157 156 156 152 150 149 146 132
155 162 165 164 170 165 165 159 141 126 133 144 153 150 147 158 155 144 136 135 140 138 142 154 152 143 132 119 138 153 143 140 147 153 148 146 143 140 128 120 135 134 131 136 141 142 147 143 131 128 125 124 136 148 148 143 142 137 137 145 152 148 142 144 155 153 140 137 136 131 131 138 136 135 133 129 122 108 94 101 119 140 147 146 148 154 152 141 139 143 150 147 143 142
155 156 158 157 161 159 156 145 135 137 147 150 150 150 147 149 154 156 146 139 148 147 143 150 144 137 141 141 145 146 132 124 136 157 146 133 131 135 129 127 140 134 128 130 133 137 138 137 140 137 133 123 131 142 143 137 135 125 122 129 146 152 160 162 155 153 140 136 140 140 141 144 137 136 138 127 106 93 87 94 118 144 148 149 150 152 148 134 133 139 148 149 146 146
153 157 161 159 159 154 144 136 136 143 142 143 146 151 152 146 150 156 158 152 145 149 150 151 142 143 151 152 145 141 130 118 132 149 144 125 125 135 130 132 144 139 131 132 134 136 138 138 145 143 136 134 132 138 137 132 134 120 111 122 144 154 158 162 157 156 153 150 150 143 145 148 139 143 147 141 118 104 105 111 129 143 146 147 142 144 149 147 144 145 145 147 150 153
145 151 155 154 159 153 138 134 145 154 140 138 145 150 149 147 153 157 163 157 139 143 151 146 143 150 149 147 146 142 134 126 137 146 141 128 134 146 141 140 152 146 135 136 140 140 143 139 140 141 135 140 137 143 136 131 131 120 112 128 148 150 144 145 146 152 156 153 153 144 142 145 144 151 154 150 129 116 118 124 132 132 131 135 137 138 145 159 158 153 155 155 153 158
147 157 158 156 160 156 144 137 142 148 145 138 145 151 147 150 155 158 162 160 143 137 145 138 139 148 149 147 146 142 136 122 130 142 145 138 141 151 149 145 147 149 144 143 145 144 142 141 143 143 135 139 139 141 136 128 123 122 127 143 152 149 144 150 151 150 157 155 150 143 140 141 144 153 154 144 121 110 120 131 131 125 121 130 140 150 152 160 161 156 157 166 164 160
148 156 157 155 157 161 159 151 139 135 142 140 146 154 155 158 156 153 154 154 147 136 142 140 141 147 150 147 140 143 135 119 131 143 150 147 144 150 147 147 150 150 144 145 147 146 141 139 141 149 147 147 144 137 136 131 125 126 136 146 150 144 147 161 163 157 161 160 152 145 140 136 142 147 139 124 102 99 117 132 135 129 125 141 152 157 160 159 160 160 160 164 165 165
139 144 150 145 144 155 161 157 146 139 150 149 150 151 154 160 159 151 146 149 148 142 146 141 143 146 153 153 139 140 138 135 144 146 148 145 143 143 145 152 160 156 146 141 143 147 146 135 133 139 139 146 145 139 136 130 129 128 132 136 145 142 146 158 163 158 159 161 153 145 143 133 135 135 124 111 99 106 124 131 135 135 137 147 161 160 162 163 157 159 161 161 159 165
133 131 141 147 147 155 160 157 153 148 152 149 151 149 144 155 159 152 144 147 150 139 141 142 149 148 156 162 140 131 133 134 142 142 143 139 133 133 138 146 155 153 141 135 132 133 141 137 133 136 128 133 139 137 134 126 128 128 131 139 148 144 143 150 161 164 151 150 152 147 149 145 139 129 123 119 119 126 139 134 133 132 139 148 156 162 165 167 161 159 159 159 159 162
142 141 145 151 154 159 158 147 143 146 150 148 151 149 148 154 157 150 146 150 149 127 127 144 152 149 152 153 138 130 133 130 136 137 129 128 129 133 135 140 145 149 140 130 123 115 127 135 137 143 134 130 135 133 132 130 128 129 128 142 146 146 140 142 151 157 149 144 151 154 156 159 151 136 128 128 134 139 146 139 134 131 133 147 155 158 166 167 163 161 160 161 162 163
149 148 152 150 150 158 158 148 144 149 154 151 154 151 149 151 146 142 141 142 143 129 127 146 149 151 156 149 141 139 141 129 132 142 134 130 136 148 146 144 145 146 143 136 134 123 127 134 137 142 141 141 142 141 142 146 141 135 128 137 139 138 143 147 154 156 150 148 155 157 159 166 160 147 139 136 139 142 141 140 132 132 138 148 160 162 162 165 163 163 162 162 165 164
146 145 150 149 149 155 151 150 153 153 155 155 158 155 150 151 143 144 143 143 143 144 155 157 150 152 158 148 141 144 140 125 132 146 147 139 138 151 154 147 141 141 144 142 146 143 143 134 135 141 136 143 149 151 156 159 154 142 133 135 136 132 141 148 157 158 155 155 161 162 161 164 156 141 139 137 143 148 144 139 131 127 139 156 167 169 158 158 158 162 163 162 166 162
141 142 146 146 145 148 142 143 149 151 150 147 150 156 151 150 145 146 145 148 149 152 158 155 149 153 150 139 142 143 137 128 137 146 148 143 137 142 149 139 132 137 147 145 148 147 145 136 136 144 145 150 153 157 162 160 156 151 140 134 133 127 138 143 148 161 158 156 159 164 168 166 155 140 137 139 143 152 149 142 143 138 148 167 174 173 163 156 155 160 165 162 164 158
144 142 143 142 141 149 147 144 148 150 149 145 145 152 154 150 144 141 142 144 143 146 148 146 144 147 146 140 145 150 144 136 141 144 145 144 141 139 144 136 126 132 142 140 140 141 139 139 142 144 152 157 155 158 166 166 158 157 145 141 133 120 128 141 146 156 155 158 161 162 169 165 159 147 141 141 143 147 153 152 153 156 163 171 171 167 167 160 156 161 165 161 162 162
152 146 140 146 154 156 150 139 139 141 148 144 150 156 155 151 152 150 142 132 129 135 140 139 138 140 144 138 141 148 149 147 146 145 147 145 144 138 141 141 137 139 138 135 131 138 142 146 144 137 146 155 157 159 163 164 154 157 151 148 138 124 123 131 142 148 148 154 163 163 167 166 163 155 150 149 152 149 155 163 163 166 164 169 173 167 165 165 158 163 165 161 161 167
152 152 146 154 161 153 149 140 136 137 143 142 152 156 152 146 148 153 146 139 141 144 142 138 141 145 143 136 140 145 145 151 153 151 150 149 142 134 130 133 135 144 145 143 137 139 147 154 147 135 141 151 154 159 160 164 158 155 154 152 146 135 131 136 143 144 139 150 159 159 158 162 164 158 159 160 161 155 157 161 166 170 163 163 168 168 166 166 159 159 164 163 161 164
149 146 145 153 153 148 147 147 148 150 147 146 155 158 149 143 144 148 143 146 152 154 153 143 138 141 138 134 138 143 141 145 153 155 156 154 146 141 136 132 131 145 150 147 143 146 154 157 148 143 143 145 149 148 156 159 156 154 151 147 145 141 139 139 141 143 137 140 145 149 152 153 153 154 160 162 164 160 162 158 159 166 164 164 170 166 158 160 165 165 163 165 166 163
156 151 145 149 150 143 138 141 146 154 155 151 156 157 155 152 151 150 143 145 148 154 155 144 129 122 129 135 137 142 146 145 146 153 155 150 146 148 149 146 146 147 148 145 143 151 157 157 144 145 149 142 141 140 147 152 152 151 149 144 137 137 139 139 139 146 145 147 144 144 148 154 153 151 159 163 163 163 162 161 159 163 161 165 170 169 163 161 167 173 172 169 171 168
158 156 150 147 148 139 141 147 147 154 155 152 159 161 161 162 162 158 151 154 150 149 151 142 124 109 126 142 144 151 150 142 141 149 151 144 139 146 152 153 154 145 141 135 137 144 149 148 138 136 139 136 138 139 141 141 143 147 149 147 139 134 137 137 137 144 148 151 150 146 147 156 158 160 163 168 166 165 161 162 160 164 166 168 170 170 166 166 171 170 171 170 172 173
160 156 153 150 150 142 144 143 144 150 155 157 160 162 162 164 170 166 155 158 155 148 150 145 127 111 128 143 146 158 155 147 149 152 151 142 141 144 152 157 154 147 138 129 133 141 145 149 144 138 138 141 139 143 143 143 145 147 148 146 140 138 137 137 142 144 147 150 152 148 147 152 158 162 164 168 169 168 168 165 165 161 163 167 165 161 164 165 171 169 167 172 180 179
157 153 154 156 156 149 145 139 149 155 155 160 161 159 159 164 171 167 160 160 160 156 153 151 141 127 137 151 154 160 155 155 159 155 154 143 139 137 148 156 149 143 144 137 138 143 145 156 153 142 142 150 150 150 145 144 146 148 144 141 143 145 142 138 141 144 144 147 152 147 148 155 158 159 162 163 169 168 169 167 165 166 163 165 163 159 160 162 165 163 171 181 184 183
151 147 152 158 155 150 152 149 158 167 163 166 159 157 163 169 170 167 162 163 166 168 162 153 148 142 151 162 166 166 156 155 162 161 154 145 131 122 132 147 144 142 145 139 144 147 145 150 148 141 139 142 148 149 144 141 144 145 145 141 150 151 145 137 134 135 139 143 150 149 151 161 161 159 160 159 164 168 165 166 163 166 166 163 163 161 161 162 161 157 164 179 184 184
150 149 152 155 154 149 157 158 165 171 166 168 160 160 166 167 170 168 163 170 171 171 173 163 155 150 153 164 169 167 154 150 155 160 156 149 137 125 128 135 141 145 142 134 142 146 142 145 143 138 140 139 144 153 149 146 148 147 149 145 146 148 146 137 132 124 129 133 135 146 152 158 161 163 159 157 156 161 164 166 165 164 168 164 159 157 158 164 159 159 161 172 180 182
151 158 163 159 157 155 161 160 163 169 166 164 163 163 168 169 169 169 166 174 173 171 175 167 160 155 156 164 166 167 156 148 146 156 157 150 150 145 142 139 139 146 143 137 140 143 143 144 151 149 142 140 146 154 154 152 150 145 148 147 144 143 145 138 132 131 133 129 126 137 144 148 153 164 162 158 161 159 163 168 168 167 169 169 158 154 160 164 162 162 163 168 173 174
156 161 167 166 163 161 165 165 168 171 169 170 168 161 164 167 167 166 168 173 175 172 169 163 157 154 157 165 169 167 162 153 145 149 153 147 154 153 146 144 144 146 147 142 139 136 141 142 150 152 142 139 150 153 149 151 153 143 139 141 143 141 142 134 126 130 135 133 130 134 137 141 148 159 164 161 165 164 162 167 167 166 165 167 159 154 157 163 166 164 165 164 168 168
160 168 174 170 167 165 168 168 172 170 167 171 172 169 170 169 163 164 170 170 173 174 168 161 158 157 157 163 167 165 165 159 156 152 148 138 147 149 141 146 151 150 149 141 135 133 143 146 145 148 144 140 148 149 145 145 148 151 146 144 142 141 137 128 123 118 123 128 132 137 139 143 153 158 166 168 166 167 164 163 164 166 164 161 158 155 156 158 162 161 162 163 163 163
164 172 174 170 170 170 167 169 174 170 163 169 175 173 174 175 166 165 168 171 173 173 171 162 159 155 156 161 161 160 159 152 151 149 143 123 134 146 141 149 155 147 144 140 134 132 135 141 144 147 146 148 154 149 145 145 148 157 157 154 144 140 135 123 118 108 108 131 138 139 141 148 157 157 163 173 168 162 161 161 162 161 162 159 153 153 159 159 159 166 161 159 160 160
167 170 169 170 168 168 165 171 178 174 165 166 175 174 171 175 168 168 172 176 168 167 170 164 158 151 154 165 163 161 156 146 143 143 136 113 121 141 144 152 158 151 141 141 142 135 124 127 138 146 146 144 152 153 152 147 148 156 158 160 148 137 132 118 107 103 109 134 142 131 130 140 149 153 159 170 170 161 157 158 160 160 157 156 149 155 158 161 158 165 169 162 255 255
167 171 171 170 164 163 161 169 176 173 168 162 168 171 168 167 165 172 174 177 168 166 168 162 160 152 151 163 158 157 155 147 142 144 134 110 111 131 143 150 155 157 150 154 154 143 128 122 134 143 148 138 142 149 154 150 149 157 158 163 156 149 141 121 102 102 124 142 144 129 123 127 137 151 164 167 165 162 161 157 157 159 156 154 150 156 160 161 162 162 167 255 255 255
169 172 173 169 166 168 164 169 171 167 163 156 158 169 169 164 169 175 173 175 170 170 173 166 162 155 150 153 146 148 154 151 148 148 140 117 106 116 128 139 145 151 155 161 164 156 139 127 133 137 143 140 140 149 154 151 152 158 162 169 164 160 154 124 106 111 136 145 140 132 132 134 139 147 159 167 162 159 161 157 158 160 161 154 148 154 161 160 164 164 255 255 255 255
174 174 167 167 166 168 166 171 169 164 158 156 161 169 171 168 172 176 172 173 172 171 170 165 161 157 151 139 131 141 149 150 148 148 145 131 119 119 119 123 133 145 153 157 159 163 154 141 142 142 140 143 141 146 152 154 154 161 165 169 167 160 154 129 116 127 141 141 130 131 135 144 148 148 149 155 157 153 157 157 155 155 156 155 152 156 159 162 255 255 255 255 255 255
177 176 164 166 165 162 170 174 169 169 166 164 169 172 173 167 170 175 172 173 174 169 169 162 163 161 153 138 126 136 142 143 142 143 146 142 133 135 126 121 130 144 154 158 157 164 163 155 154 148 145 142 144 142 140 147 153 161 166 169 166 162 151 136 131 147 149 142 128 125 129 144 150 147 147 150 152 150 153 159 157 152 151 157 157 159 161 255 255 255 255 255 255 255
172 172 164 163 159 158 174 175 172 171 169 166 168 169 170 169 173 171 171 174 178 170 167 169 166 166 164 149 139 143 143 146 136 133 141 145 143 149 145 134 133 140 154 160 160 156 156 156 156 154 150 149 144 139 131 136 150 161 170 175 171 162 150 142 141 149 156 153 142 132 130 142 142 133 142 150 151 150 150 157 160 154 151 152 153 255 255 255 255 255 255 255 255 255
170 172 172 166 157 158 173 171 172 172 170 166 163 163 169 171 175 170 172 174 178 172 168 167 166 167 170 159 151 152 149 153 144 133 138 143 146 153 156 142 136 131 146 156 161 153 151 153 152 155 154 152 141 137 130 129 141 158 171 178 174 161 144 141 143 147 156 156 150 143 135 134 126 109 124 147 149 148 148 154 159 158 151 255 255 255 255 255 255 255 255 255 255 255
173 176 175 172 168 167 169 169 171 172 173 171 171 172 173 172 176 171 173 177 177 169 166 163 162 168 172 165 156 150 144 147 152 141 140 143 146 150 155 146 135 128 142 155 159 157 153 154 154 152 155 155 148 140 138 130 129 147 164 173 172 162 144 141 143 143 147 149 144 145 134 122 114 103 112 138 146 151 150 153 157 161 255 255 255 255 255 255 255 255 255 255 255 255
173 178 174 173 176 172 169 171 170 169 173 168 171 173 172 175 177 174 174 178 175 172 167 166 161 164 169 167 162 153 140 135 147 144 146 143 146 150 153 150 139 135 138 145 151 157 157 155 159 156 154 156 154 151 148 129 120 132 157 166 166 158 148 146 151 145 139 141 140 142 132 118 112 111 118 137 144 154 161 159 255 255 255 255 255 255 255 255 255 255 255 255 255 255
173 180 175 172 172 167 173 171 167 169 173 165 171 175 172 179 175 172 170 174 172 168 166 168 171 169 166 169 169 160 145 136 144 146 148 142 146 151 150 152 146 144 139 139 142 150 156 158 164 168 164 161 160 160 153 133 127 132 152 160 157 150 147 149 154 150 139 136 139 139 130 124 119 121 130 142 147 148 255 255 255 255 255 255 255 255 255 255 255 255 255 255 255 255
171 178 175 173 167 163 175 170 165 168 171 170 176 176 171 181 174 164 162 172 175 165 163 165 175 175 171 173 173 164 156 148 147 146 145 145 145 147 151 157 151 149 142 142 145 149 152 155 163 169 171 166 164 165 159 138 133 138 146 153 148 142 146 151 152 148 143 142 143 143 134 129 128 125 135 142 147 255 255 255 255 255 255 255 255 255 255 255 255 255 255 255 255 255
170 175 174 171 165 163 174 176 169 168 168 171 175 178 175 183 175 166 166 173 180 174 166 165 173 172 172 179 172 162 160 154 150 143 142 143 141 147 152 161 158 154 153 154 153 158 155 153 162 166 167 165 164 166 159 147 142 144 146 151 154 145 147 152 150 144 143 146 150 147 143 141 141 135 135 255 255 255 255 255 255 255 255 255 255 255 255 255 255 255 255 255 255 255
168 172 172 173 166 166 171 172 172 172 168 169 172 179 179 182 176 168 168 171 180 174 161 163 172 168 168 176 172 161 161 157 149 140 136 143 138 142 156 160 157 159 158 161 160 161 158 149 155 158 160 161 161 161 153 148 151 152 156 159 160 158 151 152 149 147 144 139 149 145 141 149 150 255 255 255 255 255 255 255 255 255 255 255 255 255 255 255 255 255 255 255 255 255
167 170 169 172 168 168 169 168 166 173 173 173 177 182 180 179 176 171 169 169 171 163 156 159 172 171 172 175 172 166 165 166 160 145 134 138 139 138 150 150 144 150 152 155 161 162 161 147 145 144 143 151 156 152 149 152 160 159 160 169 164 166 157 154 154 153 144 133 141 144 142 255 255 255 255 255 255 255 255 255 255 255 255 255 255 255 255 255 255 255 255 255 255 255
167 166 174 172 167 171 173 171 165 173 179 175 177 178 178 179 178 175 174 167 163 156 152 159 175 174 175 174 173 169 168 172 168 152 135 125 130 134 143 144 142 143 150 154 160 163 162 154 144 137 131 137 148 150 151 162 169 167 159 169 170 167 162 159 160 157 147 137 142 255 255 255 255 255 255 255 255 255 255 255 255 255 255 255 255 255 255 255 255 255 255 255 255 255
