example/E5 - XRays/X-ray-tomography/rastert_juap50.txt
ncols         356
nrows         356
xllcorner     -0.5
yllcorner     -355.5
cellsize      1
NODATA_value  -9999
[rows 168 to 209 of 356, columns 190 to 284 of 356]
154 155 150 154 151 132 123 123 124 118 126 144 148 159 159 161 157 158 154 164 159 162 150 147 155 156 160 170 168 159 170 174 164 149 136 149 146 152 161 151 150 150 159 150 149 167 169 159 159 152 134 143 154 163 161 164 161 162 163 163 158 167 160 148 165 166 161 153 156 161 162 161 156 166 167 161 163 162 160 160 157 149 138 142 142 137 133 129 126 113 99 97 109 111 91
140 143 148 150 144 126 121 133 142 130 122 131 150 162 155 161 163 167 164 165 157 158 154 147 150 152 157 166 170 165 170 168 164 160 143 150 151 154 160 157 157 161 164 161 157 164 172 164 160 158 154 146 154 164 155 155 157 156 158 165 166 169 163 161 167 163 161 157 157 159 161 159 153 155 161 160 163 164 164 163 162 159 147 134 135 130 129 143 148 149 139 131 131 133 118
137 139 141 138 137 135 141 141 145 136 128 138 161 165 154 162 164 169 166 168 161 151 157 159 158 155 153 157 165 166 164 153 154 160 151 150 147 155 165 164 158 159 151 158 157 152 164 169 165 160 159 144 148 159 160 158 160 160 157 161 158 156 161 167 163 160 167 161 156 162 163 160 160 156 160 166 163 165 170 165 161 161 153 138 137 138 136 153 154 152 149 144 145 145 132
137 140 144 136 135 139 151 139 141 135 126 141 146 149 152 162 159 159 159 163 155 153 162 160 149 146 151 153 148 157 167 164 158 162 151 156 161 159 166 163 160 158 144 154 158 155 161 164 167 156 149 137 148 156 161 159 158 159 166 162 156 161 164 168 165 162 166 157 155 157 160 160 160 163 161 165 162 161 163 163 165 157 146 142 133 136 137 148 148 153 158 153 152 153 149
143 147 145 140 141 137 137 139 136 141 141 149 146 153 156 156 159 158 153 162 160 157 163 151 148 154 158 154 148 156 165 164 156 157 157 165 162 152 163 164 164 159 151 156 160 159 159 156 157 152 146 140 148 155 152 151 156 159 166 162 170 172 166 163 161 157 158 155 162 158 161 161 153 166 158 152 155 161 160 167 171 152 135 139 128 127 134 143 142 149 157 155 156 159 159
151 149 145 148 155 154 138 144 144 151 153 149 148 161 164 164 156 160 159 160 158 154 163 157 159 156 157 148 151 166 163 156 154 153 157 161 155 155 167 164 162 168 167 155 157 161 160 164 153 151 153 157 151 152 150 142 149 155 160 159 162 170 168 154 155 163 167 161 164 165 167 164 156 163 162 156 159 170 170 166 167 154 131 135 136 123 123 138 138 142 153 157 158 157 157
126 140 145 140 137 141 146 154 163 168 161 149 151 155 156 161 154 162 164 157 157 156 160 156 162 160 158 151 154 172 169 161 162 161 156 158 156 162 171 168 166 164 162 148 154 164 162 169 160 160 162 170 159 157 157 156 154 147 150 151 153 167 163 157 158 160 163 164 162 162 162 160 160 162 173 170 166 166 169 164 157 153 130 131 136 118 113 134 142 147 152 154 153 152 154
113 128 134 136 137 128 143 155 159 167 164 157 157 150 155 156 151 159 166 172 165 151 149 157 167 164 164 161 160 160 162 161 155 157 165 161 157 167 162 165 166 152 148 152 155 163 160 156 153 156 166 173 165 166 157 156 162 150 150 160 155 158 158 158 159 157 151 155 158 158 157 155 165 169 172 170 169 160 161 161 157 153 136 131 136 129 132 141 145 149 149 151 156 158 153
132 135 135 146 154 144 155 162 154 166 161 154 158 143 147 153 151 158 168 166 170 163 158 162 156 156 159 167 175 165 161 158 153 151 164 159 159 170 156 158 163 155 153 162 157 160 170 158 154 164 164 165 160 164 162 151 160 160 165 169 162 158 162 158 162 162 158 156 154 158 165 164 162 164 166 164 173 168 155 152 150 137 121 130 147 146 151 150 146 147 150 152 154 160 157
131 137 140 141 144 141 149 164 162 169 159 153 158 143 148 148 145 164 167 159 168 170 164 164 155 164 168 165 172 168 161 163 168 156 160 165 164 165 165 167 169 157 149 161 162 163 180 171 159 165 157 161 161 164 167 156 161 168 167 166 166 160 156 153 151 153 154 147 155 169 176 171 156 160 168 164 170 170 156 153 150 130 102 118 148 152 152 145 143 149 155 146 145 156 155
97 119 134 139 144 146 153 162 158 164 165 153 150 147 147 146 149 164 168 159 157 156 159 167 156 160 164 159 154 163 168 173 173 165 162 169 169 165 167 158 157 143 133 153 163 162 167 168 162 160 164 173 178 172 163 163 165 168 166 167 161 158 156 150 148 161 165 160 168 175 171 167 158 158 164 158 159 157 156 161 153 135 113 122 152 152 144 136 140 144 144 136 138 140 141
72 115 135 142 147 148 156 160 159 157 161 156 145 142 144 155 158 159 169 172 159 149 160 160 156 166 165 161 159 169 168 169 163 158 157 158 162 164 165 162 158 144 137 151 161 162 163 163 163 155 169 179 190 178 157 158 157 158 166 165 156 161 162 161 163 168 168 170 169 171 170 165 167 161 157 160 160 155 160 168 159 151 146 144 153 142 134 132 137 140 135 131 129 127 133
95 133 147 152 151 152 157 161 173 161 165 162 146 145 147 158 163 162 164 165 162 157 167 153 143 152 166 172 178 172 165 166 160 157 156 157 162 164 162 162 157 155 154 155 160 163 160 155 162 161 169 167 172 169 160 153 154 158 156 150 155 162 161 171 170 162 156 157 158 160 165 161 163 156 156 161 159 156 159 169 173 172 164 159 153 141 140 145 148 143 140 134 129 133 142
119 130 133 144 150 158 162 161 169 168 161 142 138 146 137 145 152 160 170 158 151 149 160 159 147 143 159 171 176 163 165 158 158 164 152 160 165 154 152 150 146 159 160 162 162 164 158 156 167 163 158 162 161 156 162 159 157 159 156 151 158 163 162 161 165 171 162 156 154 155 160 161 159 150 148 156 161 166 167 169 173 173 162 162 158 149 149 153 154 144 136 133 137 140 144
118 120 119 127 137 152 157 156 157 168 152 137 140 147 139 145 149 151 170 172 163 159 154 155 158 157 163 175 173 160 158 159 159 167 151 157 162 158 166 155 147 158 160 166 161 166 164 162 162 159 157 160 160 153 151 160 158 156 158 158 164 156 157 159 169 173 165 155 159 167 162 162 165 153 149 159 171 172 174 174 167 164 161 161 159 156 156 157 152 144 139 139 141 137 139
119 120 133 141 141 144 150 161 155 163 153 136 136 141 140 148 157 157 149 155 163 165 149 145 157 163 157 164 164 161 154 165 154 161 162 163 170 170 165 154 152 152 155 159 157 170 168 167 158 158 160 153 157 163 153 161 160 160 158 152 156 157 157 163 160 157 161 160 169 172 156 154 159 151 156 166 173 168 167 174 169 161 156 153 156 155 160 163 152 142 143 138 134 136 139
132 125 140 142 133 147 154 157 158 162 155 140 140 147 156 159 155 160 148 155 167 169 167 159 154 164 161 150 153 163 160 171 155 153 160 163 171 166 159 158 165 163 156 153 158 159 160 165 157 152 158 161 161 173 167 160 161 164 164 160 155 167 169 166 160 154 164 169 168 166 153 154 164 163 163 167 171 170 170 172 167 169 165 159 163 161 161 166 163 156 152 147 143 145 146
142 126 132 132 133 149 160 163 161 162 161 151 142 150 160 157 151 153 153 164 167 164 166 162 157 157 161 153 157 157 150 162 161 154 159 165 159 153 160 154 161 164 156 152 156 161 165 162 162 160 165 166 161 170 170 170 170 163 170 178 160 158 165 161 162 156 164 168 166 168 159 166 172 173 168 163 169 169 170 170 168 174 172 162 161 168 169 168 168 166 162 157 151 150 149
150 144 146 134 142 148 150 157 164 168 161 149 144 151 154 153 158 147 149 156 162 157 149 149 150 151 157 162 168 161 154 161 164 159 160 160 160 157 159 151 153 146 153 158 152 160 168 161 159 161 162 166 167 169 171 177 176 162 155 165 162 159 157 155 160 159 162 159 160 170 171 173 168 175 178 172 171 169 170 170 164 161 162 160 163 169 170 165 162 160 163 160 152 151 154
148 144 154 145 139 143 145 139 150 158 151 152 153 148 146 147 153 147 135 132 145 149 149 150 152 159 159 152 148 154 156 152 147 158 157 150 159 158 148 147 146 145 156 164 152 157 170 173 172 170 166 165 176 181 177 177 178 179 171 169 160 155 157 160 159 162 165 163 169 172 168 167 170 179 177 169 172 174 167 163 163 165 161 164 172 166 166 170 170 167 166 165 158 151 151
141 145 164 154 132 130 140 139 139 149 146 150 147 140 138 139 147 138 113 113 129 143 153 155 152 153 160 157 148 148 150 149 143 152 154 151 155 160 143 144 143 149 161 169 168 174 173 170 174 175 167 161 177 182 177 178 171 178 180 172 160 155 157 164 167 168 170 174 183 179 171 166 169 174 170 159 173 177 170 163 163 163 155 156 166 165 171 176 170 164 163 154 149 150 149
149 151 155 146 130 122 140 148 142 157 155 150 148 154 150 145 152 135 122 135 138 147 146 157 165 154 160 163 158 154 148 153 151 143 143 143 148 157 142 145 152 152 161 169 171 179 173 168 170 176 168 163 174 175 169 174 172 173 170 170 172 173 164 163 165 154 155 165 177 182 179 177 173 174 179 165 169 178 177 169 162 158 155 154 156 162 169 170 168 164 165 150 146 149 146
148 150 153 152 138 128 144 152 151 151 153 156 154 151 144 151 167 157 141 151 147 155 151 159 170 158 155 156 158 158 153 147 143 137 136 136 149 157 155 159 165 165 172 167 165 171 174 175 169 177 177 170 167 172 173 178 179 176 166 166 171 170 172 172 154 129 138 155 159 161 159 164 167 167 174 168 170 179 174 167 169 168 158 152 149 148 155 161 160 153 157 153 148 151 152
149 153 154 155 139 138 151 150 159 156 153 143 136 143 155 160 161 161 152 150 144 151 159 154 157 161 157 148 150 154 152 148 144 137 139 147 156 155 162 168 167 176 180 166 169 178 184 182 171 178 181 174 169 171 176 175 168 167 167 172 177 173 176 175 155 133 140 154 154 140 130 142 157 152 160 170 174 178 172 172 171 168 158 151 147 138 148 158 153 144 149 160 152 150 152
152 148 152 155 152 156 151 147 165 159 143 135 139 148 165 163 154 156 151 147 155 157 169 163 154 166 171 157 147 143 135 148 155 147 157 156 162 163 166 173 170 176 177 171 175 173 177 178 167 170 174 172 172 170 172 173 174 174 167 170 179 180 170 169 171 160 158 163 159 136 115 118 138 147 153 157 155 162 161 166 162 156 154 154 154 139 137 149 153 149 153 153 146 138 134
152 151 151 154 161 163 164 161 166 158 141 137 144 149 159 163 168 165 154 148 155 161 166 164 152 165 168 159 156 148 145 156 159 153 165 155 162 161 157 164 174 172 168 173 180 171 172 180 180 184 178 175 171 167 173 177 181 181 169 172 177 179 173 167 174 170 163 168 169 146 122 107 119 141 148 148 139 140 135 140 143 139 139 142 145 139 130 143 154 150 157 151 144 139 132
144 154 161 168 161 167 171 157 169 172 154 151 148 148 149 154 166 158 149 154 159 157 156 169 156 168 167 164 156 151 160 164 163 160 159 154 166 170 174 170 167 169 167 167 171 172 181 186 178 184 177 176 178 173 175 178 180 181 172 174 177 173 178 171 171 179 177 170 167 157 137 118 128 139 126 116 107 99 99 111 131 136 132 135 125 129 137 139 149 139 139 144 136 128 118
165 169 169 172 162 163 159 152 157 165 155 152 148 153 158 153 162 158 148 159 170 156 153 165 158 167 171 173 160 164 172 164 172 167 159 168 165 166 172 163 159 169 172 177 174 174 177 174 168 181 180 170 173 173 172 174 176 182 179 177 177 170 172 172 172 176 178 172 168 164 149 140 136 128 120 114 111 103 104 113 135 144 139 143 136 137 144 140 149 135 119 127 129 106 86
168 167 159 159 161 165 156 159 154 147 153 149 153 164 164 160 162 160 153 156 166 162 159 157 154 159 162 171 173 173 169 168 177 169 163 169 162 165 166 159 170 178 172 184 183 174 174 174 174 181 182 173 164 171 176 175 174 175 173 170 169 177 174 168 172 174 174 169 169 166 158 159 145 131 136 127 132 134 131 138 151 156 150 150 150 145 154 160 164 151 127 133 134 104 79
156 153 150 149 147 152 148 154 157 144 145 150 163 166 156 159 159 158 158 158 160 164 164 165 164 172 158 167 171 166 163 177 182 169 161 164 168 168 164 165 177 174 160 175 175 165 167 162 161 161 171 177 169 167 164 169 173 176 172 172 172 178 173 170 175 171 175 173 172 169 166 174 169 150 148 138 142 142 142 150 149 149 155 160 156 147 150 157 163 155 141 142 139 119 101
157 153 153 160 145 140 146 145 153 157 151 149 158 166 165 166 163 164 163 162 161 157 154 164 170 173 157 160 163 167 163 165 168 166 159 159 168 164 167 176 172 164 160 170 172 161 149 138 139 141 152 161 167 174 172 176 172 176 178 178 173 167 167 168 169 168 177 179 173 172 170 170 173 162 161 159 154 146 147 152 139 144 148 158 155 142 142 148 154 152 145 139 133 129 121
150 149 151 154 147 150 157 151 157 162 158 157 156 159 161 165 162 162 165 160 164 167 161 163 163 163 156 157 157 158 159 161 165 163 165 169 179 167 164 178 172 176 175 165 162 160 143 128 121 108 120 142 163 185 185 172 169 170 174 171 167 155 152 157 163 173 177 169 164 171 172 174 180 174 171 167 158 154 153 156 148 151 143 150 154 149 149 144 145 149 149 143 135 137 137
140 139 146 150 158 160 155 154 158 166 162 160 161 167 166 171 168 165 171 170 167 169 168 162 155 163 169 164 157 160 162 164 167 162 170 170 174 163 164 174 171 176 182 168 160 176 163 144 137 122 131 155 167 166 161 162 171 168 165 158 152 125 112 129 153 168 169 151 154 177 178 177 177 178 173 172 168 169 165 165 163 159 150 152 162 164 154 140 141 143 140 131 134 145 147
140 132 150 163 157 160 153 149 158 169 163 159 158 163 165 173 174 162 159 161 164 166 158 163 164 164 166 163 161 168 161 156 162 160 168 160 168 172 171 172 176 175 177 173 170 186 173 159 162 159 158 167 175 168 158 162 174 168 165 156 140 113 99 117 148 165 166 153 152 169 171 177 177 181 174 172 172 173 169 171 169 166 166 150 147 153 145 136 134 134 133 131 138 146 139
166 150 149 149 138 151 156 150 168 169 160 163 162 156 162 169 167 160 158 161 162 157 148 160 169 163 162 161 161 159 150 155 166 163 155 147 163 172 169 168 172 168 178 180 176 180 172 165 170 172 175 176 174 180 179 173 177 177 175 166 155 146 145 157 171 177 174 169 166 166 167 177 175 181 171 170 170 167 168 175 169 157 158 142 136 143 140 135 131 123 124 133 139 141 141
168 150 152 162 164 160 163 166 166 156 157 165 170 160 169 169 165 168 160 160 152 150 153 159 166 164 156 158 160 155 145 141 151 156 145 140 146 160 165 166 166 165 177 176 169 171 171 172 175 176 183 187 176 175 180 174 174 176 174 174 173 172 167 169 180 185 180 172 175 179 177 172 168 177 178 179 173 169 173 177 176 160 146 138 139 146 146 140 137 127 112 113 125 132 146
148 139 144 157 163 158 162 175 169 158 161 164 169 162 162 165 172 168 158 165 158 161 174 168 162 167 169 167 155 142 132 128 138 147 145 137 131 144 154 159 158 168 165 162 169 169 170 176 174 174 181 183 178 171 169 168 170 172 174 174 172 177 175 170 174 181 175 165 168 179 180 170 171 174 176 178 177 168 169 165 167 167 156 142 145 151 149 142 137 137 121 112 125 132 139
141 142 143 155 152 150 156 165 168 157 155 156 172 176 161 166 169 162 160 164 156 160 169 165 163 170 170 166 160 152 140 136 141 143 138 132 136 136 136 147 156 169 167 162 177 175 171 176 173 176 177 176 176 180 174 172 176 178 178 178 166 169 175 177 176 173 173 173 171 179 178 171 171 172 176 173 175 172 169 162 159 158 153 139 142 152 153 153 148 142 133 125 130 136 142
152 142 130 149 151 158 162 168 166 160 164 156 164 168 162 176 172 161 159 160 160 166 163 157 163 169 163 163 173 166 146 141 142 156 153 143 149 146 149 153 159 168 176 167 174 175 175 177 169 176 183 177 169 179 190 186 180 179 175 181 169 164 169 180 176 166 169 179 179 179 172 172 172 169 174 173 175 177 171 166 160 155 148 139 141 150 152 152 152 148 147 140 137 138 141
156 148 125 137 145 154 167 173 163 157 171 163 157 159 156 163 166 167 168 165 162 169 171 169 165 158 160 163 176 162 143 140 145 169 172 161 155 159 160 153 164 166 171 165 165 168 172 177 173 175 182 181 173 172 181 187 179 181 184 182 170 170 175 178 173 173 173 180 177 178 172 173 173 172 178 175 176 178 170 166 162 161 152 147 154 154 159 156 146 143 144 137 134 133 132
153 161 152 153 148 144 161 162 160 160 167 170 161 163 163 157 159 165 174 173 163 162 172 172 165 158 162 167 170 154 148 160 166 170 176 173 164 162 158 159 165 165 172 165 158 158 163 175 179 176 174 177 180 180 175 179 179 190 188 174 171 172 177 177 179 184 176 170 173 181 176 178 180 180 185 178 175 170 170 175 171 163 147 141 151 149 157 160 150 141 134 131 135 134 136
152 160 166 164 154 154 162 163 167 161 149 159 163 166 170 161 162 164 174 172 166 167 173 162 156 152 152 165 167 162 158 170 178 174 174 176 175 167 160 168 170 168 165 164 160 165 174 179 174 174 177 182 183 183 178 174 178 184 181 177 176 172 180 182 176 178 176 170 173 177 176 181 183 175 177 174 169 167 169 170 170 167 153 140 147 147 146 148 146 144 134 130 134 131 136
