example/E5 - XRays/X-ray-tomography/rastert_juap42.txt
ncols         356
nrows         356
xllcorner     -0.5
yllcorner     -355.5
cellsize      1
NODATA_value  -9999
[rows 126 to 167 of 356, columns 94 to 187 of 356]
140 146 145 133 132 135 136 142 135 120 136 151 138 120 131 139 146 151 141 144 148 128 103 105 140 149 156 170 167 161 167 173 163 147 155 163 161 156 153 144 147 150 146 138 127 141 148 152 145 134 132 138 147 149 147 143 145 143 151 157 142 140 141 148 148 152 147 129 121 137 142 125 108 100 103 126 147 150 141 144 150 146 147 136 134 141 136 141 143 128 142 152 149 136
117 119 137 143 149 142 134 147 140 120 122 141 138 116 129 142 142 144 144 147 152 144 110 97 126 150 155 159 159 164 163 164 172 158 161 156 153 158 158 148 147 152 141 124 122 138 148 153 142 131 129 133 141 148 147 133 133 138 147 148 136 146 159 154 147 141 146 135 116 123 130 131 128 128 142 152 143 126 122 129 137 149 148 133 140 150 142 142 139 132 130 128 143 143
79 112 145 142 146 151 144 143 138 120 111 140 156 129 116 134 146 145 147 150 149 153 129 110 117 140 162 166 164 164 155 155 169 168 158 152 152 155 154 145 144 149 133 112 119 125 133 131 127 138 142 140 143 143 149 146 142 142 145 143 129 143 163 150 142 136 145 146 137 116 124 143 151 149 147 146 142 138 129 130 133 147 145 147 153 159 160 161 137 134 121 113 131 144
104 138 149 144 144 149 147 134 131 124 116 135 148 139 120 136 147 143 138 146 152 152 137 119 108 121 151 166 163 160 160 158 155 156 153 158 153 146 147 135 126 125 123 120 117 113 128 130 126 137 151 151 145 140 149 148 144 151 151 150 139 138 162 149 137 135 125 122 131 117 122 141 151 149 134 133 139 142 141 138 136 138 143 161 166 167 165 163 143 128 116 113 127 137
147 154 150 150 151 152 148 134 127 127 123 115 120 128 122 127 138 141 132 139 144 139 130 127 116 124 149 158 163 159 155 153 156 156 154 151 131 122 132 127 123 124 121 120 131 121 123 130 130 134 144 148 145 144 143 138 137 151 150 142 138 128 138 140 134 124 111 121 124 113 112 128 143 147 132 128 134 131 138 149 149 142 153 164 168 169 167 157 155 138 135 138 132 130
163 156 144 149 147 142 144 138 135 142 138 112 112 126 126 116 118 133 135 142 144 136 132 136 129 131 151 149 151 151 148 144 150 150 152 142 117 115 122 121 126 128 118 107 127 135 132 127 128 142 142 139 140 143 143 139 136 147 147 144 137 132 129 138 136 128 117 130 129 113 100 106 117 130 130 129 138 134 135 149 150 152 164 167 171 172 170 159 159 144 140 150 134 131
156 147 151 155 148 146 144 138 137 142 145 134 134 133 135 129 107 126 149 140 133 134 133 131 134 138 153 149 155 150 152 150 147 141 133 133 139 145 136 125 125 121 118 119 125 138 138 132 136 144 139 146 140 143 153 148 136 137 142 137 127 128 134 147 147 137 124 121 121 120 114 109 122 120 124 132 135 126 121 147 164 165 165 163 169 179 173 162 152 142 137 148 135 129
156 145 154 161 157 154 146 132 130 141 139 130 140 137 139 142 129 131 148 144 134 136 125 120 139 138 141 143 156 147 139 140 140 143 133 134 143 140 131 131 135 124 120 134 139 138 138 143 142 137 134 145 133 135 144 142 139 134 133 135 130 130 132 139 150 137 106 102 124 134 126 126 139 124 119 122 125 121 122 150 161 153 162 172 170 172 172 162 155 150 139 139 137 127
159 150 150 150 155 150 147 141 121 116 137 141 140 137 145 149 148 146 149 150 134 131 128 129 143 134 132 140 143 141 134 125 117 125 144 150 146 139 131 134 140 136 136 144 146 137 140 144 132 127 123 125 116 123 137 139 145 143 139 143 140 135 132 138 142 138 115 116 135 136 123 129 140 139 128 125 132 120 124 151 159 149 157 167 160 159 160 151 148 143 136 133 136 139
155 150 163 153 146 143 145 144 121 100 124 142 143 136 130 140 157 147 142 140 119 125 141 151 155 146 142 142 139 134 130 132 123 119 137 144 140 136 135 140 149 152 153 150 136 131 138 133 121 123 128 130 120 128 144 141 140 139 138 132 132 138 147 153 145 141 141 132 138 145 141 137 141 150 145 140 142 130 129 148 160 157 158 162 154 155 147 127 115 115 132 138 139 140
161 152 157 153 146 139 134 129 117 100 118 137 152 150 137 148 162 138 124 124 119 122 142 160 167 158 147 140 135 134 135 136 134 132 139 140 132 130 139 155 155 155 162 155 134 133 133 122 130 133 133 135 132 142 143 138 140 142 140 127 127 146 152 150 152 130 137 138 135 145 147 137 146 153 148 144 143 141 133 142 155 157 163 161 146 138 127 104 97 108 129 131 130 126
168 164 156 155 144 124 121 129 133 127 128 133 153 156 139 140 156 140 118 119 129 124 138 156 163 160 142 134 137 137 146 142 136 131 134 134 144 143 145 156 151 154 152 141 137 146 140 114 132 141 129 128 136 145 141 133 139 144 141 142 138 138 137 139 151 133 135 138 134 140 140 140 145 148 141 134 136 139 137 148 156 148 157 153 126 122 120 101 102 112 110 114 130 124
159 160 151 143 132 117 122 127 126 133 139 135 144 152 139 122 127 128 123 125 129 139 152 155 158 152 129 120 123 129 141 144 137 132 126 125 142 141 146 153 156 163 155 143 138 135 142 124 127 133 119 131 141 144 150 137 137 146 140 144 145 140 143 143 152 144 142 130 127 135 139 146 142 144 141 142 134 134 145 145 138 134 147 139 124 138 145 115 100 94 92 111 133 139
157 160 152 139 128 121 128 116 110 131 137 132 134 148 142 125 111 117 134 133 122 140 154 144 141 143 131 128 125 134 139 138 129 130 128 123 135 128 133 150 155 160 160 149 130 113 126 124 117 120 127 140 141 142 148 134 137 144 131 122 131 145 149 148 145 142 136 121 121 127 142 151 136 138 144 145 144 136 133 126 126 132 138 134 147 153 153 126 85 79 93 121 139 149
152 147 139 132 134 134 129 119 114 132 132 131 137 139 138 137 117 113 133 129 118 124 137 144 138 141 136 124 110 122 140 143 130 123 129 128 144 132 131 143 141 143 137 126 119 120 131 122 120 122 134 140 140 141 138 131 139 142 129 113 119 137 149 147 138 143 131 102 112 128 136 148 137 121 127 134 144 134 126 131 142 145 144 134 147 155 150 132 83 80 103 131 138 133
135 127 118 116 128 139 136 125 117 129 145 138 135 143 142 140 129 136 142 131 137 137 134 144 135 124 115 104 105 115 133 143 129 119 131 147 154 138 137 132 125 127 119 118 124 133 132 117 114 117 130 132 133 140 135 121 125 129 120 109 120 129 142 142 136 139 135 120 121 131 129 130 136 130 134 133 136 136 136 133 138 139 145 147 148 155 134 119 101 93 115 134 135 126
117 109 109 107 118 143 144 137 132 125 142 138 129 138 139 143 140 149 147 138 152 153 146 141 123 109 108 113 123 131 139 144 133 133 137 135 139 138 129 110 109 122 134 140 131 139 129 127 115 96 106 120 130 139 129 112 113 121 118 116 137 139 145 144 135 128 140 148 135 139 134 126 129 133 137 119 118 136 140 127 126 135 141 146 147 150 121 103 111 112 124 143 151 141
110 89 94 95 113 139 147 153 149 137 130 125 129 132 133 149 141 139 136 124 139 153 153 137 123 120 119 128 127 130 136 146 149 150 155 148 138 140 135 115 116 132 145 142 122 126 122 133 133 107 100 110 140 147 132 120 123 133 132 125 138 141 150 148 139 133 134 143 139 146 147 139 133 129 125 119 119 134 129 118 127 130 133 130 138 139 115 104 131 142 148 153 154 149
121 89 92 115 140 149 148 155 145 135 124 116 130 133 124 141 147 137 133 129 129 133 146 139 135 138 138 136 124 129 138 149 156 156 163 156 140 145 141 133 139 140 140 133 132 144 140 142 146 130 125 127 146 155 152 141 130 134 142 134 138 141 153 143 135 135 121 122 129 135 135 131 127 130 121 121 124 133 129 126 137 127 118 113 117 121 119 126 148 150 152 153 147 151
133 94 93 127 143 153 155 152 148 142 138 126 132 136 127 133 142 137 139 144 139 133 140 138 131 134 142 139 125 128 139 146 157 157 160 149 145 152 141 136 137 139 145 142 139 144 138 144 156 148 141 141 144 153 155 143 138 140 151 150 159 163 160 145 135 142 133 129 133 133 124 129 132 132 123 117 116 124 138 142 145 132 120 115 109 116 136 141 139 133 150 154 147 159
140 118 119 144 145 152 155 148 140 142 146 128 134 139 136 137 134 134 144 156 148 133 134 143 134 131 138 135 136 133 138 142 155 151 151 150 158 157 146 151 140 138 149 148 134 136 146 151 162 158 154 151 143 144 138 137 134 138 152 152 163 174 165 154 148 153 149 136 136 136 131 142 147 131 134 129 119 133 143 144 146 134 125 123 117 128 143 137 131 133 152 147 143 153
151 142 139 153 157 160 151 135 122 127 138 133 138 141 144 142 135 140 149 156 149 139 139 149 142 129 128 134 137 132 136 145 146 141 151 152 153 153 151 152 145 140 141 146 143 138 144 149 153 155 147 137 133 134 142 148 135 143 160 159 163 167 167 164 158 157 150 130 124 130 131 142 155 145 149 139 124 132 140 145 149 142 128 127 130 142 142 137 132 143 156 139 135 139
125 119 128 143 145 152 149 141 128 120 126 137 145 150 145 140 135 142 143 148 140 128 134 147 145 134 130 136 127 118 123 133 140 136 139 145 142 146 148 144 135 140 155 157 155 147 143 146 144 136 129 129 132 134 141 136 124 134 160 164 170 172 159 169 168 154 144 143 143 143 133 129 143 148 155 149 134 121 133 146 147 141 137 138 137 139 126 130 132 136 152 141 138 140
104 94 111 129 137 147 149 140 132 119 122 136 144 151 137 134 136 136 137 138 136 133 135 144 139 140 143 136 124 130 129 124 134 140 146 146 139 148 157 146 131 139 156 154 148 152 142 124 134 132 121 139 143 139 138 118 101 111 151 171 178 171 157 168 174 156 141 155 163 153 141 132 135 136 136 139 139 131 133 139 135 129 139 140 132 134 125 116 129 140 160 148 140 149
124 114 114 123 135 133 134 131 119 115 133 141 139 141 143 144 139 133 135 131 134 142 145 136 121 132 138 129 136 154 147 142 149 149 152 153 146 143 143 143 145 141 134 139 142 144 136 120 132 139 131 146 150 143 132 122 106 104 132 153 166 173 163 163 166 161 144 149 157 154 148 142 136 129 134 132 130 133 142 142 132 130 139 140 127 123 135 121 125 139 142 138 150 158
120 128 136 138 128 118 130 138 131 126 133 136 145 142 152 153 145 137 130 127 130 141 144 138 136 135 124 116 138 156 147 154 164 154 153 157 147 136 134 140 144 129 120 126 136 135 137 136 136 141 143 151 146 140 128 127 118 118 133 145 142 152 151 146 143 147 148 153 156 170 165 152 146 130 133 133 131 125 137 138 132 142 143 139 129 119 133 126 127 137 138 147 155 159
129 133 135 134 123 118 130 130 139 136 136 144 154 139 138 130 139 145 127 123 135 139 131 129 135 140 129 129 140 145 145 158 163 148 140 147 143 143 138 137 141 133 128 135 145 138 137 138 135 141 151 148 138 139 131 132 128 128 131 129 112 117 111 103 126 137 152 166 162 158 160 165 151 129 132 137 139 123 137 139 132 152 157 147 134 121 130 132 137 141 157 156 138 145
150 141 128 132 132 126 126 125 138 140 150 158 150 134 136 134 142 143 137 139 140 138 124 121 129 132 125 137 142 141 147 147 153 149 138 151 144 138 131 137 142 142 144 149 142 140 140 142 132 131 143 141 147 150 139 144 149 146 134 125 105 98 90 81 122 147 153 163 165 166 161 162 141 126 129 137 143 128 133 135 140 147 150 148 133 122 143 150 148 144 159 146 127 136
137 131 137 142 135 134 136 139 136 133 151 168 147 123 129 138 141 125 129 144 137 135 128 130 141 140 127 137 149 143 144 129 132 138 133 140 135 128 132 142 146 149 159 154 136 141 145 148 143 131 134 135 139 148 155 158 156 152 147 143 125 109 107 97 129 146 155 168 166 173 160 151 136 135 140 143 140 138 139 138 137 127 130 145 141 137 147 154 155 148 143 145 148 152
138 143 147 145 136 135 137 134 125 130 146 156 133 110 113 120 134 128 128 140 134 134 133 132 137 141 129 134 152 149 147 137 127 127 125 130 131 140 152 149 143 144 155 153 141 141 143 140 143 138 131 128 128 143 154 157 152 148 148 148 132 117 118 122 148 145 144 162 167 167 155 152 138 133 134 131 127 140 135 133 140 134 140 152 151 153 150 160 162 166 153 142 143 153
128 129 123 129 133 132 133 134 139 149 155 151 141 128 121 125 136 137 131 140 136 141 142 137 137 140 138 136 147 143 138 129 119 123 118 120 125 140 142 132 128 130 144 154 146 148 154 146 134 140 137 127 128 145 157 158 154 154 148 140 134 134 136 136 150 155 142 139 145 150 142 144 135 135 145 133 137 139 129 136 152 161 151 146 146 152 151 161 163 168 156 151 157 161
124 122 124 134 138 138 135 133 146 156 156 156 155 143 145 140 135 144 136 125 133 144 144 140 132 137 144 140 151 148 133 120 112 124 134 133 125 135 140 138 134 119 122 141 144 149 148 149 137 131 136 137 139 143 156 152 146 155 155 137 137 144 145 142 148 152 142 147 149 153 146 146 144 136 145 145 146 138 126 136 155 165 156 146 137 142 153 163 162 159 148 158 175 175
136 129 129 139 138 139 140 129 145 166 168 167 167 153 144 139 139 148 136 120 142 150 142 128 114 124 132 133 150 148 133 128 127 122 129 141 141 142 140 141 141 135 131 145 150 141 131 141 145 125 125 131 136 142 145 141 137 145 142 133 129 114 115 130 132 137 131 139 139 143 141 148 150 134 141 151 141 135 130 143 158 162 160 151 141 147 164 166 159 165 157 161 164 164
137 129 131 139 141 144 147 153 169 174 174 172 169 163 148 153 155 148 132 127 152 156 149 130 124 134 135 142 148 141 136 147 145 130 129 141 143 141 131 129 133 142 144 153 151 137 139 138 134 129 128 127 138 153 142 141 137 145 131 124 123 93 94 125 128 132 127 134 130 139 146 156 154 143 152 153 148 144 140 160 163 165 159 139 147 160 165 172 167 162 158 162 168 164
140 139 153 151 142 144 152 155 164 163 165 166 169 175 170 167 167 158 141 135 151 160 158 144 134 138 136 140 137 139 145 153 139 136 143 143 140 144 143 140 141 141 138 151 152 147 151 137 130 129 137 139 142 140 128 130 129 141 141 134 133 106 112 128 122 125 131 131 125 141 150 158 152 150 158 150 138 143 148 163 161 152 146 146 162 166 164 167 168 166 172 164 165 165
133 136 155 156 149 154 164 169 173 165 170 166 160 170 169 162 168 167 144 140 146 145 141 134 130 132 134 133 136 144 145 147 134 141 138 129 140 141 134 135 141 142 142 152 145 141 140 141 138 125 144 150 143 135 119 125 132 138 143 142 139 124 133 136 128 134 141 137 123 129 134 149 154 155 162 167 145 145 164 158 157 150 156 162 160 156 159 156 165 166 167 166 165 168
133 129 136 148 158 160 154 159 165 162 165 167 167 166 173 175 173 173 154 143 139 138 133 130 138 139 135 138 140 144 148 147 140 141 134 136 136 124 130 142 135 134 148 153 151 146 133 141 157 142 137 145 138 134 115 120 141 146 151 146 137 134 141 142 136 139 145 146 137 127 127 143 155 155 154 160 156 153 161 159 162 156 164 162 152 150 159 173 179 171 167 168 161 174
143 146 147 148 157 155 152 155 161 167 167 168 168 169 185 181 172 165 158 154 148 145 134 131 139 136 131 136 140 141 142 135 145 152 138 136 132 135 137 142 144 131 138 136 136 147 141 127 144 150 138 139 134 121 108 112 141 153 150 148 142 136 144 148 138 137 143 144 144 136 136 146 146 151 161 161 158 148 148 158 163 160 166 162 165 168 163 164 171 177 175 172 168 172
144 144 139 140 150 143 141 145 148 161 167 171 164 171 184 171 168 161 154 154 147 138 137 144 143 131 129 142 140 140 142 143 148 142 137 131 129 142 141 128 131 132 141 135 125 137 146 130 132 143 145 148 156 147 119 98 123 142 141 149 152 146 142 133 129 135 139 139 134 137 147 153 143 157 169 159 157 151 157 165 164 169 163 158 162 157 153 155 157 162 160 163 174 170
142 139 128 125 139 136 130 140 138 150 165 174 169 179 171 170 180 174 161 150 143 139 138 142 146 137 131 146 144 148 146 145 135 123 134 136 136 142 139 127 121 130 133 134 141 145 141 138 142 151 151 151 161 159 134 106 106 121 140 142 135 140 141 135 141 130 118 126 137 145 138 144 147 152 165 161 159 156 160 164 167 175 170 162 154 153 146 138 146 160 161 162 175 172
136 137 131 121 128 139 129 135 135 139 149 162 170 180 172 173 180 170 166 160 146 133 136 131 135 141 131 132 135 141 134 131 125 118 125 133 138 142 141 140 132 130 117 132 148 156 154 152 146 159 163 165 165 148 144 131 115 114 142 139 133 135 145 156 165 145 128 130 142 152 140 132 143 148 163 169 160 153 155 161 165 172 163 156 155 146 125 112 140 166 170 159 166 177
125 137 137 128 135 147 138 137 142 135 139 161 173 167 166 169 171 160 155 157 140 123 132 127 136 143 127 127 133 131 125 128 127 125 129 135 143 137 126 131 134 123 117 148 159 161 159 162 148 161 171 170 174 161 159 159 141 125 145 148 146 148 157 172 169 150 137 142 145 143 155 153 155 159 161 163 148 148 154 162 168 170 153 154 146 127 114 117 153 170 167 161 162 172
