example/E5 - XRays/X-ray-tomography/rastert_juap15.txt
ncols         356
nrows         356
xllcorner     -0.5
yllcorner     -355.5
cellsize      1
NODATA_value  -9999
[rows 84 to 125 of 356, columns 188 to 281 of 356]
139 131 147 138 123 122 111 94 83 86 116 141 145 155 157 152 124 124 143 154 152 145 138 120 117 140 157 149 143 161 169 168 168 158 154 153 144 128 134 141 151 156 153 159 155 151 153 155 155 158 163 151 137 132 140 149 152 150 145 146 150 145 137 133 127 138 151 143 139 142 147 149 153 157 160 159 160 156 144 136 139 145 146 144 137 143 151 146 139 139 145 137 128 132
134 126 140 139 137 142 126 106 99 112 135 149 145 147 153 155 130 119 133 145 146 147 139 127 129 147 154 151 150 158 168 166 165 147 144 161 157 146 152 151 156 153 148 160 154 155 151 151 157 163 164 154 146 143 146 144 146 152 151 150 150 144 144 143 143 144 149 146 142 140 145 152 147 150 155 159 158 158 148 140 142 148 148 150 149 156 152 144 143 141 139 127 120 133
136 124 135 132 136 147 135 122 112 125 141 144 145 148 145 153 140 122 123 136 146 158 149 136 142 151 150 154 152 153 163 164 162 148 143 154 144 138 149 151 160 154 146 154 149 149 149 156 157 162 160 153 156 152 151 154 150 155 159 156 151 149 147 143 145 143 136 139 141 139 148 155 144 142 149 153 155 159 156 140 133 144 151 150 154 157 150 147 149 146 139 132 131 139
142 133 140 121 114 130 133 136 124 128 151 146 152 154 141 145 134 122 130 141 151 160 156 144 148 147 147 151 148 148 159 160 156 156 152 149 143 147 152 149 159 145 144 152 147 142 146 148 147 148 150 156 158 155 158 156 156 161 163 163 154 153 148 142 142 141 130 137 145 146 148 149 150 144 142 145 146 154 157 142 137 140 146 150 154 155 154 158 158 153 146 144 142 142
139 141 142 116 112 128 133 135 128 133 154 149 158 148 136 136 130 127 143 149 147 151 155 155 153 146 152 157 155 146 159 165 153 151 150 139 139 158 158 147 150 136 148 158 151 140 143 140 143 146 150 151 149 156 166 156 160 165 161 162 159 156 148 142 146 138 135 142 143 144 144 138 146 149 146 146 144 147 151 147 151 143 145 153 152 152 162 168 163 158 156 148 139 137
144 146 139 134 133 134 131 131 137 143 142 140 151 140 134 138 134 137 147 152 152 159 158 154 150 151 157 156 156 149 156 160 149 144 148 137 132 153 155 143 147 146 159 159 147 132 124 132 144 149 150 144 145 157 161 162 166 160 159 160 161 158 151 143 144 135 139 144 143 143 141 132 139 152 150 150 148 140 146 150 150 143 144 154 153 161 168 164 160 159 158 145 134 134
138 138 133 148 140 131 131 130 139 146 134 134 145 140 137 137 134 140 148 152 156 165 152 149 148 151 150 154 158 154 156 159 152 143 145 136 134 151 153 146 152 151 152 152 134 125 123 137 145 146 142 142 145 157 157 161 161 152 154 159 156 156 151 141 135 137 153 162 159 148 139 140 149 157 153 153 147 140 148 148 144 140 143 156 156 160 161 157 157 158 157 145 133 135
141 139 132 143 133 123 129 130 137 147 132 138 145 134 137 130 132 140 145 146 156 169 154 151 150 156 151 153 167 163 155 155 149 147 148 141 143 153 150 143 151 151 143 133 115 117 133 153 156 151 153 152 150 160 152 156 155 150 151 155 153 154 150 140 137 142 158 168 163 148 132 141 156 161 158 156 154 148 150 143 138 137 138 151 157 154 154 159 158 158 158 150 140 140
148 139 128 133 130 126 134 132 136 147 139 147 148 139 140 125 121 130 138 146 149 153 157 157 155 162 158 155 166 160 155 156 150 145 138 141 150 155 155 145 147 151 141 131 121 126 145 155 157 156 156 154 153 160 151 154 151 154 156 153 152 152 148 142 143 143 157 162 155 152 144 145 153 158 155 159 160 149 147 142 141 144 145 152 155 151 147 149 156 158 159 150 146 144
140 136 124 125 127 137 150 143 140 145 151 146 141 149 146 130 129 122 127 145 145 141 153 162 156 152 153 157 160 152 158 157 146 144 145 147 152 151 151 144 141 151 148 142 125 130 148 142 148 156 144 139 151 158 154 154 149 155 154 153 151 151 150 147 141 138 150 157 157 155 151 154 152 154 150 157 155 144 142 134 133 142 145 147 149 153 148 145 153 157 154 144 141 142
138 139 133 131 127 142 158 151 144 141 141 137 140 149 147 139 138 130 134 142 150 150 154 159 153 148 155 160 157 156 156 144 140 146 150 144 146 145 145 140 137 150 140 131 117 130 147 139 144 152 139 131 142 146 146 142 140 151 155 157 154 157 152 147 137 123 139 156 158 154 151 157 153 145 143 152 146 140 136 123 123 141 144 136 137 150 151 142 144 149 151 145 141 142
146 137 133 128 133 149 158 152 146 138 130 138 144 149 148 148 145 141 134 130 145 152 154 158 160 156 158 159 154 155 146 136 145 151 156 151 148 145 148 143 137 146 135 121 122 135 147 146 142 143 141 134 135 139 149 147 144 147 158 162 154 154 143 140 137 122 135 153 153 153 151 147 149 142 142 145 142 140 133 126 134 144 143 139 141 147 147 133 136 146 148 145 143 139
147 135 135 133 141 156 160 153 159 148 132 139 141 145 146 145 155 150 129 129 138 146 153 158 158 153 155 157 154 154 146 146 154 149 155 157 148 146 143 136 132 144 141 129 137 143 143 142 138 139 130 125 137 144 145 145 148 150 158 158 151 158 148 140 141 137 141 146 142 147 148 140 145 140 135 136 141 142 136 140 140 136 135 137 141 143 146 137 136 147 143 141 145 143
150 149 143 135 142 155 159 159 168 154 136 147 142 136 142 144 155 152 139 141 137 151 162 162 151 148 153 158 156 155 146 149 156 156 159 153 152 153 143 131 134 145 143 140 146 151 145 147 136 142 136 120 131 146 144 140 146 153 155 157 156 164 153 137 139 140 141 145 145 155 147 144 147 133 129 130 133 138 141 147 140 135 141 143 142 140 138 137 145 148 139 142 148 146
143 143 136 127 141 156 153 161 168 158 143 143 133 127 134 142 152 159 147 137 134 151 159 160 159 162 157 154 157 156 143 143 151 149 155 150 148 151 146 139 143 135 139 151 152 155 146 154 145 146 135 115 133 151 152 151 156 161 162 164 157 154 150 141 145 152 153 155 149 153 143 139 144 137 132 133 132 132 143 151 138 135 144 144 139 140 136 140 151 143 140 145 148 147
130 140 145 135 141 158 146 158 164 147 138 135 126 131 136 141 151 156 149 140 146 149 149 157 164 168 157 156 159 154 145 150 149 143 156 143 136 142 144 145 142 128 132 154 161 161 151 150 148 149 129 115 143 159 161 161 161 165 169 162 152 152 147 143 148 158 159 157 146 142 141 138 145 143 136 141 139 133 142 149 138 137 139 131 130 133 134 141 147 146 152 151 148 145
137 143 151 141 135 149 149 156 160 140 136 135 124 130 147 150 145 141 141 145 150 142 140 156 165 165 162 169 161 157 154 149 146 151 161 144 144 147 140 151 141 118 116 138 154 153 147 144 146 151 144 135 153 157 161 162 164 164 162 156 160 161 149 143 148 157 162 153 143 139 141 135 132 141 142 144 139 139 141 140 138 141 138 135 139 139 139 142 149 155 156 144 147 148
154 145 151 149 140 153 164 151 150 144 137 132 130 131 149 150 145 149 143 138 142 140 147 161 161 162 168 166 149 152 151 147 150 158 158 149 157 153 139 153 139 115 120 135 147 147 144 142 147 153 154 149 161 155 159 165 172 168 158 159 167 165 151 143 146 149 157 146 138 139 139 130 123 131 142 148 145 143 139 145 152 141 132 139 148 151 151 151 151 150 151 149 154 154
150 149 153 145 144 161 162 151 149 139 132 135 141 136 148 145 148 165 146 143 153 145 142 151 152 154 154 152 144 152 153 150 157 167 162 160 161 154 147 145 131 117 123 139 145 146 156 156 149 152 149 136 145 149 155 163 165 163 157 159 161 163 151 149 151 149 150 146 145 138 136 134 134 135 145 153 148 138 141 151 155 136 128 143 149 150 155 149 146 148 149 155 158 160
146 151 155 146 146 157 152 149 149 132 129 141 143 135 144 143 144 158 140 145 161 154 138 138 145 149 145 159 161 151 154 156 159 160 157 166 160 155 150 142 132 117 117 137 148 154 161 154 145 146 132 122 140 152 154 162 157 157 156 158 158 155 143 149 154 149 147 148 149 142 145 145 140 137 142 147 144 134 140 145 145 136 137 146 153 154 154 145 148 150 147 154 151 152
152 146 154 159 156 156 148 145 148 139 141 142 144 141 143 139 148 161 145 144 154 152 143 139 136 147 147 154 164 155 158 159 162 160 158 163 154 154 151 137 118 102 108 140 152 161 164 151 145 141 137 138 146 148 146 159 151 154 157 161 157 150 136 147 151 141 144 144 145 151 148 146 146 139 138 142 148 148 146 136 136 137 143 143 152 148 149 145 148 147 145 150 145 146
142 133 149 163 165 164 149 148 152 151 163 149 140 139 139 136 145 166 152 150 154 145 148 143 125 139 149 146 161 160 159 154 157 158 160 159 153 153 148 128 103 82 97 139 152 157 161 144 138 140 138 140 142 135 138 157 150 149 153 161 154 150 137 144 138 132 137 136 147 156 142 133 146 143 137 138 144 153 145 134 142 140 143 136 137 135 139 138 139 142 145 152 155 152
132 138 158 168 165 167 159 152 153 153 163 141 127 133 132 139 138 165 159 149 147 147 155 144 119 128 149 149 162 159 155 156 158 154 159 160 158 148 138 126 106 75 99 133 146 146 132 117 122 138 138 137 148 141 141 155 155 157 151 158 157 150 144 143 131 133 138 137 145 148 144 136 143 133 116 111 129 148 149 148 152 146 144 141 133 132 136 128 134 144 146 150 156 151
157 163 174 177 171 164 165 155 153 151 153 140 137 139 129 137 140 157 155 153 144 143 154 144 120 116 140 155 155 152 151 152 154 146 151 158 155 142 132 131 122 99 115 133 135 125 106 104 116 126 137 142 148 150 156 158 156 160 152 156 152 141 142 140 141 143 138 143 144 144 149 138 139 127 111 103 127 152 155 151 149 150 150 147 133 131 134 129 132 140 150 149 153 148
173 166 171 168 165 164 172 163 144 143 145 136 138 128 131 146 150 150 148 160 150 143 151 147 139 129 138 154 144 141 146 143 148 142 147 155 146 136 134 138 132 132 141 148 145 133 124 129 130 117 130 141 136 150 164 156 153 154 141 144 148 150 148 147 151 147 138 146 143 144 147 134 138 134 125 121 139 153 150 148 150 153 151 143 133 141 147 140 135 140 142 139 143 145
170 156 167 170 165 161 166 155 141 148 146 129 134 129 137 146 154 157 151 151 146 151 151 144 148 153 156 150 138 139 146 153 150 148 156 158 152 145 135 133 132 140 142 146 151 136 132 140 140 125 129 135 137 150 157 144 144 143 133 142 151 152 153 161 160 147 139 145 146 146 143 138 141 137 133 131 143 147 141 141 149 149 144 141 142 150 152 145 143 144 133 130 132 139
167 167 165 166 162 157 159 153 149 150 146 125 131 140 139 140 147 150 155 157 142 151 150 141 138 145 155 150 143 143 145 150 144 143 155 156 156 155 141 142 139 137 126 123 140 137 134 130 133 134 134 148 160 154 148 137 141 144 137 139 137 135 149 155 151 142 140 150 152 151 142 139 139 136 141 140 141 138 137 134 132 131 136 141 139 130 127 138 140 139 140 142 138 145
169 167 154 162 166 161 160 153 144 151 154 140 146 149 139 144 153 148 154 158 147 148 146 147 144 140 147 153 152 141 146 133 123 125 135 142 141 141 140 146 151 145 127 117 130 139 142 136 137 136 136 155 162 155 158 137 131 142 137 131 128 131 145 147 149 152 148 152 149 148 138 133 142 142 144 141 137 136 133 130 128 126 130 139 125 99 106 132 133 132 141 150 147 153
161 154 152 162 162 153 159 151 139 143 150 146 149 149 144 143 151 153 154 166 160 147 142 150 148 142 145 159 158 139 145 133 128 122 120 123 123 135 150 158 160 150 132 121 132 148 148 142 137 135 144 149 150 153 155 132 119 122 130 134 137 138 142 138 149 160 153 148 140 143 140 134 146 146 143 137 134 144 135 132 137 128 130 139 127 100 111 138 143 140 139 145 141 151
158 153 148 159 157 148 158 155 143 144 155 159 151 158 151 149 145 152 156 156 153 147 142 146 142 143 143 158 163 151 150 145 138 129 132 126 121 137 155 164 163 155 141 128 125 141 146 139 132 128 141 144 154 154 146 135 121 113 131 146 139 133 140 149 159 164 162 155 147 140 133 134 138 126 133 143 144 155 150 147 144 123 119 133 132 117 126 146 145 139 136 133 129 142
163 164 148 151 141 150 157 143 140 146 144 155 160 160 142 147 136 151 161 145 144 149 144 146 144 147 156 162 158 154 149 137 133 131 144 144 129 135 148 155 159 159 153 136 121 132 144 143 138 135 133 136 159 156 145 143 123 114 136 156 144 142 152 161 165 166 169 163 154 137 128 139 131 110 127 148 153 160 161 156 151 127 115 134 137 125 134 147 145 140 140 132 128 135
163 163 156 149 143 158 152 137 140 139 129 144 159 151 142 143 131 156 174 159 155 159 160 163 155 151 156 158 157 160 154 142 130 123 138 147 141 141 144 141 150 157 154 145 145 151 148 145 138 135 123 118 131 138 144 144 126 117 130 150 147 151 150 147 157 167 164 161 157 135 129 140 133 115 121 147 161 167 162 155 153 136 121 129 132 126 130 135 135 143 150 139 137 137
158 160 162 158 159 159 146 146 141 135 135 140 148 145 149 146 138 157 162 159 158 151 153 161 159 153 149 155 160 172 164 156 139 132 142 148 145 145 143 126 130 152 151 145 156 162 153 150 144 135 119 97 94 108 135 145 138 132 141 140 144 155 149 142 156 164 159 159 164 149 139 138 123 101 99 127 150 166 162 162 159 142 117 119 133 141 145 148 139 141 147 142 141 139
149 154 167 162 163 162 148 140 138 139 137 135 138 135 144 154 149 149 148 150 153 147 150 161 168 161 161 158 156 165 154 146 139 138 138 142 141 143 147 127 118 140 151 147 155 157 155 152 143 132 120 111 111 107 125 145 141 138 143 145 149 147 146 147 159 159 164 165 163 157 151 142 121 92 81 112 142 154 158 160 156 150 133 136 154 156 156 162 150 143 141 141 146 145
153 154 176 171 169 167 148 137 144 145 130 127 135 139 137 142 153 158 157 148 131 126 141 157 158 154 165 158 153 154 160 160 142 140 134 140 148 145 149 133 125 136 149 155 158 153 152 155 141 127 119 132 138 124 125 138 132 132 137 148 150 143 146 152 155 151 160 159 156 155 160 149 133 109 95 116 144 148 148 148 146 147 147 155 163 153 156 159 145 139 132 134 143 141
159 162 177 172 172 165 155 139 130 138 136 132 135 146 146 143 152 154 152 143 124 122 144 160 152 152 163 150 155 158 162 161 141 142 150 144 148 148 142 133 132 142 151 152 149 146 148 157 146 126 126 137 132 122 127 132 127 136 136 142 145 148 146 147 150 143 148 145 142 147 153 150 140 120 106 110 137 142 139 141 140 141 153 162 158 151 158 160 154 147 137 136 141 140
162 164 170 170 174 167 159 143 120 124 139 139 129 138 145 145 148 153 157 149 145 145 146 155 148 148 155 147 160 158 156 157 146 150 156 145 146 150 146 140 131 143 159 145 143 149 151 161 157 142 147 141 136 141 142 134 131 138 137 140 147 153 145 146 158 156 153 151 141 138 143 146 139 123 111 108 132 137 135 139 135 141 157 158 155 156 155 155 157 156 148 138 133 132
177 166 169 171 170 170 167 158 131 122 127 136 129 124 135 143 141 149 162 149 156 159 151 148 148 154 160 154 161 159 163 162 156 152 145 141 147 152 149 143 134 140 155 142 148 152 154 160 164 157 152 140 141 150 147 137 128 131 139 139 143 144 141 156 165 160 162 165 152 147 156 151 135 125 117 111 128 136 135 134 132 142 147 130 131 145 148 149 147 146 142 131 130 133
170 166 174 170 166 169 164 161 145 119 114 141 143 134 139 145 137 147 149 142 161 161 150 145 153 162 167 159 160 159 159 152 153 143 142 152 154 151 145 143 143 146 149 146 154 148 153 166 170 156 145 140 138 137 142 131 115 129 135 122 131 138 142 161 165 163 171 168 163 165 166 152 135 127 120 104 101 105 120 115 108 120 108 89 91 110 135 142 141 146 134 124 137 149
174 168 173 167 165 167 162 165 152 109 93 123 142 137 137 147 142 150 143 139 146 150 162 170 163 160 165 161 160 160 151 146 147 141 148 155 151 151 149 143 138 144 152 153 153 154 168 174 168 153 141 132 118 115 127 127 120 126 121 114 126 139 145 157 158 166 172 165 165 164 161 152 148 147 139 115 84 81 113 111 97 102 100 89 83 83 108 134 148 157 144 134 143 157
180 170 178 172 166 168 172 167 161 128 102 109 140 138 135 151 151 161 160 154 154 151 167 180 164 160 162 162 158 162 151 149 148 147 149 148 141 149 149 141 132 138 148 156 157 160 169 166 161 147 143 134 104 101 123 132 122 110 111 119 130 142 149 159 161 172 174 166 163 162 166 168 161 158 150 130 105 105 133 135 127 131 142 141 126 107 113 135 151 157 154 150 146 154
169 170 180 173 169 172 174 167 163 150 127 105 133 138 134 156 162 165 163 158 167 165 168 171 158 159 170 164 155 167 158 150 154 152 141 145 152 154 152 138 127 141 150 154 159 154 156 157 158 142 134 131 108 98 125 139 126 126 128 124 131 140 150 160 168 178 170 162 167 168 165 165 152 153 148 128 117 128 152 159 156 151 152 154 146 141 145 146 148 161 165 156 146 150
