example/E5 - XRays/X-ray-tomography/rastert_juap42.txt
ncols         356
nrows         356
xllcorner     -0.5
yllcorner     -355.5
cellsize      1
NODATA_value  -9999
[rows 0 to 41 of 356, columns 94 to 187 of 356]
255 255 255 255 255 255 255 255 255 255 255 255 255 255 255 255 255 255 255 255 255 255 255 255 255 255 255 255 255 255 255 255 255 255 255 255 255 255 255 255 255 255 255 255 255 255 255 255 255 255 255 255 255 255 255 255 255 255 255 255 255 255 255 255 255 255 255 255 255 255 255 255 255 255 255 255 255 255 255 255 255 255 255 151 255 255 255 255 255 255 255 255 255 255
255 255 255 255 255 255 255 255 255 255 255 255 255 255 255 255 255 255 255 255 255 255 255 255 255 255 255 255 255 255 255 255 255 255 255 255 255 255 255 255 255 255 255 255 255 255 255 255 255 255 255 255 255 255 255 255 255 255 255 255 255 255 255 255 255 156 155 144 131 128 133 142 146 142 142 131 116 112 118 140 154 156 150 146 149 150 151 160 161 164 168 166 157 147
255 255 255 255 255 255 255 255 255 255 255 255 255 255 255 255 255 255 255 255 255 255 255 255 255 255 255 255 255 255 255 255 255 255 255 255 255 255 255 255 255 255 255 255 255 255 255 255 255 255 255 255 255 255 255 255 255 158 161 159 157 159 159 151 150 152 154 152 143 137 136 138 141 137 136 134 127 129 138 148 153 156 153 148 146 149 150 153 158 159 163 169 161 146
255 255 255 255 255 255 255 255 255 255 255 255 255 255 255 255 255 255 255 255 255 255 255 255 255 255 255 255 255 255 255 255 255 255 255 255 255 255 255 255 255 255 255 255 255 255 255 255 255 255 255 157 163 162 159 153 153 154 159 161 157 155 158 154 149 151 154 157 155 153 149 144 146 145 144 146 147 149 151 149 150 156 156 152 146 147 149 146 154 156 160 169 163 150
255 255 255 255 255 255 255 255 255 255 255 255 255 255 255 255 255 255 255 255 255 255 255 255 255 255 255 255 255 255 255 255 255 255 255 255 255 255 255 255 255 255 255 255 255 255 151 157 152 151 152 158 165 160 156 151 155 158 160 164 159 153 158 158 153 149 150 156 158 159 158 150 153 156 156 155 152 156 154 151 154 157 153 154 147 146 150 149 155 160 163 168 158 150
255 255 255 255 255 255 255 255 255 255 255 255 255 255 255 255 255 255 255 255 255 255 255 255 255 255 255 255 255 255 255 255 255 255 255 255 255 255 255 255 255 255 159 159 156 150 148 156 153 147 143 140 145 147 144 144 153 158 158 163 163 154 158 161 158 151 150 154 155 157 160 156 154 158 159 158 154 158 156 157 159 157 154 154 151 151 155 153 157 163 161 159 152 148
255 255 255 255 255 255 255 255 255 255 255 255 255 255 255 255 255 255 255 255 255 255 255 255 255 255 255 255 255 255 255 255 255 255 255 255 255 255 161 158 155 155 158 155 153 153 154 157 153 138 123 120 128 132 131 139 151 159 162 162 164 158 158 160 159 153 148 150 155 156 155 155 154 158 158 158 157 156 156 160 161 157 158 159 155 153 154 152 153 150 144 152 152 149
255 255 255 255 255 255 255 255 255 255 255 255 255 255 255 255 255 255 255 255 255 255 255 255 255 255 255 255 255 255 255 255 255 255 162 162 156 160 159 152 156 156 153 147 145 146 148 145 141 132 123 129 139 138 138 149 157 160 165 164 167 160 157 157 155 154 152 151 157 155 154 151 152 156 156 154 157 156 157 158 159 158 160 164 159 153 151 148 145 141 138 149 150 144
255 255 255 255 255 255 255 255 255 255 255 255 255 255 255 255 255 255 255 255 255 255 255 255 255 255 255 255 255 255 255 154 160 158 162 161 151 154 157 152 156 158 154 149 146 139 138 139 139 141 147 150 155 156 157 162 163 161 161 157 162 158 151 152 151 155 156 154 157 160 157 150 151 155 157 152 153 156 156 155 154 155 159 158 156 152 150 149 143 145 144 150 149 142
255 255 255 255 255 255 255 255 255 255 255 255 255 255 255 255 255 255 255 255 255 255 255 255 255 255 255 255 156 153 160 155 156 158 157 154 149 145 148 153 156 159 162 159 151 144 145 148 151 153 159 159 158 162 165 167 165 160 151 140 140 152 153 149 151 159 156 156 157 162 157 148 151 156 160 153 151 149 152 154 150 151 154 150 150 151 152 149 145 142 143 152 151 146
255 255 255 255 255 255 255 255 255 255 255 255 255 255 255 255 255 255 255 255 255 255 255 255 255 159 148 146 149 148 156 159 154 157 154 148 146 145 143 151 153 161 167 167 158 155 158 157 161 164 161 160 161 163 164 166 165 158 142 122 117 137 150 149 153 162 153 152 159 166 157 149 157 159 160 150 150 149 149 150 149 148 147 144 146 150 155 151 145 134 137 151 153 150
255 255 255 255 255 255 255 255 255 255 255 255 255 255 255 255 255 255 255 255 255 255 156 155 153 156 150 145 149 147 152 160 154 155 153 144 143 149 146 153 158 163 167 167 163 162 165 161 158 166 160 158 163 165 161 166 167 161 151 133 125 137 148 150 152 157 152 149 157 162 155 152 161 161 158 148 146 150 147 145 147 147 147 144 144 142 146 149 150 135 132 146 150 148
255 255 255 255 255 255 255 255 255 255 255 255 255 255 255 255 255 255 255 154 149 147 152 152 151 156 152 146 150 149 150 157 155 155 152 143 137 144 146 150 158 162 164 161 161 161 165 166 156 159 160 158 161 163 157 164 167 165 166 158 152 152 152 150 149 153 151 150 157 159 154 152 160 161 154 146 145 153 147 140 144 146 145 148 145 138 137 145 151 144 141 147 141 136
255 255 255 255 255 255 255 255 255 255 255 255 255 255 255 255 255 152 156 151 141 145 149 150 150 151 145 143 148 150 144 153 154 154 152 147 138 141 148 148 154 161 161 157 164 163 162 167 160 156 161 161 161 164 159 161 164 166 172 171 165 158 155 151 147 153 154 153 158 156 153 156 160 158 150 148 147 153 152 143 146 148 143 151 151 138 134 143 149 156 151 153 137 120
255 255 255 255 255 255 255 255 255 255 255 255 255 255 255 158 156 149 153 150 142 148 151 152 150 149 141 142 147 149 142 148 151 150 143 143 144 143 147 153 154 156 160 161 165 164 158 160 159 156 157 160 161 160 159 161 161 164 167 167 163 163 160 153 148 155 155 156 158 155 152 160 164 156 143 150 151 152 151 148 151 150 145 151 153 139 139 147 148 159 158 157 129 105
255 255 255 255 255 255 255 255 255 255 255 255 156 157 158 149 151 153 153 152 150 150 149 155 148 146 143 140 143 144 145 147 147 145 135 134 148 148 144 155 156 155 159 163 163 162 151 149 155 153 152 156 161 152 150 161 160 160 162 163 159 165 165 157 151 159 157 156 157 153 155 163 164 155 143 147 154 153 147 148 149 148 146 153 155 135 136 152 151 151 158 152 114 88
255 255 255 255 255 255 255 255 255 255 157 158 153 157 160 144 141 150 152 152 151 150 146 152 148 145 146 141 142 142 148 150 144 141 139 139 149 150 141 150 158 157 162 164 163 160 146 144 155 154 153 157 164 154 150 156 153 149 153 160 155 153 153 153 153 161 157 154 155 155 156 164 158 153 148 145 153 154 143 148 147 149 149 151 148 132 135 153 156 153 153 135 99 79
255 255 255 255 255 255 255 255 162 161 160 159 153 148 153 146 135 142 147 145 145 151 148 147 145 146 148 146 148 149 151 151 148 141 139 146 147 143 134 145 161 161 161 166 159 152 146 143 148 153 154 157 161 157 157 153 146 141 142 145 146 143 143 152 152 156 154 155 153 156 156 163 156 152 152 143 153 153 142 147 150 152 152 148 141 135 143 154 157 158 150 126 95 75
255 255 255 255 255 255 156 166 165 162 165 160 153 144 143 147 141 139 138 139 145 152 148 146 147 145 150 153 158 160 154 149 146 140 138 144 143 138 136 145 161 164 157 160 155 144 135 127 131 147 153 160 158 156 158 149 144 141 141 140 144 143 142 151 147 149 154 158 157 158 156 156 153 151 152 146 153 148 138 144 149 150 150 147 145 144 149 156 158 154 144 124 107 101
255 255 255 255 168 163 159 164 164 164 165 154 149 145 139 143 148 146 140 148 150 141 137 147 154 149 156 159 164 167 157 147 146 141 141 145 143 142 140 143 151 158 155 157 155 142 132 126 135 146 148 160 157 152 149 141 142 142 145 145 147 147 144 150 149 150 154 158 159 155 152 146 143 137 136 144 154 144 135 140 142 144 141 146 154 151 147 147 145 133 129 123 121 128
255 255 161 160 159 164 168 166 162 161 157 150 148 146 141 139 148 147 136 145 151 133 127 141 154 156 159 161 162 166 164 151 148 144 138 134 134 142 140 138 145 154 152 152 150 140 138 136 141 145 147 157 150 149 145 141 137 139 148 147 146 146 147 153 150 149 154 154 158 150 150 145 135 123 114 130 150 144 133 137 141 146 141 142 152 153 143 127 112 111 125 135 131 133
155 148 152 160 158 158 165 166 158 158 153 148 145 142 134 126 134 134 126 128 138 129 124 142 159 163 162 164 162 163 165 156 147 138 134 129 134 142 140 136 145 155 152 146 139 136 138 139 140 140 144 148 140 148 152 145 135 136 149 142 136 141 148 162 157 153 158 155 155 151 147 140 133 129 124 129 143 145 136 133 141 153 148 140 143 146 134 117 96 103 127 142 135 132
144 140 136 146 159 158 157 159 147 144 144 141 145 144 131 118 113 114 121 124 124 127 133 153 162 159 162 168 164 164 165 155 140 133 135 138 137 135 137 139 144 152 148 141 135 138 145 145 141 140 145 146 138 139 149 148 138 136 144 137 132 136 146 163 162 156 157 159 158 156 141 130 134 138 143 141 140 145 144 137 143 156 150 142 138 133 128 125 110 110 123 136 135 139
142 140 129 120 130 144 153 153 138 123 120 128 146 155 143 126 110 109 124 130 127 135 145 159 166 157 163 168 167 165 161 150 133 131 135 140 133 131 140 142 143 145 142 144 145 146 149 151 145 140 145 146 139 136 146 143 139 140 139 141 143 139 141 157 163 155 153 161 160 155 136 127 136 143 154 148 138 142 147 142 144 156 151 148 140 134 140 135 127 127 131 135 132 146
154 149 141 125 120 135 153 149 125 101 99 117 139 154 151 139 128 122 131 134 133 145 153 155 162 160 163 164 166 164 156 143 128 128 124 130 133 136 149 150 149 146 142 144 141 141 145 145 145 138 142 146 140 139 146 143 144 144 140 144 149 143 140 153 166 160 154 164 161 153 140 134 139 146 155 150 142 145 144 145 146 147 148 151 148 145 147 141 137 134 139 147 142 147
160 158 150 139 134 144 155 150 117 86 87 108 135 151 149 141 139 133 138 135 133 142 147 148 156 159 162 166 161 165 157 142 136 137 131 130 135 143 157 157 158 151 146 144 133 138 144 142 144 137 136 144 138 136 141 141 142 135 135 140 148 151 149 146 153 155 157 164 157 149 144 135 136 140 144 149 144 148 147 147 150 139 140 150 154 154 150 146 138 133 144 155 151 144
159 161 154 146 140 143 145 146 113 78 84 106 130 149 148 138 139 141 147 139 135 136 141 146 149 152 154 162 160 163 153 141 140 140 142 142 146 149 153 157 163 153 144 144 138 141 144 142 144 140 128 127 127 134 139 139 140 136 138 143 150 155 151 128 128 138 149 157 148 138 138 135 136 137 141 151 138 141 147 143 145 138 138 148 153 153 152 151 143 144 155 157 149 148
161 160 152 140 137 141 136 132 106 75 91 123 138 149 149 142 137 137 143 138 133 136 140 142 141 146 150 158 165 159 140 134 134 134 141 145 156 156 151 151 156 144 135 143 148 148 145 143 145 140 123 113 120 140 144 139 138 143 146 146 154 158 148 123 124 127 139 152 144 127 126 131 142 145 146 151 136 136 144 139 134 129 134 144 152 150 155 156 155 158 163 158 151 149
160 153 148 129 127 138 133 126 108 83 101 134 149 151 145 143 133 131 138 136 131 139 138 132 136 143 143 150 164 158 136 134 132 132 138 139 152 157 151 152 151 138 125 128 140 148 149 146 145 135 121 120 135 146 150 145 142 142 144 146 153 157 145 130 134 134 142 148 138 129 130 141 155 156 151 151 140 132 135 134 127 117 124 136 148 150 155 156 158 156 158 157 150 145
160 152 143 120 126 138 137 138 118 90 92 116 144 152 138 129 123 134 146 142 134 137 131 130 136 142 138 138 149 149 139 141 134 130 143 150 152 151 149 156 154 143 127 121 129 140 151 142 133 124 110 124 152 155 153 150 149 150 146 145 145 144 142 139 139 137 145 148 138 139 150 152 159 160 157 148 138 133 122 124 130 124 126 141 153 156 158 154 157 154 152 152 146 147
162 145 125 113 134 147 144 152 133 100 92 109 133 145 137 123 120 133 140 143 132 132 136 137 141 143 142 145 143 143 141 137 134 133 145 153 146 141 142 147 149 144 134 118 120 135 146 141 133 122 105 121 149 157 154 151 155 156 151 148 146 146 146 144 140 138 145 141 138 146 162 157 158 161 163 153 140 140 130 129 141 133 128 142 149 155 159 154 153 153 151 149 147 149
162 134 101 102 129 151 153 159 150 129 126 140 147 144 137 127 125 131 126 127 125 135 138 133 145 147 140 149 148 144 142 134 129 130 139 144 139 135 138 143 141 137 133 118 121 137 139 143 143 126 116 127 140 152 150 149 161 159 154 148 146 155 147 141 141 140 143 132 136 150 165 160 160 164 163 161 148 149 152 143 146 145 139 140 139 152 163 153 149 154 150 147 146 147
149 131 109 112 134 152 151 157 160 151 151 156 162 151 133 128 130 134 135 131 127 142 141 136 143 144 133 142 154 150 138 130 131 134 137 148 150 135 122 132 138 127 127 122 131 143 138 138 131 121 126 129 132 149 143 145 162 156 148 145 150 160 150 138 145 144 142 137 139 152 164 158 158 167 167 162 150 151 160 152 151 157 150 142 142 155 167 160 153 156 155 151 141 145
145 146 141 131 138 153 155 156 158 158 158 148 144 136 129 140 140 135 141 140 133 144 145 143 138 135 131 137 154 157 141 125 125 139 135 138 142 122 105 116 133 125 133 124 126 144 140 123 111 120 136 129 120 135 137 144 158 152 145 144 148 153 151 136 143 148 139 136 145 158 160 161 163 166 170 161 145 145 157 158 152 153 149 143 149 152 162 169 160 158 162 160 144 145
147 154 156 144 141 144 152 153 148 144 142 135 129 131 135 153 152 140 140 140 140 147 141 136 137 135 130 139 147 150 148 133 123 140 139 127 130 125 117 116 132 133 141 132 127 138 130 114 117 130 150 143 124 125 135 145 148 144 147 149 146 143 147 140 139 138 139 144 152 162 157 163 169 169 167 160 147 141 151 156 153 153 149 145 149 145 158 168 159 159 157 159 143 132
147 142 147 149 147 135 131 140 136 119 114 123 131 142 150 157 152 144 135 131 133 138 132 128 139 139 129 140 143 139 153 154 141 142 143 135 131 134 136 133 131 134 138 127 121 125 117 114 127 134 150 155 138 125 133 139 143 145 150 150 140 137 142 145 141 138 141 147 152 155 153 162 165 165 161 155 151 133 136 144 151 154 147 148 143 139 151 158 160 160 145 148 133 121
148 139 144 154 151 140 133 141 137 125 125 133 150 157 157 157 149 143 125 104 97 111 127 129 141 144 136 140 148 149 171 185 168 144 140 145 136 132 137 131 122 126 129 123 126 122 117 124 134 142 156 157 144 136 140 136 143 153 151 154 147 138 132 140 147 147 149 152 153 146 143 158 160 156 152 150 147 133 135 142 137 128 131 146 141 139 149 151 162 162 142 139 130 122
134 144 151 154 157 157 156 157 151 146 150 148 158 163 158 154 152 149 133 108 94 110 136 139 142 147 140 137 150 157 176 192 178 148 141 141 130 120 118 113 117 125 124 126 125 120 128 137 138 142 150 153 151 147 148 146 147 154 152 155 151 143 134 147 157 148 135 138 142 139 141 154 154 149 148 149 149 142 145 142 126 113 123 140 142 145 149 147 155 157 140 139 142 136
109 133 156 158 159 162 167 167 164 158 160 156 159 163 163 159 156 150 147 128 112 125 142 139 135 134 132 132 144 155 163 170 167 148 137 131 123 115 109 114 128 124 121 127 127 123 130 133 134 139 139 145 151 148 149 153 147 143 145 144 147 148 146 156 160 140 103 95 119 138 140 146 145 146 148 148 148 149 151 144 136 133 137 140 138 142 147 147 150 151 141 138 141 138
102 123 153 166 165 163 163 166 169 165 166 161 158 155 162 162 160 158 152 135 122 138 150 147 142 123 121 127 136 151 153 155 148 130 124 127 129 125 114 112 128 127 123 121 129 137 139 136 135 145 144 141 146 147 138 140 135 128 130 137 145 144 146 154 153 134 103 100 127 145 144 145 145 147 150 146 143 148 152 150 146 138 139 143 140 137 141 138 142 148 147 140 135 134
126 137 153 165 166 168 167 164 163 162 164 163 156 151 163 166 159 159 156 144 129 138 147 146 145 117 112 127 135 147 148 146 133 119 130 137 126 118 117 104 114 128 127 118 124 144 155 155 149 155 153 140 136 137 130 131 134 131 128 140 146 141 151 154 151 145 122 129 150 155 151 145 145 151 152 147 141 146 157 162 157 145 147 154 150 144 138 135 141 150 150 138 133 143
144 152 159 166 165 164 166 165 161 164 164 161 159 157 160 166 160 161 162 148 124 131 140 136 130 101 106 131 141 142 137 138 132 124 133 139 128 122 116 102 100 113 127 135 141 147 156 167 163 158 149 135 132 134 140 142 141 134 132 147 156 148 149 151 152 154 139 148 163 161 158 142 134 145 152 156 158 157 164 172 168 165 162 156 150 147 142 141 146 149 153 142 137 142
