example/E5 - XRays/X-ray-tomography/rastert_juap08.txt
ncols         356
nrows         356
xllcorner     -0.5
yllcorner     -355.5
cellsize      1
NODATA_value  -9999
[rows 84 to 125 of 356, columns 188 to 281 of 356]
140 148 148 153 156 154 148 143 142 145 143 157 166 167 168 174 179 159 145 154 160 163 151 158 156 146 148 149 162 160 152 162 149 138 155 160 159 161 151 142 134 123 126 132 140 143 144 130 129 147 147 144 138 148 155 151 145 151 149 149 141 139 139 146 158 160 163 154 153 155 152 151 152 154 147 148 152 142 138 146 141 139 144 152 153 143 100 50 29 24 37 76 126 137
141 155 147 153 162 158 150 148 144 141 144 162 169 177 173 166 168 159 152 160 159 159 152 150 152 146 153 158 167 164 157 168 160 148 155 144 140 144 144 123 111 116 128 135 142 140 142 140 135 141 145 143 143 148 150 153 151 150 147 146 140 135 121 131 154 153 160 158 152 162 162 157 158 156 150 153 149 136 134 151 150 157 163 164 160 148 106 47 26 24 33 65 113 138
141 151 148 150 154 154 155 150 144 144 148 151 160 171 167 157 157 155 153 156 150 157 157 151 154 151 154 163 164 161 162 162 159 155 148 134 130 134 127 103 102 120 128 131 141 144 142 143 138 142 150 148 151 154 153 154 150 149 150 151 143 137 130 136 146 153 157 155 152 164 162 155 158 152 150 154 148 140 145 159 158 168 167 164 160 150 110 51 30 28 32 53 89 127
142 143 156 151 143 151 158 150 144 149 153 147 149 156 157 154 157 157 153 159 151 145 154 156 151 154 156 157 158 155 161 157 156 154 139 132 141 150 137 121 121 125 129 128 141 151 146 149 149 145 154 154 148 152 154 144 145 154 155 150 147 147 146 146 143 153 156 150 153 159 158 152 156 155 149 150 147 149 155 164 163 168 161 161 159 147 111 54 33 34 36 43 70 104
146 144 157 159 145 151 154 148 144 153 158 153 148 145 151 157 154 158 156 160 150 139 155 161 152 149 153 153 155 154 154 158 156 145 136 138 147 158 152 144 136 130 137 135 147 155 148 154 150 141 152 159 149 142 146 135 139 155 154 146 147 152 147 145 149 154 152 145 154 159 154 149 152 152 147 149 149 153 156 163 164 167 161 162 157 145 121 78 47 39 44 51 75 97
149 142 140 150 147 161 164 154 149 149 154 154 155 145 152 166 151 152 156 161 156 150 165 163 154 152 157 157 151 152 149 157 157 144 135 137 149 159 152 144 138 139 150 142 151 157 149 152 144 143 150 154 149 143 145 139 137 152 150 143 153 158 146 145 151 146 140 139 150 155 148 150 148 149 150 152 150 154 159 159 155 159 159 157 152 151 140 106 65 42 42 54 79 102
147 148 148 150 160 170 166 162 153 147 148 149 155 157 161 164 147 150 158 162 160 151 155 159 155 149 150 149 147 157 149 151 156 144 135 136 149 144 132 136 137 135 139 134 148 152 152 153 147 146 148 149 145 146 144 140 139 150 149 137 155 163 146 142 141 143 146 151 150 148 141 150 150 150 151 151 151 159 158 154 154 158 158 157 161 157 150 132 100 69 60 75 98 122
149 149 147 149 162 166 167 169 151 148 152 153 153 158 160 158 148 154 166 169 163 158 159 162 159 146 132 139 145 156 146 145 153 143 135 139 141 128 104 104 111 106 115 124 145 157 162 164 161 156 146 146 145 151 146 142 148 152 151 137 141 149 143 144 147 153 157 160 155 151 140 144 149 154 159 156 153 160 155 151 158 158 159 164 168 160 159 148 128 108 98 107 123 142
152 148 144 145 164 168 169 171 156 155 164 162 151 132 140 155 152 152 158 168 168 169 170 162 154 146 133 142 150 156 145 138 149 144 131 123 106 89 69 64 70 79 103 122 141 158 161 163 167 164 147 142 142 151 155 147 152 156 153 147 134 138 146 150 157 158 161 159 154 153 147 150 153 156 163 161 152 156 154 153 159 152 155 160 160 157 155 152 149 140 136 138 141 148
145 143 141 146 174 171 170 175 168 161 169 167 152 117 131 147 152 153 153 160 170 175 166 157 157 150 137 141 149 151 138 137 148 140 124 108 81 68 58 51 66 84 104 113 135 154 164 169 169 162 155 148 137 139 155 152 156 163 152 143 141 146 155 155 154 154 163 155 147 154 157 156 155 153 158 162 150 147 151 156 157 153 160 163 162 160 154 156 165 163 163 157 149 144
150 148 130 137 171 173 175 174 173 166 168 170 160 133 135 146 148 152 153 153 161 173 163 151 157 148 138 141 144 149 141 145 151 140 119 93 69 75 71 66 84 93 99 96 114 142 166 177 175 165 151 139 135 135 150 156 158 162 152 144 147 148 150 152 148 156 161 151 147 152 156 158 158 149 148 150 141 141 154 157 157 159 162 166 162 157 156 158 165 167 169 161 148 141
139 135 126 143 165 172 177 165 175 174 173 170 167 149 137 140 148 153 151 156 154 167 164 155 159 151 150 157 145 145 142 147 148 139 110 71 51 63 68 78 97 99 93 73 83 123 162 170 170 166 148 140 150 150 143 152 156 157 160 154 153 150 150 153 147 158 161 149 151 151 154 158 155 143 139 140 141 147 149 153 158 161 162 163 154 147 152 161 161 165 172 167 155 148
117 124 131 161 165 162 175 169 178 175 178 171 164 151 136 129 134 137 149 156 151 164 156 153 160 156 156 162 148 139 138 143 143 131 99 71 57 57 70 97 118 111 82 54 68 103 144 161 161 163 154 154 148 143 140 143 153 156 161 150 151 157 154 155 150 160 156 150 154 151 150 153 153 144 146 148 150 144 140 155 162 164 159 161 155 151 155 159 156 162 161 155 149 145
128 139 139 162 166 164 170 169 173 174 176 173 167 153 131 105 93 104 142 145 140 161 154 155 168 165 154 159 156 143 145 151 144 123 89 68 62 69 89 117 131 116 71 39 60 93 133 155 155 158 157 153 132 127 139 144 153 157 156 145 150 157 151 155 153 156 154 153 149 141 144 154 156 151 153 147 143 139 147 158 157 159 156 160 157 157 159 153 151 157 151 147 144 144
146 139 137 157 162 173 173 168 170 174 170 173 167 151 129 82 50 77 136 147 143 149 147 164 175 169 153 148 150 142 144 152 137 114 85 62 60 84 114 132 130 116 70 30 59 115 147 145 147 149 148 144 131 133 149 154 160 162 160 151 152 153 152 163 161 153 154 159 147 142 150 154 157 150 146 144 146 152 159 157 152 154 154 158 156 155 158 154 152 155 148 151 149 144
144 126 138 154 158 173 168 170 175 175 170 174 171 153 141 99 50 67 124 143 139 137 141 166 180 169 152 142 150 150 149 145 122 95 69 53 54 71 114 133 130 112 60 35 80 128 145 143 147 145 143 140 136 139 150 156 161 163 154 149 154 157 155 166 164 159 152 152 150 154 154 154 160 153 143 138 147 157 157 151 149 153 157 155 154 158 160 154 157 158 155 153 146 142
147 132 138 143 158 181 173 173 173 170 172 173 176 166 155 123 62 59 112 137 140 149 146 160 177 164 149 137 142 145 151 137 114 80 55 52 51 61 107 134 139 104 57 59 116 145 152 155 154 147 142 139 147 150 152 156 157 159 148 152 162 166 162 167 161 157 149 153 156 152 141 153 156 148 141 139 147 156 157 152 155 156 154 157 159 163 158 149 153 152 156 153 151 149
150 135 124 129 159 178 166 173 172 166 183 180 173 163 150 131 77 51 104 136 142 148 145 153 164 158 154 147 145 144 141 128 101 62 43 57 75 96 116 132 139 93 67 90 135 150 158 162 155 144 141 138 148 157 165 161 151 154 150 151 157 163 160 161 153 153 149 155 152 134 126 137 139 139 140 142 147 159 163 162 161 160 158 156 157 159 151 147 151 153 157 159 160 156
155 143 124 130 160 169 160 175 176 170 179 179 165 161 160 149 100 66 113 139 138 137 142 149 151 150 147 155 156 150 136 126 101 63 53 75 102 116 126 135 130 91 83 117 145 144 151 156 146 143 146 135 144 157 162 158 149 154 154 146 148 159 155 153 152 151 151 153 148 139 133 127 121 124 140 151 152 159 160 157 154 159 165 159 157 155 153 156 154 156 159 162 159 142
169 154 136 128 145 166 168 176 174 174 171 177 158 163 169 157 116 95 131 142 128 135 147 156 150 147 144 160 162 156 142 127 115 92 86 103 128 134 135 150 129 95 93 127 147 151 150 150 142 143 144 140 153 164 159 151 150 153 151 146 149 161 150 150 149 143 152 156 151 148 145 138 118 107 126 151 158 158 156 159 158 155 161 163 157 151 151 158 157 157 157 153 149 137
175 163 152 127 123 157 169 170 174 182 173 172 163 167 164 157 129 112 131 128 129 145 153 166 157 152 146 163 162 155 143 135 143 133 122 123 142 148 143 150 131 108 113 143 149 156 153 151 153 146 136 143 154 158 154 150 151 150 144 153 158 161 152 154 154 154 159 159 156 152 149 143 126 120 130 154 163 155 151 156 157 154 154 154 152 152 151 154 152 149 147 146 147 143
172 150 146 140 122 145 163 167 174 180 179 178 170 171 166 168 142 112 122 126 139 145 152 168 162 147 138 162 161 145 137 135 151 149 142 142 149 147 145 140 127 121 135 146 142 153 149 145 154 144 140 147 147 154 157 155 154 147 142 153 157 155 155 157 151 154 156 155 154 152 149 140 128 134 141 155 163 158 156 155 155 159 152 147 150 157 156 154 147 147 150 149 148 145
165 141 140 151 136 143 146 151 164 172 184 184 170 170 167 169 145 118 119 132 146 146 158 168 162 148 141 150 148 137 129 138 146 139 150 149 148 145 142 137 133 135 149 147 147 154 145 136 143 141 145 154 154 161 151 145 150 150 147 150 154 150 152 157 153 155 157 150 154 156 149 142 141 135 134 144 156 163 161 153 156 157 147 143 139 149 154 158 156 160 158 143 134 124
162 152 144 137 125 137 137 148 155 159 179 182 171 165 155 160 150 140 133 135 137 149 161 162 156 140 139 145 144 144 128 132 143 141 146 142 142 148 149 146 145 142 157 160 156 152 144 143 147 143 152 166 159 158 143 142 151 144 141 147 154 153 152 158 157 158 156 146 151 156 154 151 153 144 145 154 160 163 158 151 153 142 143 143 132 139 146 158 159 156 145 135 132 111
159 158 147 124 110 127 138 153 148 141 162 170 168 170 154 154 156 148 139 145 143 157 167 159 158 138 135 145 143 137 129 133 142 147 143 141 149 150 153 149 151 145 154 161 156 141 142 150 149 147 156 164 150 149 150 150 156 151 148 148 151 151 150 158 167 159 151 155 159 159 159 158 151 151 159 167 166 160 150 149 150 137 141 140 132 137 140 150 152 147 131 130 131 113
160 157 148 118 101 123 148 163 156 136 144 157 165 163 152 155 157 154 158 162 164 169 169 152 149 138 140 144 139 128 131 134 134 145 143 134 147 145 144 149 155 147 146 155 158 144 152 158 145 146 144 146 151 151 160 155 154 159 152 142 146 151 152 160 167 162 159 164 161 159 162 163 158 155 150 157 152 147 145 147 142 132 133 131 132 135 133 136 142 143 130 131 127 116
161 156 150 126 116 136 160 162 157 146 143 146 155 153 158 161 152 164 172 165 173 169 157 142 147 149 152 136 132 129 130 133 137 146 148 141 144 141 146 155 155 149 148 149 155 152 154 154 143 146 138 126 143 148 150 154 152 151 142 138 148 157 160 161 153 152 162 160 153 162 160 156 154 144 133 147 145 144 149 146 141 134 134 135 129 122 115 118 138 143 136 132 120 119
156 155 155 146 135 142 159 159 152 148 146 142 152 158 162 168 157 163 168 168 180 171 154 147 138 136 147 121 115 131 135 143 147 149 148 145 146 139 146 157 150 149 153 153 161 153 147 156 155 158 149 125 128 143 149 155 156 155 149 153 153 157 161 149 142 148 164 164 158 165 158 153 146 135 133 143 146 147 149 146 147 143 137 131 110 98 95 105 132 131 128 125 114 116
163 150 152 145 138 143 151 152 151 148 151 147 150 150 151 164 168 164 162 175 181 165 145 140 129 128 149 117 107 136 151 150 146 143 145 146 146 149 154 155 151 148 142 148 163 153 146 157 155 152 153 142 134 142 139 141 162 166 160 156 150 153 156 144 147 147 148 153 152 150 146 152 146 139 141 144 143 143 155 155 146 139 132 125 103 95 98 111 125 123 130 128 125 128
169 141 144 133 141 152 155 147 146 152 161 154 151 139 130 145 164 169 166 170 167 152 139 139 137 138 152 123 120 133 146 152 147 148 151 154 149 146 147 157 157 151 147 154 161 158 149 142 135 136 147 142 140 147 136 141 164 163 155 149 145 147 147 147 154 143 139 146 138 128 132 149 149 139 141 140 134 129 149 157 143 136 133 125 108 122 126 124 126 127 137 142 143 142
161 143 142 135 137 143 148 148 146 155 155 150 150 131 110 127 158 171 165 161 150 152 158 157 150 147 147 133 138 135 145 160 157 158 162 161 149 144 149 156 152 154 155 152 147 152 147 139 134 134 142 138 147 148 140 143 156 155 145 142 143 144 147 153 149 136 140 147 135 131 140 143 139 134 136 138 135 129 140 143 138 136 131 121 113 138 146 138 136 132 139 157 159 152
144 144 145 151 150 142 141 163 160 155 151 160 156 145 123 117 148 167 158 161 152 148 154 157 157 156 150 144 150 150 158 170 168 168 169 169 160 160 154 149 147 154 151 144 148 157 154 145 144 142 144 146 149 140 132 142 153 152 142 141 141 146 152 154 142 136 146 150 137 133 137 141 135 129 126 130 138 142 142 136 137 134 129 125 120 131 138 137 135 128 139 160 161 157
128 137 143 151 154 143 138 153 147 140 147 160 153 156 155 136 150 163 157 165 161 149 147 161 165 160 154 157 164 170 164 174 174 173 169 164 162 165 162 158 150 149 151 153 152 151 148 140 147 156 150 144 144 136 123 140 143 140 141 143 141 143 141 142 143 141 150 149 136 126 126 139 134 132 130 127 137 147 141 138 144 142 142 144 140 135 132 137 137 130 134 146 144 151
135 142 143 135 132 135 149 151 149 141 148 153 143 147 156 151 159 165 160 158 161 159 157 165 164 167 159 167 170 169 161 167 171 171 172 169 169 168 169 167 155 152 154 153 136 125 131 134 145 156 150 145 148 135 124 139 135 132 136 139 136 141 136 127 136 144 139 132 129 125 127 136 132 137 134 131 144 149 141 137 140 144 145 145 145 139 141 152 150 143 138 139 143 153
146 144 139 122 119 134 143 149 158 146 145 150 137 138 147 150 155 164 170 165 169 169 160 164 166 180 170 167 163 159 168 170 167 171 178 174 174 169 165 160 151 146 147 144 134 134 136 139 145 151 147 150 152 134 133 134 133 136 131 135 142 146 137 122 134 150 137 125 130 134 140 141 138 139 133 133 144 145 144 145 136 137 144 140 139 138 147 152 153 153 148 143 146 149
145 149 140 129 128 143 144 146 152 145 147 141 125 129 138 140 153 171 179 167 173 173 167 170 170 169 168 170 167 161 179 180 171 175 182 169 169 170 161 158 149 139 138 126 129 135 134 141 138 143 142 140 140 134 134 131 135 139 131 135 148 146 137 140 150 147 137 135 133 133 142 141 137 136 137 133 136 132 139 145 140 142 142 139 143 145 143 142 147 146 142 140 147 146
148 147 137 129 130 146 150 136 132 151 155 129 126 132 129 137 159 168 168 164 170 171 172 174 166 166 176 177 170 168 179 174 173 174 178 170 169 168 149 136 120 117 134 125 128 129 129 139 135 145 142 135 137 137 125 120 127 140 139 132 145 146 141 149 154 140 131 136 140 133 134 139 134 132 141 139 140 126 128 137 146 149 147 143 146 147 145 145 144 140 143 142 151 148
144 131 135 139 144 144 142 129 123 144 146 124 136 142 132 133 156 170 165 168 173 167 169 176 178 171 173 174 161 169 169 164 179 179 173 168 167 160 141 105 74 76 99 113 134 138 134 146 147 148 131 130 147 147 129 116 123 137 136 130 141 141 134 142 137 132 128 135 143 138 142 147 137 138 145 142 136 115 123 146 155 150 144 141 147 147 143 140 137 147 149 145 151 147
147 138 129 138 151 147 153 152 133 130 127 130 150 151 140 136 155 170 174 167 171 174 174 176 184 174 161 165 167 174 162 162 169 169 167 167 165 156 136 90 65 67 87 115 134 133 132 150 150 146 134 130 138 130 123 124 134 139 139 146 146 134 130 138 129 126 129 142 146 150 151 149 149 146 144 141 137 118 129 151 158 151 142 141 144 142 144 144 141 144 143 141 143 142
154 141 126 124 141 150 156 155 135 124 118 128 148 152 148 153 164 159 168 168 176 177 176 171 171 171 163 166 171 172 164 170 169 167 165 166 166 158 137 96 87 94 117 130 115 103 119 149 153 146 137 128 129 119 117 128 143 146 138 140 147 141 140 142 140 140 137 141 149 155 152 152 154 148 145 145 143 129 137 152 159 152 143 142 140 141 152 153 143 130 131 135 133 135
158 144 132 116 128 139 133 139 133 130 134 129 138 153 156 161 168 165 171 174 173 170 174 165 164 166 163 174 169 176 171 173 174 179 172 168 172 161 140 110 113 128 132 118 92 88 125 146 146 145 144 143 137 130 127 124 136 142 130 135 155 149 145 144 148 144 145 141 147 150 146 150 152 152 150 149 142 139 142 150 149 138 137 138 137 134 143 151 145 140 134 132 137 140
155 147 136 119 139 152 138 139 131 132 139 127 134 149 155 157 159 174 174 173 164 170 167 159 170 165 164 174 168 179 172 168 173 180 173 169 169 161 139 117 118 138 143 126 103 99 128 142 154 157 153 154 134 127 131 126 129 131 129 139 158 151 149 148 146 148 159 144 139 145 150 149 148 155 149 139 132 135 139 147 145 140 140 137 134 135 145 151 147 150 142 144 147 137
