example/E5 - XRays/X-ray-tomography/rastert_juap35.txt
ncols         356
nrows         356
xllcorner     -0.5
yllcorner     -355.5
cellsize      1
NODATA_value  -9999
[rows 168 to 209 of 356, columns 0 to 93 of 356]
255 164 150 152 158 159 155 146 147 153 154 155 157 153 147 144 139 136 139 141 142 140 138 139 130 115 108 126 136 138 141 143 147 145 148 148 148 151 147 144 142 147 139 142 139 139 140 143 147 139 124 125 144 143 115 94 115 128 124 120 133 139 137 146 143 138 130 116 128 141 141 151 155 159 155 145 152 156 162 167 163 161 157 168 166 155 149 145 136 133 131 121 130 155
255 157 150 155 161 162 161 157 150 149 151 152 147 143 139 140 141 139 143 142 137 137 142 141 126 121 125 129 136 147 150 146 140 133 140 146 147 155 156 152 139 141 141 148 151 144 145 146 146 146 138 138 146 143 116 93 107 115 103 107 138 145 138 135 129 129 118 98 105 131 154 162 160 165 156 147 157 165 163 170 165 169 169 176 173 162 153 144 138 124 129 127 135 148
255 146 146 148 154 158 159 160 158 154 153 151 146 143 139 142 144 141 137 134 124 126 142 147 134 131 134 143 157 164 165 154 140 136 135 140 146 147 147 150 144 147 143 141 150 154 151 146 143 144 145 144 137 130 126 123 123 121 119 121 133 143 138 127 113 99 101 101 115 139 161 166 157 145 125 128 158 168 167 171 165 170 166 166 170 172 163 154 148 131 126 132 146 131
255 149 144 141 147 153 152 155 158 155 151 142 137 143 146 140 142 141 139 137 130 125 131 139 140 142 136 144 164 170 166 151 140 144 153 153 144 135 130 130 132 141 141 133 137 141 143 144 144 139 146 140 122 113 124 137 135 133 136 134 132 139 135 133 124 93 84 111 141 155 160 155 141 122 95 109 152 165 171 176 171 175 172 169 169 164 159 161 150 140 143 138 142 116
255 150 145 134 138 150 159 159 150 145 145 137 135 142 144 139 139 139 140 134 137 132 124 130 142 146 133 134 152 166 163 144 133 139 150 153 147 145 147 139 129 133 136 129 136 139 142 141 138 138 148 147 143 136 140 146 137 131 136 134 135 137 125 124 122 98 94 119 145 157 161 145 109 96 87 107 145 166 164 158 163 171 169 163 159 157 159 157 137 142 144 132 124 113
255 146 144 137 137 144 145 141 136 137 142 136 137 138 139 141 144 141 136 131 136 140 132 133 142 143 135 132 140 157 157 135 117 122 128 137 140 140 150 147 132 131 135 134 140 142 143 131 131 145 153 151 155 159 156 157 144 132 139 140 141 139 120 123 123 118 121 129 141 152 157 145 112 90 98 122 138 157 165 158 167 167 159 159 159 163 156 141 121 118 130 132 115 114
255 148 148 148 146 149 148 139 136 138 141 138 136 134 131 135 139 144 146 144 145 146 141 139 138 139 142 140 140 138 134 134 131 134 134 142 140 137 145 145 136 129 136 146 149 148 140 122 123 149 154 148 150 157 155 153 151 146 147 144 138 132 118 125 132 141 148 150 146 139 141 136 129 116 122 136 146 151 154 151 157 155 153 160 160 160 147 134 117 100 115 134 126 129
255 151 155 156 149 148 151 145 145 143 137 133 136 141 139 142 146 146 150 151 151 148 145 141 139 133 135 141 139 130 128 139 146 147 142 145 148 152 147 141 143 143 146 149 148 141 137 137 133 150 154 155 161 157 152 152 154 151 155 152 135 123 122 129 137 152 160 160 151 138 128 119 119 123 130 136 152 145 128 133 148 155 159 158 158 159 145 136 117 93 104 132 137 135
255 153 156 154 149 148 144 142 151 157 152 144 141 143 146 150 154 151 147 148 146 144 146 142 145 146 142 143 142 138 142 147 146 146 142 136 142 155 141 129 138 138 141 141 137 133 135 144 145 156 161 158 161 157 154 157 159 152 152 153 142 122 125 132 136 152 157 150 134 125 114 116 122 129 132 125 145 144 128 128 143 162 165 163 158 157 148 140 120 103 108 134 139 129
160 157 152 142 138 142 142 147 151 156 155 148 142 140 147 152 151 153 150 144 140 140 147 143 144 157 155 146 143 133 137 143 142 149 151 145 142 142 136 136 142 138 145 148 145 140 139 141 139 150 161 161 158 158 161 166 166 158 150 147 142 125 131 135 138 142 143 146 129 120 119 128 132 132 133 132 152 152 140 134 134 157 166 167 165 156 153 153 140 128 128 151 161 152
255 157 151 142 139 141 143 146 146 146 140 137 140 143 154 160 156 157 154 149 146 149 151 148 148 157 158 147 142 133 139 142 139 145 149 143 137 135 141 151 150 145 144 145 144 141 140 136 129 148 159 165 167 167 166 168 166 161 153 148 144 126 128 129 135 135 134 155 140 120 118 127 129 126 124 139 156 147 137 132 119 131 151 162 163 161 155 153 153 156 157 161 160 163
255 149 145 142 147 151 147 147 149 145 134 130 136 145 154 161 161 164 161 160 157 150 142 140 147 156 163 158 150 143 144 144 143 145 148 142 137 141 144 146 144 147 144 153 156 151 141 141 136 155 163 165 170 167 160 165 169 161 154 156 153 137 130 131 143 135 131 146 140 124 125 129 129 130 132 137 138 132 127 127 108 114 137 157 153 150 152 156 166 166 158 157 165 161
255 144 141 145 152 152 147 146 148 149 146 137 140 154 161 162 160 163 166 167 161 148 144 142 145 149 155 158 152 146 139 135 140 137 143 148 148 148 146 146 145 155 154 161 159 146 135 140 142 152 157 162 165 164 157 153 156 156 153 152 151 146 141 137 152 139 125 140 141 122 123 134 145 149 149 149 137 136 132 132 125 127 141 153 145 140 147 152 157 156 155 156 167 162
255 146 146 152 160 159 150 143 137 138 142 144 146 151 155 158 156 158 159 157 151 142 147 151 153 156 157 155 154 155 147 140 133 123 137 143 140 144 147 152 154 160 161 161 159 149 144 145 148 153 157 161 160 160 165 162 162 163 157 150 153 153 147 143 153 147 135 145 142 119 110 125 150 160 163 157 142 139 132 129 134 139 140 140 144 151 153 154 156 156 155 156 161 171
255 142 145 150 155 156 144 136 134 132 130 133 136 142 146 147 151 153 155 155 153 152 152 154 157 160 163 161 160 163 158 152 141 126 135 141 140 139 141 151 160 161 154 156 162 161 161 158 152 153 163 170 167 162 164 170 170 166 160 150 150 149 144 144 149 146 139 142 141 133 121 119 128 143 155 147 142 139 137 127 116 118 130 134 141 145 144 146 150 159 168 166 162 169
255 143 142 146 144 135 129 134 143 146 139 129 122 139 147 148 152 155 152 153 157 158 160 159 153 156 158 160 157 157 153 151 149 145 142 143 141 127 127 145 159 160 150 150 156 159 157 154 154 148 154 165 171 165 158 162 162 162 164 152 148 148 147 146 145 137 136 141 133 130 125 126 130 140 146 147 153 147 136 117 94 103 131 134 137 140 140 141 152 157 161 156 158 160
255 148 146 143 134 121 119 133 142 143 142 139 131 138 148 151 152 160 164 163 161 161 166 161 154 156 155 155 147 142 146 139 133 139 143 141 141 137 140 152 155 151 154 160 160 158 150 145 151 150 151 151 157 163 158 153 152 160 159 155 149 141 140 140 138 129 137 139 135 140 135 134 135 134 140 154 151 133 126 114 95 108 135 145 148 150 158 151 152 155 156 159 165 170
255 148 147 150 140 126 121 127 133 136 140 147 142 138 151 162 160 162 167 174 173 174 169 156 146 150 153 151 139 135 135 135 131 136 140 133 129 130 134 135 134 134 150 160 158 155 147 142 141 147 154 156 157 158 156 158 155 160 155 150 140 130 135 135 137 136 135 134 141 149 147 144 146 142 145 156 136 111 113 115 111 115 124 139 142 145 158 143 152 160 156 163 170 169
255 152 150 157 155 142 133 132 142 149 148 150 150 145 148 156 158 164 166 172 172 173 165 152 148 149 153 148 137 135 134 136 145 151 149 132 119 108 110 124 138 141 144 144 140 147 146 144 144 138 139 143 146 157 160 156 158 159 150 140 130 128 142 138 137 137 132 131 132 136 145 148 151 143 142 148 141 133 117 112 121 130 132 140 140 149 154 143 158 163 154 161 166 161
255 160 161 165 158 148 145 137 144 157 154 154 150 142 139 147 152 158 155 159 164 165 157 151 154 150 148 145 136 142 147 139 138 139 141 141 131 110 111 131 143 143 145 144 130 136 142 138 137 127 120 114 117 140 158 164 161 159 152 149 145 137 134 134 141 138 138 134 134 135 139 145 142 128 124 136 139 136 119 122 132 139 138 141 144 147 146 144 153 151 155 168 163 156
255 159 161 160 150 144 146 135 141 153 155 152 143 129 130 157 163 144 137 150 157 152 149 155 155 149 147 143 133 138 144 144 139 139 143 147 136 118 126 134 121 122 141 151 141 125 119 123 130 132 132 117 107 123 141 153 149 144 144 147 148 141 135 137 137 142 149 133 135 145 141 146 145 133 125 133 140 137 126 134 146 143 135 140 136 139 149 145 143 139 147 156 142 127
255 151 153 151 152 149 144 141 147 154 147 137 140 138 141 170 176 141 130 137 136 134 138 154 159 159 155 144 135 130 130 135 139 148 149 144 129 117 136 139 118 121 135 142 143 116 110 122 122 126 140 128 103 111 132 139 136 135 132 135 144 145 137 136 131 135 145 135 135 139 137 144 154 147 140 141 142 134 130 137 141 137 134 145 142 146 158 142 139 143 141 137 135 129
255 154 154 152 152 148 144 145 146 147 141 126 127 139 149 155 152 143 141 130 122 126 132 141 146 146 140 139 144 140 133 135 143 147 145 153 147 131 139 142 133 133 134 136 133 113 119 134 125 130 142 128 102 106 132 127 122 131 132 136 143 142 140 137 123 123 135 136 145 143 144 148 148 136 136 145 134 119 132 144 145 145 143 137 130 138 152 140 144 153 148 136 139 150
255 157 153 150 145 142 144 147 149 146 137 123 121 130 139 136 130 138 146 143 137 139 141 143 137 122 126 139 140 135 131 135 139 134 134 148 156 147 147 148 141 139 135 129 129 124 127 138 134 137 144 138 120 115 134 129 115 126 135 139 144 143 147 146 133 132 141 141 148 141 143 146 142 137 135 135 128 125 139 143 141 145 143 139 136 135 143 140 139 148 145 131 132 152
255 156 152 149 149 147 141 144 152 150 144 136 131 129 128 129 135 142 142 145 143 142 146 147 141 126 129 144 143 128 129 145 145 140 143 144 149 148 144 144 138 137 134 131 136 136 139 148 147 136 139 142 137 134 143 146 134 134 147 153 154 152 147 140 142 145 145 143 142 136 145 149 145 142 142 134 135 138 136 128 133 142 141 143 143 139 143 142 135 141 142 136 134 139
255 156 152 151 154 152 139 137 146 147 137 132 132 122 110 124 144 154 147 148 149 141 140 139 141 143 143 143 151 146 143 150 150 144 145 141 147 154 145 132 129 130 136 145 148 140 144 149 147 129 128 133 146 150 154 158 151 139 140 155 154 148 142 137 142 137 140 140 136 141 151 157 157 145 139 131 137 144 134 129 143 148 145 146 142 141 142 139 138 148 144 145 149 140
255 153 150 149 152 151 146 145 147 145 139 138 144 139 127 128 137 151 150 148 146 144 140 129 135 138 140 140 141 143 148 146 146 145 144 137 143 156 154 143 140 144 151 157 160 155 149 141 138 126 125 132 148 157 160 156 148 136 131 140 144 147 142 143 147 144 143 133 126 132 139 146 150 141 135 139 144 145 137 136 147 152 150 152 148 146 143 136 139 149 147 158 158 147
255 157 153 149 148 147 144 146 148 147 150 157 159 156 147 138 140 149 151 146 137 141 133 124 134 126 132 142 145 147 155 156 149 144 146 144 148 154 153 146 144 157 170 171 164 159 159 159 141 116 113 120 136 144 152 156 150 142 143 145 148 147 139 138 138 141 144 136 132 126 126 136 140 130 134 146 144 143 138 139 146 147 146 153 151 148 151 146 134 135 140 154 153 157
255 255 152 151 149 140 137 138 146 153 154 158 155 150 148 148 156 153 142 140 132 130 123 120 137 137 141 147 154 157 155 155 150 143 141 137 133 139 138 141 150 154 165 173 172 174 172 175 163 133 126 130 133 139 150 147 138 132 138 144 143 145 148 144 144 146 149 152 152 143 132 130 141 138 146 144 136 141 133 135 138 143 147 156 157 157 157 155 143 137 134 140 145 147
255 255 149 152 150 138 135 132 136 148 151 151 148 143 137 137 152 152 136 130 126 132 133 126 133 140 142 145 147 142 141 146 151 148 141 131 126 137 141 150 163 166 171 178 180 185 176 170 163 150 148 142 135 139 140 134 134 132 136 142 139 139 140 147 163 168 166 162 157 148 145 137 134 129 141 147 148 145 140 147 153 158 159 161 161 154 151 151 142 150 146 142 141 131
255 255 156 155 153 147 145 142 144 151 148 142 142 147 144 148 157 155 145 140 133 138 132 116 122 139 145 148 147 141 139 139 142 145 150 139 134 143 151 164 173 180 184 184 180 180 175 168 161 161 152 130 130 142 135 135 139 134 138 136 141 145 137 147 164 169 167 165 160 143 140 132 117 123 141 149 141 139 146 154 152 154 161 166 162 154 156 153 144 152 160 158 148 152
255 255 156 158 159 153 151 157 162 161 151 153 160 162 160 169 168 163 160 157 148 140 128 115 128 144 148 145 139 129 125 133 140 142 146 144 142 143 146 158 169 176 181 183 184 180 175 169 164 164 153 134 136 146 146 145 142 132 141 149 151 145 138 151 161 165 166 165 148 133 128 126 127 128 139 151 143 139 140 148 149 144 157 161 161 164 165 156 151 148 154 159 151 171
255 255 160 161 157 151 150 156 160 154 151 160 163 162 163 165 160 159 162 162 153 141 133 130 138 147 153 146 134 119 116 133 143 147 142 135 145 144 148 159 166 175 175 173 179 177 167 159 163 162 149 141 148 148 143 145 144 140 141 144 147 147 142 153 162 166 171 165 148 137 130 131 140 144 151 149 147 150 141 144 154 154 155 154 163 170 167 158 157 155 149 153 151 157
255 255 161 157 154 154 153 152 154 153 150 153 154 156 161 160 155 150 147 150 150 137 133 136 135 141 142 135 132 127 123 125 134 142 137 133 145 142 151 167 169 177 185 185 174 165 162 159 162 159 149 130 133 145 144 144 140 140 142 143 150 150 148 167 173 169 167 158 152 140 132 133 141 153 154 143 145 144 142 151 155 156 152 150 160 170 168 163 159 162 157 168 172 164
255 255 159 155 154 157 155 150 149 149 142 144 150 150 150 146 138 140 145 150 148 130 134 149 149 147 135 119 123 128 128 127 128 126 127 129 136 137 149 165 166 166 168 174 168 159 159 158 155 152 141 120 120 140 149 143 140 139 141 146 138 128 141 168 171 168 163 156 147 135 135 134 141 150 144 137 133 137 150 151 150 154 157 159 162 171 169 161 165 170 165 172 169 169
255 255 158 154 151 150 152 152 153 148 138 142 139 128 123 121 118 129 145 152 151 138 144 157 159 157 146 124 125 128 119 125 129 123 125 129 134 143 153 160 161 160 163 166 156 153 157 154 144 141 140 134 133 147 156 156 153 147 143 152 146 133 138 160 168 171 164 155 146 138 143 142 138 146 148 140 139 150 160 157 156 162 163 162 169 170 167 165 166 172 170 171 169 169
255 255 255 158 157 154 152 152 151 149 149 152 135 118 119 124 129 138 134 132 148 153 150 151 153 158 158 137 125 130 129 135 137 131 128 135 143 147 148 150 155 160 163 160 155 159 160 146 131 130 139 148 152 160 159 158 156 152 144 151 148 133 133 154 167 170 165 153 143 143 153 152 146 149 142 143 149 158 166 167 168 164 167 170 166 158 162 164 163 166 164 165 166 169
255 255 255 153 154 149 150 156 155 149 147 149 137 129 135 140 144 146 129 123 138 150 148 148 151 151 153 139 118 120 129 130 138 151 145 141 147 148 145 145 152 158 152 151 158 154 150 141 143 153 161 162 159 159 155 151 148 152 151 150 140 128 129 137 155 164 163 152 142 144 154 150 142 143 140 144 149 150 157 156 163 162 167 166 166 172 169 162 170 173 172 175 169 165
255 255 255 152 148 147 151 157 161 158 151 150 142 141 144 142 144 142 131 132 135 142 152 151 144 143 145 135 120 117 132 132 136 153 145 133 132 128 126 132 143 155 151 152 153 149 148 149 148 154 162 159 157 161 165 161 156 159 160 153 137 133 135 130 136 142 153 150 144 155 159 144 136 142 141 144 149 152 158 155 155 154 164 165 172 181 172 171 177 172 173 182 178 173
255 255 255 152 152 152 152 152 156 159 152 144 142 148 148 148 148 149 137 134 132 138 149 149 143 144 141 134 135 139 149 145 145 157 157 146 135 124 120 131 141 148 150 149 144 147 152 156 152 149 153 157 160 164 164 160 157 152 152 147 130 134 141 136 133 130 144 142 133 147 152 145 145 150 149 160 157 155 153 160 161 161 171 173 167 166 171 173 170 165 168 176 170 164
255 255 255 147 149 150 153 153 153 152 148 141 146 154 152 149 144 145 140 141 142 142 145 141 139 139 140 141 141 140 134 133 145 158 159 157 153 137 133 137 131 132 139 138 142 157 157 159 161 162 161 160 160 157 153 161 160 148 147 145 137 144 145 138 141 137 136 143 142 147 143 141 150 149 147 156 154 150 142 152 159 163 170 163 156 166 172 166 171 175 176 178 173 172
255 255 255 147 150 150 150 154 151 148 152 157 153 149 151 145 135 132 136 146 149 148 146 139 134 131 136 140 136 132 125 130 150 156 151 154 157 142 137 144 138 132 134 144 153 163 161 161 160 160 162 159 161 163 156 157 158 152 153 141 136 145 147 146 143 140 134 143 145 144 148 147 149 151 148 142 144 149 151 150 152 157 162 162 164 170 166 160 165 169 173 185 176 169
