example/E5 - XRays/X-ray-tomography/rastert_juap31.txt
ncols         356
nrows         356
xllcorner     -0.5
yllcorner     -355.5
cellsize      1
NODATA_value  -9999
[rows 294 to 335 of 356, columns 95 to 189 of 356]
150 155 156 149 149 140 131 137 139 143 144 148 141 134 140 138 141 148 154 161 162 154 160 161 151 139 137 114 79 91 126 144 147 151 156 158 158 168 171 166 165 166 169 174 184 169 160 150 123 116 114 131 153 145 132 128 133 149 158 155 152 154 143 131 133 144 141 138 144 142 139 133 133 134 139 139 150 155 160 150 135 135 133 139 157 154 153 148 139 131 122 129 136 150 160
143 151 156 162 145 130 136 139 134 136 133 145 138 124 133 136 138 151 154 161 160 153 154 154 150 143 135 115 97 112 134 145 153 158 156 150 148 161 165 165 163 170 173 172 180 164 150 130 102 93 87 104 135 145 144 136 134 150 159 147 149 158 151 146 148 148 135 140 146 141 145 138 129 126 137 147 154 151 151 144 135 132 126 141 165 163 162 149 140 124 111 131 149 152 152
150 158 158 160 142 125 124 125 125 129 127 135 132 121 119 126 138 153 156 156 152 144 136 136 147 150 138 120 109 128 140 144 152 159 155 143 141 150 148 153 163 170 170 170 173 162 145 136 126 109 101 122 145 153 150 144 141 155 155 136 145 159 161 156 151 150 140 140 144 140 135 128 132 133 138 145 145 141 138 130 133 135 131 144 158 165 169 160 140 114 110 136 159 155 146
156 159 156 151 138 126 123 122 124 120 110 117 122 119 117 126 138 150 155 149 138 118 106 113 142 155 135 116 109 125 141 147 147 148 144 137 147 139 120 132 155 164 168 170 168 163 152 154 149 127 125 149 156 157 149 140 137 147 141 127 139 154 160 152 145 150 146 140 136 136 132 130 139 139 136 142 138 130 132 129 128 132 135 142 153 166 171 162 140 122 125 141 153 153 141
155 153 149 142 135 137 138 128 122 108 87 88 102 114 125 134 133 138 145 141 129 105 93 109 139 153 136 113 109 128 147 154 147 145 147 141 144 126 110 135 162 166 172 170 163 156 158 165 154 138 137 153 153 147 142 140 136 131 131 127 134 148 157 153 151 151 138 138 129 135 141 142 148 143 133 137 129 113 116 128 133 140 144 140 147 156 159 152 137 127 136 149 151 150 138
156 148 139 133 134 144 143 134 128 117 98 88 100 110 121 135 135 133 138 138 130 115 111 127 137 142 132 120 118 132 153 162 155 154 160 149 138 133 138 155 167 169 176 167 157 157 166 170 157 151 153 155 147 132 125 128 133 131 129 131 140 148 148 145 151 138 128 137 127 133 143 146 151 143 135 137 124 107 100 109 133 141 147 147 148 146 148 145 138 131 146 156 154 145 142
153 144 134 132 135 143 148 142 135 134 131 121 122 115 111 123 129 131 136 137 135 131 138 138 133 137 136 132 128 134 156 159 156 155 157 149 143 148 155 162 170 169 169 163 159 162 162 159 156 153 151 147 135 128 122 120 132 129 120 132 153 151 136 134 140 130 134 138 131 133 142 154 153 140 139 145 135 125 109 105 133 137 142 148 147 145 147 147 140 139 154 159 159 147 144
150 140 128 134 141 145 146 143 142 145 148 137 131 125 126 132 129 120 122 133 140 142 145 139 134 137 140 142 139 138 148 150 143 144 151 143 145 156 160 164 168 170 173 165 160 161 157 155 152 144 142 132 100 105 125 131 137 132 129 145 156 149 147 139 132 138 146 134 126 131 145 156 149 138 140 138 124 121 115 120 141 143 138 144 145 141 149 147 141 148 158 163 164 150 139
157 149 134 132 138 144 145 148 154 151 147 137 128 129 137 129 115 105 115 133 145 143 137 135 139 146 143 145 147 148 153 152 140 134 138 140 156 164 166 170 168 173 175 165 157 155 155 154 145 134 122 101 68 78 111 130 135 133 137 146 150 150 153 140 138 153 152 137 130 132 141 143 142 139 143 133 117 116 118 131 139 141 144 152 144 136 142 148 147 149 157 160 163 147 135
163 155 139 127 132 146 151 158 160 150 146 139 125 122 131 121 104 103 122 133 141 142 140 141 148 152 145 140 139 149 154 154 142 124 130 149 158 160 170 171 168 180 172 163 159 154 154 149 142 125 94 67 57 80 110 133 143 135 129 137 148 153 149 135 139 151 150 141 133 138 148 143 132 135 145 135 130 129 126 142 137 136 147 150 141 133 137 148 153 149 147 149 156 145 135
157 146 140 126 131 147 148 154 155 143 142 141 136 133 135 126 118 123 132 126 129 141 150 151 150 146 142 133 132 149 157 149 133 118 130 153 160 159 172 172 169 175 167 162 158 158 157 147 144 121 77 61 81 108 124 135 146 146 134 134 146 152 141 125 133 143 141 134 127 146 160 151 136 139 135 125 132 130 122 137 146 144 147 145 134 125 137 153 161 156 141 146 148 138 133
150 146 146 137 132 140 145 150 148 136 134 139 143 140 134 114 107 117 123 120 122 135 148 156 147 141 140 137 134 141 145 140 132 119 120 142 162 167 171 171 170 170 169 160 156 162 156 141 134 109 76 77 106 127 128 132 146 148 143 138 135 138 133 130 136 132 126 121 128 157 166 150 140 141 132 131 134 123 124 139 148 141 149 147 133 132 145 154 154 150 137 143 146 139 143
148 149 145 142 131 129 142 152 147 140 139 137 137 139 127 96 87 94 109 118 119 124 135 146 146 142 138 142 137 134 140 149 147 131 124 133 144 164 170 166 170 171 172 164 157 159 152 131 117 103 87 98 123 136 133 136 144 135 134 134 125 129 133 136 128 120 113 115 139 159 162 150 145 137 132 142 139 121 128 145 146 141 148 145 144 153 156 157 150 152 145 142 147 141 145
156 155 153 148 132 130 142 149 149 152 153 151 147 148 132 118 120 113 115 111 103 107 120 132 138 142 142 143 136 137 146 147 145 145 144 138 136 150 165 169 169 168 171 161 153 152 149 135 122 106 94 112 126 130 137 138 136 133 142 135 125 129 137 132 114 108 112 130 151 154 154 154 156 136 128 141 143 127 130 146 147 151 160 149 151 157 158 158 151 156 151 146 151 149 154
149 148 154 153 142 140 146 140 148 160 159 151 140 142 140 144 148 141 137 129 124 127 136 140 140 149 154 147 140 143 141 140 142 147 147 139 133 142 154 160 162 169 171 158 148 142 140 137 134 115 101 118 134 136 139 133 132 146 157 143 130 127 133 120 99 104 124 142 148 147 152 156 157 140 141 150 146 136 137 145 147 155 164 160 160 157 157 163 163 164 158 150 149 151 152
140 139 145 147 147 149 144 126 140 157 155 149 133 132 136 138 145 148 150 150 151 156 156 146 142 145 150 147 146 146 143 147 145 143 138 137 142 145 142 150 159 164 160 154 146 139 139 136 130 127 120 126 148 145 135 137 139 144 154 149 138 128 126 113 96 108 125 140 143 140 147 149 150 147 148 149 135 137 146 152 153 159 162 163 166 158 164 172 169 164 163 153 146 143 140
144 141 135 136 142 147 139 121 129 145 150 147 135 136 140 135 139 141 142 147 154 165 163 155 151 147 154 152 147 146 144 145 147 149 140 140 148 146 143 150 157 159 159 157 147 136 136 135 126 130 130 136 154 143 132 140 135 130 138 140 140 134 125 112 103 111 121 132 136 131 138 148 149 142 143 150 140 136 149 161 156 159 157 159 168 159 166 172 170 164 168 159 147 139 130
141 136 133 133 138 143 136 130 131 138 144 148 145 145 146 145 147 145 142 149 161 165 163 167 163 154 156 149 146 145 145 146 144 140 134 142 149 149 149 151 149 149 152 149 143 141 139 137 136 133 126 142 153 137 128 130 124 121 124 126 138 137 127 116 103 97 109 132 138 128 131 148 152 144 145 146 146 144 156 160 152 157 155 159 168 167 168 163 165 166 169 152 139 129 120
143 136 136 141 143 141 139 143 146 144 145 148 145 141 145 146 149 144 141 147 160 162 163 169 163 155 153 145 141 140 142 142 135 133 132 141 148 146 147 152 145 143 146 145 142 144 143 137 142 142 138 156 155 142 125 118 122 128 130 134 147 146 137 124 97 76 88 116 126 125 131 152 159 156 153 148 150 146 154 152 149 153 155 157 162 167 166 158 161 164 164 151 147 133 112
147 143 142 149 152 146 141 145 150 151 149 149 144 143 150 146 138 129 138 152 162 163 163 166 162 161 151 138 139 139 141 139 139 144 140 141 147 147 142 147 150 149 146 143 137 132 135 141 137 138 148 160 158 146 126 114 115 127 138 145 151 149 150 140 110 84 73 92 107 114 120 145 157 154 153 151 151 145 150 149 151 153 155 160 166 165 164 156 159 169 164 152 149 136 118
154 157 156 155 152 148 145 142 148 151 145 145 145 148 148 150 139 131 145 160 161 164 171 170 164 164 153 144 147 151 155 152 147 144 140 147 150 154 147 144 148 150 145 148 147 143 147 145 131 133 143 139 142 138 114 102 106 131 152 159 160 153 152 152 141 124 105 109 104 96 96 125 145 138 136 142 149 148 152 140 146 155 158 165 168 166 164 159 156 164 161 153 150 148 142
154 157 160 156 149 151 148 139 142 143 137 136 141 146 144 147 136 129 142 157 160 170 172 166 165 161 150 150 154 155 156 156 153 143 143 148 148 154 145 142 146 154 157 160 164 164 157 147 134 137 138 127 129 125 105 105 118 142 157 160 167 162 159 158 153 148 138 134 112 85 79 114 136 131 133 138 150 153 153 138 142 148 153 163 165 164 158 161 157 157 155 152 157 161 157
152 155 161 156 153 158 150 139 135 138 137 136 140 143 135 139 131 120 131 152 161 165 164 165 169 159 145 145 150 152 152 148 149 145 147 148 153 156 143 136 148 161 163 167 174 167 161 155 137 135 138 133 129 122 116 133 150 156 160 161 167 168 164 161 158 148 143 138 116 82 71 108 128 132 139 144 155 153 150 139 135 138 150 159 162 162 160 162 156 150 151 149 155 157 153
153 153 157 153 154 154 144 140 142 148 145 144 144 142 133 133 130 120 128 150 163 167 168 167 166 154 142 140 145 148 147 139 143 151 152 147 153 156 148 141 152 159 160 171 174 167 165 154 137 134 146 144 132 126 124 142 158 156 160 164 166 166 162 161 163 151 143 132 110 84 77 109 122 118 128 143 157 154 151 143 127 126 150 160 158 157 158 152 145 136 140 143 144 144 150
150 149 155 154 157 151 145 150 151 150 146 148 147 150 144 133 126 127 132 142 156 160 159 156 157 149 142 144 146 148 150 142 140 152 151 144 150 153 151 145 147 158 164 169 170 170 167 151 135 134 144 138 136 138 136 137 149 147 152 159 156 157 159 161 165 153 137 126 105 88 93 119 123 113 120 148 162 152 149 147 131 124 147 163 165 160 154 147 141 134 133 135 133 138 146
149 150 150 153 159 149 145 155 156 151 146 149 148 153 152 144 139 143 147 142 144 139 134 135 147 151 143 142 148 150 147 146 144 153 153 148 150 146 146 145 142 156 167 167 167 168 166 152 135 139 142 132 132 137 140 145 158 152 154 150 132 144 160 161 164 155 140 131 102 80 89 118 123 115 124 150 159 150 150 149 140 136 147 158 167 161 152 151 150 141 131 132 135 143 145
149 148 148 155 159 141 131 140 143 141 144 148 148 150 149 146 144 150 154 145 140 132 120 123 144 153 144 141 148 147 147 150 151 156 158 156 152 144 146 148 146 153 161 165 163 162 158 147 134 136 143 138 138 140 137 145 160 158 157 143 121 141 164 163 159 150 146 133 95 80 94 119 123 123 131 149 155 153 151 150 155 158 157 164 163 158 159 157 161 155 148 150 148 150 153
149 149 152 154 152 137 122 122 129 136 142 141 142 144 146 142 141 145 151 154 152 138 126 132 146 145 141 142 148 146 152 155 161 164 164 163 162 159 155 154 156 155 153 152 148 150 149 141 132 129 139 143 150 151 142 142 150 148 147 148 144 155 166 161 152 143 143 128 97 100 116 124 124 131 139 147 150 151 152 157 164 161 158 164 159 159 163 161 164 158 155 156 150 153 160
150 149 148 145 147 145 140 138 140 150 150 138 134 130 129 133 140 140 144 151 146 128 122 126 132 131 133 138 145 147 148 156 169 164 163 164 166 166 159 156 161 150 141 141 138 137 127 120 126 135 140 136 143 147 138 139 140 139 146 155 159 160 157 154 154 143 137 129 121 130 135 125 117 130 146 148 150 150 149 160 167 161 158 163 165 164 161 160 155 151 156 152 152 159 164
150 145 139 144 151 156 161 158 153 154 151 139 130 112 104 120 134 127 127 133 127 117 109 105 103 107 119 130 139 145 148 157 165 157 159 162 162 161 162 160 155 144 141 139 131 127 114 112 127 138 138 134 137 137 131 136 134 133 140 145 151 154 151 148 149 139 134 132 138 138 128 120 117 130 143 153 157 155 157 162 164 163 165 166 167 162 160 165 154 153 157 151 159 165 162
148 140 135 147 152 160 164 164 158 155 159 155 146 123 101 115 136 132 129 129 118 112 113 105 93 94 98 106 125 142 150 157 157 153 158 165 167 164 166 158 143 136 140 141 137 133 124 124 133 137 145 139 134 135 134 139 139 138 134 132 142 149 145 132 130 134 138 134 136 137 130 127 129 139 143 153 164 164 165 164 164 165 166 167 163 160 160 161 157 158 153 150 161 164 160
145 132 131 145 151 157 163 168 160 156 162 160 161 155 135 134 141 144 143 137 123 116 114 117 119 119 107 105 122 143 158 160 154 159 167 165 167 166 163 151 140 141 144 139 139 138 130 133 138 139 146 135 130 136 137 137 144 144 136 135 144 147 141 130 131 137 141 137 126 132 134 136 134 145 153 158 166 167 166 166 165 164 163 163 160 163 159 154 157 160 153 153 158 164 164
126 120 127 142 151 159 164 166 160 158 156 154 156 157 151 148 149 153 155 151 139 124 108 115 133 143 142 134 133 150 162 157 150 159 167 162 167 163 154 148 145 148 147 135 133 128 124 133 139 146 150 137 131 138 133 132 142 144 142 142 144 143 141 143 142 134 134 134 118 124 130 134 141 153 154 155 164 166 164 167 165 163 161 158 163 162 160 159 159 165 164 162 161 165 166
119 115 127 144 155 165 166 161 160 162 159 151 140 141 148 153 155 154 154 152 146 134 111 109 123 137 144 142 140 151 158 156 149 150 161 164 164 160 155 151 147 149 147 133 121 114 116 132 143 145 145 136 137 137 124 123 135 146 149 142 137 139 142 145 141 131 130 128 119 124 130 135 145 155 154 152 167 167 166 170 162 159 162 163 165 162 159 160 164 167 172 171 167 163 163
135 127 135 146 157 161 162 159 158 163 157 135 120 127 139 147 155 154 154 154 154 148 132 121 117 129 135 134 141 152 156 162 156 147 155 161 160 160 158 153 148 148 141 124 114 116 124 137 143 143 144 138 138 132 120 118 129 142 148 143 139 139 140 137 137 140 141 131 125 129 134 135 142 149 150 153 166 165 167 165 158 157 160 163 162 167 165 164 167 166 172 172 166 164 164
148 145 146 145 153 157 159 153 152 155 137 115 106 119 135 147 159 161 159 158 157 155 153 138 125 138 147 140 142 151 153 161 160 152 148 152 158 157 151 147 141 140 128 112 116 133 141 141 144 147 150 142 139 136 123 123 133 142 141 138 142 142 142 137 137 145 153 141 131 132 128 125 133 140 146 156 166 167 164 163 163 163 163 165 162 168 165 166 164 166 173 171 169 170 166
145 149 147 143 151 154 157 151 152 142 116 100 104 127 144 150 154 157 151 150 151 156 156 140 129 146 157 146 146 152 155 155 157 154 147 148 154 148 142 140 136 126 103 97 121 143 149 143 146 144 136 133 135 135 129 133 139 138 130 133 141 146 144 139 137 141 149 141 137 136 126 120 132 144 147 154 163 167 162 164 163 162 160 165 166 167 163 163 156 162 171 172 169 173 173
145 153 149 148 152 154 156 152 153 140 114 99 106 135 141 139 146 148 138 131 130 146 154 138 128 146 157 146 146 151 156 148 148 151 151 151 153 144 141 134 123 100 76 89 125 148 156 149 150 140 118 115 126 139 141 142 143 138 125 128 140 149 147 138 131 132 141 138 135 138 134 130 140 149 148 152 158 161 161 163 159 156 158 166 164 164 165 163 159 164 169 170 170 172 171
148 155 152 150 151 155 156 152 154 145 123 109 116 135 127 125 141 145 141 130 118 129 143 142 139 150 155 149 149 154 155 146 142 149 148 145 144 136 135 119 97 76 70 104 142 157 161 158 156 142 116 104 123 144 146 145 143 139 121 126 143 146 143 137 129 124 130 134 140 140 136 137 149 151 145 148 154 154 158 163 158 155 162 169 163 164 168 167 166 169 167 165 171 173 168
152 155 153 150 151 151 151 152 151 143 131 125 131 140 136 137 149 150 154 150 133 124 135 147 150 152 155 155 154 156 158 146 129 137 141 138 132 120 115 99 81 73 84 129 157 161 162 162 160 145 122 113 127 139 139 134 136 136 120 127 143 140 138 136 131 128 124 126 139 141 136 133 142 152 144 149 154 153 160 165 163 160 162 168 167 165 168 165 163 169 169 163 171 175 170
255 153 148 150 149 148 154 153 149 142 139 140 144 151 152 154 156 151 160 160 153 137 129 139 148 151 157 155 157 160 163 146 121 126 137 139 133 119 111 105 99 96 114 143 157 160 160 164 165 148 126 123 129 133 133 133 133 127 121 132 138 134 132 133 133 138 128 125 140 145 141 133 138 151 148 151 155 154 158 162 164 163 163 168 172 169 171 166 161 165 170 166 170 173 169
255 255 255 147 146 151 155 152 147 143 146 142 147 155 154 157 155 152 159 161 160 147 127 129 139 145 154 155 160 161 161 143 120 119 135 148 145 135 128 122 116 121 139 148 155 161 162 164 162 151 135 127 129 136 136 141 138 131 130 132 136 133 131 133 134 142 137 136 143 148 146 138 143 149 150 152 154 154 154 157 162 166 166 167 172 168 172 169 162 167 167 165 170 172 171
