example/E5 - XRays/X-ray-tomography/rastert_juap52.txt
ncols         356
nrows         356
xllcorner     -0.5
yllcorner     -355.5
cellsize      1
NODATA_value  -9999
[rows 168 to 209 of 356, columns 0 to 93 of 356]
255 154 148 145 145 148 153 165 168 167 166 164 155 156 157 157 157 149 151 153 151 149 135 89 62 75 104 137 150 157 155 134 119 132 138 136 137 132 137 141 142 137 137 150 147 134 143 145 146 153 159 155 152 162 162 163 166 164 160 152 147 146 141 130 135 144 137 113 118 133 137 143 143 137 143 133 128 127 134 143 134 121 126 132 143 159 161 161 162 160 147 128 123 141
255 149 145 143 145 144 147 158 164 170 171 166 157 155 154 160 162 157 153 154 151 142 133 109 73 52 84 131 154 161 143 120 112 128 131 132 136 137 141 144 149 141 133 136 139 137 139 141 151 156 153 153 157 166 167 162 160 157 157 156 150 144 133 134 140 135 126 113 119 126 124 116 121 132 129 119 124 134 133 125 101 94 112 131 146 162 151 149 167 162 133 125 135 145
255 147 146 148 156 156 153 159 167 170 169 167 166 164 159 157 163 164 165 162 155 138 126 124 90 52 92 138 152 162 155 137 128 129 121 132 140 137 137 139 140 132 132 135 138 135 140 147 151 153 147 145 153 161 162 161 156 160 158 157 152 143 133 124 128 129 134 138 152 153 135 115 124 140 123 110 128 141 138 136 125 117 125 131 124 130 130 144 165 154 139 146 152 149
255 145 143 146 156 161 165 171 173 171 169 167 170 171 169 167 165 161 161 157 155 151 136 136 105 56 85 128 138 146 150 149 149 141 117 126 143 141 137 135 132 130 127 133 135 136 147 149 137 130 137 143 153 160 157 162 162 168 159 148 146 146 138 123 120 123 134 144 158 161 152 142 147 146 132 130 134 126 121 138 151 146 142 132 121 114 108 122 147 147 141 149 161 163
255 149 152 157 162 164 167 168 167 168 173 173 172 170 168 171 173 166 163 161 161 163 156 154 133 87 92 124 139 141 140 145 149 144 129 131 143 142 142 146 144 142 140 139 134 142 139 137 132 125 135 146 158 160 156 160 162 164 157 145 141 138 134 138 142 134 136 147 152 154 152 150 147 135 120 124 132 119 106 124 138 139 152 143 135 133 131 131 148 156 152 153 162 162
255 158 163 171 176 182 179 174 174 173 175 177 176 169 159 158 162 162 167 170 166 157 155 164 159 136 123 125 136 141 144 152 157 149 143 139 134 137 144 147 152 149 142 143 142 145 132 129 139 142 141 144 155 152 152 157 155 156 151 140 141 142 142 143 141 133 136 144 142 149 155 150 136 129 123 123 129 117 118 136 142 141 158 154 144 143 145 134 136 147 161 163 159 158
255 160 162 167 180 195 191 182 178 174 171 170 172 171 167 158 157 164 172 172 167 159 156 160 164 164 156 147 139 129 134 148 155 147 148 146 139 136 140 148 154 139 129 139 138 137 138 137 135 135 141 144 145 146 150 157 148 142 141 133 134 140 136 132 133 136 139 141 141 146 151 146 139 146 138 123 124 113 128 142 138 141 153 146 145 142 148 133 124 144 154 155 155 152
255 155 162 169 178 189 193 184 170 169 173 171 172 173 173 169 165 160 162 169 172 174 166 157 157 164 163 158 146 132 134 145 151 148 147 148 151 148 148 154 158 141 133 140 136 133 145 150 142 137 140 146 141 139 134 137 139 136 125 121 124 128 124 115 107 119 134 134 129 127 138 143 136 144 135 117 108 110 137 139 124 130 146 144 149 150 147 124 123 151 152 148 145 141
255 155 164 173 179 188 191 183 171 170 174 173 175 171 169 174 173 166 166 167 167 175 173 166 163 173 169 160 147 135 140 145 144 143 142 140 149 144 148 151 149 154 159 150 142 140 145 150 145 146 146 151 151 149 141 133 127 124 124 129 131 136 141 136 121 116 115 106 102 106 130 142 139 147 142 133 120 123 148 147 146 145 147 147 145 152 157 135 127 139 151 152 149 150
167 156 158 166 175 187 186 177 173 174 176 176 173 171 172 174 173 173 174 168 167 169 165 172 172 172 169 167 161 150 150 143 135 137 145 142 142 125 134 140 138 152 155 147 146 145 145 152 151 147 147 145 149 150 150 146 127 118 131 144 152 156 161 157 145 137 114 90 93 116 135 136 131 137 142 148 142 139 144 145 157 155 151 155 160 157 159 147 139 141 150 150 153 158
255 155 155 167 172 176 175 168 166 167 170 171 169 168 171 172 175 174 174 174 173 175 173 173 171 167 167 167 159 147 151 148 140 133 132 135 137 128 132 137 140 145 143 148 145 138 142 146 148 143 140 133 138 138 136 141 138 133 141 150 151 151 154 152 147 146 130 110 118 141 147 140 126 116 120 134 148 157 153 149 156 160 158 157 168 165 154 149 151 157 162 158 154 157
255 155 155 162 167 169 167 168 171 170 165 165 169 171 174 178 185 180 174 171 169 176 181 175 165 163 166 167 158 141 143 139 130 134 137 143 143 131 125 132 137 140 151 161 151 139 134 129 134 135 135 135 145 143 145 154 145 132 138 150 152 149 150 156 162 155 130 113 118 140 138 116 105 112 121 119 124 141 149 151 158 161 163 157 159 165 161 165 163 161 161 159 157 154
255 155 157 158 160 165 166 171 174 176 172 174 172 169 172 172 173 172 170 172 175 179 181 174 167 166 167 168 163 145 142 134 125 145 161 171 169 145 128 135 140 142 147 155 156 148 129 122 133 133 130 136 147 146 160 166 151 123 110 114 126 143 152 157 146 134 113 105 115 134 136 107 93 116 131 122 119 134 143 146 148 158 161 155 155 152 155 157 157 154 152 152 155 157
255 150 153 158 160 163 165 167 166 168 172 175 171 164 168 167 166 168 171 175 177 176 183 178 171 174 172 172 165 137 131 135 132 151 168 176 174 162 141 134 140 146 145 149 157 154 143 138 144 144 129 130 146 151 160 160 153 122 90 83 100 115 117 121 101 98 101 113 131 140 138 120 110 112 122 126 128 137 146 143 124 133 139 141 151 143 152 156 147 143 151 159 153 159
255 158 154 154 161 164 166 169 171 173 175 168 170 170 170 167 169 171 175 171 171 171 175 174 170 171 166 166 160 131 126 135 132 147 159 160 163 166 153 142 137 138 142 153 161 153 144 142 149 158 147 138 147 149 151 148 135 127 111 97 106 99 84 90 90 100 113 128 142 137 123 126 130 125 133 134 119 125 144 146 126 121 135 134 144 138 141 142 137 139 148 152 138 144
255 153 154 153 157 159 165 171 173 173 175 169 167 169 172 172 172 173 168 161 163 169 171 171 170 166 163 165 158 136 121 122 137 148 146 144 149 155 149 145 141 129 130 152 166 161 146 140 141 146 149 140 145 141 136 133 125 120 113 103 102 95 84 84 98 115 127 128 126 123 117 129 131 131 136 138 121 117 137 153 144 135 149 142 145 147 141 139 129 134 139 135 137 136
255 146 151 152 154 159 166 169 168 170 175 172 170 168 166 165 170 172 166 164 169 171 168 168 174 175 173 172 162 142 117 113 142 144 134 134 136 140 146 147 147 136 132 142 151 157 147 136 132 128 141 144 149 140 127 120 119 103 97 104 108 103 101 96 105 125 132 125 124 123 124 134 138 131 129 135 127 125 136 141 145 151 154 142 144 145 143 150 137 129 135 140 141 128
255 153 153 149 154 161 165 164 165 170 166 168 170 168 167 167 172 175 174 172 173 170 169 173 177 176 173 172 161 135 117 121 138 142 149 147 140 136 139 140 139 138 142 142 139 138 137 140 140 129 136 146 148 135 108 99 113 111 101 95 89 95 111 115 127 134 135 144 148 144 137 133 138 133 126 131 132 126 135 138 138 141 147 145 150 144 144 147 135 121 120 136 134 116
255 156 153 148 153 162 165 165 163 165 164 167 166 167 168 168 169 174 173 170 170 175 175 174 169 166 164 162 145 111 107 130 145 146 152 152 147 137 135 137 143 143 147 148 143 133 135 153 151 131 129 144 150 139 103 91 114 119 112 101 91 102 120 130 133 137 143 145 153 153 149 140 133 125 115 117 125 121 126 134 138 140 142 137 142 141 147 147 139 122 119 141 141 131
255 152 150 151 156 162 168 172 167 167 168 170 173 173 167 166 167 172 175 169 172 179 173 173 173 173 171 166 149 117 110 136 156 157 150 147 145 130 127 138 147 149 153 150 143 128 131 150 153 141 137 143 143 137 118 118 131 124 120 117 102 97 126 138 124 128 144 144 151 157 156 149 136 113 92 107 140 141 126 131 138 141 135 126 135 141 140 136 133 127 124 130 131 121
255 151 154 153 153 155 162 166 166 168 168 166 169 170 167 168 172 172 171 166 165 170 170 171 171 175 167 157 150 132 130 148 150 144 136 132 125 116 130 143 145 150 156 149 142 123 126 144 150 150 149 135 132 136 136 148 147 133 133 117 86 94 135 149 142 138 146 153 154 162 152 144 150 134 105 115 148 148 136 140 138 136 129 113 117 128 136 133 126 122 127 129 131 118
255 154 154 150 149 153 158 163 162 159 159 167 165 160 162 167 173 170 172 176 176 175 172 172 171 174 160 147 146 136 134 145 144 136 130 121 117 126 142 144 148 156 152 150 145 130 128 140 147 143 134 123 135 144 146 149 150 149 146 107 77 115 156 166 161 158 160 168 167 164 153 139 150 154 142 141 139 129 122 126 131 131 131 112 111 118 127 142 133 129 139 128 125 128
255 154 144 133 135 145 157 165 161 157 159 163 164 161 163 164 166 168 175 175 175 177 174 170 168 167 159 145 145 145 140 137 143 139 128 125 130 136 138 140 147 155 148 138 137 136 132 137 139 130 124 118 131 137 137 142 152 153 144 116 118 152 167 164 162 165 170 172 166 166 158 147 149 151 149 148 137 127 123 126 142 137 123 116 129 136 129 132 115 117 136 128 121 132
255 150 137 116 116 141 157 162 162 161 162 158 156 159 162 164 157 156 165 171 170 170 172 171 167 164 159 148 144 144 140 126 125 132 130 128 125 122 128 135 136 140 147 137 136 140 132 129 129 125 129 127 132 139 147 160 163 151 136 131 148 169 171 165 164 171 178 175 166 163 153 151 152 154 146 152 150 141 142 144 152 151 147 144 148 148 134 129 112 122 143 135 132 140
255 147 138 119 110 134 152 156 160 162 162 162 153 158 162 161 157 157 163 167 168 166 165 169 171 171 161 148 138 137 141 124 117 129 137 127 113 108 128 138 138 134 129 134 140 140 138 136 127 120 133 136 132 135 147 159 164 158 158 162 166 173 173 173 166 175 185 182 174 161 143 146 151 148 149 161 152 143 151 151 150 152 154 156 154 154 150 142 131 140 149 139 132 139
255 138 136 128 115 121 140 151 151 155 156 160 156 159 157 160 164 162 164 164 164 165 166 168 167 169 157 151 140 133 140 135 131 133 134 129 123 114 135 145 148 145 134 133 136 136 134 131 132 126 134 144 142 140 154 163 168 166 172 174 179 175 176 181 172 173 176 173 178 176 157 159 156 143 138 144 153 151 147 152 158 165 163 160 154 158 163 154 144 147 151 147 146 154
255 145 142 143 134 127 144 158 157 155 154 158 159 160 158 159 158 160 164 166 168 171 173 169 162 159 148 147 138 117 109 115 133 144 137 139 134 124 136 143 143 141 140 141 139 133 127 129 147 152 151 150 155 161 163 168 174 179 181 179 181 168 171 177 171 172 172 163 168 181 177 173 168 160 142 149 171 171 157 156 160 162 159 161 156 146 149 159 160 159 160 156 152 154
255 145 139 144 138 125 137 152 158 159 159 158 159 162 163 164 162 163 162 163 168 170 172 169 167 162 148 131 109 87 74 79 116 137 134 139 132 128 138 147 144 131 122 125 135 141 153 160 165 172 170 160 165 174 168 170 171 176 182 183 179 171 176 179 176 173 174 170 172 179 173 170 171 172 159 163 161 157 158 167 168 166 156 153 153 146 145 158 167 164 168 163 159 159
255 255 131 135 142 134 135 144 151 155 160 157 155 161 162 164 166 164 162 162 163 163 162 158 151 147 135 108 73 52 58 80 116 135 135 132 130 134 142 147 148 136 112 118 141 152 165 173 171 168 164 167 172 172 171 178 172 173 176 183 178 178 182 179 180 171 170 176 182 180 171 177 181 180 176 170 158 154 162 168 159 159 154 151 148 154 147 144 156 155 156 162 164 165
255 255 142 140 145 141 135 135 141 145 154 155 152 157 155 147 147 149 154 157 159 167 168 162 146 135 115 83 56 45 66 101 126 143 140 120 122 140 141 142 146 140 122 135 155 157 159 166 173 175 178 179 179 181 175 171 171 174 172 173 171 175 176 174 182 183 173 173 174 172 175 180 177 171 172 170 173 166 164 166 161 155 145 150 152 155 158 146 154 150 143 158 164 164
255 255 148 143 140 136 133 133 132 128 135 145 153 156 147 135 137 145 144 137 143 149 153 152 138 125 102 80 68 71 102 129 139 148 144 125 127 143 138 141 151 150 143 151 160 163 160 159 162 171 174 174 179 182 185 180 176 176 174 173 173 178 172 169 174 181 183 177 170 170 175 174 175 170 173 178 180 171 168 167 165 159 151 154 151 145 152 146 155 155 150 155 156 160
255 255 149 143 141 142 142 141 134 121 111 120 142 152 146 143 150 153 127 96 103 111 125 131 111 95 87 82 88 99 131 151 155 150 146 133 133 140 129 131 140 147 155 159 160 165 161 159 167 168 167 166 175 177 177 178 178 174 169 175 179 179 171 173 173 171 178 173 172 180 180 178 181 179 183 185 176 177 177 169 170 165 164 163 149 138 143 150 160 159 154 152 151 153
255 255 152 148 146 145 141 142 143 139 120 103 120 138 141 150 155 151 102 57 71 103 140 147 114 92 93 101 116 130 150 159 156 148 153 144 135 131 120 126 133 129 142 153 162 167 168 171 175 167 172 173 175 174 171 173 178 182 174 178 182 180 175 174 176 174 179 180 172 174 175 174 180 180 181 183 178 177 176 173 178 173 173 170 152 148 151 156 155 148 154 155 159 161
255 255 151 148 147 143 140 141 141 143 137 112 102 117 136 154 160 145 81 37 75 124 157 164 148 135 130 132 145 158 166 172 171 158 154 146 135 122 115 130 125 110 135 157 165 168 169 170 172 168 173 171 172 173 174 176 172 180 180 182 182 178 179 181 180 176 174 177 178 181 186 188 190 182 178 180 175 166 172 176 174 172 172 172 161 154 147 153 151 149 157 152 155 157
255 255 152 150 144 138 140 142 142 137 136 128 110 109 139 158 160 136 71 46 101 143 155 165 172 169 161 161 163 166 167 170 167 166 161 144 128 112 111 127 121 105 126 144 150 163 163 170 176 175 173 172 175 176 179 177 167 173 177 180 181 176 178 181 181 180 178 176 179 179 184 185 181 178 183 180 173 170 176 174 162 163 164 161 162 155 141 150 152 151 160 155 157 152
255 255 153 145 137 137 139 140 141 139 137 134 127 119 135 154 156 135 91 74 125 159 161 164 168 168 169 173 174 174 170 170 171 175 163 150 140 115 96 96 102 110 127 127 136 158 159 167 171 176 176 179 173 166 173 174 169 178 181 181 175 176 181 178 180 178 178 177 171 170 175 176 175 176 178 180 181 177 179 176 168 163 159 155 158 159 155 160 156 157 163 151 149 149
255 255 255 142 137 142 142 144 145 146 146 144 142 135 133 138 142 135 122 106 134 158 167 169 170 168 168 170 173 173 170 172 171 170 154 145 137 100 61 57 92 125 138 125 130 155 162 169 166 169 171 180 174 174 177 177 181 180 173 180 178 177 177 175 183 182 179 180 179 180 178 178 175 173 173 176 175 170 172 172 167 160 152 147 157 163 166 164 156 155 155 147 143 146
255 255 255 145 143 142 141 139 138 137 140 144 139 133 134 130 129 132 135 126 139 156 169 175 176 173 170 170 167 166 171 173 168 166 156 144 122 86 49 45 94 134 140 125 119 150 165 171 175 172 171 172 170 181 180 179 181 175 173 178 174 173 178 184 181 182 182 181 180 180 176 177 176 175 169 170 171 175 177 174 166 151 134 133 147 150 161 161 161 166 158 154 150 147
255 255 255 149 141 138 142 139 136 139 144 147 143 137 134 127 126 130 130 126 135 151 162 168 167 166 167 169 170 174 176 171 172 172 169 160 126 84 49 47 96 138 149 139 125 143 156 163 173 174 175 174 166 168 175 183 181 170 173 176 170 172 179 181 176 182 179 177 175 176 175 179 182 183 176 174 169 176 175 162 145 133 132 143 154 155 156 146 155 166 152 151 147 144
255 255 255 150 142 141 143 141 140 141 145 149 145 141 132 124 129 137 144 142 137 138 149 159 159 158 161 168 170 176 170 168 169 167 169 159 114 79 59 60 101 138 150 152 151 156 162 165 162 163 165 169 168 169 170 174 178 173 174 176 174 176 177 175 182 186 184 184 184 187 179 174 175 177 184 182 165 163 159 126 103 118 141 153 156 159 159 156 154 150 154 163 157 149
255 255 255 141 139 136 134 136 139 139 142 145 145 146 140 129 127 136 149 154 147 135 137 147 154 156 158 161 159 163 162 169 161 151 157 151 98 63 64 84 120 140 149 157 160 156 153 160 164 166 169 172 175 173 170 172 178 180 177 174 171 178 179 175 182 180 181 181 178 180 177 171 174 181 176 174 172 164 144 106 98 119 140 152 149 152 156 156 153 152 157 156 152 143
255 255 255 139 137 138 139 143 143 147 150 150 151 148 146 132 121 136 149 154 151 143 133 129 134 144 151 154 156 158 154 160 158 149 151 141 101 73 73 101 135 150 155 155 149 147 141 152 165 167 167 170 179 181 180 180 179 179 171 168 169 176 179 171 177 178 177 181 177 176 181 177 171 174 165 166 158 143 126 118 131 140 150 158 155 147 147 153 158 156 152 148 148 140
