example/E5 - XRays/X-ray-tomography/rastert_juap13.txt
ncols         356
nrows         356
xllcorner     -0.5
yllcorner     -355.5
cellsize      1
NODATA_value  -9999
[rows 0 to 41 of 356, columns 188 to 281 of 356]
255 255 255 255 255 255 255 255 255 255 255 255 255 255 255 255 255 255 255 255 255 255 255 255 255 255 255 255 255 255 255 255 255 255 255 255 255 255 255 255 255 255 255 255 255 255 255 255 255 255 255 255 255 255 255 255 255 255 255 255 255 255 255 255 255 255 255 255 255 255 255 255 255 255 255 255 255 255 255 255 255 255 255 255 255 255 255 255 255 255 255 255 255 255
145 154 164 166 156 149 158 159 255 255 255 255 255 255 255 255 255 255 255 255 255 255 255 255 255 255 255 255 255 255 255 255 255 255 255 255 255 255 255 255 255 255 255 255 255 255 255 255 255 255 255 255 255 255 255 255 255 255 255 255 255 255 255 255 255 255 255 255 255 255 255 255 255 255 255 255 255 255 255 255 255 255 255 255 255 255 255 255 255 255 255 255 255 255
145 153 166 164 153 151 156 154 150 144 154 150 147 153 148 148 255 255 255 255 255 255 255 255 255 255 255 255 255 255 255 255 255 255 255 255 255 255 255 255 255 255 255 255 255 255 255 255 255 255 255 255 255 255 255 255 255 255 255 255 255 255 255 255 255 255 255 255 255 255 255 255 255 255 255 255 255 255 255 255 255 255 255 255 255 255 255 255 255 255 255 255 255 255
140 147 161 162 156 158 157 149 151 146 151 145 141 146 146 146 148 158 159 159 154 152 255 255 255 255 255 255 255 255 255 255 255 255 255 255 255 255 255 255 255 255 255 255 255 255 255 255 255 255 255 255 255 255 255 255 255 255 255 255 255 255 255 255 255 255 255 255 255 255 255 255 255 255 255 255 255 255 255 255 255 255 255 255 255 255 255 255 255 255 255 255 255 255
137 141 149 154 153 154 155 147 146 140 141 143 141 142 148 153 153 155 158 158 152 152 155 152 152 157 157 255 255 255 255 255 255 255 255 255 255 255 255 255 255 255 255 255 255 255 255 255 255 255 255 255 255 255 255 255 255 255 255 255 255 255 255 255 255 255 255 255 255 255 255 255 255 255 255 255 255 255 255 255 255 255 255 255 255 255 255 255 255 255 255 255 255 255
141 139 141 145 142 144 148 142 138 133 131 143 143 140 149 161 155 151 154 150 151 151 149 146 148 152 156 155 161 165 162 255 255 255 255 255 255 255 255 255 255 255 255 255 255 255 255 255 255 255 255 255 255 255 255 255 255 255 255 255 255 255 255 255 255 255 255 255 255 255 255 255 255 255 255 255 255 255 255 255 255 255 255 255 255 255 255 255 255 255 255 255 255 255
144 139 141 145 143 146 147 140 137 136 137 143 149 149 154 161 152 144 146 145 147 148 146 146 146 149 155 152 155 160 157 157 157 157 156 255 255 255 255 255 255 255 255 255 255 255 255 255 255 255 255 255 255 255 255 255 255 255 255 255 255 255 255 255 255 255 255 255 255 255 255 255 255 255 255 255 255 255 255 255 255 255 255 255 255 255 255 255 255 255 255 255 255 255
145 141 137 142 148 150 142 132 132 135 142 143 150 160 164 163 155 143 143 147 148 148 149 151 148 151 151 151 154 154 154 157 157 154 152 149 156 158 160 255 255 255 255 255 255 255 255 255 255 255 255 255 255 255 255 255 255 255 255 255 255 255 255 255 255 255 255 255 255 255 255 255 255 255 255 255 255 255 255 255 255 255 255 255 255 255 255 255 255 255 255 255 255 255
133 139 133 135 145 151 140 130 135 136 143 147 150 163 168 164 156 142 144 151 148 150 151 152 152 151 150 150 153 153 153 158 153 152 151 152 156 155 155 151 149 151 255 255 255 255 255 255 255 255 255 255 255 255 255 255 255 255 255 255 255 255 255 255 255 255 255 255 255 255 255 255 255 255 255 255 255 255 255 255 255 255 255 255 255 255 255 255 255 255 255 255 255 255
121 139 138 135 141 150 145 141 149 144 145 149 151 161 163 161 154 143 148 150 148 152 148 148 152 149 148 148 146 148 154 158 149 152 154 153 152 152 151 147 144 145 153 157 156 255 255 255 255 255 255 255 255 255 255 255 255 255 255 255 255 255 255 255 255 255 255 255 255 255 255 255 255 255 255 255 255 255 255 255 255 255 255 255 255 255 255 255 255 255 255 255 255 255
129 139 143 138 135 142 144 154 157 146 146 145 146 155 160 158 149 149 153 147 150 156 146 144 147 148 146 144 141 147 158 158 150 155 158 156 150 148 150 152 148 145 149 156 152 151 154 156 255 255 255 255 255 255 255 255 255 255 255 255 255 255 255 255 255 255 255 255 255 255 255 255 255 255 255 255 255 255 255 255 255 255 255 255 255 255 255 255 255 255 255 255 255 255
143 142 142 140 135 136 140 151 147 133 141 145 147 154 161 161 150 150 154 149 157 165 157 151 145 137 135 140 144 149 157 158 153 154 157 153 153 149 150 153 150 148 146 146 148 152 154 154 149 154 161 255 255 255 255 255 255 255 255 255 255 255 255 255 255 255 255 255 255 255 255 255 255 255 255 255 255 255 255 255 255 255 255 255 255 255 255 255 255 255 255 255 255 255
133 134 140 144 143 140 137 141 135 127 138 150 154 158 163 163 151 147 155 155 162 174 167 160 152 138 132 142 151 154 157 159 154 150 152 152 153 149 151 151 152 148 137 131 143 152 153 149 152 155 157 156 161 161 255 255 255 255 255 255 255 255 255 255 255 255 255 255 255 255 255 255 255 255 255 255 255 255 255 255 255 255 255 255 255 255 255 255 255 255 255 255 255 255
117 122 137 148 153 147 137 140 135 133 143 152 158 162 166 163 152 148 157 156 162 172 170 166 161 151 140 139 150 156 159 160 153 149 147 150 147 145 152 153 154 147 137 130 143 151 149 147 151 153 155 158 159 153 151 152 255 255 255 255 255 255 255 255 255 255 255 255 255 255 255 255 255 255 255 255 255 255 255 255 255 255 255 255 255 255 255 255 255 255 255 255 255 255
131 129 136 146 152 146 137 141 135 132 144 154 158 161 161 160 153 146 152 151 160 166 170 171 165 154 143 132 147 156 156 157 151 146 147 148 143 144 153 153 152 150 142 137 145 151 148 147 151 155 154 160 158 151 153 148 146 148 255 255 255 255 255 255 255 255 255 255 255 255 255 255 255 255 255 255 255 255 255 255 255 255 255 255 255 255 255 255 255 255 255 255 255 255
150 144 139 139 145 143 135 128 118 125 141 153 158 159 158 157 149 143 144 151 161 159 165 166 154 143 134 129 143 152 150 155 150 144 146 147 144 145 152 149 144 148 141 133 137 147 145 147 153 153 153 160 153 145 148 139 137 142 145 143 141 255 255 255 255 255 255 255 255 255 255 255 255 255 255 255 255 255 255 255 255 255 255 255 255 255 255 255 255 255 255 255 255 255
158 147 137 137 145 144 137 113 106 128 148 155 158 161 156 150 140 139 137 144 154 153 157 160 150 141 137 135 144 148 149 152 150 147 147 144 147 149 153 148 138 145 142 136 139 142 142 147 155 149 152 151 141 140 149 146 141 140 145 142 145 153 153 255 255 255 255 255 255 255 255 255 255 255 255 255 255 255 255 255 255 255 255 255 255 255 255 255 255 255 255 255 255 255
153 140 140 146 148 141 138 117 114 135 153 159 157 161 152 144 139 139 135 140 151 154 153 155 151 151 150 144 148 145 148 151 151 148 149 146 149 147 149 145 136 144 144 148 148 143 141 146 152 148 148 139 134 145 158 158 148 144 146 137 144 153 151 153 154 255 255 255 255 255 255 255 255 255 255 255 255 255 255 255 255 255 255 255 255 255 255 255 255 255 255 255 255 255
144 136 140 146 143 135 137 128 123 139 152 159 161 158 147 140 142 144 142 144 147 151 150 149 149 161 156 148 145 137 143 150 148 144 148 149 147 139 144 147 142 146 142 152 155 147 141 146 149 146 135 121 127 149 160 160 152 148 141 132 142 148 150 159 162 163 157 255 255 255 255 255 255 255 255 255 255 255 255 255 255 255 255 255 255 255 255 255 255 255 255 255 255 255
139 138 142 132 122 114 113 116 126 143 153 160 164 153 143 140 144 143 145 147 149 148 141 144 151 160 156 150 142 133 139 141 135 136 146 151 151 143 144 150 152 147 137 148 149 147 151 153 146 142 128 116 126 143 150 154 152 148 136 134 142 146 152 160 163 163 154 151 155 255 255 255 255 255 255 255 255 255 255 255 255 255 255 255 255 255 255 255 255 255 255 255 255 255
136 138 143 114 89 75 76 100 134 150 153 161 159 151 145 144 147 141 144 151 150 146 138 144 151 154 155 151 142 137 137 133 126 136 152 152 156 145 143 151 157 150 140 142 141 146 156 155 144 142 138 133 132 135 133 139 147 145 141 143 143 150 152 157 160 160 153 149 151 150 147 255 255 255 255 255 255 255 255 255 255 255 255 255 255 255 255 255 255 255 255 255 255 255
139 138 139 104 68 47 55 87 129 145 149 157 153 148 147 147 148 145 151 158 151 145 139 143 151 150 150 148 143 141 136 131 133 145 151 145 155 144 138 149 159 155 148 143 139 141 148 149 142 142 149 147 139 125 113 125 140 140 145 144 139 146 147 151 158 158 154 147 148 141 140 150 156 255 255 255 255 255 255 255 255 255 255 255 255 255 255 255 255 255 255 255 255 255
145 142 134 103 69 56 64 83 120 141 145 151 150 150 150 149 150 147 151 158 152 148 147 154 155 152 144 141 145 139 134 136 142 150 145 140 152 148 140 147 156 149 148 148 146 140 140 142 143 148 154 152 142 128 118 127 137 138 142 138 136 139 141 144 153 154 152 150 147 141 146 149 153 159 156 255 255 255 255 255 255 255 255 255 255 255 255 255 255 255 255 255 255 255
152 145 127 110 98 94 97 99 119 142 144 148 153 150 147 150 154 149 144 148 151 152 156 162 157 155 146 141 144 140 139 143 150 152 141 143 154 152 143 142 147 145 149 152 148 146 142 140 146 151 153 147 140 136 129 132 143 144 141 140 144 143 141 147 153 151 149 154 149 149 146 142 153 160 158 153 154 255 255 255 255 255 255 255 255 255 255 255 255 255 255 255 255 255
158 150 134 134 135 131 128 124 133 147 147 148 156 149 143 148 152 143 137 147 155 159 166 166 160 157 158 152 147 145 144 149 159 151 139 148 153 152 145 138 138 142 148 150 144 149 148 142 144 148 149 142 134 134 134 137 146 146 143 141 150 149 146 152 150 149 151 157 151 149 142 141 148 155 152 149 152 148 255 255 255 255 255 255 255 255 255 255 255 255 255 255 255 255
159 155 148 151 151 145 146 136 140 150 148 148 155 149 146 154 160 149 144 152 161 164 172 175 166 162 163 161 155 148 144 150 161 151 143 154 152 146 145 138 132 141 145 146 140 142 148 148 141 140 143 139 132 138 143 147 147 147 139 131 145 146 146 148 146 147 154 155 148 147 142 139 142 147 147 149 149 151 156 154 255 255 255 255 255 255 255 255 255 255 255 255 255 255
151 147 146 151 149 142 140 131 134 150 151 150 156 151 150 159 162 159 155 161 164 164 172 177 170 167 165 166 160 152 144 144 153 149 148 156 153 149 152 144 135 145 145 147 140 140 151 153 141 136 140 140 137 139 147 150 144 144 138 131 137 138 139 139 138 144 154 146 143 148 145 140 141 147 150 145 142 146 148 150 151 155 255 255 255 255 255 255 255 255 255 255 255 255
147 139 140 144 143 138 129 124 136 154 154 155 155 150 149 151 152 155 160 166 168 171 173 174 171 168 164 166 168 160 145 136 137 145 147 153 157 156 159 152 145 145 142 143 136 139 153 153 144 140 144 143 140 133 136 142 141 143 146 143 141 136 135 137 134 142 146 141 141 142 147 142 141 144 143 139 133 126 133 140 145 156 159 255 255 255 255 255 255 255 255 255 255 255
149 142 150 149 146 140 124 120 139 155 150 146 152 148 146 145 143 154 164 168 168 174 173 171 170 171 167 167 171 161 151 143 140 148 152 156 163 161 157 149 144 138 139 141 135 132 150 151 147 146 147 142 138 124 122 138 141 144 150 152 150 142 143 145 141 150 147 145 138 140 155 150 144 140 141 141 127 110 115 128 138 151 151 145 151 255 255 255 255 255 255 255 255 255
147 148 158 159 156 147 128 124 143 158 150 142 150 148 147 145 144 158 163 169 167 170 169 166 170 174 167 166 169 164 155 148 147 156 153 157 164 160 150 146 145 133 139 141 135 129 147 151 151 150 144 137 133 125 127 142 146 149 149 154 150 142 148 146 146 154 151 145 136 140 156 158 148 142 148 147 127 109 111 121 132 142 144 148 152 150 153 255 255 255 255 255 255 255
145 146 154 159 159 151 138 134 142 151 147 145 147 146 147 150 148 157 166 171 167 171 167 167 173 174 169 168 170 166 159 152 153 157 153 154 160 154 140 144 145 135 145 145 141 136 145 153 155 150 138 138 138 139 142 146 146 148 150 151 143 143 148 146 144 150 151 145 141 143 154 158 148 148 152 148 137 129 122 124 133 136 142 147 149 150 151 159 255 255 255 255 255 255
139 143 155 156 157 152 147 139 138 147 145 144 148 148 147 149 148 158 172 172 166 169 167 170 175 173 168 165 171 162 160 160 156 157 154 151 157 148 130 135 147 148 153 151 146 138 135 148 150 146 140 143 147 149 149 148 144 152 157 151 142 144 152 152 144 150 149 147 146 147 155 151 150 152 148 145 143 145 136 132 132 133 139 144 148 149 156 160 151 150 255 255 255 255
142 143 151 148 148 146 149 141 137 146 143 141 151 149 148 148 151 163 171 167 162 168 170 171 172 172 165 164 171 164 164 168 156 150 151 151 156 146 121 128 153 153 153 156 145 127 116 131 143 148 143 143 147 147 149 150 146 151 157 152 143 143 153 151 142 144 144 149 151 148 149 143 143 144 147 145 150 155 148 141 136 138 142 145 146 152 157 154 152 151 151 255 255 255
145 141 139 132 132 135 142 138 135 146 146 141 152 148 147 153 159 169 171 166 167 170 171 172 171 172 166 167 171 162 168 170 158 154 156 152 154 149 134 137 151 151 149 151 142 125 112 128 149 155 145 141 140 138 145 149 139 137 152 157 145 144 153 147 142 144 146 154 150 148 145 139 132 133 142 146 156 159 153 144 140 143 145 142 145 152 156 158 154 147 148 152 255 255
145 145 144 136 132 137 142 126 116 142 152 143 147 147 148 153 159 168 170 168 170 167 170 173 168 169 168 172 170 160 166 164 165 163 157 154 156 155 150 144 151 151 147 148 150 138 129 139 147 152 149 142 134 129 135 140 124 123 147 156 151 156 158 151 148 147 150 149 144 147 146 143 138 137 145 149 155 156 150 145 145 150 148 140 143 150 154 153 146 139 143 147 147 145
142 148 150 143 138 144 145 119 93 119 143 140 143 145 151 157 163 168 168 168 170 164 172 175 173 172 171 169 167 163 163 163 167 163 156 159 157 157 156 148 158 158 153 155 160 149 144 146 143 146 150 145 134 133 133 131 117 125 150 162 165 167 160 155 152 144 142 140 144 144 148 153 153 153 157 151 149 146 145 146 152 156 152 144 145 148 146 146 139 135 140 145 144 140
143 147 150 142 132 137 140 111 79 102 138 143 140 141 156 165 167 168 172 173 171 167 171 175 175 174 170 168 169 169 163 162 165 160 152 157 154 152 156 154 165 163 157 156 158 150 148 147 141 145 148 147 139 139 137 131 128 140 161 172 173 169 161 157 149 140 133 135 137 138 150 159 160 163 161 146 136 129 135 145 151 155 156 149 144 143 145 147 143 138 142 149 148 144
147 143 140 134 118 124 132 114 89 106 139 145 137 140 157 167 166 168 172 172 173 171 174 172 171 171 172 176 172 167 163 164 166 156 148 154 155 153 154 154 160 159 155 155 155 151 146 142 138 144 148 142 138 137 135 138 143 151 166 173 171 167 161 157 148 142 137 137 134 138 150 157 161 164 157 147 136 128 136 143 150 156 158 149 144 145 153 153 148 145 146 153 155 149
141 138 136 135 123 119 118 116 113 123 144 148 140 143 154 162 171 169 171 169 172 170 173 174 172 168 170 175 168 161 157 160 165 156 149 153 152 151 152 144 138 144 151 153 156 151 142 141 143 144 150 140 137 134 137 146 151 152 166 167 165 166 161 160 150 142 142 138 136 141 149 157 161 160 156 151 139 133 137 136 144 149 152 149 148 153 156 153 150 145 147 153 153 142
137 141 143 137 132 122 116 117 122 133 148 150 144 145 151 158 173 171 168 168 169 168 173 170 172 171 169 173 164 159 158 162 159 147 147 149 144 146 149 136 127 145 154 147 151 151 143 147 148 143 145 140 137 134 142 149 151 152 163 165 168 167 162 156 147 144 145 142 144 144 148 152 153 151 150 145 134 132 132 129 135 140 143 147 151 153 150 149 145 138 140 144 146 142
136 137 140 134 131 129 127 124 129 140 145 153 150 143 144 158 170 169 166 167 165 170 173 165 172 172 164 168 165 163 161 158 147 134 138 146 141 141 149 145 139 153 151 145 149 151 145 147 145 145 147 141 132 134 144 146 146 150 156 162 165 163 159 150 151 150 143 140 145 150 147 146 142 141 143 136 132 128 130 135 137 140 141 148 147 144 145 146 141 138 137 138 142 139
127 125 130 131 123 114 114 126 139 148 146 155 155 144 141 152 164 170 167 160 158 166 166 162 167 165 153 158 161 162 158 145 132 125 136 149 142 140 148 148 144 153 148 147 148 148 150 149 145 149 150 145 138 142 143 141 141 144 149 157 160 154 148 146 152 151 142 138 142 146 145 143 138 137 141 136 133 131 138 141 140 140 140 141 136 139 147 145 139 138 135 135 132 128
