example/E5 - XRays/X-ray-tomography/rastert_juap02.txt
ncols         356
nrows         356
xllcorner     -0.5
yllcorner     -355.5
cellsize      1
NODATA_value  -9999
[rows 126 to 167 of 356, columns 0 to 93 of 356]
255 255 255 255 255 255 255 255 152 155 160 156 148 145 143 149 150 138 155 175 178 175 162 150 151 149 152 150 148 147 150 155 154 158 161 160 163 167 169 169 171 166 159 151 155 163 165 163 170 176 179 174 164 161 158 157 183 207 216 225 232 229 214 197 163 151 151 148 133 106 123 149 162 170 173 169 161 161 167 171 167 165 164 162 166 166 177 172 162 161 170 167 171 162
255 255 255 255 255 255 255 255 149 152 158 150 144 142 142 144 146 150 172 180 176 172 165 151 148 151 155 157 153 148 149 162 164 160 158 169 171 165 168 171 170 172 167 153 151 156 164 165 171 170 165 165 165 158 140 135 161 198 224 228 235 240 230 218 177 139 118 140 150 121 125 139 154 169 176 175 162 164 173 168 170 172 163 160 160 168 181 166 157 163 175 166 163 157
255 255 255 255 255 255 255 153 145 142 148 148 149 147 151 146 149 168 187 190 185 183 171 150 147 156 157 158 152 148 152 160 165 168 160 165 170 170 171 171 169 171 175 171 166 170 169 164 168 163 159 157 156 157 140 131 148 178 202 208 221 233 219 213 183 135 112 136 149 123 119 138 149 152 156 165 158 162 171 169 172 171 164 178 168 156 166 159 156 173 172 162 162 165
255 255 255 255 255 255 255 145 143 137 137 142 142 140 148 148 156 179 195 201 205 202 181 148 142 156 158 159 157 157 161 157 158 165 163 160 164 170 176 175 170 172 170 168 167 173 173 172 163 152 151 156 164 166 146 133 140 158 180 195 211 229 217 210 193 138 130 147 126 99 108 135 155 161 157 154 156 154 157 171 177 167 164 168 166 153 157 159 158 169 166 162 164 157
255 255 255 255 255 255 255 149 146 142 145 149 138 135 143 144 150 165 180 184 185 183 166 152 151 147 147 156 164 162 165 161 154 160 170 171 170 168 179 179 179 176 162 159 174 173 163 170 165 158 153 146 160 160 150 146 146 152 169 187 185 190 192 188 188 161 139 128 118 121 136 151 160 167 165 158 162 164 165 175 181 165 162 163 161 162 155 162 174 162 163 159 162 165
255 255 255 255 255 255 255 152 154 154 152 155 153 146 145 145 148 148 159 169 163 157 143 143 152 147 148 144 150 155 156 165 161 163 174 180 179 175 176 175 174 176 167 164 176 175 158 161 166 154 137 130 145 148 149 155 160 156 158 168 178 176 177 171 173 173 151 122 136 154 161 168 166 163 157 154 153 153 164 171 169 161 167 171 170 169 160 159 170 159 171 164 160 172
255 255 255 255 255 255 147 142 145 146 145 145 157 158 153 153 145 136 141 155 157 154 147 138 142 139 149 148 147 156 151 153 162 168 171 179 188 182 175 181 171 169 170 171 167 170 166 170 164 149 139 133 150 151 153 157 161 167 168 161 174 166 163 169 164 160 156 148 162 165 164 168 168 175 160 145 143 144 159 160 162 172 169 166 164 164 162 158 168 162 164 161 163 170
255 255 255 255 255 255 138 144 145 147 154 156 161 164 160 163 157 147 143 142 148 152 151 147 147 143 150 159 158 159 161 156 164 176 183 180 181 182 180 184 179 172 169 170 164 163 175 179 163 159 151 136 145 153 160 163 160 157 160 156 157 161 156 165 168 168 168 162 162 169 167 159 156 168 161 152 152 146 147 148 152 171 168 171 167 168 163 150 154 162 163 172 170 168
255 255 255 255 255 255 142 151 156 151 154 162 164 163 151 149 157 163 156 150 150 150 147 148 147 152 157 161 160 152 156 166 174 174 179 183 177 176 172 163 167 164 162 169 163 159 171 175 166 165 148 122 123 143 159 160 162 159 160 168 163 170 164 167 169 174 174 165 158 167 164 165 166 157 157 159 153 143 146 154 148 160 167 178 175 163 163 160 159 162 167 179 165 159
255 255 255 255 255 255 142 149 157 155 152 153 158 163 159 153 149 158 163 160 155 152 149 153 158 162 158 161 166 168 176 181 184 175 175 185 173 165 167 160 166 171 168 169 163 156 156 161 169 166 149 121 118 139 163 166 166 162 157 161 161 166 174 184 164 163 170 164 161 168 165 168 176 159 146 140 140 140 146 150 147 153 157 172 176 166 159 159 157 161 161 163 159 152
255 255 255 255 255 153 154 150 152 156 156 153 152 155 157 159 152 155 169 166 156 159 161 157 157 159 160 165 165 175 191 199 197 185 171 171 169 163 162 163 165 165 176 176 168 154 156 160 157 157 151 131 130 147 163 163 162 166 161 154 156 159 167 178 157 153 169 162 158 165 158 151 166 179 162 160 152 148 145 142 139 148 148 155 164 166 161 153 160 165 156 148 165 168
255 255 255 255 255 153 158 163 161 160 165 160 156 161 156 161 166 164 168 170 161 161 162 162 158 158 161 163 165 175 187 194 193 183 168 163 168 168 154 152 163 166 172 165 167 171 173 174 164 167 166 149 154 167 170 167 162 163 162 157 158 160 160 168 161 154 159 165 169 158 159 163 159 171 164 161 152 156 147 142 143 154 150 140 146 155 163 164 167 172 164 157 160 166
255 255 255 255 255 148 148 155 161 164 166 161 154 157 152 151 162 162 163 167 162 163 158 161 162 164 164 164 167 179 189 198 200 189 171 166 164 161 163 164 168 167 165 162 165 173 176 180 175 173 170 162 157 162 161 165 171 165 165 165 157 162 159 163 167 160 159 172 174 164 167 175 161 160 161 154 150 154 155 144 148 159 140 137 144 150 158 165 174 172 158 163 160 167
255 255 255 255 255 148 152 153 156 161 163 164 161 153 148 150 154 161 168 170 165 168 161 164 163 165 170 169 170 178 183 185 179 180 169 167 171 172 167 165 168 161 157 169 173 169 171 176 170 167 169 162 156 164 160 159 166 160 163 167 165 164 165 173 166 166 174 174 168 169 169 171 169 157 146 147 165 167 170 166 158 160 144 150 163 165 163 154 160 163 154 173 164 156
255 255 255 255 139 139 146 148 153 160 157 161 168 162 159 163 160 157 160 170 168 161 154 156 156 162 170 168 159 166 181 176 169 171 166 166 171 175 168 162 161 162 162 164 163 164 169 172 171 168 171 170 167 164 159 161 163 160 160 158 165 165 163 165 156 161 163 159 155 162 163 155 155 157 154 156 157 151 150 163 160 148 156 154 152 161 161 160 160 154 149 164 160 156
255 255 255 255 148 144 146 147 150 151 150 154 158 160 161 158 158 164 160 162 165 165 160 162 160 151 152 157 151 157 173 172 173 174 172 168 169 168 164 168 171 174 171 165 165 165 160 163 177 173 167 167 166 169 172 168 169 166 165 164 162 159 148 136 134 136 144 150 146 155 156 147 137 137 143 155 150 155 149 149 156 151 164 166 149 164 156 163 175 161 156 161 156 158
255 255 255 255 137 140 152 156 159 153 149 149 152 156 157 151 148 159 159 151 155 163 160 164 167 160 153 161 166 168 166 168 170 168 163 161 169 173 170 169 176 177 169 163 168 169 164 160 168 168 160 152 158 162 164 162 163 165 162 162 159 137 106 78 78 85 117 153 163 165 162 148 152 146 139 158 167 163 155 163 162 154 159 174 164 167 157 160 166 166 166 160 152 160
255 255 255 255 127 129 140 150 154 146 144 156 165 168 161 156 154 153 154 158 156 155 156 151 150 162 167 172 168 163 162 173 169 167 167 172 174 168 170 171 173 174 172 166 171 170 168 159 160 167 163 159 164 165 168 170 169 165 162 156 151 116 64 32 37 45 91 156 168 169 171 154 162 162 160 158 151 155 154 157 156 161 164 174 169 159 158 165 156 153 152 151 155 164
255 255 255 255 131 131 142 149 140 133 139 154 164 161 153 153 157 156 158 160 156 154 158 156 153 150 155 167 162 161 166 173 173 174 174 179 175 170 177 175 170 172 171 168 168 163 169 167 164 167 162 156 162 168 175 173 178 176 171 164 156 121 71 52 72 94 123 161 160 161 158 154 155 153 159 159 160 167 163 152 148 150 150 157 160 156 156 171 168 160 161 154 158 163
255 255 255 135 132 128 134 142 130 125 138 148 151 160 161 157 158 160 159 152 151 153 154 164 167 158 149 159 166 167 167 165 172 172 173 173 166 173 182 174 171 169 166 170 164 162 164 160 168 174 177 171 169 172 173 176 179 172 171 167 161 141 111 104 112 139 148 150 159 173 160 156 162 156 152 158 169 174 166 168 160 142 134 128 141 155 160 170 168 168 171 160 164 171
255 255 255 131 135 134 134 138 140 143 152 155 153 162 163 163 163 162 153 145 144 147 151 155 158 165 162 157 164 168 160 157 170 178 173 167 161 169 172 160 167 175 166 161 164 166 168 162 170 171 170 169 165 173 171 179 181 173 173 165 153 157 155 156 146 148 156 156 154 162 164 160 165 161 161 157 158 173 166 173 165 144 145 138 149 151 152 163 163 168 169 157 160 169
255 255 255 134 136 142 150 151 151 153 156 158 159 161 156 160 162 157 147 142 146 154 160 155 154 167 170 163 157 165 169 164 161 175 172 164 162 167 173 178 177 182 176 164 165 162 164 162 163 169 168 166 160 165 164 167 165 162 167 166 158 157 156 161 158 162 164 158 154 148 158 166 162 156 162 155 159 176 172 168 164 154 151 151 158 150 148 160 165 161 169 169 168 152
255 255 255 131 133 139 147 152 153 153 156 163 164 163 157 158 158 148 148 151 154 154 156 161 162 163 165 167 159 155 159 164 157 159 166 168 168 163 162 170 173 169 175 179 167 160 171 173 163 163 163 159 156 162 164 172 170 157 154 155 157 158 155 156 155 162 165 164 167 160 162 161 158 156 163 172 168 165 166 160 165 178 162 154 154 151 152 155 165 165 165 169 173 156
255 255 255 131 135 137 140 145 157 164 164 167 169 165 162 160 155 150 156 156 157 153 150 156 162 162 168 168 163 162 164 163 154 154 160 170 173 167 165 164 170 167 165 166 170 165 170 174 166 169 169 163 164 174 169 169 166 158 159 155 154 159 158 149 150 154 155 159 163 158 155 155 162 167 168 163 155 154 165 167 165 183 168 163 162 155 157 151 159 169 165 155 155 170
255 255 255 133 144 144 147 157 173 178 171 167 165 168 167 155 148 142 143 146 150 152 153 158 162 160 163 163 164 168 174 171 164 169 169 175 172 169 175 172 168 165 156 149 155 164 168 168 161 166 163 165 161 159 163 161 160 156 164 158 160 163 158 159 159 156 161 158 155 155 160 163 164 164 171 168 164 171 168 168 165 172 165 167 164 152 158 156 158 162 160 153 159 175
255 255 129 139 162 157 155 163 170 167 162 164 162 162 163 158 155 153 154 155 151 149 157 163 163 159 157 159 164 166 173 172 167 174 168 168 169 168 172 171 168 163 163 161 159 164 164 158 160 170 165 169 171 163 170 167 167 169 167 152 160 157 152 160 166 164 173 166 156 156 159 162 161 163 167 159 150 159 166 170 160 164 174 169 159 159 169 171 169 172 168 165 163 172
255 255 152 172 186 178 169 159 162 165 164 169 167 161 158 156 149 152 160 163 160 157 170 167 154 160 164 165 159 163 169 163 164 172 168 170 173 167 174 169 164 161 163 166 170 168 162 164 170 172 174 173 173 168 170 176 170 166 167 152 156 153 161 159 157 163 172 174 164 154 154 150 149 157 166 158 151 159 157 162 157 154 158 167 155 148 165 168 165 166 165 172 165 159
255 255 163 188 195 185 171 157 159 166 172 172 170 172 161 151 141 131 134 148 159 156 161 166 162 161 162 168 165 165 175 174 169 169 170 171 175 168 161 149 152 160 157 156 168 173 171 172 171 169 176 171 168 167 169 183 178 168 159 152 155 147 158 160 160 170 175 173 185 170 161 156 156 155 153 156 159 161 153 158 166 170 159 161 159 148 165 161 165 164 167 168 169 170
255 255 165 185 188 178 169 164 159 158 163 163 156 154 144 135 127 114 124 146 161 161 155 157 169 168 169 170 177 172 169 172 168 169 170 160 159 155 147 147 160 169 160 158 166 174 166 163 165 166 170 157 155 157 149 161 164 152 143 154 163 155 156 157 157 162 169 156 173 180 172 167 169 171 159 155 170 167 156 163 162 167 165 161 152 146 166 168 167 161 161 157 155 164
255 255 166 179 184 176 168 164 159 161 163 169 160 150 129 113 105 100 118 146 164 167 160 157 166 164 162 155 159 165 163 162 166 168 169 163 162 164 161 166 170 168 167 168 164 166 167 168 171 169 171 158 151 160 154 160 165 157 151 157 154 160 173 165 154 159 165 158 167 184 175 161 155 147 162 176 175 176 164 166 167 166 167 171 161 158 165 164 164 167 169 167 163 162
255 255 163 169 170 161 154 156 158 162 160 162 164 162 144 123 112 111 125 146 164 166 166 170 168 162 167 167 154 154 164 169 168 162 166 169 167 170 173 171 157 160 172 172 168 165 165 171 172 163 166 165 161 168 161 165 168 166 165 173 168 167 177 175 167 171 163 164 167 176 170 162 157 151 163 167 159 171 170 164 166 156 155 169 173 169 164 173 174 172 172 175 171 165
255 255 156 159 155 152 149 155 153 150 154 152 157 163 156 147 134 136 151 158 165 166 163 166 173 166 167 175 170 162 166 177 168 166 170 171 161 162 171 172 164 167 174 173 165 166 164 161 154 155 160 158 156 160 159 166 173 170 169 172 167 163 164 173 165 164 169 170 160 169 186 185 175 174 176 174 163 165 169 173 174 159 154 159 168 164 157 170 167 162 162 166 166 164
255 255 163 168 156 151 146 149 152 154 161 158 161 161 157 159 154 155 159 163 165 164 160 166 174 169 162 160 162 168 166 172 172 169 168 172 168 164 163 166 171 177 176 174 158 157 169 167 164 164 157 163 167 170 163 165 166 164 169 167 169 173 175 180 164 167 167 170 168 159 169 165 168 176 175 166 167 170 166 184 176 158 152 157 164 154 147 157 162 170 166 154 160 166
255 157 172 178 164 159 156 149 155 161 161 161 165 162 159 156 157 165 161 165 174 169 164 168 165 170 168 165 162 171 173 167 170 169 166 170 172 164 167 170 170 173 176 184 173 165 166 168 167 161 153 162 167 166 157 163 155 153 163 165 168 163 173 182 170 172 169 166 157 156 168 163 168 183 174 165 182 178 157 173 171 167 156 153 160 162 161 164 170 168 164 164 172 179
255 159 169 180 177 171 169 167 165 165 167 167 165 165 164 157 147 153 158 163 173 167 159 155 154 165 173 172 163 165 173 169 171 174 174 177 177 169 171 178 172 163 164 168 168 169 165 158 153 154 161 164 165 164 160 160 164 164 160 156 158 150 157 164 173 181 176 174 162 161 159 160 165 176 169 175 180 167 156 168 180 171 156 150 162 166 175 176 178 169 156 160 165 174
255 158 172 185 185 176 168 165 160 160 165 170 168 164 164 165 167 166 165 168 163 160 164 162 162 161 166 177 175 168 170 173 182 182 179 179 177 177 166 164 163 156 164 165 164 167 168 163 166 165 166 159 167 166 163 161 162 168 171 163 166 165 160 162 170 176 172 173 159 155 153 158 162 164 159 166 164 164 166 166 173 164 160 155 160 165 169 161 170 168 161 162 151 157
255 167 180 186 183 179 174 168 161 161 160 159 165 163 163 165 176 182 174 174 170 166 169 169 173 167 160 166 174 173 174 172 180 182 174 172 176 184 175 169 168 164 167 162 161 159 166 169 172 168 161 157 172 175 168 176 161 160 169 165 168 165 166 172 173 171 168 173 170 162 158 164 158 155 163 167 158 161 161 148 141 148 161 168 162 166 160 159 166 157 163 161 151 159
255 167 172 179 177 169 167 172 168 168 167 164 172 170 168 164 165 169 169 170 165 162 163 162 164 170 172 169 170 174 174 171 169 174 173 168 172 177 175 169 161 165 164 151 160 167 169 167 169 167 165 164 167 170 166 166 162 166 166 163 171 163 166 169 169 169 163 167 172 157 157 163 162 158 159 165 168 166 163 162 157 162 162 155 159 165 161 167 167 151 148 161 165 159
255 163 163 171 172 169 166 167 171 171 168 165 169 172 171 168 162 162 163 163 165 167 170 172 170 170 173 182 180 174 170 175 166 170 171 170 170 165 163 161 152 157 161 154 162 171 163 162 172 173 167 160 156 162 168 170 174 170 172 170 169 165 161 160 157 164 171 169 173 168 167 167 165 155 153 156 162 164 163 165 172 169 160 154 164 176 168 161 152 156 159 156 158 159
255 160 171 172 164 168 167 159 165 169 167 160 161 170 176 178 172 169 164 162 165 169 172 172 174 172 161 161 162 165 168 174 156 159 164 159 162 157 153 163 165 171 172 164 160 160 158 156 166 165 161 162 164 168 172 174 174 171 161 167 171 166 156 166 167 166 172 163 165 168 164 157 166 173 163 151 150 152 150 156 160 156 162 165 167 168 157 150 152 161 160 154 154 166
255 172 187 184 172 169 168 163 158 162 167 164 162 162 165 169 172 173 168 171 169 165 166 166 172 175 165 161 165 171 173 173 155 156 159 156 167 163 162 170 164 160 162 170 157 152 164 166 172 168 170 170 169 169 170 165 163 180 170 165 169 171 164 166 161 159 165 160 160 157 159 160 166 180 172 161 158 154 160 167 157 158 169 169 167 166 156 165 168 163 165 178 168 157
255 177 194 199 188 173 166 164 156 159 163 163 165 158 155 162 165 171 176 179 177 172 171 175 176 175 177 178 185 180 170 170 163 165 166 159 162 162 170 169 156 156 156 160 156 148 149 153 158 164 171 176 170 166 173 169 162 173 169 163 170 167 167 165 163 173 179 174 157 145 146 156 164 161 154 162 166 162 166 169 164 155 156 171 165 159 157 161 162 163 171 177 177 169
