example/E5 - XRays/X-ray-tomography/rastert_juap49.txt
ncols         356
nrows         356
xllcorner     -0.5
yllcorner     -355.5
cellsize      1
NODATA_value  -9999
[rows 0 to 41 of 356, columns 190 to 284 of 356]
255 255 255 255 255 255 255 255 255 255 255 255 255 255 255 255 255 255 255 255 255 255 255 255 255 255 255 255 255 255 255 255 255 255 255 255 255 255 255 255 255 255 255 255 255 255 255 255 255 255 255 255 255 255 255 255 255 255 255 255 255 255 255 255 255 255 255 255 255 255 255 255 255 255 255 255 255 255 255 255 255 255 255 255 255 255 255 255 255 255 255 255 255 255 255
158 162 161 157 155 156 255 255 255 255 255 255 255 255 255 255 255 255 255 255 255 255 255 255 255 255 255 255 255 255 255 255 255 255 255 255 255 255 255 255 255 255 255 255 255 255 255 255 255 255 255 255 255 255 255 255 255 255 255 255 255 255 255 255 255 255 255 255 255 255 255 255 255 255 255 255 255 255 255 255 255 255 255 255 255 255 255 255 255 255 255 255 255 255 255
157 163 162 158 157 162 157 156 162 159 154 154 158 160 255 255 255 255 255 255 255 255 255 255 255 255 255 255 255 255 255 255 255 255 255 255 255 255 255 255 255 255 255 255 255 255 255 255 255 255 255 255 255 255 255 255 255 255 255 255 255 255 255 255 255 255 255 255 255 255 255 255 255 255 255 255 255 255 255 255 255 255 255 255 255 255 255 255 255 255 255 255 255 255 255
156 164 160 157 158 164 161 159 162 159 154 152 158 158 153 159 163 160 164 163 255 255 255 255 255 255 255 255 255 255 255 255 255 255 255 255 255 255 255 255 255 255 255 255 255 255 255 255 255 255 255 255 255 255 255 255 255 255 255 255 255 255 255 255 255 255 255 255 255 255 255 255 255 255 255 255 255 255 255 255 255 255 255 255 255 255 255 255 255 255 255 255 255 255 255
156 159 153 152 153 156 155 160 160 156 152 152 157 152 149 159 163 161 161 158 153 149 155 156 158 255 255 255 255 255 255 255 255 255 255 255 255 255 255 255 255 255 255 255 255 255 255 255 255 255 255 255 255 255 255 255 255 255 255 255 255 255 255 255 255 255 255 255 255 255 255 255 255 255 255 255 255 255 255 255 255 255 255 255 255 255 255 255 255 255 255 255 255 255 255
156 154 151 150 149 147 146 156 156 153 150 152 151 146 147 153 160 164 160 154 144 135 139 145 144 142 137 140 144 255 255 255 255 255 255 255 255 255 255 255 255 255 255 255 255 255 255 255 255 255 255 255 255 255 255 255 255 255 255 255 255 255 255 255 255 255 255 255 255 255 255 255 255 255 255 255 255 255 255 255 255 255 255 255 255 255 255 255 255 255 255 255 255 255 255
147 144 147 147 152 151 146 146 150 154 152 152 146 144 148 151 157 162 159 155 146 137 137 140 134 134 140 143 143 146 148 147 144 255 255 255 255 255 255 255 255 255 255 255 255 255 255 255 255 255 255 255 255 255 255 255 255 255 255 255 255 255 255 255 255 255 255 255 255 255 255 255 255 255 255 255 255 255 255 255 255 255 255 255 255 255 255 255 255 255 255 255 255 255 255
122 128 139 143 151 154 148 141 147 152 151 154 148 144 148 152 151 155 155 154 148 146 144 142 137 138 143 142 143 143 146 148 147 142 139 138 137 255 255 255 255 255 255 255 255 255 255 255 255 255 255 255 255 255 255 255 255 255 255 255 255 255 255 255 255 255 255 255 255 255 255 255 255 255 255 255 255 255 255 255 255 255 255 255 255 255 255 255 255 255 255 255 255 255 255
110 130 145 147 150 154 150 145 152 150 147 152 149 137 137 143 145 155 157 151 142 145 140 139 142 141 142 143 148 146 146 147 147 139 139 137 137 134 134 144 255 255 255 255 255 255 255 255 255 255 255 255 255 255 255 255 255 255 255 255 255 255 255 255 255 255 255 255 255 255 255 255 255 255 255 255 255 255 255 255 255 255 255 255 255 255 255 255 255 255 255 255 255 255 255
113 134 147 151 150 153 151 149 159 152 148 151 144 128 125 133 141 154 157 151 144 146 139 137 144 147 144 147 153 151 147 143 138 133 132 132 135 130 132 141 143 141 144 255 255 255 255 255 255 255 255 255 255 255 255 255 255 255 255 255 255 255 255 255 255 255 255 255 255 255 255 255 255 255 255 255 255 255 255 255 255 255 255 255 255 255 255 255 255 255 255 255 255 255 255
126 141 149 156 153 151 148 149 159 158 154 152 146 139 137 136 141 155 156 156 151 150 147 138 135 141 143 143 149 152 146 136 128 128 126 129 134 132 132 133 126 120 132 148 148 153 255 255 255 255 255 255 255 255 255 255 255 255 255 255 255 255 255 255 255 255 255 255 255 255 255 255 255 255 255 255 255 255 255 255 255 255 255 255 255 255 255 255 255 255 255 255 255 255 255
142 152 157 157 155 150 147 152 159 162 162 158 150 154 151 142 147 154 154 160 154 151 151 134 121 122 131 136 145 152 145 132 124 126 126 128 132 130 128 121 118 114 131 144 145 155 154 151 148 255 255 255 255 255 255 255 255 255 255 255 255 255 255 255 255 255 255 255 255 255 255 255 255 255 255 255 255 255 255 255 255 255 255 255 255 255 255 255 255 255 255 255 255 255 255
150 159 161 157 157 156 156 158 157 158 164 160 149 156 153 146 152 155 151 155 153 152 148 128 118 116 123 132 142 150 144 135 128 131 134 131 130 130 124 120 121 117 129 140 143 151 155 148 137 143 146 151 255 255 255 255 255 255 255 255 255 255 255 255 255 255 255 255 255 255 255 255 255 255 255 255 255 255 255 255 255 255 255 255 255 255 255 255 255 255 255 255 255 255 255
157 162 164 160 158 161 162 164 159 153 162 156 144 149 152 142 143 144 140 143 144 145 134 120 123 125 124 128 136 146 147 139 129 133 142 136 133 131 129 133 134 127 128 139 138 142 149 141 135 144 148 153 156 154 255 255 255 255 255 255 255 255 255 255 255 255 255 255 255 255 255 255 255 255 255 255 255 255 255 255 255 255 255 255 255 255 255 255 255 255 255 255 255 255 255
159 160 159 158 157 165 164 164 162 153 153 145 134 139 147 137 129 122 119 121 130 139 126 116 124 132 130 133 137 146 146 129 116 125 139 133 133 134 138 142 142 134 130 138 134 140 144 138 140 146 148 152 152 148 144 143 255 255 255 255 255 255 255 255 255 255 255 255 255 255 255 255 255 255 255 255 255 255 255 255 255 255 255 255 255 255 255 255 255 255 255 255 255 255 255
156 147 139 151 158 165 162 161 161 156 148 141 134 140 143 129 114 102 100 108 129 145 136 120 118 131 139 137 140 143 136 124 118 128 139 139 133 136 136 139 142 135 135 138 134 143 143 139 140 140 144 148 145 141 139 137 143 140 142 255 255 255 255 255 255 255 255 255 255 255 255 255 255 255 255 255 255 255 255 255 255 255 255 255 255 255 255 255 255 255 255 255 255 255 255
154 142 137 153 160 163 160 161 158 157 154 149 143 150 145 131 116 105 108 124 138 149 146 128 122 138 143 129 133 142 146 145 145 146 147 146 138 138 131 131 133 135 140 139 142 150 150 140 139 138 143 146 141 139 136 138 143 144 144 145 147 255 255 255 255 255 255 255 255 255 255 255 255 255 255 255 255 255 255 255 255 255 255 255 255 255 255 255 255 255 255 255 255 255 255
160 152 155 164 164 161 160 160 157 160 159 156 155 157 151 146 133 121 127 142 144 145 141 132 131 141 138 123 127 149 157 160 162 156 151 145 139 139 137 134 135 142 145 147 149 156 154 141 137 139 143 146 144 141 138 140 145 146 143 147 147 147 151 255 255 255 255 255 255 255 255 255 255 255 255 255 255 255 255 255 255 255 255 255 255 255 255 255 255 255 255 255 255 255 255
163 158 167 172 165 162 158 151 159 166 161 156 157 152 149 148 138 129 136 149 149 146 140 135 133 135 136 132 135 153 158 160 163 159 151 144 132 132 144 148 150 147 148 151 150 155 153 145 142 144 145 147 143 140 140 145 151 148 145 147 150 148 152 145 139 255 255 255 255 255 255 255 255 255 255 255 255 255 255 255 255 255 255 255 255 255 255 255 255 255 255 255 255 255 255
167 163 168 170 164 167 160 147 161 173 168 162 157 148 136 134 135 133 142 152 149 145 140 131 124 130 138 141 143 153 159 164 162 160 152 145 126 121 144 156 151 141 141 148 153 157 156 149 151 150 144 139 136 136 142 149 153 152 150 149 152 148 153 144 143 142 125 255 255 255 255 255 255 255 255 255 255 255 255 255 255 255 255 255 255 255 255 255 255 255 255 255 255 255 255
163 158 163 164 156 156 158 149 158 170 165 162 159 144 127 129 141 142 147 152 140 137 139 129 126 137 141 141 144 150 149 144 142 142 136 137 129 116 140 155 147 139 135 144 155 158 156 151 151 147 141 134 134 134 142 147 147 147 147 149 150 150 151 147 154 158 133 90 74 255 255 255 255 255 255 255 255 255 255 255 255 255 255 255 255 255 255 255 255 255 255 255 255 255 255
158 157 161 161 153 146 151 154 155 159 160 161 164 149 135 140 151 150 148 150 145 137 131 124 132 144 142 141 148 150 136 115 110 109 100 109 120 117 139 154 150 143 135 143 152 153 150 149 142 140 138 135 135 134 140 142 141 140 147 149 150 148 148 152 164 174 140 98 77 69 61 255 255 255 255 255 255 255 255 255 255 255 255 255 255 255 255 255 255 255 255 255 255 255 255
159 161 160 159 155 158 157 156 151 153 157 159 166 158 146 146 155 153 148 154 156 144 127 122 138 147 147 146 153 147 132 108 100 103 91 95 118 129 144 156 153 145 143 143 143 144 144 143 133 132 135 137 139 136 138 141 143 144 149 150 146 141 143 148 155 160 133 108 94 89 78 48 26 255 255 255 255 255 255 255 255 255 255 255 255 255 255 255 255 255 255 255 255 255 255
161 160 160 159 154 160 157 153 152 153 150 153 160 159 151 152 156 157 155 161 157 148 136 140 155 151 147 146 148 138 132 122 119 122 111 112 126 133 141 143 139 135 137 136 139 144 147 143 135 131 136 142 140 136 142 145 145 145 149 153 146 140 139 143 140 138 125 115 108 97 79 49 27 23 21 255 255 255 255 255 255 255 255 255 255 255 255 255 255 255 255 255 255 255 255
157 157 161 158 153 156 156 153 157 155 151 153 154 157 154 153 155 161 157 156 152 150 148 151 159 151 147 146 146 135 138 143 143 140 131 127 127 129 135 132 127 130 129 129 138 147 149 145 140 134 144 149 141 139 143 143 141 137 142 150 149 144 140 141 133 126 121 123 121 104 85 62 56 58 60 67 255 255 255 255 255 255 255 255 255 255 255 255 255 255 255 255 255 255 255
157 158 157 157 154 155 153 154 160 156 153 151 154 158 154 143 144 155 156 153 149 147 148 149 155 151 146 148 144 128 130 143 141 139 134 130 130 135 139 138 132 137 135 135 138 140 145 144 140 140 147 146 142 146 145 143 138 133 135 136 145 146 146 143 134 122 122 131 132 116 99 88 94 95 105 121 125 122 255 255 255 255 255 255 255 255 255 255 255 255 255 255 255 255 255
159 156 153 153 149 152 155 154 159 158 149 145 148 156 153 129 128 149 158 150 146 140 139 144 144 131 128 137 136 127 127 133 131 135 134 139 144 145 148 147 140 143 145 140 129 126 136 141 143 142 142 142 143 148 145 144 143 141 137 135 140 142 147 145 134 125 129 138 138 125 108 98 106 114 130 140 138 139 142 149 255 255 255 255 255 255 255 255 255 255 255 255 255 255 255
160 155 149 148 149 153 158 158 157 157 149 138 138 149 153 136 132 148 151 139 134 130 129 134 127 112 118 131 135 138 136 135 133 140 136 142 152 154 156 152 146 146 146 138 124 125 137 142 142 142 143 143 141 143 140 146 150 151 152 149 143 138 135 139 131 129 140 148 146 139 123 107 110 125 138 138 134 145 153 158 159 255 255 255 255 255 255 255 255 255 255 255 255 255 255
155 151 143 146 156 155 155 163 158 156 155 141 136 145 153 145 139 144 143 134 128 132 130 130 131 128 137 148 148 149 143 140 142 145 139 138 146 152 158 156 148 141 140 138 133 139 142 141 137 142 143 144 142 142 138 145 154 158 166 164 152 138 128 135 133 141 154 159 153 151 139 120 122 136 140 135 138 153 158 159 160 161 155 255 255 255 255 255 255 255 255 255 255 255 255
157 155 145 152 161 160 159 163 155 153 152 141 137 142 153 152 140 138 141 131 120 127 128 135 144 143 152 163 160 157 148 146 146 145 141 140 137 143 158 160 148 142 141 142 142 144 144 144 138 136 144 152 142 138 129 130 148 163 171 168 157 139 128 132 139 142 156 161 154 153 149 135 134 142 141 141 152 160 159 159 161 158 156 156 151 255 255 255 255 255 255 255 255 255 255
157 156 151 159 164 161 164 161 150 150 148 141 140 141 151 150 139 133 138 120 105 115 127 137 145 143 149 154 159 157 143 136 134 132 134 133 131 140 153 153 141 146 145 142 146 147 151 151 137 131 145 149 140 136 123 123 139 154 165 164 154 137 128 130 129 128 148 155 149 148 149 141 139 138 143 150 158 161 162 158 158 159 160 155 144 137 255 255 255 255 255 255 255 255 255
155 154 153 155 161 161 163 160 155 157 150 139 140 141 148 146 137 132 134 122 115 127 135 134 135 138 138 143 151 142 134 129 125 125 126 127 132 144 146 137 129 139 143 144 150 150 151 148 136 134 144 140 140 139 135 140 142 150 160 159 149 139 136 135 126 126 142 145 139 144 150 142 138 143 151 154 158 163 160 157 160 158 153 150 142 131 132 138 255 255 255 255 255 255 255
150 149 153 153 159 162 155 157 160 163 152 129 133 137 141 143 137 130 128 132 133 135 135 129 126 130 134 143 140 123 129 129 124 125 121 115 124 143 134 122 120 126 137 143 152 149 147 151 143 139 137 135 141 142 148 150 145 149 153 154 148 146 146 143 136 126 129 125 127 132 137 128 132 142 147 151 155 160 156 154 153 148 144 143 140 129 126 131 142 255 255 255 255 255 255
157 157 156 156 161 164 153 153 155 158 144 128 132 133 139 145 143 132 125 135 140 133 136 135 129 127 134 141 131 113 123 135 133 130 119 110 116 125 121 123 122 124 140 144 148 146 146 154 149 146 137 127 135 145 148 147 142 137 136 142 143 151 153 148 135 118 120 125 124 122 121 117 122 134 144 149 150 152 151 148 143 137 136 135 139 139 132 130 136 138 255 255 255 255 255
157 161 160 159 162 169 155 149 151 144 127 124 134 136 143 147 144 138 136 141 141 130 140 146 140 140 141 142 133 120 128 141 142 129 113 110 117 123 126 132 125 125 136 143 146 144 143 150 155 154 142 126 131 143 146 144 135 126 127 123 121 132 138 137 119 104 124 145 139 135 131 126 126 134 143 147 146 148 149 145 133 134 138 132 142 145 139 137 135 133 147 157 255 255 255
152 161 168 166 157 167 158 149 151 130 117 125 138 143 147 147 140 140 145 141 132 124 139 146 144 151 151 148 139 132 131 131 134 127 117 120 130 138 133 125 116 126 135 141 146 141 139 150 158 152 144 128 127 139 146 144 138 131 128 120 110 111 115 116 107 102 125 152 149 145 145 140 140 143 147 150 153 154 153 141 126 132 141 137 140 137 142 145 133 128 140 152 157 255 255
151 157 169 168 160 163 161 153 153 131 116 124 131 140 147 142 132 134 140 138 130 128 137 140 144 156 153 152 151 147 135 123 126 130 130 136 146 146 136 123 114 127 133 139 146 135 135 149 148 141 138 129 133 143 152 150 146 139 136 135 123 121 120 117 116 117 129 145 147 147 146 147 151 149 151 157 161 164 164 147 132 133 141 142 137 137 144 142 135 128 132 146 149 143 255
151 154 161 160 164 165 159 153 149 134 126 126 127 137 142 131 116 112 123 131 135 138 142 142 149 154 153 157 158 150 143 132 128 127 131 138 142 143 137 129 127 133 134 136 142 134 139 148 139 138 139 141 147 152 158 154 147 138 136 140 137 138 136 129 128 130 134 134 136 137 139 146 153 155 155 160 164 171 170 158 148 143 146 143 141 140 138 142 139 132 131 141 143 145 144
150 153 156 151 158 164 153 139 135 132 139 137 136 139 135 129 120 113 123 130 138 139 142 145 150 154 155 157 157 153 149 144 133 121 130 137 132 131 128 131 131 131 133 132 138 138 140 142 136 137 143 149 157 157 157 153 145 137 135 138 140 147 146 133 126 132 135 132 130 129 136 145 158 161 159 165 169 174 171 165 164 159 157 150 148 140 137 141 139 134 134 143 149 150 145
152 151 151 149 156 159 149 127 126 135 142 143 137 137 137 141 135 128 137 137 129 127 137 146 150 154 156 155 158 158 150 147 136 124 130 132 131 127 126 131 131 132 133 131 133 138 136 136 133 137 147 154 161 161 158 151 143 139 134 139 141 142 140 129 126 134 140 139 136 134 142 151 162 163 164 171 172 176 174 172 176 172 166 160 156 144 141 142 136 130 142 151 155 158 158
152 151 150 150 157 155 146 130 136 141 140 140 134 139 146 142 131 130 140 134 117 119 139 144 142 147 148 156 157 148 143 143 137 125 126 131 133 132 132 132 134 135 131 130 134 143 141 138 134 140 146 152 161 160 153 146 141 132 125 132 133 135 132 128 131 139 143 140 144 143 151 157 165 164 170 175 174 178 177 178 178 173 169 165 161 152 142 137 126 124 145 156 162 175 169
150 151 154 152 151 150 146 134 138 141 141 143 133 137 143 135 133 136 149 142 122 124 145 142 138 145 136 140 144 143 141 143 139 125 128 135 133 132 131 136 143 142 132 129 136 144 140 132 132 139 139 147 157 152 147 144 137 130 127 128 135 141 138 135 135 137 136 139 146 147 150 155 163 166 174 177 175 177 177 177 172 170 169 168 170 163 149 134 118 121 146 158 166 174 164
