example/E5 - XRays/X-ray-tomography/rastert_juap01.txt
ncols         356
nrows         356
xllcorner     -0.5
yllcorner     -355.5
cellsize      1
NODATA_value  -9999
[rows 0 to 41 of 356, columns 188 to 281 of 356]
255 255 255 255 255 255 255 255 255 255 255 255 255 255 255 255 255 255 255 255 255 255 255 255 255 255 255 255 255 255 255 255 255 255 255 255 255 255 255 255 255 255 255 255 255 255 255 255 255 255 255 255 255 255 255 255 255 255 255 255 255 255 255 255 255 255 255 255 255 255 255 255 255 255 255 255 255 255 255 255 255 255 255 255 255 255 255 255 255 255 255 255 255 255
130 122 112 115 130 137 134 134 255 255 255 255 255 255 255 255 255 255 255 255 255 255 255 255 255 255 255 255 255 255 255 255 255 255 255 255 255 255 255 255 255 255 255 255 255 255 255 255 255 255 255 255 255 255 255 255 255 255 255 255 255 255 255 255 255 255 255 255 255 255 255 255 255 255 255 255 255 255 255 255 255 255 255 255 255 255 255 255 255 255 255 255 255 255
118 108 106 108 126 135 133 131 123 122 134 150 146 123 123 136 255 255 255 255 255 255 255 255 255 255 255 255 255 255 255 255 255 255 255 255 255 255 255 255 255 255 255 255 255 255 255 255 255 255 255 255 255 255 255 255 255 255 255 255 255 255 255 255 255 255 255 255 255 255 255 255 255 255 255 255 255 255 255 255 255 255 255 255 255 255 255 255 255 255 255 255 255 255
110 101 107 110 128 138 134 125 112 115 129 142 137 111 114 134 138 138 125 116 115 116 255 255 255 255 255 255 255 255 255 255 255 255 255 255 255 255 255 255 255 255 255 255 255 255 255 255 255 255 255 255 255 255 255 255 255 255 255 255 255 255 255 255 255 255 255 255 255 255 255 255 255 255 255 255 255 255 255 255 255 255 255 255 255 255 255 255 255 255 255 255 255 255
109 102 106 96 104 117 123 115 107 114 124 128 118 103 113 131 132 124 112 109 107 99 96 92 99 108 125 255 255 255 255 255 255 255 255 255 255 255 255 255 255 255 255 255 255 255 255 255 255 255 255 255 255 255 255 255 255 255 255 255 255 255 255 255 255 255 255 255 255 255 255 255 255 255 255 255 255 255 255 255 255 255 255 255 255 255 255 255 255 255 255 255 255 255
102 95 101 83 78 97 114 113 109 118 129 129 119 110 115 118 115 99 95 102 111 102 91 91 101 116 129 129 138 135 128 255 255 255 255 255 255 255 255 255 255 255 255 255 255 255 255 255 255 255 255 255 255 255 255 255 255 255 255 255 255 255 255 255 255 255 255 255 255 255 255 255 255 255 255 255 255 255 255 255 255 255 255 255 255 255 255 255 255 255 255 255 255 255
96 86 89 84 77 90 104 103 111 128 141 144 132 117 118 114 104 90 95 101 121 123 109 101 102 119 128 134 142 136 129 126 132 127 126 255 255 255 255 255 255 255 255 255 255 255 255 255 255 255 255 255 255 255 255 255 255 255 255 255 255 255 255 255 255 255 255 255 255 255 255 255 255 255 255 255 255 255 255 255 255 255 255 255 255 255 255 255 255 255 255 255 255 255
90 75 76 82 80 83 92 98 113 136 144 144 132 119 124 117 107 99 108 109 128 137 130 111 107 115 128 139 141 132 120 116 115 114 123 122 117 110 126 255 255 255 255 255 255 255 255 255 255 255 255 255 255 255 255 255 255 255 255 255 255 255 255 255 255 255 255 255 255 255 255 255 255 255 255 255 255 255 255 255 255 255 255 255 255 255 255 255 255 255 255 255 255 255
96 79 74 78 79 78 81 96 118 137 134 129 112 108 118 119 121 114 117 117 131 144 139 121 116 120 136 141 133 128 119 116 111 112 123 129 121 111 119 140 146 144 255 255 255 255 255 255 255 255 255 255 255 255 255 255 255 255 255 255 255 255 255 255 255 255 255 255 255 255 255 255 255 255 255 255 255 255 255 255 255 255 255 255 255 255 255 255 255 255 255 255 255 255
108 89 83 75 76 77 77 93 118 129 120 116 96 96 108 116 125 122 126 128 129 138 132 122 122 129 143 144 133 137 135 123 115 110 117 135 134 122 129 146 147 145 138 129 124 255 255 255 255 255 255 255 255 255 255 255 255 255 255 255 255 255 255 255 255 255 255 255 255 255 255 255 255 255 255 255 255 255 255 255 255 255 255 255 255 255 255 255 255 255 255 255 255 255
114 96 89 79 78 81 79 89 110 121 107 105 91 89 101 114 120 122 128 132 115 114 115 114 116 125 137 143 144 150 138 119 109 102 110 132 143 132 138 145 139 137 136 128 123 127 128 136 255 255 255 255 255 255 255 255 255 255 255 255 255 255 255 255 255 255 255 255 255 255 255 255 255 255 255 255 255 255 255 255 255 255 255 255 255 255 255 255 255 255 255 255 255 255
110 97 88 85 88 88 90 97 106 110 95 100 89 83 96 112 114 119 123 123 105 98 105 108 106 117 128 130 141 146 129 110 105 104 107 123 136 125 131 133 123 126 128 129 128 132 139 147 153 139 135 255 255 255 255 255 255 255 255 255 255 255 255 255 255 255 255 255 255 255 255 255 255 255 255 255 255 255 255 255 255 255 255 255 255 255 255 255 255 255 255 255 255 255
104 100 95 96 100 101 113 114 113 105 89 96 87 81 98 114 116 124 125 117 105 97 101 98 102 117 122 122 132 131 115 106 111 112 111 119 130 124 129 134 125 121 126 133 134 146 154 156 156 138 139 153 160 154 255 255 255 255 255 255 255 255 255 255 255 255 255 255 255 255 255 255 255 255 255 255 255 255 255 255 255 255 255 255 255 255 255 255 255 255 255 255 255 255
101 106 105 107 112 116 126 126 121 105 91 91 84 90 104 118 121 122 122 119 108 100 102 100 106 114 110 117 123 117 104 103 116 117 118 122 127 129 133 134 123 116 122 132 140 159 163 161 157 140 138 152 165 161 146 134 255 255 255 255 255 255 255 255 255 255 255 255 255 255 255 255 255 255 255 255 255 255 255 255 255 255 255 255 255 255 255 255 255 255 255 255 255 255
102 110 113 109 116 122 132 138 137 122 108 105 94 101 110 116 122 121 119 121 112 110 107 115 117 116 110 121 117 111 107 109 123 126 126 130 129 131 131 125 116 115 124 137 148 157 153 152 160 147 135 149 162 160 148 133 126 124 255 255 255 255 255 255 255 255 255 255 255 255 255 255 255 255 255 255 255 255 255 255 255 255 255 255 255 255 255 255 255 255 255 255 255 255
107 114 118 111 119 128 143 152 157 150 125 124 107 107 114 115 122 123 116 119 118 120 117 128 130 126 123 129 118 115 118 121 132 141 135 138 129 128 128 118 110 118 128 141 151 147 135 141 157 150 141 146 152 147 138 128 119 123 136 147 142 255 255 255 255 255 255 255 255 255 255 255 255 255 255 255 255 255 255 255 255 255 255 255 255 255 255 255 255 255 255 255 255 255
112 114 116 112 120 138 159 164 170 169 138 134 117 107 115 116 119 120 119 123 126 128 127 131 136 139 134 130 119 112 119 126 131 140 135 133 123 129 135 129 123 127 126 126 136 132 117 130 150 154 144 140 147 141 137 134 121 127 140 149 148 141 136 255 255 255 255 255 255 255 255 255 255 255 255 255 255 255 255 255 255 255 255 255 255 255 255 255 255 255 255 255 255 255
116 116 118 115 120 142 164 173 177 173 145 134 118 106 117 118 117 117 122 127 128 130 130 131 138 147 137 124 118 109 122 131 133 140 136 133 127 136 144 141 137 137 131 128 129 127 120 126 145 154 145 142 145 144 140 140 136 135 143 150 155 155 140 130 149 255 255 255 255 255 255 255 255 255 255 255 255 255 255 255 255 255 255 255 255 255 255 255 255 255 255 255 255 255
117 118 124 124 125 136 151 166 165 158 139 130 126 117 118 118 119 121 126 129 128 126 129 139 140 147 137 127 127 120 138 145 145 149 144 146 140 138 146 144 139 142 140 141 134 132 127 128 147 151 142 145 145 146 142 147 144 134 139 145 156 156 137 131 148 144 143 255 255 255 255 255 255 255 255 255 255 255 255 255 255 255 255 255 255 255 255 255 255 255 255 255 255 255
123 119 128 130 124 131 142 151 146 139 132 130 134 128 123 123 126 123 127 129 126 127 133 146 138 141 142 138 132 127 145 154 153 157 154 149 147 143 149 150 143 144 143 141 136 136 128 133 145 139 141 148 150 148 145 145 140 133 135 146 150 143 129 130 144 141 142 142 131 255 255 255 255 255 255 255 255 255 255 255 255 255 255 255 255 255 255 255 255 255 255 255 255 255
127 121 128 132 118 129 140 143 141 134 132 133 138 135 128 123 128 126 124 128 130 135 138 148 141 139 140 136 124 123 139 147 145 155 156 146 153 151 147 152 147 144 143 141 144 144 134 143 146 134 144 149 152 150 145 137 139 137 142 154 152 140 129 133 144 144 146 147 141 135 137 255 255 255 255 255 255 255 255 255 255 255 255 255 255 255 255 255 255 255 255 255 255 255
124 124 127 133 124 131 135 135 144 138 135 136 132 131 125 122 122 123 129 127 130 136 138 148 143 138 140 134 128 129 139 140 141 156 156 147 154 152 136 145 150 148 146 147 150 149 146 154 156 146 153 157 154 147 136 131 135 135 142 151 151 138 137 149 155 158 156 147 140 142 156 168 165 255 255 255 255 255 255 255 255 255 255 255 255 255 255 255 255 255 255 255 255 255
127 129 133 139 136 133 135 135 146 135 132 133 129 131 126 122 116 120 137 134 133 138 140 148 145 137 141 136 135 133 139 141 149 156 152 151 156 151 134 145 152 142 145 152 148 150 156 161 166 164 165 166 152 140 133 132 130 134 140 148 147 140 148 155 158 163 154 137 131 139 158 166 165 157 151 255 255 255 255 255 255 255 255 255 255 255 255 255 255 255 255 255 255 255
133 132 140 140 134 129 137 142 148 139 138 131 125 134 134 130 124 124 138 142 143 144 141 144 141 138 138 136 136 137 147 147 145 146 143 146 151 145 139 144 147 135 146 153 149 152 161 164 167 169 166 166 152 140 138 135 131 139 146 151 146 142 152 155 155 155 146 132 138 146 154 163 159 154 153 155 153 255 255 255 255 255 255 255 255 255 255 255 255 255 255 255 255 255
136 136 141 139 134 138 142 142 152 148 148 138 124 130 140 135 125 131 140 144 149 148 138 133 133 134 136 134 136 148 159 154 143 142 140 142 144 143 143 136 140 138 147 150 151 157 160 160 164 165 163 164 154 144 144 136 132 142 151 156 151 151 155 152 151 145 136 128 144 144 150 163 157 157 159 151 147 140 255 255 255 255 255 255 255 255 255 255 255 255 255 255 255 255
142 137 133 135 140 147 144 144 154 150 148 142 126 129 142 138 123 137 146 142 144 144 129 126 133 128 136 141 144 151 161 163 150 151 142 139 142 142 144 135 137 142 146 152 158 157 156 157 162 161 164 160 154 152 153 135 129 140 149 156 152 158 150 152 154 146 131 128 138 136 147 157 155 157 156 148 146 138 146 145 255 255 255 255 255 255 255 255 255 255 255 255 255 255
149 139 137 139 144 148 141 147 152 155 147 143 136 137 140 138 134 148 151 140 142 140 125 124 134 131 139 147 147 147 153 160 149 143 136 139 144 142 142 133 136 141 149 160 161 156 158 151 157 162 160 154 152 154 155 137 139 146 154 153 155 152 143 153 154 148 136 132 137 139 148 152 150 150 154 153 150 148 148 144 144 142 255 255 255 255 255 255 255 255 255 255 255 255
144 136 141 147 148 147 144 149 148 153 148 146 142 138 134 138 145 154 150 149 151 138 131 136 141 137 143 153 152 152 145 145 145 135 134 143 144 142 141 135 132 142 153 159 159 159 156 152 157 161 152 149 150 151 151 148 153 154 160 157 158 152 147 153 152 149 142 138 141 151 155 150 149 150 152 154 153 151 146 148 150 145 147 255 255 255 255 255 255 255 255 255 255 255
142 139 144 152 153 149 150 157 155 151 151 149 137 129 132 136 144 148 147 152 151 136 137 150 143 140 151 154 155 161 148 145 145 136 139 146 145 151 145 139 139 152 157 155 159 159 153 157 154 154 151 149 150 148 156 159 159 159 157 160 164 155 147 151 151 152 150 142 147 154 151 152 152 149 151 158 156 151 146 151 145 146 155 152 142 255 255 255 255 255 255 255 255 255
144 145 148 152 160 155 153 159 157 153 146 144 139 131 131 135 138 147 154 153 149 144 144 146 137 146 154 147 148 155 150 155 150 139 142 148 148 156 150 142 149 157 155 155 159 160 153 152 151 148 152 153 154 150 159 160 160 160 156 162 162 151 151 157 157 160 154 146 146 139 141 152 150 146 149 162 157 149 143 143 143 154 157 151 148 145 144 255 255 255 255 255 255 255
146 144 149 145 155 156 153 158 159 152 139 137 147 144 143 139 142 154 158 148 146 159 160 144 140 147 151 148 140 139 143 153 152 148 148 151 150 154 157 150 151 156 157 162 163 162 155 153 155 148 159 161 157 153 158 158 156 159 159 158 158 156 161 163 159 158 155 151 143 134 140 151 150 150 154 158 153 147 142 140 147 155 155 153 150 145 146 143 255 255 255 255 255 255
143 141 151 145 149 160 165 167 164 149 143 141 145 148 155 142 146 157 158 152 151 163 163 147 144 144 147 149 141 133 145 152 150 148 155 156 155 158 157 156 157 155 158 162 162 156 154 155 153 149 160 158 152 154 157 157 159 162 158 156 159 165 165 160 162 159 160 155 144 138 140 153 153 156 155 152 152 153 152 147 155 151 154 156 150 140 140 139 130 125 255 255 255 255
145 146 149 144 147 162 174 169 157 152 152 147 143 146 159 148 152 161 155 152 153 163 159 153 150 144 150 155 147 137 148 153 148 148 155 157 162 166 155 156 162 161 161 159 157 155 158 157 153 154 157 153 152 159 164 158 159 159 159 155 158 167 162 163 165 156 158 151 144 144 147 157 162 163 159 155 157 162 160 158 161 157 162 159 147 140 142 140 139 136 131 255 255 255
145 152 155 154 150 159 171 161 150 152 150 149 148 150 162 155 156 159 152 152 160 168 160 160 157 149 151 153 151 146 152 151 151 155 159 165 169 173 162 164 167 161 161 157 154 158 162 160 156 157 155 151 152 162 164 153 159 159 160 153 163 168 163 163 160 155 155 152 149 149 149 164 171 166 164 162 157 158 162 164 161 163 164 160 146 146 150 150 144 136 132 128 255 255
153 155 157 162 152 155 163 157 150 147 144 150 154 154 164 159 155 152 148 156 170 172 161 159 163 153 149 155 159 151 152 157 158 159 162 163 164 170 163 165 167 156 157 159 158 159 161 160 161 158 157 156 154 160 163 158 160 159 159 156 165 164 159 160 159 159 153 151 148 149 152 167 173 170 169 165 154 156 161 160 156 158 159 155 146 152 158 149 141 139 136 134 140 144
157 158 152 161 161 160 163 165 155 149 149 153 165 164 167 155 153 159 157 163 171 168 157 161 168 154 152 160 164 158 155 169 168 165 164 156 155 165 167 168 165 154 159 167 160 156 160 160 158 158 161 163 156 163 167 160 156 156 157 156 161 156 158 163 164 163 154 150 151 153 155 166 172 170 170 165 157 155 154 153 153 157 158 147 142 153 154 144 145 143 142 141 147 146
159 164 153 162 164 159 159 165 161 155 163 165 165 163 163 159 166 172 166 168 168 163 160 168 167 156 152 157 162 166 158 168 171 158 157 156 162 168 170 169 162 162 167 171 162 155 161 162 160 168 164 159 153 158 161 159 156 157 160 158 157 154 162 165 164 165 158 154 154 157 158 166 175 172 171 169 166 154 148 147 154 157 155 141 140 150 153 145 151 153 147 139 140 145
167 177 161 164 165 155 155 158 153 155 164 163 160 161 161 160 166 172 167 165 165 163 165 169 164 157 153 161 168 173 164 166 168 158 162 167 164 172 176 171 166 173 176 173 164 160 169 170 171 171 164 163 157 158 164 162 162 161 158 156 156 157 160 164 162 164 163 158 150 154 161 172 171 168 173 176 171 157 143 139 143 144 147 136 137 147 151 144 155 157 143 137 141 145
169 178 166 160 161 151 151 159 151 159 167 165 163 162 157 161 168 170 162 161 168 160 164 174 170 160 160 174 172 174 169 169 170 170 166 164 157 168 172 167 169 175 176 168 167 169 169 170 170 168 172 169 162 163 168 161 164 162 156 158 160 158 165 172 163 165 169 162 151 155 167 170 163 171 175 176 168 160 151 144 137 138 143 137 139 148 150 148 156 149 133 133 135 134
174 176 166 156 164 154 152 159 155 164 162 161 168 165 156 164 172 169 161 161 164 160 162 171 167 161 167 174 171 171 170 175 172 170 162 160 163 167 170 170 171 171 171 172 172 172 165 170 171 172 176 170 169 168 169 169 169 163 159 162 165 165 171 173 166 167 168 162 151 156 170 166 165 176 173 173 165 163 160 153 147 143 146 144 144 151 152 151 156 148 138 134 129 132
176 173 167 156 164 153 153 160 156 159 151 150 172 172 163 165 167 165 160 163 163 165 170 168 166 174 178 169 168 170 169 175 168 163 167 165 169 170 172 170 169 169 174 178 173 167 164 174 172 170 178 175 174 166 171 177 170 167 164 164 170 171 170 176 172 167 165 160 155 163 169 162 164 169 163 166 161 161 163 160 157 152 155 155 153 151 151 148 156 152 144 141 145 140
171 173 166 156 151 146 153 163 157 155 153 154 171 167 160 167 164 157 153 159 164 165 169 168 167 175 178 165 162 170 171 169 163 163 166 160 168 175 170 170 171 171 172 174 176 165 169 180 174 176 181 181 176 167 169 170 165 169 166 168 177 171 171 180 176 170 165 160 167 171 163 162 162 162 155 162 161 156 157 157 155 158 162 160 156 150 144 139 148 149 144 151 155 137
