example/E5 - XRays/X-ray-tomography/rastert_juap11.txt
ncols         356
nrows         356
xllcorner     -0.5
yllcorner     -355.5
cellsize      1
NODATA_value  -9999
[rows 126 to 167 of 356, columns 188 to 281 of 356]
141 146 140 143 146 151 153 143 140 144 126 124 140 156 166 172 173 166 158 166 185 178 172 165 173 182 173 178 170 169 179 171 168 171 166 158 154 154 145 112 100 122 148 157 155 161 164 157 148 148 120 97 107 112 126 126 115 109 129 143 139 144 145 144 140 143 145 148 146 154 163 164 165 168 158 159 153 137 137 150 152 144 134 137 143 137 128 135 152 159 165 159 141 134
125 125 127 137 139 146 152 149 138 130 105 94 113 144 166 170 163 163 168 174 170 169 171 163 169 173 169 173 165 161 164 166 167 175 171 155 148 142 131 122 119 134 141 154 153 155 160 141 138 140 122 114 124 131 136 138 137 126 134 144 148 154 148 145 147 137 144 151 150 156 163 167 165 170 165 161 159 156 149 143 139 132 129 138 146 145 135 138 157 161 162 159 144 139
131 111 116 137 142 140 129 136 132 120 91 54 76 124 160 171 164 160 168 177 173 168 172 164 164 167 176 173 161 151 148 166 174 169 166 150 147 141 129 129 126 133 139 143 143 141 143 132 133 135 118 122 133 144 150 150 146 134 140 141 144 146 145 143 141 136 144 148 153 158 162 165 170 166 161 157 147 145 144 143 137 137 133 136 147 146 138 142 158 160 160 160 151 146
146 137 125 140 143 147 131 122 124 130 106 61 83 121 150 171 168 163 167 172 176 164 168 172 168 175 181 165 162 159 147 151 162 158 159 150 134 126 127 132 131 138 145 144 154 152 142 140 138 123 107 111 128 138 148 154 148 135 146 145 142 144 150 144 138 144 149 153 158 163 164 158 166 156 146 144 137 140 149 145 136 143 143 144 151 148 149 148 153 157 157 156 146 143
153 164 144 137 143 165 146 123 127 133 116 98 115 135 155 162 158 164 166 169 179 163 168 174 170 173 169 158 162 167 163 158 161 160 152 149 130 115 118 133 137 141 144 147 158 156 145 146 133 114 123 128 140 142 143 147 138 134 147 145 148 151 149 144 147 147 144 158 164 166 165 159 160 153 147 141 139 143 148 151 148 140 143 147 138 129 143 144 144 153 153 150 143 138
145 149 151 146 138 159 146 134 147 139 120 112 124 140 157 167 166 164 164 171 177 165 166 176 174 172 168 168 164 167 172 168 162 161 156 153 144 131 122 138 148 150 146 145 147 144 144 147 134 122 129 129 135 140 144 146 135 134 137 143 152 154 161 161 156 148 143 155 163 150 155 158 153 159 162 154 150 144 141 150 151 144 143 134 118 120 141 148 146 149 151 151 149 141
149 137 148 150 140 147 142 140 158 137 120 125 127 137 149 162 167 166 170 170 166 164 163 170 170 166 164 169 171 172 166 166 168 167 159 153 148 133 132 143 155 157 146 138 141 143 146 142 135 126 121 130 129 132 138 144 139 139 127 133 157 153 157 161 157 160 160 155 148 123 127 136 139 159 165 156 151 150 140 134 134 141 139 132 127 126 140 152 147 145 146 149 152 147
145 141 156 148 146 147 142 141 151 139 135 143 136 142 145 149 160 166 164 157 151 163 163 164 165 167 170 164 166 168 167 168 168 166 152 152 150 130 129 137 156 157 147 135 140 147 145 133 132 127 128 137 132 137 137 139 134 135 126 116 147 158 155 155 155 158 158 154 142 121 117 123 135 152 158 157 147 147 146 136 132 140 138 136 131 120 124 137 140 144 139 151 159 154
137 140 150 141 145 155 149 139 143 142 139 136 136 149 158 155 155 154 152 149 146 159 165 166 164 166 166 160 156 161 164 151 158 159 154 157 143 135 130 136 155 151 139 139 146 150 150 140 127 129 138 134 142 144 136 135 132 129 122 105 137 162 158 158 158 152 143 145 143 138 134 131 137 147 151 145 142 144 140 134 135 132 132 134 122 113 118 130 144 148 143 153 156 153
130 129 143 138 132 145 149 145 146 145 142 141 135 143 154 147 143 151 155 161 161 157 161 159 162 165 152 156 153 152 160 154 160 158 159 157 147 150 141 140 145 144 146 152 151 150 156 146 126 135 148 138 139 140 139 135 133 127 117 104 130 155 155 166 160 153 149 149 150 152 146 133 136 143 154 152 150 143 125 127 136 132 137 141 135 127 135 146 155 159 153 154 154 153
140 135 147 145 142 139 140 149 142 129 146 143 142 152 144 143 145 151 152 150 149 155 159 149 145 161 152 145 153 151 160 165 159 157 157 150 155 160 147 143 143 143 150 156 150 141 146 146 132 144 149 141 136 147 151 138 140 139 123 102 120 149 155 161 148 138 145 152 155 157 155 147 148 150 152 155 145 123 115 123 136 138 143 139 135 127 141 153 156 164 161 159 154 152
147 147 145 144 150 145 140 146 145 133 148 146 152 156 144 147 150 149 153 147 145 156 163 159 147 162 154 138 157 156 156 154 145 145 154 162 157 151 149 148 146 140 142 143 141 141 144 147 145 148 145 148 138 140 148 141 143 147 129 110 123 142 146 140 131 126 134 150 157 159 157 154 155 150 143 147 139 127 122 127 140 144 143 131 119 113 129 145 157 155 154 159 154 145
156 147 138 142 147 152 146 143 147 142 142 138 149 157 156 152 144 139 153 156 151 151 150 160 161 168 154 141 159 162 161 157 148 151 155 163 154 149 155 152 149 145 139 134 130 131 140 137 138 139 137 145 136 131 145 152 148 143 126 127 141 142 140 145 143 134 135 148 153 150 141 143 151 150 139 133 146 151 137 135 140 146 148 135 125 122 129 143 154 153 161 163 155 150
156 160 158 146 132 139 145 145 143 141 138 139 146 140 140 141 139 139 155 156 150 155 151 151 149 159 152 142 150 159 159 161 153 147 143 149 154 146 145 141 143 147 139 136 124 110 124 123 132 140 138 142 136 142 154 152 152 152 136 140 143 143 141 152 151 144 148 149 149 142 134 143 152 153 144 137 142 146 151 152 140 141 138 121 121 131 138 151 156 158 170 165 157 158
158 153 163 153 131 131 144 148 139 143 140 141 144 140 131 128 142 145 145 152 156 149 144 147 144 155 147 144 141 140 140 151 153 141 139 147 151 142 141 139 140 142 147 140 123 114 130 133 142 145 146 141 134 149 155 151 151 145 138 149 142 142 150 151 150 149 157 156 144 139 134 135 144 149 149 137 134 141 154 159 142 132 118 111 128 142 141 147 151 148 161 157 151 158
165 149 157 153 132 125 136 140 134 150 143 128 132 145 141 137 138 130 134 152 164 156 148 147 147 151 142 152 144 128 127 136 144 141 142 146 139 136 148 151 156 153 146 139 133 134 139 137 138 139 145 137 137 154 152 147 139 129 144 158 149 140 147 152 153 150 150 148 136 129 123 119 135 144 139 129 126 130 141 154 145 134 122 123 139 138 132 135 144 144 153 154 151 153
159 151 148 154 146 130 137 138 135 142 139 131 139 144 133 142 140 130 139 151 151 148 154 154 155 150 134 147 138 130 136 143 152 150 150 153 146 143 149 151 162 166 160 160 146 135 131 141 144 145 144 138 143 150 150 145 132 130 149 147 147 145 151 152 151 152 142 127 131 121 110 118 132 142 140 139 125 121 135 139 136 138 137 139 138 132 134 136 139 139 151 153 146 138
157 157 148 151 148 135 134 141 141 139 135 137 139 137 134 147 145 144 131 140 151 140 149 153 156 146 140 153 148 145 144 144 148 150 149 154 154 151 145 147 160 162 157 161 154 144 134 144 146 144 141 140 144 145 150 140 123 131 145 138 140 143 153 147 144 146 139 121 128 115 104 121 133 145 146 149 144 141 142 125 124 133 139 151 149 151 150 143 143 145 143 133 129 132
159 156 150 147 134 134 135 141 140 144 143 147 144 144 140 145 143 149 125 129 154 140 140 150 162 153 152 159 156 139 138 145 155 155 145 144 146 148 141 140 157 166 162 169 161 150 140 150 154 150 148 152 156 159 153 129 116 124 140 140 132 143 148 138 145 140 145 134 131 129 125 127 136 149 148 149 150 152 146 134 138 147 156 160 155 157 147 130 128 149 143 126 127 134
160 156 153 150 145 147 152 156 142 140 137 148 150 154 151 147 145 155 140 141 153 143 139 149 156 150 149 152 146 133 135 134 152 158 149 135 138 145 149 154 156 163 167 161 146 150 150 150 161 157 153 157 158 160 150 132 127 122 137 143 132 144 141 135 152 152 151 135 133 141 143 135 137 144 145 142 137 143 137 141 155 153 159 162 153 152 141 114 99 130 143 136 132 128
157 161 154 154 158 151 159 163 154 150 141 146 151 153 167 162 159 162 158 156 146 148 142 142 138 132 136 148 138 134 127 115 133 157 158 143 141 140 147 158 149 156 164 151 145 149 149 142 153 152 156 163 159 156 160 158 145 125 132 141 138 142 151 147 148 148 143 141 140 134 131 135 145 142 137 134 139 142 139 144 154 152 148 156 151 152 148 116 92 115 137 136 134 123
150 162 156 157 159 159 168 161 158 149 140 144 154 161 174 166 165 170 164 161 147 144 146 147 135 128 134 148 140 139 135 123 134 162 159 151 147 142 144 144 146 152 155 146 148 147 138 138 147 147 151 164 167 168 171 164 147 129 118 117 128 141 157 160 154 148 144 151 151 139 133 138 144 147 146 140 140 133 144 143 144 147 142 151 155 157 149 125 113 123 126 125 126 115
150 155 157 156 149 157 156 139 148 146 145 146 158 168 176 161 153 161 162 160 152 149 146 135 126 123 124 135 144 152 141 130 138 157 157 154 152 151 152 142 146 151 149 139 146 147 139 141 150 150 158 170 160 162 164 157 147 137 122 119 128 141 147 159 165 160 146 139 141 136 133 135 138 147 147 143 140 134 148 137 135 142 139 146 157 157 148 136 131 131 120 115 116 111
153 148 151 149 141 152 143 131 149 144 149 151 163 169 162 162 159 165 166 147 147 165 155 133 132 142 148 137 142 151 135 126 141 161 163 158 150 148 140 134 140 149 143 128 142 145 145 145 147 150 150 157 152 159 159 154 145 136 136 138 135 142 149 157 162 156 141 135 138 139 137 132 137 150 152 153 149 139 136 116 124 137 141 150 154 149 150 151 142 138 130 126 130 124
150 155 163 162 151 151 140 131 141 130 147 165 171 168 162 173 172 169 164 140 130 145 145 133 135 149 160 143 144 139 137 138 146 165 163 155 150 151 148 140 147 146 135 127 147 148 147 151 140 141 147 148 156 166 161 155 132 121 134 136 137 144 148 151 155 150 139 134 141 138 138 140 147 152 156 154 155 145 125 108 130 140 143 144 150 151 152 156 148 141 131 125 124 115
138 145 152 145 150 146 150 142 142 139 147 161 165 165 171 177 174 175 156 134 125 129 134 134 138 151 154 149 152 137 139 144 142 151 154 155 151 150 152 135 147 146 135 125 139 147 144 156 150 147 146 139 148 159 159 151 121 124 141 134 136 145 144 145 140 138 137 135 142 141 138 148 155 151 154 150 153 152 135 124 137 140 141 134 148 155 153 155 145 132 116 103 101 101
136 139 140 134 161 156 160 147 144 147 148 156 162 164 169 174 166 162 140 113 110 119 138 147 152 160 150 161 152 125 124 123 131 144 151 159 151 133 132 138 152 146 140 131 139 143 140 157 158 150 140 138 144 147 149 134 118 133 145 136 139 144 141 148 139 129 132 138 149 151 142 155 158 149 146 139 138 146 145 145 138 136 144 136 146 153 147 150 144 131 110 85 86 95
136 156 155 147 162 161 163 162 154 144 150 153 154 160 165 168 161 152 136 119 106 109 136 146 149 156 149 155 135 114 111 119 127 122 127 148 147 124 128 137 142 145 142 145 151 137 132 155 153 147 141 144 149 137 133 127 127 130 139 146 145 143 143 150 151 141 137 139 151 155 146 155 158 151 141 136 137 140 144 150 140 142 148 139 143 144 131 140 146 134 112 77 79 95
144 145 148 154 153 171 164 157 147 145 146 150 153 162 170 169 163 151 142 135 113 113 133 142 151 153 149 140 125 124 114 128 137 118 122 140 136 133 136 142 154 150 146 154 153 141 135 148 149 141 140 142 137 129 128 123 125 134 150 168 163 156 156 150 149 144 146 149 149 153 153 152 147 140 136 143 147 138 140 145 142 147 151 147 141 134 127 135 138 122 107 94 105 111
131 122 140 157 156 173 162 136 125 143 140 141 146 155 163 162 156 141 137 122 98 102 124 142 156 164 159 138 122 128 127 133 140 128 131 138 144 156 148 139 147 145 142 146 142 145 132 130 141 131 136 142 135 138 135 133 147 155 152 156 157 159 158 146 142 143 148 150 144 147 150 145 140 134 136 146 140 136 144 148 148 157 160 159 151 142 135 132 124 102 98 118 134 128
128 124 148 164 162 163 159 142 126 139 146 148 158 168 175 164 154 130 119 95 76 87 107 140 150 156 154 137 123 128 134 140 132 129 135 137 147 160 154 136 135 136 137 134 131 141 131 130 142 133 145 154 140 143 146 149 155 155 141 141 153 159 151 141 147 148 144 148 143 142 142 142 138 136 145 147 139 144 147 150 152 156 160 159 156 150 144 137 122 96 103 132 141 131
132 137 150 154 158 152 150 151 141 135 146 154 161 159 166 166 163 141 114 77 68 90 109 140 138 138 139 132 131 133 138 150 147 138 144 148 151 150 148 146 141 141 142 129 126 137 141 146 152 137 147 148 135 133 138 150 141 140 142 147 150 151 150 147 150 156 151 150 151 144 135 138 137 145 149 143 142 147 151 152 152 148 155 151 152 149 145 147 140 125 125 133 138 134
132 150 158 154 158 155 147 146 147 147 156 153 157 156 158 163 163 155 130 102 96 111 113 121 120 134 139 129 136 136 140 142 157 161 164 166 162 141 135 147 152 149 141 127 122 130 146 147 145 134 140 140 133 131 130 141 137 137 144 152 150 147 148 145 146 162 157 143 147 141 134 144 149 154 155 149 146 147 157 158 159 154 154 151 155 151 143 151 147 148 143 134 143 139
142 153 163 170 166 162 152 147 158 161 163 163 163 165 168 161 158 156 144 136 124 119 114 113 113 129 135 125 134 133 143 147 162 171 171 170 168 153 138 140 146 134 131 134 127 129 137 135 133 129 133 140 133 134 133 143 145 138 139 149 142 146 149 142 148 159 160 144 143 147 137 145 151 154 161 154 155 162 160 159 161 160 162 160 159 156 151 148 138 148 151 147 152 143
156 162 159 161 163 160 153 154 149 145 153 158 155 158 169 164 158 165 162 145 132 125 127 119 110 126 128 117 123 130 147 163 171 168 162 161 161 160 143 132 142 138 141 153 146 130 111 106 127 140 133 129 129 136 134 148 144 143 145 154 153 153 146 145 156 157 159 155 154 156 139 142 149 149 157 152 150 159 154 156 159 159 160 159 158 157 154 149 143 139 141 150 157 156
166 165 151 148 163 167 156 148 123 115 139 155 160 164 170 165 166 168 166 158 152 148 149 139 123 129 117 100 106 127 140 153 164 159 160 163 159 148 128 133 157 156 149 147 145 132 106 105 122 127 120 120 135 139 139 150 135 140 142 146 146 142 141 148 156 157 154 159 155 156 151 141 144 149 152 144 133 143 154 165 158 155 155 154 154 156 155 153 152 138 125 141 160 167
168 166 157 163 165 172 161 156 142 112 117 157 168 160 164 161 165 164 162 155 151 153 142 136 139 139 119 106 112 132 140 139 151 157 155 158 154 135 119 136 165 168 154 134 130 130 129 141 133 134 124 112 131 147 143 144 134 144 149 147 135 119 129 150 157 157 158 167 164 160 154 137 135 145 149 135 124 135 148 154 151 149 151 151 148 149 152 149 155 142 124 136 153 158
160 168 171 181 171 166 167 169 168 139 123 154 161 153 160 159 153 165 169 161 153 147 126 124 138 133 132 141 138 139 147 140 138 152 141 141 150 137 124 129 153 163 157 144 142 141 149 161 157 161 144 132 139 149 141 134 133 144 144 135 121 91 113 149 155 158 165 168 164 162 155 149 137 139 136 122 121 129 144 150 152 144 143 148 145 142 140 137 147 143 138 144 151 152
156 168 178 178 160 145 158 163 167 159 151 161 163 162 161 151 141 157 160 156 152 145 142 140 144 135 141 142 134 138 149 137 130 143 138 138 147 140 128 128 143 151 152 144 145 153 162 167 168 166 150 146 144 145 143 143 141 141 144 148 140 117 131 149 153 158 163 157 152 150 145 142 133 130 114 106 118 135 152 154 154 153 145 143 149 147 145 139 142 140 143 143 144 153
165 170 176 172 166 153 160 158 153 159 154 157 153 145 144 136 126 136 139 141 148 150 153 151 139 136 152 147 146 151 153 142 130 134 139 146 145 151 143 139 145 151 154 154 155 163 160 165 169 164 155 143 129 133 143 149 152 144 150 160 152 148 153 153 153 156 160 156 143 138 142 134 126 124 110 107 117 132 147 154 149 160 154 142 144 144 150 148 145 145 143 137 142 155
162 164 176 173 175 170 163 150 146 162 153 150 141 126 131 142 140 147 151 148 145 142 147 142 138 143 150 146 142 145 145 145 133 137 142 148 137 141 145 141 149 154 157 162 162 166 152 155 158 157 151 127 111 131 146 155 156 141 146 159 159 160 163 158 151 153 149 144 135 140 158 142 127 128 130 133 132 137 149 157 152 161 154 148 147 144 153 153 142 142 139 142 151 150
140 149 162 163 159 157 155 154 165 161 147 155 148 133 136 139 146 155 157 145 132 141 147 147 161 165 157 153 155 143 137 145 139 132 128 139 126 109 119 138 164 168 162 168 168 165 154 159 161 155 145 124 121 152 160 167 162 146 150 163 172 167 155 155 154 158 145 132 130 149 160 139 129 137 138 141 146 147 146 146 149 156 149 146 151 150 150 148 141 143 139 146 145 139
