example/E5 - XRays/X-ray-tomography/rastert_juap51.txt
ncols         356
nrows         356
xllcorner     -0.5
yllcorner     -355.5
cellsize      1
NODATA_value  -9999
[rows 294 to 335 of 356, columns 95 to 189 of 356]
132 135 140 143 140 134 129 128 137 138 141 148 156 161 156 156 154 136 113 134 157 156 158 153 154 145 123 121 120 140 147 133 130 139 146 157 170 163 160 158 155 152 153 148 134 128 127 126 131 118 110 126 123 104 99 110 127 133 133 128 126 126 128 137 141 133 121 108 124 132 127 138 140 142 146 139 142 149 152 151 144 152 161 158 149 141 146 156 165 163 152 153 144 134 127
139 141 137 127 109 107 106 110 130 144 149 147 150 148 139 144 142 127 105 132 159 155 158 154 151 139 123 116 114 132 131 118 124 143 145 143 154 156 155 160 155 152 146 134 126 118 109 122 144 142 139 133 121 112 109 117 128 137 137 127 124 128 125 129 145 138 127 109 115 134 135 141 148 153 154 145 148 153 149 150 144 147 153 151 152 148 150 154 158 163 160 158 154 152 146
139 137 139 123 95 104 116 128 148 154 156 150 144 137 126 125 120 120 116 134 153 155 163 155 138 126 115 115 126 136 129 116 117 131 139 134 127 130 143 149 145 143 134 122 118 113 102 117 135 145 154 143 125 112 105 117 127 132 139 139 134 133 132 141 149 138 135 129 125 141 143 137 144 154 154 146 148 158 156 149 140 141 138 132 138 146 149 154 163 165 164 165 164 163 155
132 134 140 128 102 117 136 148 163 160 154 143 140 140 132 125 117 128 131 135 148 155 160 148 128 121 122 129 135 133 131 127 117 114 125 133 122 119 132 131 132 137 129 125 126 122 119 133 135 142 150 145 130 121 119 125 129 138 136 134 139 132 139 151 150 136 130 125 125 144 146 140 143 147 147 147 149 155 156 152 147 137 120 111 119 141 152 159 162 162 168 174 165 161 151
134 131 130 130 117 126 145 158 165 162 159 149 147 143 141 148 149 149 145 137 141 147 153 144 127 125 138 141 135 135 143 143 131 115 112 132 136 131 130 116 122 133 130 134 132 121 123 133 137 143 147 145 130 123 127 132 135 139 128 135 145 130 134 145 141 138 135 135 137 145 144 138 133 141 145 142 144 149 153 153 147 135 131 128 123 130 144 159 165 162 166 171 159 158 157
128 129 126 134 137 147 158 165 170 165 160 151 147 144 144 149 149 149 150 146 143 141 145 143 134 125 130 133 137 141 146 144 139 124 114 132 141 138 131 110 109 124 126 127 124 118 112 110 131 145 132 126 123 126 126 130 131 128 127 141 144 136 141 143 136 135 138 142 141 142 146 137 132 135 136 139 142 146 149 146 139 134 140 142 138 132 139 152 161 163 165 167 157 159 161
124 128 132 142 153 162 164 166 172 157 148 147 142 143 144 139 138 146 156 147 139 145 139 142 144 134 131 133 136 141 151 155 152 140 128 133 143 151 149 129 118 122 115 115 110 111 118 121 135 142 124 111 109 126 134 137 132 132 130 132 132 136 136 134 132 134 142 144 145 150 147 132 128 131 142 146 143 147 144 138 135 135 141 147 147 137 142 155 166 164 161 163 158 157 156
122 130 138 147 160 164 163 164 165 152 148 155 145 136 140 146 141 145 155 140 136 150 146 145 144 136 134 133 131 136 152 158 151 146 139 133 145 158 153 137 134 134 123 116 101 101 114 129 144 141 133 118 112 127 138 145 138 134 124 113 118 133 129 126 129 133 140 140 147 150 148 128 115 134 153 151 147 143 132 136 136 134 138 150 154 146 150 154 155 155 158 160 161 159 156
132 141 142 148 150 149 153 157 155 154 153 146 133 124 132 145 138 136 144 135 135 145 140 133 133 134 131 129 132 133 138 137 134 136 140 146 152 157 153 145 146 146 141 124 97 92 102 122 143 133 129 127 123 132 136 139 133 132 121 112 118 129 132 134 135 131 136 138 142 146 145 124 112 135 150 153 154 144 135 139 134 134 142 153 156 147 144 142 142 148 146 144 150 154 152
135 137 138 145 140 137 143 147 141 143 141 128 127 130 132 133 123 126 138 137 135 139 139 140 142 139 136 136 141 141 136 128 129 130 140 149 150 153 154 153 153 147 146 134 112 110 115 121 135 129 125 129 136 140 139 141 137 135 133 136 132 131 134 137 137 135 139 134 132 145 148 138 129 131 144 150 146 139 139 137 135 137 147 155 156 151 149 144 137 146 145 139 141 144 153
132 137 147 153 145 142 147 137 124 125 124 119 124 132 135 137 129 131 136 138 142 146 140 142 146 142 143 137 138 144 141 126 131 142 145 144 149 156 154 153 150 145 148 147 142 140 137 127 129 135 131 132 132 131 140 144 140 133 130 140 143 140 133 128 132 132 131 132 130 142 145 142 139 135 146 144 135 136 142 135 134 144 155 160 153 149 152 138 134 143 142 136 131 130 142
139 141 152 153 146 143 143 130 125 131 126 118 122 131 135 138 138 142 142 139 141 147 136 136 144 144 144 136 136 136 126 115 124 141 140 142 152 157 153 151 147 146 145 144 147 146 140 124 120 137 140 134 127 127 137 140 137 126 122 134 144 141 133 126 127 130 133 140 142 141 138 139 137 136 142 138 136 141 142 136 142 148 151 151 144 140 140 124 123 134 139 133 131 131 128
135 134 143 146 146 145 140 133 135 139 135 128 136 138 134 130 135 138 141 143 144 144 132 126 135 141 135 133 143 144 139 129 121 129 139 147 152 153 150 146 146 147 143 146 148 140 135 124 120 134 139 131 131 136 140 144 137 119 117 134 134 131 136 137 136 136 139 142 143 136 135 143 145 141 134 130 141 143 139 141 152 156 154 144 130 134 137 126 127 135 142 138 139 141 127
125 127 127 136 150 151 144 139 132 128 125 132 140 132 123 120 123 126 132 146 156 153 145 135 138 143 136 137 144 149 154 150 120 106 129 150 155 151 151 148 150 152 146 148 150 140 139 137 128 132 137 127 126 136 142 145 131 114 120 132 125 125 136 143 140 138 144 143 142 137 139 152 158 146 134 131 139 141 142 153 155 156 153 137 121 133 139 136 139 140 139 137 141 140 126
123 125 115 118 141 147 144 141 126 120 122 131 131 119 107 122 133 125 123 144 155 150 147 139 142 143 132 123 126 137 147 147 111 89 114 143 153 147 150 148 151 158 153 144 148 143 139 131 127 128 128 129 141 143 140 139 131 127 134 134 126 127 128 137 142 142 150 147 146 147 147 145 147 140 139 144 144 140 139 146 148 150 141 127 122 142 156 157 162 149 132 122 122 127 128
129 131 120 109 125 144 147 142 135 129 125 134 134 119 105 128 140 127 122 133 138 138 131 129 140 142 129 120 122 130 140 141 114 98 112 133 141 145 150 147 153 157 149 142 149 142 128 111 111 107 102 119 138 136 135 135 131 130 141 141 136 127 109 118 139 145 154 150 142 146 142 136 137 135 143 155 158 151 134 130 131 138 127 113 125 161 184 182 182 160 137 119 115 122 127
145 152 146 133 132 141 143 145 148 143 137 145 149 137 119 130 136 133 136 135 131 128 119 124 137 135 125 124 127 139 145 139 126 122 123 130 136 144 148 142 145 149 144 142 149 142 122 102 99 103 99 100 110 127 132 128 128 130 146 150 143 120 88 99 136 157 161 151 141 131 123 126 133 141 146 150 155 157 138 129 131 133 116 107 137 176 195 186 175 159 142 128 128 133 128
158 165 161 150 142 140 143 150 152 150 146 149 154 151 136 129 127 133 149 145 135 134 132 135 130 119 121 130 132 141 142 139 138 135 133 136 140 141 144 145 139 143 144 145 153 139 109 99 103 116 120 112 108 129 136 126 132 145 158 155 150 127 93 110 149 164 162 157 145 124 122 127 141 151 150 146 146 154 150 142 143 137 121 113 139 168 175 166 161 155 149 138 129 140 134
158 162 157 154 152 150 151 154 157 158 151 150 150 147 136 130 131 144 158 153 150 153 153 148 139 135 140 148 143 142 145 146 141 132 132 138 141 138 143 147 144 145 138 140 148 136 108 104 115 124 130 131 126 138 141 125 133 150 159 152 150 139 123 138 157 159 160 154 137 126 125 123 135 143 144 142 139 145 156 157 156 143 134 127 132 149 147 147 153 151 147 133 120 139 139
160 156 153 162 162 156 160 164 169 168 163 158 152 143 136 137 148 153 150 146 154 155 154 153 156 154 144 141 142 147 149 149 142 135 135 143 140 139 145 150 146 137 131 134 141 139 120 112 119 123 116 111 113 127 140 135 131 135 147 142 142 143 144 153 158 156 156 149 132 128 125 115 122 136 137 137 139 139 146 154 151 140 136 130 129 141 142 142 147 147 143 129 123 146 153
152 146 153 163 165 159 160 166 167 165 162 159 157 150 134 129 142 147 142 138 146 152 156 158 161 153 132 128 140 149 150 145 143 143 140 139 139 142 147 153 143 128 123 127 139 138 121 110 114 120 105 99 109 120 132 133 120 119 127 121 121 139 157 166 164 161 158 150 138 131 119 104 111 127 130 138 138 128 135 152 146 137 138 134 134 140 144 145 147 147 139 127 129 150 162
146 143 147 155 162 159 161 165 162 160 161 159 165 162 142 127 127 135 135 129 140 153 160 158 154 144 128 130 138 138 136 139 141 136 131 129 137 145 152 149 130 114 110 119 137 131 111 101 104 115 120 131 134 129 128 129 117 116 112 102 112 145 165 168 166 166 165 161 150 133 113 101 102 110 124 137 137 123 126 146 138 132 141 146 145 145 144 145 147 146 138 134 138 144 149
143 139 151 159 164 167 166 161 156 159 166 161 163 160 143 121 110 128 131 122 137 153 155 151 148 145 135 139 135 120 127 135 135 138 132 129 142 149 148 140 121 107 114 125 136 125 112 110 116 127 141 155 150 136 133 134 130 118 109 115 134 157 166 170 171 167 169 167 161 146 117 110 113 115 127 137 137 136 140 140 129 133 142 151 148 144 139 137 134 137 141 139 139 135 128
143 144 158 161 164 167 163 162 161 164 168 161 155 148 135 120 112 126 121 116 133 143 145 146 149 145 137 139 127 118 131 132 136 146 141 143 152 149 143 132 117 118 134 141 137 129 129 129 136 147 148 146 140 134 135 137 138 125 121 134 147 154 164 172 172 164 168 168 164 153 127 124 126 123 127 138 136 134 139 134 135 139 138 145 139 135 144 142 132 133 144 145 142 138 130
147 148 157 160 161 165 167 168 162 163 170 161 144 137 127 119 121 130 123 125 134 137 141 148 155 138 126 132 125 127 136 137 142 152 154 156 157 149 137 124 119 127 143 149 138 141 143 140 146 153 149 145 141 145 146 139 132 125 128 143 151 156 160 167 171 167 168 166 159 146 131 134 131 123 126 138 127 120 130 131 133 137 137 143 138 140 155 151 143 143 148 149 151 154 156
137 140 154 156 158 164 168 166 160 159 162 151 133 131 129 124 124 133 139 137 134 138 143 146 150 135 119 116 121 135 143 140 138 151 157 157 158 150 136 127 125 131 147 150 141 141 141 146 153 157 155 155 155 159 150 136 128 124 131 150 156 158 161 170 175 170 168 166 160 151 146 140 128 121 130 130 116 112 120 127 128 133 137 149 151 149 153 148 144 146 151 147 148 154 163
132 135 143 152 160 161 160 162 156 153 152 143 132 133 133 131 133 134 138 129 124 130 142 147 152 149 135 121 125 133 139 139 139 148 155 156 157 150 139 135 139 142 149 150 143 133 135 145 148 152 157 159 160 162 153 145 142 139 144 158 159 163 161 166 173 167 167 165 158 154 161 151 136 131 132 126 118 118 122 122 123 126 133 153 156 149 143 140 137 143 155 150 148 153 161
133 134 140 154 158 156 158 156 150 149 151 145 134 133 127 128 133 130 128 113 103 110 132 147 153 154 150 136 128 134 137 137 140 149 158 158 153 148 148 152 148 140 146 147 144 138 141 142 142 143 149 155 162 167 159 148 145 141 143 150 150 164 165 163 170 162 159 165 161 158 165 158 151 145 132 122 119 122 118 112 120 123 127 145 150 148 136 131 133 140 150 155 160 162 161
143 145 141 146 147 149 152 145 144 145 148 144 133 125 114 123 135 137 132 108 83 87 117 142 153 152 151 146 137 132 126 126 138 148 156 156 152 152 150 145 142 142 144 140 139 142 143 141 141 138 141 151 161 163 161 147 135 122 126 137 139 151 158 158 166 164 155 159 156 156 161 151 148 142 128 119 121 123 107 106 121 129 137 142 145 148 135 128 131 137 144 151 159 162 157
150 144 134 135 140 144 144 144 146 144 140 134 124 110 110 133 147 145 144 126 92 81 108 136 146 141 139 147 145 129 116 122 139 147 149 150 149 152 147 138 140 142 139 137 134 136 135 138 140 136 136 141 150 147 145 134 128 113 118 131 127 132 150 160 165 160 154 146 134 142 153 143 134 133 127 126 133 124 103 114 123 125 138 142 142 141 132 124 127 132 138 147 155 157 158
155 141 131 131 137 144 147 150 149 139 132 128 114 105 114 137 146 144 150 142 112 95 108 118 124 128 127 135 144 140 130 133 147 149 146 150 149 150 148 141 139 138 132 133 132 134 136 135 133 124 114 111 125 123 116 114 123 118 116 122 117 124 141 155 159 155 155 137 115 130 146 136 125 132 131 132 141 131 112 117 122 123 134 140 139 133 127 124 126 125 129 141 146 150 154
159 146 139 137 137 146 150 153 145 136 129 120 99 101 109 127 141 150 159 146 116 106 114 104 104 116 113 121 138 146 145 141 146 144 139 143 151 154 152 144 137 133 125 125 128 134 139 136 129 108 86 94 118 118 108 117 129 123 109 110 109 116 131 152 159 157 160 149 132 138 146 133 128 137 139 135 140 140 134 129 129 130 133 139 146 142 131 128 132 128 127 136 135 145 150
163 155 148 144 143 144 145 145 136 134 129 115 98 104 109 124 146 159 158 143 114 109 119 118 117 124 124 132 137 138 142 142 143 141 134 139 150 150 140 134 127 123 122 125 124 122 127 132 129 112 102 120 141 144 142 148 142 128 112 110 109 107 121 145 149 154 160 158 155 155 150 139 140 143 142 137 142 152 150 146 149 144 141 145 151 152 146 141 141 136 140 142 137 142 143
166 158 155 152 147 139 138 137 125 118 122 123 110 109 114 133 155 159 154 134 109 113 131 147 148 140 136 145 139 132 139 147 145 142 136 137 136 134 124 120 109 107 119 131 126 120 123 120 117 120 131 146 158 162 163 158 152 139 115 116 125 116 107 117 128 149 156 148 146 149 151 149 150 146 148 147 152 156 145 144 156 153 150 150 150 150 150 148 143 136 144 144 142 144 138
160 160 156 147 142 136 135 135 121 108 112 127 121 114 121 140 152 151 153 128 109 118 136 155 161 152 140 141 143 142 148 155 149 150 149 141 136 139 135 127 105 99 119 136 130 125 126 115 114 127 139 149 157 160 160 152 151 136 108 113 130 129 114 99 107 135 151 146 137 141 148 151 153 151 151 150 153 148 135 140 154 151 149 147 135 133 143 145 137 128 141 148 146 146 142
148 149 144 140 139 136 136 139 128 111 103 123 134 128 131 141 148 152 152 130 120 127 135 148 162 155 147 145 145 147 155 157 151 156 162 154 150 153 153 144 117 103 119 134 126 122 125 122 122 133 139 145 152 151 151 143 137 123 113 121 126 134 128 111 114 129 143 144 142 147 147 146 143 141 144 147 153 148 133 133 147 151 145 132 120 121 137 141 129 129 144 148 147 149 147
134 136 133 128 128 128 135 140 128 115 110 129 139 136 138 135 135 144 146 137 136 139 141 147 154 147 153 151 143 143 150 157 157 154 156 156 158 162 159 154 136 110 104 106 108 120 127 128 129 135 140 142 144 135 128 128 122 115 125 131 131 136 135 135 138 139 139 140 147 155 151 141 130 133 142 146 156 153 133 126 139 150 144 124 117 125 137 139 131 139 148 143 141 147 150
131 133 130 130 131 132 137 133 118 117 124 138 147 149 144 134 126 130 134 136 141 145 149 153 153 149 158 152 145 143 150 158 156 153 156 161 166 165 160 152 137 111 86 79 96 124 131 130 135 139 146 142 147 132 113 106 102 110 125 129 135 133 129 140 146 144 141 140 148 157 153 140 133 134 139 146 156 151 141 130 134 145 143 131 133 145 145 137 132 143 144 137 134 142 148
143 141 137 141 140 138 136 127 123 134 147 154 159 155 147 136 121 119 119 122 131 141 151 152 152 156 157 147 142 141 150 156 153 155 163 163 163 168 167 153 143 123 93 90 109 134 134 127 131 138 147 144 146 132 109 97 93 107 121 125 129 127 121 127 135 140 139 135 140 147 147 142 143 144 144 148 153 148 151 146 141 146 146 143 145 148 145 142 137 143 144 137 134 140 144
151 145 143 148 147 143 138 131 136 149 159 163 165 161 155 138 123 121 114 114 128 143 148 150 155 159 158 152 145 143 148 150 153 161 165 162 160 170 170 161 153 132 107 115 130 140 138 132 133 139 139 136 133 118 99 103 115 130 136 133 123 124 119 114 121 127 130 130 132 138 147 147 147 151 152 153 153 149 154 157 151 153 148 145 145 139 141 143 139 139 144 139 134 140 144
255 145 149 148 145 143 141 136 140 146 155 159 161 163 160 145 136 134 125 123 134 142 142 155 157 154 158 151 143 144 145 148 158 164 164 161 158 165 170 163 155 140 118 120 134 140 141 136 134 136 129 126 127 109 104 126 146 153 155 146 133 130 121 106 104 110 124 130 132 140 148 148 144 147 151 151 149 146 149 151 153 151 144 138 139 140 141 142 141 139 147 144 138 142 144
255 255 255 149 142 141 143 142 142 144 152 157 157 160 156 151 149 152 146 143 137 129 131 149 153 151 149 137 130 134 135 149 163 163 163 164 162 166 171 163 157 153 133 124 133 141 140 132 129 130 124 125 125 115 122 144 156 158 160 149 139 132 126 107 90 97 121 135 136 141 145 148 148 149 151 144 146 147 145 145 150 144 132 130 133 142 142 142 142 138 143 148 147 147 139
