example/E5 - XRays/X-ray-tomography/rastert_juap38.txt
ncols         356
nrows         356
xllcorner     -0.5
yllcorner     -355.5
cellsize      1
NODATA_value  -9999
[rows 294 to 335 of 356, columns 94 to 187 of 356]
131 143 152 155 142 130 114 102 110 121 123 126 140 149 147 147 150 146 144 144 139 129 115 114 132 142 143 137 135 123 113 127 133 126 133 153 161 158 159 155 138 124 125 128 133 135 144 143 132 142 148 145 139 136 140 146 138 130 133 126 124 119 128 143 145 138 145 156 160 165 165 152 123 126 143 133 119 113 128 138 141 144 147 136 137 145 138 126 140 154 151 145 136 138
134 154 157 155 152 138 123 117 131 144 130 127 144 153 149 150 154 149 145 139 130 135 137 127 131 136 136 131 117 115 123 124 131 142 140 151 159 157 155 153 139 127 129 138 144 140 135 130 137 149 149 144 148 155 151 151 147 150 154 146 144 134 136 149 148 139 148 158 159 166 173 160 127 124 141 142 131 119 136 142 139 151 150 138 132 141 138 139 154 161 160 154 147 145
140 149 145 146 150 138 132 133 137 138 128 130 144 152 147 143 146 144 145 143 137 147 155 143 137 136 130 121 104 113 135 130 133 146 138 141 152 155 155 153 151 153 154 151 142 131 123 125 143 150 147 148 154 157 155 151 150 155 153 141 141 141 136 147 155 153 160 156 160 168 169 163 145 132 133 144 140 128 134 136 137 149 152 144 129 133 136 144 158 164 161 160 156 143
142 137 138 141 134 126 134 138 138 138 136 132 128 132 134 137 142 145 149 153 150 153 156 152 137 127 127 133 123 117 129 127 134 145 133 124 137 145 148 149 149 149 146 140 131 121 115 115 123 137 147 150 149 156 166 162 157 152 147 145 149 152 152 158 157 156 166 161 163 160 161 162 157 144 132 133 135 126 123 131 135 137 136 130 118 121 131 139 150 159 154 155 153 143
137 128 133 136 136 139 144 145 144 140 139 132 121 122 130 135 133 137 143 146 144 145 147 151 140 137 141 145 127 103 118 138 143 145 125 103 118 140 145 142 132 126 127 128 127 121 108 98 97 118 144 151 149 153 161 162 158 149 147 156 156 146 149 155 149 146 158 157 156 155 157 158 158 149 137 127 128 131 139 143 140 133 128 125 121 124 137 138 143 149 140 137 143 144
132 126 135 138 143 145 145 146 144 138 137 134 121 118 117 119 127 132 138 146 146 141 149 157 151 156 150 141 126 105 116 145 148 147 123 101 115 132 135 136 133 117 108 115 123 133 113 77 74 101 136 150 148 143 143 150 153 144 145 156 153 143 139 146 143 135 143 148 149 150 145 147 151 149 143 136 134 138 155 154 147 138 136 142 143 145 150 141 135 131 130 129 138 145
136 141 150 153 151 148 146 148 150 137 131 136 139 137 124 117 129 127 126 139 147 143 146 148 149 160 152 129 120 117 119 130 142 148 130 121 125 132 136 134 134 115 102 118 133 136 118 85 86 120 136 140 141 140 141 142 144 136 142 152 155 149 136 137 134 122 125 136 143 145 141 136 126 133 143 144 141 136 150 153 143 146 150 154 151 150 149 145 136 122 125 126 135 145
142 150 154 157 153 153 144 142 141 131 135 142 150 153 141 130 137 136 125 137 148 137 135 138 147 155 152 134 128 126 122 126 141 143 132 129 137 143 142 132 128 113 114 136 145 134 125 113 115 137 132 129 138 141 143 140 135 132 146 150 148 141 133 130 127 120 113 122 152 163 155 141 125 128 139 147 142 127 142 152 142 151 161 163 153 151 145 146 141 131 126 124 135 146
145 148 152 147 146 144 135 135 137 138 140 139 144 147 144 137 139 142 134 138 139 125 126 135 146 150 147 140 131 124 127 124 128 127 127 126 141 145 134 129 129 124 129 138 136 129 123 128 134 145 137 133 142 132 128 133 135 137 146 152 151 146 139 125 129 132 123 129 157 166 154 137 135 137 133 135 140 138 145 154 155 158 167 169 156 152 149 160 158 147 137 127 135 140
144 143 150 148 145 142 136 133 134 134 133 134 138 137 137 131 126 131 135 132 123 123 135 138 143 153 148 141 128 123 121 107 114 125 125 127 144 146 132 131 130 132 138 136 132 129 125 134 140 139 135 131 134 124 123 130 137 147 153 164 164 160 148 126 127 136 129 130 146 149 146 144 144 141 138 142 144 144 149 160 166 166 168 171 163 157 154 163 164 155 143 136 145 141
141 143 149 149 147 149 146 139 133 130 133 132 129 136 141 133 128 132 133 125 117 123 134 131 141 157 150 145 134 122 110 102 115 131 134 134 144 144 130 133 131 132 142 144 136 131 127 135 136 127 132 137 138 138 144 145 144 149 153 159 161 162 156 143 137 138 130 132 144 145 142 143 140 140 142 146 143 138 148 166 168 164 164 167 163 156 157 159 159 160 151 148 151 144
147 153 146 142 149 153 145 135 123 117 122 121 117 131 136 132 133 134 124 114 118 125 131 122 137 153 152 153 145 127 106 109 127 136 136 137 143 139 127 134 134 125 133 142 144 144 144 147 140 132 139 146 149 158 161 161 150 139 141 148 148 150 147 140 134 135 134 135 145 152 150 135 127 135 138 142 143 136 149 166 163 162 162 164 160 154 159 157 150 159 152 152 152 151
148 156 150 150 156 152 137 127 116 105 107 105 100 111 127 133 132 136 127 120 122 125 130 128 136 145 153 157 153 141 121 128 138 132 124 133 142 136 131 138 134 123 128 137 144 152 155 158 154 153 150 144 145 152 151 152 146 133 128 130 126 127 131 135 136 141 138 126 128 142 151 139 135 144 145 144 143 138 148 155 153 156 154 154 147 139 154 154 149 153 146 149 147 146
142 154 162 161 154 151 141 130 119 112 110 91 82 103 131 138 143 143 135 133 128 123 128 131 132 137 148 151 151 147 140 138 133 117 116 129 134 129 132 139 133 124 125 129 139 156 159 164 162 161 155 143 137 135 135 141 141 132 123 118 117 121 123 136 148 144 130 115 116 130 137 137 144 151 147 140 139 140 145 151 151 153 153 154 140 123 139 147 148 141 139 147 144 144
141 157 166 157 154 155 150 151 142 130 124 104 91 108 126 135 147 147 144 146 140 135 140 145 148 146 144 143 150 151 145 140 136 134 144 146 144 138 131 131 127 128 123 115 130 150 156 162 156 149 142 137 128 115 116 119 115 108 106 116 123 122 115 132 151 146 135 128 130 134 129 128 141 146 142 137 132 135 138 145 151 159 156 158 151 126 130 142 147 138 135 142 143 150
142 160 163 157 160 159 156 167 159 146 141 131 121 111 105 126 150 151 148 145 140 139 140 150 160 151 136 135 146 156 153 146 149 155 155 154 155 149 133 131 132 127 121 118 124 129 143 156 147 137 124 116 117 115 116 105 95 84 78 99 122 116 106 123 146 145 139 140 141 141 137 130 133 130 133 138 135 135 138 142 148 154 149 150 151 141 143 145 142 138 137 131 135 148
143 158 156 155 161 160 162 165 158 158 151 140 137 129 118 128 144 140 137 137 134 135 134 145 149 142 136 138 147 155 154 148 153 159 154 154 153 146 134 132 130 126 129 131 121 117 134 141 121 108 107 109 118 126 124 109 95 87 85 98 119 122 129 146 161 157 155 157 152 146 142 142 135 123 128 139 139 139 142 147 153 150 145 143 143 142 144 143 140 144 141 130 134 134
133 147 148 152 158 160 164 161 159 159 148 141 142 149 147 137 137 133 132 139 139 134 131 140 137 134 140 144 148 154 158 157 155 152 155 160 154 142 136 128 117 126 140 142 132 134 139 130 114 110 120 126 126 128 117 101 93 105 123 128 133 143 162 168 172 168 162 162 161 153 142 147 143 132 132 139 143 140 147 154 153 142 143 144 140 139 143 142 137 139 136 138 142 127
130 129 138 155 162 160 160 153 153 150 144 142 143 150 146 137 139 131 125 131 138 140 134 132 130 132 138 144 146 152 152 149 151 149 152 155 148 138 137 130 119 132 147 148 147 148 137 128 129 126 124 132 136 128 112 103 113 135 156 155 157 167 171 168 173 173 167 167 170 163 149 148 145 136 132 134 138 132 139 144 141 139 146 146 145 143 142 142 142 140 137 140 141 127
139 128 135 153 159 156 154 151 154 147 137 137 143 143 137 135 142 138 130 127 135 146 142 131 130 134 136 138 141 145 143 144 153 157 147 137 144 141 132 126 129 141 146 147 155 152 126 116 122 113 112 124 135 129 116 126 150 156 157 155 162 171 172 169 175 173 168 171 172 164 152 145 140 135 137 137 134 134 132 123 122 135 143 149 150 149 144 143 146 143 140 135 131 128
143 132 124 136 147 149 148 146 146 140 132 137 141 138 136 135 140 142 141 135 145 150 148 140 136 136 131 133 142 143 144 151 156 152 136 129 141 137 120 116 135 141 138 145 151 143 116 103 104 101 114 124 134 141 136 144 162 157 157 155 160 166 169 170 173 169 168 172 172 164 153 142 126 122 132 126 124 135 131 113 117 136 142 143 146 155 149 140 139 136 140 139 132 140
136 133 123 126 136 140 144 143 143 144 142 146 143 139 138 135 140 141 142 143 149 148 153 148 137 133 130 140 148 145 144 147 144 136 132 128 128 129 115 110 133 141 130 132 134 132 119 114 112 109 125 133 139 147 140 145 162 163 164 161 163 166 165 172 168 161 170 174 173 166 157 148 123 108 115 116 122 139 138 124 132 139 143 145 146 153 151 148 138 126 135 141 142 152
131 133 131 131 135 139 145 142 145 149 149 148 141 139 142 142 142 141 145 153 146 137 141 145 143 139 129 142 151 149 148 150 137 124 133 135 134 139 132 123 134 137 119 110 114 125 127 133 136 133 138 141 147 145 136 142 156 167 165 165 172 167 163 173 164 158 172 172 171 166 155 147 127 104 97 107 118 131 136 138 142 142 144 142 141 145 146 150 139 127 137 141 142 147
129 135 137 134 133 136 147 143 143 148 154 153 147 149 147 140 139 146 159 166 153 133 126 135 147 144 132 139 153 163 162 160 142 125 133 136 132 138 146 141 133 130 122 117 122 135 141 134 134 143 146 144 146 142 142 142 148 161 160 162 171 171 169 175 170 166 175 172 172 172 166 155 129 105 93 92 96 112 132 143 140 141 142 136 136 140 144 151 147 142 146 144 143 142
123 123 136 140 136 135 143 139 135 142 149 147 141 141 144 145 149 157 168 174 167 154 138 138 150 157 158 156 161 172 167 159 149 137 134 127 130 138 147 149 138 137 139 133 132 140 150 141 134 144 147 140 135 137 137 136 136 143 147 149 161 170 163 170 174 168 170 174 173 169 160 149 129 113 98 74 65 93 128 144 142 141 143 137 128 129 141 151 152 149 146 148 146 138
110 101 125 139 136 138 135 129 128 132 137 138 135 132 142 152 158 165 170 175 173 169 161 158 166 169 168 169 173 173 162 152 151 141 128 116 124 135 140 145 147 147 146 137 129 133 144 139 134 144 150 135 121 124 125 128 134 138 141 137 142 159 160 163 166 166 168 175 173 167 156 142 129 125 106 74 73 100 128 145 143 135 140 145 135 133 141 146 143 142 143 147 145 137
97 99 120 126 129 143 136 131 129 126 123 130 138 137 144 157 163 169 172 176 172 166 166 174 182 175 167 170 172 167 155 146 148 141 131 118 116 126 137 138 140 140 141 134 130 133 137 134 137 144 150 141 126 121 123 128 138 140 144 138 132 143 150 152 154 155 157 161 162 158 147 132 126 131 123 103 109 124 132 143 140 133 139 148 150 151 148 141 133 132 133 137 141 136
110 118 125 123 130 137 134 137 136 126 112 120 135 146 153 159 160 169 176 176 171 171 172 176 181 176 168 173 176 170 156 144 139 137 136 130 129 132 139 140 140 142 144 140 143 141 137 136 138 145 153 147 138 131 132 135 139 131 137 134 130 133 136 134 137 136 137 139 138 137 138 134 128 130 133 132 131 124 125 142 143 141 144 147 154 154 151 151 140 130 127 136 141 140
133 134 132 125 126 126 128 136 138 133 122 121 132 145 151 159 160 174 175 170 172 176 176 179 180 172 165 175 174 169 158 142 127 127 138 138 141 141 138 136 139 146 151 154 154 146 140 138 137 139 141 141 144 145 141 136 135 127 134 130 126 122 124 117 129 127 124 116 107 120 134 138 130 119 117 125 131 112 115 137 148 153 154 154 154 147 149 159 153 131 124 133 138 141
132 133 134 127 121 125 132 136 137 143 143 138 141 146 153 159 162 173 176 175 180 180 177 181 180 171 170 175 165 162 154 137 125 127 138 141 146 141 135 127 128 141 151 154 151 145 143 142 140 137 135 142 144 143 132 126 129 138 148 135 117 110 117 115 126 131 127 120 119 126 132 134 133 124 111 118 133 119 117 135 151 158 162 165 161 149 142 151 153 134 131 133 132 136
120 130 140 140 133 138 141 135 137 149 149 145 147 149 155 159 163 170 176 175 178 173 172 179 176 168 174 171 159 157 153 141 128 127 136 139 141 132 131 129 127 135 142 144 143 146 147 142 138 135 135 143 143 136 127 125 130 150 153 140 123 117 125 127 128 132 125 130 135 130 129 128 133 134 121 121 130 128 128 141 150 156 160 166 161 149 137 144 145 133 139 141 130 132
119 136 148 154 151 150 144 132 133 143 145 147 145 141 146 159 167 171 176 175 168 168 176 178 171 173 177 171 162 160 153 155 148 137 131 137 137 128 134 132 129 132 133 138 140 143 142 136 131 129 132 135 134 129 126 127 135 146 143 139 131 130 135 136 136 128 113 121 130 128 133 127 131 139 134 132 131 131 139 146 151 158 160 168 159 152 148 149 143 133 137 142 132 134
126 149 158 163 159 151 141 131 128 133 142 140 132 132 141 157 165 171 177 176 165 172 179 173 173 175 173 169 169 166 157 164 157 137 125 129 132 133 139 126 117 122 132 138 139 139 139 141 137 135 133 132 129 127 124 131 143 143 139 137 130 129 134 142 146 130 117 125 128 126 134 133 132 139 140 137 134 129 138 149 157 159 164 168 160 153 148 150 142 130 132 134 135 139
134 150 155 157 158 154 147 139 131 129 135 131 128 133 142 155 162 168 176 176 172 180 178 173 176 173 171 173 173 164 158 166 159 140 129 123 128 134 137 122 114 122 131 134 137 140 146 149 146 141 136 142 136 126 124 133 139 137 136 137 135 135 138 145 143 135 134 137 134 128 132 135 132 134 136 137 140 136 141 152 156 154 160 160 160 154 147 143 135 126 126 126 136 141
136 145 149 144 144 148 146 134 129 126 133 133 134 143 152 155 158 165 177 177 172 176 171 167 167 167 168 174 169 161 163 166 158 140 128 122 127 131 125 114 118 126 130 130 138 150 158 159 157 151 143 145 141 134 140 141 130 124 136 145 146 145 142 142 137 141 140 140 138 133 127 128 133 133 131 135 143 142 144 148 150 145 146 147 151 150 144 137 127 121 125 124 135 133
141 153 148 130 126 142 145 129 124 131 142 144 145 151 155 154 158 164 176 178 171 167 166 165 163 163 168 168 163 164 168 163 158 145 140 136 135 131 123 118 127 130 132 129 133 150 160 162 162 162 151 141 144 149 150 147 135 131 146 157 158 153 147 143 137 139 141 143 138 132 126 124 132 134 136 140 146 147 142 142 145 137 137 142 143 141 133 119 106 102 112 120 130 131
147 154 144 127 128 138 140 132 130 144 159 161 159 156 153 148 151 156 169 174 164 157 164 167 165 168 167 158 159 165 164 158 156 148 147 143 141 136 136 132 132 133 139 139 141 150 152 153 154 160 154 139 138 144 144 137 135 141 151 161 161 157 151 146 136 130 131 132 124 121 129 132 138 139 140 143 147 147 140 140 141 137 138 140 137 133 128 118 104 97 102 110 114 124
144 146 136 135 137 136 135 136 137 148 160 163 158 150 148 144 141 146 159 165 155 160 169 169 167 169 163 154 158 161 156 150 148 139 136 136 135 136 142 137 136 139 143 145 150 147 137 138 140 142 142 137 134 137 136 127 128 140 148 151 152 160 154 145 132 120 111 105 95 103 127 139 144 139 137 139 142 148 143 141 143 144 142 137 139 135 134 140 134 128 116 99 94 114
145 141 136 138 140 139 139 140 142 145 150 151 152 151 153 152 143 139 149 150 147 158 165 164 161 164 159 150 149 151 148 143 142 136 133 132 136 141 140 133 137 141 149 151 149 141 137 126 121 123 129 134 135 136 141 130 132 139 139 133 138 152 149 141 127 108 91 85 76 80 111 139 146 138 135 137 140 147 145 139 145 147 143 139 145 142 151 162 161 162 146 112 96 111
146 138 139 138 138 137 142 143 140 140 143 147 157 160 159 160 147 130 135 137 137 146 152 156 157 156 151 142 142 147 145 137 133 137 137 132 137 140 137 137 144 146 153 157 151 148 152 130 107 110 126 135 135 138 144 140 148 149 139 122 128 139 143 140 124 97 82 90 86 81 108 136 144 137 134 139 137 142 142 139 150 154 149 141 145 148 161 168 168 168 160 133 116 119
255 255 146 143 140 138 140 138 140 141 146 153 159 161 161 162 141 117 123 130 131 136 140 148 149 145 143 143 147 149 146 140 139 143 138 132 136 138 139 142 146 148 154 160 157 158 162 146 119 111 122 130 128 134 144 145 149 145 140 123 117 121 134 136 115 94 97 119 127 118 129 142 147 137 132 139 134 136 139 141 149 149 143 137 142 151 159 161 160 168 163 143 128 126
255 255 255 255 146 145 139 136 140 143 147 153 157 158 158 158 138 116 124 130 127 129 133 141 144 142 142 145 145 143 142 146 149 144 132 124 127 133 136 141 145 148 154 159 159 162 157 145 127 113 117 126 133 135 140 144 142 137 138 126 107 101 122 129 104 92 111 141 155 150 144 142 142 138 139 143 137 138 138 137 142 143 137 137 141 152 159 163 155 167 164 148 134 126
