example/E5 - XRays/X-ray-tomography/rastert_juap28.txt
ncols         356
nrows         356
xllcorner     -0.5
yllcorner     -355.5
cellsize      1
NODATA_value  -9999
[rows 0 to 41 of 356, columns 94 to 187 of 356]
255 255 255 255 255 255 255 255 255 255 255 255 255 255 255 255 255 255 255 255 255 255 255 255 255 255 255 255 255 255 255 255 255 255 255 255 255 255 255 255 255 255 255 255 255 255 255 255 255 255 255 255 255 255 255 255 255 255 255 255 255 255 255 255 255 255 255 255 255 255 255 255 255 255 255 255 255 255 255 255 255 255 255 150 255 255 255 255 255 255 255 255 255 255
255 255 255 255 255 255 255 255 255 255 255 255 255 255 255 255 255 255 255 255 255 255 255 255 255 255 255 255 255 255 255 255 255 255 255 255 255 255 255 255 255 255 255 255 255 255 255 255 255 255 255 255 255 255 255 255 255 255 255 255 255 255 255 255 255 154 156 156 163 159 167 162 158 148 137 135 140 152 154 144 131 129 142 143 140 143 139 144 143 145 155 155 157 158
255 255 255 255 255 255 255 255 255 255 255 255 255 255 255 255 255 255 255 255 255 255 255 255 255 255 255 255 255 255 255 255 255 255 255 255 255 255 255 255 255 255 255 255 255 255 255 255 255 255 255 255 255 255 255 255 255 153 153 161 160 152 154 156 150 151 158 154 163 159 161 161 155 145 145 149 154 157 158 153 141 137 141 140 141 138 131 127 126 141 157 159 157 160
255 255 255 255 255 255 255 255 255 255 255 255 255 255 255 255 255 255 255 255 255 255 255 255 255 255 255 255 255 255 255 255 255 255 255 255 255 255 255 255 255 255 255 255 255 255 255 255 255 255 255 151 149 149 149 151 152 152 149 162 164 160 161 157 151 151 159 153 156 152 146 152 153 154 160 160 163 166 166 158 148 145 143 137 139 135 128 118 120 145 159 160 160 162
255 255 255 255 255 255 255 255 255 255 255 255 255 255 255 255 255 255 255 255 255 255 255 255 255 255 255 255 255 255 255 255 255 255 255 255 255 255 255 255 255 255 255 255 255 255 159 163 153 146 139 137 146 152 153 155 156 158 155 162 165 163 169 162 159 159 159 153 155 152 146 156 158 162 168 164 162 170 167 153 146 145 143 133 134 137 134 131 136 147 156 159 159 161
255 255 255 255 255 255 255 255 255 255 255 255 255 255 255 255 255 255 255 255 255 255 255 255 255 255 255 255 255 255 255 255 255 255 255 255 255 255 255 255 255 255 156 156 156 151 156 157 148 142 134 131 144 158 161 159 157 158 159 162 166 163 169 165 166 164 157 152 158 162 161 164 165 168 169 165 164 173 165 151 142 129 131 132 134 143 142 144 149 144 148 158 161 166
255 255 255 255 255 255 255 255 255 255 255 255 255 255 255 255 255 255 255 255 255 255 255 255 255 255 255 255 255 255 255 255 255 255 255 255 255 255 154 151 150 154 152 154 154 149 155 156 148 141 140 139 145 159 165 163 155 154 159 161 162 158 161 162 166 168 158 160 164 167 170 166 165 168 165 163 170 172 156 144 135 114 124 134 140 149 146 143 142 138 142 142 151 163
255 255 255 255 255 255 255 255 255 255 255 255 255 255 255 255 255 255 255 255 255 255 255 255 255 255 255 255 255 255 255 255 255 255 156 151 147 156 153 146 143 147 142 140 138 138 146 153 148 141 141 141 147 155 158 159 156 156 161 160 156 154 156 163 165 168 162 164 166 167 171 167 170 170 167 163 171 168 147 131 123 118 136 145 148 152 149 139 127 132 138 125 122 126
255 255 255 255 255 255 255 255 255 255 255 255 255 255 255 255 255 255 255 255 255 255 255 255 255 255 255 255 255 255 255 153 147 148 153 149 146 154 152 144 141 144 140 135 132 138 144 145 144 144 142 135 140 148 152 156 157 163 163 158 155 156 155 163 166 168 164 166 165 167 170 167 172 168 170 164 165 161 144 121 108 119 145 152 143 145 149 140 131 135 139 124 103 93
255 255 255 255 255 255 255 255 255 255 255 255 255 255 255 255 255 255 255 255 255 255 255 255 255 255 255 255 155 153 150 147 142 141 145 146 145 153 150 145 142 143 140 141 138 140 143 141 144 148 147 135 134 141 147 154 157 160 159 156 155 156 155 158 163 166 165 165 163 167 167 163 165 167 169 157 154 154 145 122 98 106 134 146 142 143 147 142 138 139 140 135 115 110
255 255 255 255 255 255 255 255 255 255 255 255 255 255 255 255 255 255 255 255 255 255 255 255 255 154 150 150 152 148 140 140 137 132 140 147 141 147 148 143 139 140 141 142 138 141 142 139 148 152 150 137 132 141 150 153 157 155 152 150 145 139 144 149 152 156 161 158 159 162 161 160 156 158 160 151 144 145 146 131 112 112 129 136 140 141 142 144 147 143 147 148 137 137
255 255 255 255 255 255 255 255 255 255 255 255 255 255 255 255 255 255 255 255 255 255 155 154 153 150 144 144 146 146 139 137 133 133 144 147 140 147 151 142 137 138 140 139 130 135 140 137 146 150 141 133 140 144 151 156 163 160 149 147 144 133 141 146 148 147 144 145 154 159 162 158 155 152 152 152 144 140 140 131 124 121 125 131 137 140 148 148 151 146 148 149 140 139
255 255 255 255 255 255 255 255 255 255 255 255 255 255 255 255 255 255 255 156 151 143 148 150 146 147 143 143 143 143 138 138 137 138 147 145 132 138 147 147 142 138 137 140 126 125 134 135 137 137 132 134 147 151 155 159 166 162 151 151 150 138 144 148 149 145 126 121 138 151 162 155 153 152 150 151 148 139 125 117 124 124 119 131 137 138 149 148 151 152 152 150 143 139
255 255 255 255 255 255 255 255 255 255 255 255 255 255 255 255 255 148 142 151 148 138 141 145 139 137 138 142 141 141 141 140 139 142 147 143 136 139 145 147 144 136 131 133 122 124 135 138 133 128 130 139 152 155 159 162 164 160 157 154 148 138 144 155 150 142 127 109 123 143 154 149 147 149 148 148 148 141 122 117 130 129 124 130 124 125 142 149 151 160 159 155 153 148
255 255 255 255 255 255 255 255 255 255 255 255 255 255 255 148 146 141 134 142 145 141 135 138 139 136 134 136 140 142 147 144 138 140 142 141 147 149 147 143 138 138 137 136 137 141 137 133 133 128 133 146 157 158 157 160 165 160 160 161 149 142 146 160 152 142 135 119 123 143 148 149 147 150 150 146 146 141 133 127 137 138 133 131 122 119 139 154 155 160 159 158 158 151
255 255 255 255 255 255 255 255 255 255 255 255 155 145 139 135 135 138 134 135 141 141 134 137 138 139 139 131 136 141 142 148 145 142 144 142 152 150 145 144 138 143 146 145 150 150 136 127 134 136 140 150 159 163 158 156 162 159 158 167 157 150 154 161 153 141 136 130 133 142 141 147 148 149 147 140 143 144 144 134 136 141 135 132 135 136 146 158 159 157 158 158 153 147
255 255 255 255 255 255 255 255 255 255 157 159 153 145 138 127 129 137 131 129 141 145 140 143 142 141 146 133 128 140 141 144 150 147 145 145 154 147 142 149 146 147 150 147 146 140 124 122 140 147 150 152 158 164 160 160 163 158 154 163 160 159 161 158 156 146 139 133 130 133 137 143 145 146 141 135 140 145 149 141 133 138 132 129 145 153 152 160 160 153 157 157 146 139
255 255 255 255 255 255 255 255 153 146 149 155 150 145 137 125 127 134 128 124 136 147 146 146 146 145 151 140 130 140 142 144 152 152 142 140 150 145 144 150 146 149 152 141 137 132 113 115 143 152 157 162 161 162 162 161 163 159 156 162 158 158 165 159 157 151 143 133 124 131 140 139 139 140 141 138 136 141 153 149 137 136 133 132 144 155 158 161 154 146 157 157 139 133
255 255 255 255 255 255 159 155 152 143 142 146 144 146 141 131 131 137 137 135 140 143 143 139 138 144 147 136 132 140 145 150 154 158 146 137 143 137 140 149 148 151 152 139 130 131 125 129 147 153 158 165 161 160 166 162 163 164 163 165 161 154 160 164 159 153 147 138 130 136 146 142 135 135 140 143 140 140 148 149 141 139 138 138 138 146 154 155 151 145 157 152 134 134
255 255 255 255 155 153 151 152 147 139 135 136 136 135 135 133 131 131 136 141 140 133 137 136 135 140 142 139 135 140 149 155 155 160 151 142 145 138 136 147 152 157 151 142 135 135 143 150 153 157 159 162 160 158 163 161 157 159 163 161 160 160 157 159 158 152 145 143 136 139 150 142 131 134 139 140 139 140 140 143 138 137 141 140 141 143 143 146 146 139 145 143 133 136
255 255 155 149 144 144 145 152 147 143 138 134 134 132 136 133 128 126 134 137 135 128 134 139 140 138 138 141 136 135 142 149 153 156 151 145 139 139 141 147 150 157 153 143 141 138 149 160 158 158 158 159 164 159 156 158 154 156 163 158 155 157 156 153 154 152 147 145 139 140 143 135 133 138 140 136 133 137 135 138 140 141 143 137 136 137 128 124 130 130 137 139 134 132
154 151 153 147 145 145 144 153 151 152 150 145 144 144 148 144 136 132 136 136 140 139 141 142 141 141 136 132 131 130 132 140 150 152 151 148 138 136 138 142 148 153 152 144 144 141 148 165 163 155 161 160 161 158 155 156 154 161 164 164 160 154 155 157 153 149 150 148 144 138 130 132 140 140 140 133 129 134 134 141 145 145 147 145 138 132 119 113 122 126 129 120 117 117
151 146 150 145 143 146 145 154 150 151 147 143 146 150 152 151 143 136 129 130 143 150 153 152 149 152 147 135 137 142 139 137 148 152 152 148 143 135 137 141 145 144 149 150 146 143 143 158 159 150 162 159 149 150 153 153 153 162 164 165 164 155 154 158 153 148 145 147 142 137 131 132 136 138 140 136 133 139 139 140 141 146 148 153 148 135 122 120 127 121 98 72 78 97
147 141 145 143 139 144 144 149 143 139 132 134 147 151 152 146 135 130 121 121 139 151 156 157 158 159 149 143 148 155 149 138 137 141 148 145 142 140 149 149 142 141 148 153 149 147 147 153 156 151 156 156 144 143 149 152 156 164 167 165 165 157 154 159 160 159 150 148 138 133 138 134 129 135 140 132 138 143 141 132 130 146 147 153 160 146 131 129 130 116 86 64 84 107
145 137 138 143 140 139 143 149 146 136 127 128 144 150 155 148 129 127 129 129 139 150 159 159 161 159 143 140 150 156 146 136 131 133 141 145 141 144 155 146 136 147 150 153 151 152 152 149 149 150 149 148 142 135 143 151 155 162 168 164 164 158 152 157 163 163 146 140 139 132 140 142 133 131 139 129 134 144 140 131 129 147 147 145 151 141 138 142 141 133 124 115 125 136
143 143 136 136 136 137 145 153 154 142 128 131 140 136 141 144 133 124 133 136 139 146 153 158 159 154 142 135 146 154 142 133 132 138 142 149 148 147 155 140 133 150 154 154 151 151 149 149 147 147 146 145 142 131 133 142 152 159 167 161 157 161 158 155 164 161 137 133 139 136 140 141 132 127 136 133 128 141 142 136 135 142 143 139 134 123 137 149 144 146 155 151 151 153
138 146 143 135 130 137 148 148 155 155 136 135 132 121 128 144 141 129 135 141 139 141 147 153 155 154 147 134 141 150 139 126 124 143 156 154 154 157 161 145 136 150 159 160 155 155 150 149 147 145 141 135 136 133 128 133 144 154 161 151 142 154 159 160 163 159 138 136 139 132 137 143 133 133 136 133 127 137 143 137 140 145 145 139 131 120 135 149 142 147 158 157 161 156
136 136 141 142 134 132 143 144 151 158 144 134 125 124 135 148 143 131 135 143 139 138 142 150 151 150 152 138 136 137 139 126 119 142 157 157 160 160 160 150 146 156 158 159 154 156 154 151 146 146 141 130 135 133 123 134 139 147 147 137 135 142 152 165 161 150 142 143 135 128 140 151 141 143 142 135 132 140 146 136 141 151 149 133 129 131 137 142 141 148 157 160 163 155
142 137 141 142 135 127 135 141 147 154 144 136 131 137 147 151 147 142 137 136 133 133 138 141 144 139 142 140 140 132 131 127 127 143 149 150 159 158 150 143 144 156 152 152 148 149 149 152 152 152 146 138 141 133 119 134 137 143 141 133 143 141 141 155 152 145 145 146 137 131 148 159 155 152 145 137 134 139 145 137 139 148 145 132 127 137 142 136 134 141 155 157 153 153
141 140 141 138 130 123 133 139 140 145 140 134 136 143 155 157 151 145 134 128 133 135 138 131 128 120 125 132 133 135 132 125 125 139 146 142 148 155 145 136 141 155 151 145 146 147 147 146 145 147 148 141 138 132 129 136 133 138 142 136 149 152 136 138 139 142 145 146 144 140 151 161 161 155 146 136 138 135 138 141 139 141 139 139 134 138 145 136 132 137 152 152 142 147
136 136 135 133 133 133 131 130 127 121 122 124 126 135 152 160 155 140 114 105 127 140 138 132 126 121 123 128 120 124 138 137 136 142 143 141 136 139 139 134 139 152 147 138 143 148 149 145 139 137 145 143 136 133 136 137 134 128 128 130 141 153 144 140 139 144 143 140 146 144 143 156 156 146 143 138 144 137 137 140 137 132 133 145 139 142 145 134 134 138 142 143 138 143
139 137 137 132 132 141 132 129 126 111 113 127 132 136 148 161 158 137 103 87 112 133 139 137 130 131 131 127 124 127 144 157 153 151 147 140 134 133 139 136 138 144 137 131 141 144 145 145 138 135 143 144 142 143 137 131 138 134 124 122 128 134 143 149 148 149 143 127 130 141 141 143 141 132 129 138 143 133 136 135 137 134 127 132 124 131 137 133 137 138 137 144 142 140
142 139 137 137 143 149 139 137 131 119 119 128 146 149 152 157 152 140 119 100 110 127 135 134 125 119 126 130 132 137 150 167 162 155 149 135 138 138 138 136 140 145 136 136 144 143 148 150 141 136 142 144 144 139 136 136 142 140 131 126 127 131 141 152 150 143 137 128 126 133 134 131 133 129 125 135 144 132 130 132 136 140 123 105 102 114 119 125 134 137 146 149 144 141
144 145 142 142 149 158 148 146 138 123 109 110 137 144 140 138 133 130 132 127 124 128 132 132 123 113 123 135 138 145 152 163 164 160 149 134 139 140 139 134 135 143 139 139 140 140 150 152 140 134 137 138 144 135 138 143 145 145 135 125 128 135 144 152 147 136 131 129 131 133 126 125 135 135 129 135 144 138 131 137 139 141 125 102 103 112 112 121 136 137 145 148 140 140
140 145 144 142 140 145 141 143 142 128 107 106 130 139 136 134 126 121 133 137 129 127 136 140 127 121 131 140 140 149 154 158 155 155 152 142 140 141 146 142 133 137 143 144 136 139 150 150 138 133 135 132 139 133 134 135 134 139 138 132 138 144 148 148 139 136 134 121 120 136 132 131 140 141 129 133 141 143 140 146 146 135 125 121 119 124 121 125 136 138 141 146 141 141
136 141 139 141 138 135 134 132 131 140 135 129 139 138 135 139 133 129 138 136 128 127 138 144 138 133 139 142 142 148 152 159 151 147 147 143 142 141 143 143 135 134 143 146 146 145 145 147 139 129 130 128 138 130 123 127 130 139 146 150 153 157 158 150 139 134 129 117 114 132 142 139 143 149 144 146 148 147 149 152 145 133 127 125 114 121 130 130 132 140 141 140 140 141
129 135 140 144 141 134 133 125 117 136 150 147 142 136 133 138 136 138 141 135 134 130 136 147 147 139 142 145 143 144 143 154 149 138 143 143 140 140 137 138 132 129 140 140 146 149 142 145 149 135 127 132 142 133 123 130 131 142 152 159 162 162 160 150 144 138 127 118 118 127 144 145 138 141 150 154 153 150 148 153 142 133 133 121 115 116 125 134 133 138 141 134 138 135
124 126 137 145 142 140 140 126 111 119 134 140 135 126 130 135 129 132 139 129 130 129 132 140 137 128 134 142 142 144 135 138 146 133 136 138 133 135 139 143 134 133 142 141 145 156 152 146 151 142 131 136 144 139 134 137 136 146 157 161 161 155 153 154 145 141 138 132 134 130 141 148 137 138 153 156 152 150 145 150 143 131 133 131 131 121 122 132 128 127 136 133 135 127
128 127 135 142 136 140 141 119 104 119 131 131 126 114 120 135 137 131 125 116 123 131 130 134 129 122 130 135 129 133 134 136 141 125 129 135 138 140 140 144 142 148 147 144 141 150 153 148 148 147 144 145 140 134 137 138 143 152 158 159 159 155 153 156 140 139 151 152 146 129 139 154 149 154 162 157 154 143 133 137 139 134 134 134 133 124 121 124 121 119 125 119 125 128
138 138 140 146 141 137 130 110 108 130 143 141 134 130 130 130 135 135 126 119 126 132 133 139 138 136 137 130 119 124 138 141 138 121 126 139 145 138 134 141 143 151 146 143 142 140 144 145 147 155 155 156 143 133 135 139 148 151 145 150 159 155 150 153 145 143 150 153 146 136 146 158 160 163 163 156 161 147 132 136 137 136 136 136 131 125 120 121 113 106 114 116 125 132
139 142 145 145 142 139 132 121 119 129 137 141 142 141 135 132 132 136 132 119 119 129 136 138 134 140 143 135 131 132 135 139 141 141 141 143 147 135 133 142 148 145 136 143 146 140 147 148 144 151 160 160 148 140 137 144 147 140 136 144 155 150 146 147 145 143 132 136 149 148 145 152 165 170 166 155 158 149 136 134 135 138 137 139 132 126 124 128 119 120 126 125 132 136
138 144 150 144 136 139 138 135 129 124 124 129 139 132 122 134 132 123 117 112 124 135 138 132 128 142 152 148 138 134 135 142 145 153 154 149 142 134 142 148 149 141 130 139 146 143 147 147 136 137 157 162 153 140 134 141 139 133 136 145 152 146 143 138 138 135 127 141 156 152 138 143 161 167 163 156 152 143 132 131 136 147 141 137 135 130 125 135 133 144 146 133 129 136
