example/E5 - XRays/X-ray-tomography/rastert_juap54.txt
ncols         356
nrows         356
xllcorner     -0.5
yllcorner     -355.5
cellsize      1
NODATA_value  -9999
[rows 42 to 83 of 356, columns 0 to 94 of 356]
255 255 255 255 255 255 255 255 255 255 255 255 255 255 255 255 255 255 255 255 255 255 255 255 255 255 255 255 255 255 255 255 255 255 255 255 255 255 255 255 255 255 255 255 255 255 255 255 255 255 255 255 255 255 255 255 255 255 255 255 255 255 255 148 146 145 138 130 130 121 119 128 137 147 152 149 144 139 133 124 134 143 154 156 145 143 134 127 128 132 134 134 129 148 141
255 255 255 255 255 255 255 255 255 255 255 255 255 255 255 255 255 255 255 255 255 255 255 255 255 255 255 255 255 255 255 255 255 255 255 255 255 255 255 255 255 255 255 255 255 255 255 255 255 255 255 255 255 255 255 255 255 255 255 255 255 255 147 139 139 144 143 141 142 136 133 137 145 154 153 157 153 140 132 126 134 144 149 147 139 136 129 121 122 125 133 141 134 142 135
255 255 255 255 255 255 255 255 255 255 255 255 255 255 255 255 255 255 255 255 255 255 255 255 255 255 255 255 255 255 255 255 255 255 255 255 255 255 255 255 255 255 255 255 255 255 255 255 255 255 255 255 255 255 255 255 255 255 255 255 255 150 133 130 136 143 141 137 138 139 139 138 147 158 152 155 154 138 131 135 135 134 132 135 133 132 133 128 125 127 142 154 147 148 143
255 255 255 255 255 255 255 255 255 255 255 255 255 255 255 255 255 255 255 255 255 255 255 255 255 255 255 255 255 255 255 255 255 255 255 255 255 255 255 255 255 255 255 255 255 255 255 255 255 255 255 255 255 255 255 255 255 255 255 255 150 142 125 123 134 148 146 139 135 136 144 144 148 157 149 142 144 136 125 129 138 134 125 128 128 130 136 134 111 105 130 155 156 154 148
255 255 255 255 255 255 255 255 255 255 255 255 255 255 255 255 255 255 255 255 255 255 255 255 255 255 255 255 255 255 255 255 255 255 255 255 255 255 255 255 255 255 255 255 255 255 255 255 255 255 255 255 255 255 255 255 255 255 160 153 147 146 136 121 125 144 142 135 134 138 145 145 141 146 148 140 140 137 124 124 136 131 126 131 129 128 131 134 109 86 108 147 167 165 154
255 255 255 255 255 255 255 255 255 255 255 255 255 255 255 255 255 255 255 255 255 255 255 255 255 255 255 255 255 255 255 255 255 255 255 255 255 255 255 255 255 255 255 255 255 255 255 255 255 255 255 255 255 255 255 255 255 160 156 157 149 142 138 128 126 140 142 134 139 146 143 144 144 141 143 140 138 133 131 133 134 126 123 134 135 126 124 132 123 94 103 142 164 168 160
255 255 255 255 255 255 255 255 255 255 255 255 255 255 255 255 255 255 255 255 255 255 255 255 255 255 255 255 255 255 255 255 255 255 255 255 255 255 255 255 255 255 255 255 255 255 255 255 255 255 255 255 255 255 255 255 151 152 155 157 147 133 130 126 127 138 141 137 139 140 135 141 147 139 138 140 138 132 127 131 133 127 132 140 143 129 122 123 127 117 120 146 160 164 163
255 255 255 255 255 255 255 255 255 255 255 255 255 255 255 255 255 255 255 255 255 255 255 255 255 255 255 255 255 255 255 255 255 255 255 255 255 255 255 255 255 255 255 255 255 255 255 255 255 255 255 255 255 255 255 156 149 145 147 147 139 132 133 123 122 135 142 143 143 132 127 133 137 129 132 140 138 135 127 130 132 128 134 139 140 131 132 127 125 126 128 143 159 164 165
255 255 255 255 255 255 255 255 255 255 255 255 255 255 255 255 255 255 255 255 255 255 255 255 255 255 255 255 255 255 255 255 255 255 255 255 255 255 255 255 255 255 255 255 255 255 255 255 255 255 255 255 255 255 147 142 141 141 139 139 140 134 141 136 122 136 147 150 148 133 126 128 135 135 129 124 126 129 132 131 124 119 122 132 127 121 138 140 130 125 129 136 153 161 156
255 255 255 255 255 255 255 255 255 255 255 255 255 255 255 255 255 255 255 255 255 255 255 255 255 255 255 255 255 255 255 255 255 255 255 255 255 255 255 255 255 255 255 255 255 255 255 255 255 255 255 255 255 147 143 137 135 137 133 138 148 140 135 125 108 125 140 150 149 134 129 130 137 146 137 121 127 133 143 139 127 121 119 130 125 105 120 144 138 124 125 132 154 165 154
255 255 255 255 255 255 255 255 255 255 255 255 255 255 255 255 255 255 255 255 255 255 255 255 255 255 255 255 255 255 255 255 255 255 255 255 255 255 255 255 255 255 255 255 255 255 255 255 255 255 255 255 145 137 146 140 127 131 130 133 142 143 135 119 109 119 130 146 146 130 125 132 137 140 140 128 126 136 149 146 137 128 118 127 131 111 113 138 144 135 130 130 151 164 160
255 255 255 255 255 255 255 255 255 255 255 255 255 255 255 255 255 255 255 255 255 255 255 255 255 255 255 255 255 255 255 255 255 255 255 255 255 255 255 255 255 255 255 255 255 255 255 255 255 255 255 156 138 131 143 141 128 130 130 130 133 142 145 133 122 119 125 139 144 136 133 142 140 133 140 141 129 128 144 148 141 135 129 127 128 132 135 137 144 142 135 128 142 156 160
255 255 255 255 255 255 255 255 255 255 255 255 255 255 255 255 255 255 255 255 255 255 255 255 255 255 255 255 255 255 255 255 255 255 255 255 255 255 255 255 255 255 255 255 255 255 255 255 255 255 155 152 145 139 141 140 138 133 130 135 141 146 145 137 131 126 125 132 141 147 152 154 140 132 139 144 137 131 136 144 140 133 133 129 127 137 143 143 149 148 136 127 133 149 157
255 255 255 255 255 255 255 255 255 255 255 255 255 255 255 255 255 255 255 255 255 255 255 255 255 255 255 255 255 255 255 255 255 255 255 255 255 255 255 255 255 255 255 255 255 255 255 255 255 155 147 145 148 147 139 135 141 139 134 136 143 141 139 129 134 132 125 137 149 156 163 162 143 127 136 141 134 136 143 152 149 141 133 125 127 137 142 145 153 144 140 136 131 136 144
255 255 255 255 255 255 255 255 255 255 255 255 255 255 255 255 255 255 255 255 255 255 255 255 255 255 255 255 255 255 255 255 255 255 255 255 255 255 255 255 255 255 255 255 255 255 255 255 162 155 152 147 150 154 152 145 141 142 137 133 140 136 132 129 136 132 122 143 161 162 162 163 152 134 132 138 134 133 141 155 156 151 131 114 124 139 144 145 151 139 140 144 144 141 137
255 255 255 255 255 255 255 255 255 255 255 255 255 255 255 255 255 255 255 255 255 255 255 255 255 255 255 255 255 255 255 255 255 255 255 255 255 255 255 255 255 255 255 255 255 255 255 169 170 165 159 153 153 155 159 162 152 144 137 131 141 148 144 141 141 129 125 142 161 163 163 164 160 147 132 133 137 139 138 147 151 148 127 113 135 141 136 142 147 143 144 147 156 145 125
255 255 255 255 255 255 255 255 255 255 255 255 255 255 255 255 255 255 255 255 255 255 255 255 255 255 255 255 255 255 255 255 255 255 255 255 255 255 255 255 255 255 255 255 255 255 160 165 174 166 154 156 164 163 159 167 161 149 136 128 132 146 147 145 148 136 130 134 148 158 160 163 164 159 141 130 135 146 139 141 147 145 131 128 146 137 125 131 140 145 150 148 153 143 128
255 255 255 255 255 255 255 255 255 255 255 255 255 255 255 255 255 255 255 255 255 255 255 255 255 255 255 255 255 255 255 255 255 255 255 255 255 255 255 255 255 255 255 255 255 255 162 166 170 158 149 157 167 171 165 164 160 152 141 132 126 138 145 144 149 147 138 125 136 150 152 158 159 152 138 129 128 134 131 134 146 148 140 135 141 128 115 117 140 153 155 147 144 145 133
255 255 255 255 255 255 255 255 255 255 255 255 255 255 255 255 255 255 255 255 255 255 255 255 255 255 255 255 255 255 255 255 255 255 255 255 255 255 255 255 255 255 255 255 255 162 163 168 164 150 146 155 157 163 170 166 159 154 148 141 134 141 145 146 149 153 137 116 129 145 147 152 151 140 128 127 126 131 133 135 150 154 147 139 134 127 118 121 144 154 156 146 145 146 123
255 255 255 255 255 255 255 255 255 255 255 255 255 255 255 255 255 255 255 255 255 255 255 255 255 255 255 255 255 255 255 255 255 255 255 255 255 255 255 255 255 255 255 255 161 166 168 165 162 155 151 156 157 154 162 163 156 147 144 141 142 140 130 135 143 148 136 121 128 140 143 151 147 125 112 119 126 140 142 136 148 148 146 150 138 132 134 134 146 149 149 146 154 149 125
255 255 255 255 255 255 255 255 255 255 255 255 255 255 255 255 255 255 255 255 255 255 255 255 255 255 255 255 255 255 255 255 255 255 255 255 255 255 255 255 255 255 255 157 163 166 170 165 160 157 150 156 164 156 153 147 147 143 141 139 134 130 125 129 136 144 141 134 135 136 133 135 134 121 109 111 117 143 151 138 143 146 147 156 144 136 147 146 143 140 138 139 149 142 122
255 255 255 255 255 255 255 255 255 255 255 255 255 255 255 255 255 255 255 255 255 255 255 255 255 255 255 255 255 255 255 255 255 255 255 255 255 255 255 255 255 255 159 156 157 157 163 164 153 134 129 147 162 155 152 143 143 142 139 142 131 119 119 128 141 158 157 150 147 140 129 125 128 122 117 119 117 133 144 138 142 152 155 156 148 145 149 154 148 133 122 128 145 139 120
255 255 255 255 255 255 255 255 255 255 255 255 255 255 255 255 255 255 255 255 255 255 255 255 255 255 255 255 255 255 255 255 255 255 255 255 255 255 255 255 255 166 162 163 158 152 149 153 143 116 118 141 152 145 149 146 139 141 133 137 142 134 127 136 145 159 162 159 155 145 132 131 134 128 131 148 145 137 135 131 133 142 147 150 151 154 147 146 148 136 120 131 152 153 133
255 255 255 255 255 255 255 255 255 255 255 255 255 255 255 255 255 255 255 255 255 255 255 255 255 255 255 255 255 255 255 255 255 255 255 255 255 255 255 255 164 167 163 164 162 158 142 136 138 129 135 145 144 141 147 148 140 143 137 132 142 145 140 149 154 157 160 159 159 153 135 130 137 138 135 147 147 134 131 131 138 144 143 143 147 149 143 143 148 149 143 146 156 160 145
255 255 255 255 255 255 255 255 255 255 255 255 255 255 255 255 255 255 255 255 255 255 255 255 255 255 255 255 255 255 255 255 255 255 255 255 255 255 255 255 151 164 163 157 156 157 145 127 138 149 155 144 138 146 149 146 144 142 139 137 135 135 134 140 152 158 165 161 158 161 149 141 145 133 122 132 136 129 131 137 148 146 140 146 149 143 140 140 148 152 151 152 156 151 140
255 255 255 255 255 255 255 255 255 255 255 255 255 255 255 255 255 255 255 255 255 255 255 255 255 255 255 255 255 255 255 255 255 255 255 255 255 255 255 130 140 152 158 161 154 147 144 130 134 146 153 142 141 155 152 142 141 137 136 142 134 130 129 138 150 156 165 165 157 160 159 153 152 131 116 127 138 133 136 141 144 129 128 150 156 150 145 137 139 151 152 143 153 151 137
255 255 255 255 255 255 255 255 255 255 255 255 255 255 255 255 255 255 255 255 255 255 255 255 255 255 255 255 255 255 255 255 255 255 255 255 255 255 134 129 143 144 144 153 150 139 143 142 142 144 146 145 143 148 146 143 141 134 130 136 134 138 135 134 145 152 159 164 159 159 160 156 153 147 135 139 148 128 129 133 127 127 136 147 156 161 153 141 133 143 155 148 155 162 145
255 255 255 255 255 255 255 255 255 255 255 255 255 255 255 255 255 255 255 255 255 255 255 255 255 255 255 255 255 255 255 255 255 255 255 255 255 147 140 148 151 140 137 143 146 140 136 139 145 143 138 143 141 140 139 143 144 137 130 132 135 141 140 130 125 134 139 149 154 153 156 147 137 139 144 150 155 127 121 126 119 130 148 150 155 160 153 148 141 143 155 154 164 168 151
255 255 255 255 255 255 255 255 255 255 255 255 255 255 255 255 255 255 255 255 255 255 255 255 255 255 255 255 255 255 255 255 255 255 255 255 255 143 146 153 152 145 148 149 147 145 135 134 138 141 138 140 141 142 139 142 144 138 137 137 137 139 135 121 115 119 109 119 128 126 127 107 100 125 146 149 149 132 131 133 127 133 146 152 152 156 145 144 145 147 154 155 162 168 162
255 255 255 255 255 255 255 255 255 255 255 255 255 255 255 255 255 255 255 255 255 255 255 255 255 255 255 255 255 255 255 255 255 255 255 255 143 132 143 149 151 151 150 153 146 145 142 146 143 138 138 138 138 139 138 139 139 132 136 139 132 136 134 109 107 106 95 115 115 102 104 94 97 127 146 140 141 139 134 136 138 137 147 150 144 148 140 146 146 151 160 163 160 164 165
255 255 255 255 255 255 255 255 255 255 255 255 255 255 255 255 255 255 255 255 255 255 255 255 255 255 255 255 255 255 255 255 255 255 255 153 140 135 144 154 157 147 138 139 141 142 140 143 142 139 142 135 132 134 133 134 135 126 129 141 131 130 133 106 91 85 94 121 114 106 119 117 119 134 135 128 134 136 127 130 141 133 135 135 138 139 130 149 152 152 158 161 167 166 164
255 255 255 255 255 255 255 255 255 255 255 255 255 255 255 255 255 255 255 255 255 255 255 255 255 255 255 255 255 255 255 255 255 255 167 164 156 149 151 154 153 144 139 136 136 144 143 140 137 142 148 145 142 134 129 131 136 134 132 146 146 141 141 127 109 100 106 108 99 107 128 125 125 131 129 124 127 130 128 129 134 127 115 115 138 140 128 148 158 159 158 164 171 164 162
255 255 255 255 255 255 255 255 255 255 255 255 255 255 255 255 255 255 255 255 255 255 255 255 255 255 255 255 255 255 255 255 255 255 163 166 158 154 155 150 148 148 144 149 148 152 151 145 140 139 147 153 158 155 144 138 140 141 141 147 151 150 145 145 142 133 123 107 108 116 119 119 124 124 123 125 124 132 135 136 130 123 112 117 149 152 145 153 160 166 164 171 173 162 161
255 255 255 255 255 255 255 255 255 255 255 255 255 255 255 255 255 255 255 255 255 255 255 255 255 255 255 255 255 255 255 255 255 157 158 158 151 146 144 143 147 152 149 147 148 145 141 139 137 140 148 150 158 162 156 147 141 138 139 142 142 147 145 145 137 136 133 121 128 131 124 123 129 125 123 127 122 127 134 134 129 130 126 134 159 152 143 149 161 169 164 168 169 163 157
255 255 255 255 255 255 255 255 255 255 255 255 255 255 255 255 255 255 255 255 255 255 255 255 255 255 255 255 255 255 255 255 155 151 152 151 153 149 142 149 154 154 148 141 140 138 139 140 138 143 151 151 153 149 149 147 142 135 135 142 143 149 150 148 136 136 141 134 135 136 132 130 136 131 134 136 126 128 124 118 127 133 132 135 150 151 141 148 164 169 168 172 169 168 163
255 255 255 255 255 255 255 255 255 255 255 255 255 255 255 255 255 255 255 255 255 255 255 255 255 255 255 255 255 255 255 160 155 150 149 151 151 150 149 151 148 143 141 144 143 138 139 141 143 145 143 145 150 144 140 142 138 133 138 136 136 151 151 148 145 139 136 145 142 139 139 138 137 131 135 140 136 136 130 127 136 133 136 129 135 148 152 161 172 172 168 164 164 170 164
255 255 255 255 255 255 255 255 255 255 255 255 255 255 255 255 255 255 255 255 255 255 255 255 255 255 255 255 255 255 255 151 154 153 145 149 155 156 157 157 151 141 137 146 150 146 142 138 142 151 146 143 149 149 146 144 135 129 138 133 131 146 151 149 147 142 131 144 148 142 142 147 144 131 122 131 136 134 134 136 142 128 134 135 143 154 157 165 173 174 173 163 162 166 163
255 255 255 255 255 255 255 255 255 255 255 255 255 255 255 255 255 255 255 255 255 255 255 255 255 255 255 255 255 255 151 143 147 152 144 145 159 160 162 164 160 154 153 147 146 150 151 151 142 140 135 137 144 150 154 150 139 129 133 133 135 143 147 148 148 148 140 141 146 145 142 144 143 139 134 132 132 132 133 129 130 120 129 138 146 159 165 162 166 170 175 168 165 160 153
255 255 255 255 255 255 255 255 255 255 255 255 255 255 255 255 255 255 255 255 255 255 255 255 255 255 255 255 255 155 147 141 140 141 143 145 157 160 163 162 160 156 160 150 140 145 149 154 144 136 128 133 142 148 153 146 142 140 131 126 135 145 151 149 143 143 141 140 141 136 133 132 137 148 147 141 136 134 137 129 128 127 132 136 137 149 161 163 164 170 176 169 162 154 143
255 255 255 255 255 255 255 255 255 255 255 255 255 255 255 255 255 255 255 255 255 255 255 255 255 255 255 255 255 152 141 139 133 123 132 139 148 155 160 162 163 158 151 148 141 142 144 153 152 147 144 145 143 144 148 143 139 137 134 135 136 136 145 153 148 135 128 134 140 133 128 133 140 157 154 138 135 138 141 134 134 136 142 144 140 143 149 157 161 170 173 166 158 150 138
255 255 255 255 255 255 255 255 255 255 255 255 255 255 255 255 255 255 255 255 255 255 255 255 255 255 255 255 160 154 142 139 127 106 113 123 137 144 152 156 153 150 140 139 135 135 137 143 150 143 145 147 142 143 144 145 144 135 143 150 142 132 140 148 145 138 132 139 145 139 130 128 134 145 146 135 136 137 136 140 137 137 144 145 140 139 141 151 158 166 165 157 150 145 140
255 255 255 255 255 255 255 255 255 255 255 255 255 255 255 255 255 255 255 255 255 255 255 255 255 255 255 255 156 157 145 138 129 105 98 103 121 134 138 147 146 142 133 137 142 144 145 146 148 144 145 148 148 147 143 140 143 145 151 157 148 145 145 141 139 144 146 139 137 139 129 118 131 142 138 138 138 133 130 134 127 132 146 138 136 137 137 151 164 163 157 156 148 139 137
