example/E5 - XRays/X-ray-tomography/rastert_juap17.txt
ncols         356
nrows         356
xllcorner     -0.5
yllcorner     -355.5
cellsize      1
NODATA_value  -9999
[rows 168 to 209 of 356, columns 0 to 93 of 356]
255 144 138 132 132 137 141 146 153 161 163 161 154 152 155 158 156 153 152 157 160 158 159 157 151 154 153 149 151 151 148 148 136 134 135 131 129 137 145 148 145 141 143 146 142 140 136 141 139 141 146 143 142 140 136 142 136 141 139 138 133 131 133 133 146 156 153 152 153 143 126 135 146 152 164 168 158 152 143 146 146 139 140 139 141 143 134 128 143 145 133 131 137 147
255 144 140 133 134 143 144 146 147 148 153 159 158 158 156 153 156 160 159 160 163 164 160 151 144 149 145 136 135 143 149 149 137 142 145 140 138 142 147 146 137 134 138 137 131 134 141 142 144 142 142 148 147 145 141 135 125 137 144 141 133 132 128 123 139 151 147 141 137 138 134 141 152 158 166 163 153 146 138 137 144 146 144 140 146 145 140 147 145 135 127 130 132 136
255 140 143 143 145 150 151 148 146 147 149 152 154 153 151 153 155 157 153 153 161 163 157 147 143 143 141 138 125 119 140 155 154 155 158 156 151 146 139 133 138 145 147 138 128 130 138 135 144 139 133 132 134 145 146 134 124 137 144 141 144 151 143 136 138 135 126 131 136 146 141 145 153 160 165 164 159 150 158 163 148 145 152 145 140 138 140 153 151 138 133 132 136 138
255 142 153 152 149 152 152 152 152 155 154 153 151 150 152 156 158 157 148 147 157 158 152 135 130 132 140 140 126 121 142 153 157 158 161 160 158 157 136 123 133 143 146 138 132 133 138 138 143 136 135 137 135 139 137 139 143 143 145 146 145 151 148 140 122 112 119 130 139 151 151 160 162 165 163 163 159 154 162 165 150 152 161 159 155 153 147 147 157 156 144 133 134 139
255 151 151 150 146 148 150 153 155 157 152 152 149 146 151 152 150 153 148 146 152 151 139 124 112 111 129 144 148 149 151 156 159 160 166 169 162 155 133 124 131 143 155 151 142 134 137 147 150 147 143 146 140 136 138 147 147 137 141 143 133 136 144 139 120 119 138 140 141 150 155 158 155 160 153 147 153 157 159 162 157 157 162 157 154 152 151 141 141 156 146 142 141 128
255 150 151 153 149 152 160 158 154 149 143 143 141 144 154 153 150 157 154 149 151 149 143 134 112 101 124 144 152 156 152 157 166 170 169 165 166 151 127 130 142 156 160 151 140 131 138 150 145 145 148 149 142 136 140 147 141 130 126 132 136 138 139 136 126 134 149 145 134 136 144 153 151 147 140 130 137 154 163 166 161 156 156 151 148 141 137 137 141 152 150 148 141 135
255 157 158 155 156 161 161 157 149 141 139 141 143 146 153 154 155 155 149 152 157 154 157 148 124 109 134 152 154 153 153 159 165 170 166 155 154 139 116 128 142 153 153 141 135 140 143 147 131 120 133 144 139 141 145 140 137 132 123 133 143 141 134 138 143 142 145 135 124 136 141 145 149 142 138 135 137 151 160 162 147 142 155 157 144 139 139 137 146 153 154 149 140 143
255 152 151 145 144 153 159 161 149 135 138 144 152 156 152 152 151 151 152 157 158 160 164 153 137 124 143 156 157 156 155 155 159 158 156 157 148 125 115 134 151 155 154 144 133 144 146 139 131 127 144 158 149 147 143 137 135 139 137 139 145 147 139 144 153 139 138 128 122 140 141 134 140 147 152 147 142 148 149 146 133 139 142 138 134 138 141 139 142 150 161 157 155 143
255 149 145 140 137 145 152 156 150 145 150 151 151 159 155 148 145 154 163 165 163 162 159 154 141 126 133 146 157 165 158 154 158 160 158 156 137 126 129 131 143 153 159 150 141 142 146 141 146 155 157 154 150 157 149 143 140 139 144 143 133 131 138 146 151 147 144 133 123 126 132 146 155 156 156 152 144 139 144 141 135 149 148 140 136 134 133 142 149 149 159 162 158 150
153 149 144 144 148 150 148 147 145 144 148 149 148 152 155 148 135 137 147 150 156 157 151 152 144 132 134 140 149 154 151 150 155 162 163 153 137 140 133 120 127 144 147 135 141 147 144 138 140 144 149 147 149 161 154 146 146 142 138 139 126 116 137 143 141 145 142 130 125 124 129 142 158 166 152 152 145 130 134 136 138 147 148 149 146 138 140 143 138 142 153 159 160 156
255 147 142 148 157 151 144 147 150 150 148 147 149 149 150 149 138 131 143 150 152 150 148 147 147 140 144 149 139 129 136 140 147 154 151 146 145 143 128 118 124 135 135 123 130 138 133 128 133 138 146 150 150 151 147 145 146 144 138 130 131 123 136 150 144 144 145 134 137 140 145 141 143 157 152 146 133 127 134 133 139 141 146 152 155 151 151 149 144 142 147 148 149 146
255 148 143 141 147 151 153 152 149 150 149 151 152 153 150 148 150 146 155 157 156 156 153 137 138 144 146 145 136 129 135 136 141 145 135 140 141 130 129 124 119 128 138 144 148 136 126 132 142 145 147 143 154 163 161 146 139 146 140 127 137 141 132 143 139 137 140 138 144 149 142 138 139 146 148 147 135 133 146 143 144 149 151 145 144 151 153 157 151 144 141 142 137 142
255 145 141 146 148 150 156 154 152 153 150 153 155 158 152 147 150 146 149 154 154 152 152 145 143 147 141 132 136 139 146 143 141 144 138 142 138 128 130 128 127 141 147 154 154 138 130 138 143 140 142 135 151 162 158 150 149 144 130 133 144 153 141 138 143 143 141 140 141 135 118 121 141 146 137 131 123 123 133 137 140 145 146 137 134 148 149 149 146 149 151 144 137 140
255 140 142 156 161 158 155 152 157 162 159 162 162 157 152 150 149 141 140 152 154 144 142 149 143 138 136 129 134 136 137 136 132 131 134 137 137 134 135 140 140 151 154 156 153 146 146 147 142 140 146 134 136 138 139 145 146 137 133 144 150 157 158 152 148 141 135 141 144 148 143 149 160 155 138 115 107 125 138 139 130 135 145 143 132 139 154 146 135 142 143 144 145 138
255 146 153 157 155 158 161 157 156 159 157 165 166 162 155 154 154 151 150 154 154 150 145 147 138 135 140 137 140 140 135 134 132 131 140 146 140 131 134 146 155 157 154 152 150 147 143 140 144 145 147 138 135 138 134 130 134 145 150 149 155 158 157 149 140 128 123 144 157 165 168 173 166 160 155 146 136 143 146 135 130 142 148 149 138 145 157 156 141 138 141 149 150 142
255 154 161 161 161 167 170 166 161 159 154 154 154 159 159 159 158 154 151 146 144 149 149 145 136 135 138 136 140 139 134 135 142 151 153 145 140 139 148 150 149 150 145 137 140 136 125 132 139 143 142 136 139 143 146 137 135 144 145 150 157 155 149 128 127 135 136 152 170 165 163 174 170 168 164 166 153 148 146 134 136 141 137 139 140 142 146 153 155 150 149 150 145 141
255 157 154 154 158 159 162 165 164 160 153 148 150 158 157 153 148 149 157 151 137 130 130 137 138 135 136 136 132 129 133 141 150 151 143 143 141 145 159 156 146 150 143 136 137 135 138 146 138 141 141 137 141 144 152 149 146 139 134 146 154 150 141 122 129 140 148 159 170 171 167 170 168 173 169 167 163 161 158 149 143 135 131 141 144 133 140 143 144 145 138 138 142 142
255 152 150 154 155 147 151 163 167 165 156 154 155 157 155 152 148 147 153 152 139 131 124 128 135 129 130 132 133 141 146 147 149 146 141 150 148 150 160 158 151 147 129 132 143 144 152 146 130 137 146 152 150 152 159 157 155 149 140 144 149 145 137 132 133 130 146 164 175 180 171 168 167 171 172 173 172 165 163 159 144 130 127 146 146 139 146 140 135 137 136 132 140 138
255 146 146 153 149 132 132 146 152 154 152 162 163 152 146 147 149 148 147 149 143 138 133 130 132 129 128 134 139 144 150 147 143 151 153 151 146 147 150 149 152 141 119 126 138 143 147 124 108 125 137 148 149 153 156 150 144 148 141 139 144 146 150 151 144 120 133 162 175 180 179 180 177 175 176 173 176 174 163 156 147 140 134 141 138 136 150 139 127 135 138 134 139 134
255 149 142 143 144 123 114 136 148 145 143 148 149 150 151 150 149 149 147 147 146 138 137 141 138 144 142 141 144 145 150 148 147 155 155 151 144 143 141 144 154 141 129 135 135 140 139 112 105 121 128 135 139 140 146 150 139 141 143 137 136 136 145 146 132 98 117 159 170 170 176 178 177 176 176 175 178 176 168 161 150 141 132 121 119 129 141 143 130 133 133 131 144 140
255 148 138 138 143 129 124 137 150 147 141 139 137 140 146 144 138 147 147 142 147 144 135 140 146 151 149 144 147 151 155 151 145 147 155 158 150 145 139 143 150 134 124 136 138 137 130 98 98 109 129 146 143 136 141 149 145 144 138 139 137 132 135 136 128 106 118 147 166 180 186 180 172 166 169 172 166 162 170 172 156 135 119 97 105 126 128 139 137 134 131 124 136 141
255 147 131 126 130 132 134 130 143 153 151 143 134 128 132 128 127 140 145 146 149 150 150 155 160 158 150 143 147 152 153 147 144 147 155 156 149 140 133 139 145 135 133 140 144 148 138 110 96 98 117 142 145 145 144 148 154 148 138 137 136 129 134 138 134 125 131 150 164 180 179 175 173 172 174 172 165 168 174 173 164 136 127 109 95 102 117 136 139 140 139 128 125 134
255 149 134 133 139 143 140 125 135 151 147 140 134 130 135 130 128 135 138 137 145 155 164 167 168 163 156 151 147 140 138 143 141 139 146 148 146 138 131 138 140 137 144 152 155 157 151 130 111 120 134 143 143 146 147 150 157 147 146 148 146 138 139 136 137 132 136 153 167 170 164 171 172 168 170 167 165 170 173 162 152 140 144 132 105 85 101 124 132 140 148 144 135 133
255 152 142 141 144 145 144 137 137 139 135 137 133 126 130 130 130 135 139 143 154 161 167 166 166 166 161 154 144 130 129 140 135 132 136 137 138 138 135 141 140 142 152 160 162 164 160 145 131 138 147 146 138 135 143 145 144 138 143 144 137 138 144 143 139 130 139 149 160 166 162 168 164 168 174 164 162 164 165 153 144 146 151 149 133 107 107 117 121 131 137 144 136 115
255 159 150 138 132 140 151 157 151 137 131 131 121 110 121 130 133 139 148 155 161 161 160 162 160 158 155 147 136 135 139 142 134 134 141 140 138 139 139 140 144 153 159 162 159 163 165 157 144 134 137 140 145 136 137 139 134 136 147 144 140 143 152 157 152 140 142 140 149 157 159 166 166 175 176 165 161 151 142 138 144 152 146 143 138 132 131 130 132 142 136 131 137 126
255 153 145 132 123 131 145 151 149 142 136 131 122 109 110 125 137 140 151 162 167 166 161 161 155 151 150 141 127 128 139 146 138 136 142 145 143 145 150 149 151 158 158 157 156 161 161 153 141 134 134 130 138 139 134 135 129 141 158 156 154 148 149 151 148 140 131 129 141 136 144 158 157 158 151 143 139 127 112 113 138 149 143 148 144 140 148 147 140 156 157 136 143 145
255 144 141 136 128 126 137 143 143 143 138 129 131 127 118 129 140 139 147 159 164 165 158 156 154 153 146 134 128 132 146 152 142 145 145 142 137 135 145 153 157 162 165 166 165 165 165 156 146 147 137 126 132 137 134 134 135 140 140 142 154 149 142 142 137 117 104 121 147 140 138 141 140 142 138 141 140 134 124 116 129 144 149 148 139 137 138 145 143 154 161 152 156 154
255 155 147 133 126 127 133 141 142 150 145 125 125 137 135 145 149 139 138 149 159 160 153 157 158 154 151 144 146 153 161 163 160 165 165 162 157 150 155 161 164 169 173 169 164 164 159 146 141 147 132 128 134 126 127 134 133 131 142 149 148 145 141 139 132 101 100 131 151 150 146 146 148 148 141 142 138 130 126 124 122 136 146 144 147 154 149 147 148 150 150 152 150 146
255 255 146 136 127 129 130 138 146 152 141 118 121 136 139 144 146 141 137 139 152 157 154 155 154 153 156 157 158 162 166 167 166 164 167 171 171 169 171 165 162 167 171 171 171 167 156 138 125 135 133 131 135 126 125 128 128 130 144 150 146 148 144 145 143 117 121 145 144 138 144 143 138 139 144 142 135 127 124 123 118 133 143 145 147 154 157 156 153 153 153 157 159 149
255 255 151 152 145 141 138 138 143 149 137 110 117 134 142 145 143 145 149 150 147 147 153 155 151 156 166 167 161 167 173 174 176 170 166 167 169 169 169 166 163 168 167 168 172 165 157 148 127 122 132 130 127 133 133 123 116 111 122 136 147 148 135 139 146 132 138 153 154 149 144 132 133 145 148 138 129 138 134 115 106 121 138 146 148 154 164 164 152 158 163 163 162 147
255 255 152 156 154 150 149 148 146 146 136 115 122 143 155 154 152 146 146 147 137 140 149 149 151 161 176 175 172 173 173 173 176 171 167 169 173 171 167 167 170 170 165 163 162 165 161 153 128 103 111 119 119 139 143 126 109 97 115 135 144 148 140 145 146 138 143 153 158 154 143 142 150 151 143 139 133 132 131 124 117 124 135 144 154 159 161 159 156 156 159 155 148 142
255 255 161 164 157 153 154 151 148 141 128 126 138 149 154 159 158 148 144 144 127 126 138 151 163 170 173 172 174 177 177 173 175 171 174 174 171 168 170 168 166 170 170 169 164 167 155 144 119 80 87 109 129 151 158 141 124 109 120 141 144 147 141 135 136 141 145 142 145 145 143 144 142 138 142 150 143 136 141 140 131 137 143 139 147 164 167 162 162 158 162 159 154 150
255 255 169 169 156 152 156 152 153 145 128 130 143 145 146 150 149 142 135 141 137 133 135 147 159 167 171 177 179 178 175 172 174 171 170 170 172 172 171 171 171 175 176 171 168 172 158 142 97 57 64 91 132 148 145 145 142 124 120 130 132 135 139 130 133 141 144 142 148 147 144 132 116 125 142 151 148 143 144 140 138 139 139 139 142 154 161 160 157 160 166 163 152 140
255 255 165 162 157 156 158 153 146 144 139 143 153 157 155 147 140 130 125 138 146 152 155 157 155 158 165 174 174 170 172 172 171 171 173 174 170 168 168 176 175 171 167 168 168 167 159 138 78 31 34 74 134 146 138 147 147 131 124 116 124 135 143 137 130 139 144 146 149 138 139 142 130 132 136 134 134 132 145 148 145 142 139 150 155 155 161 157 151 154 159 156 144 126
255 255 155 153 153 154 149 142 132 132 147 158 164 162 155 153 151 143 139 145 153 155 159 162 162 166 167 167 168 168 173 173 167 169 175 174 172 171 168 169 166 164 172 170 169 171 167 150 94 34 32 74 132 142 137 145 137 135 144 138 142 145 145 144 137 130 130 137 142 138 137 140 145 148 146 140 139 133 145 145 144 149 148 152 149 147 151 143 143 142 139 134 127 120
255 255 151 151 148 147 138 131 132 133 148 154 149 145 145 149 151 152 151 152 157 155 156 162 166 170 168 167 168 173 179 172 165 167 163 158 169 170 164 167 169 169 173 169 169 173 166 156 118 52 32 49 105 140 145 146 137 139 143 136 137 141 142 139 132 124 122 134 142 145 142 140 143 141 143 142 140 138 148 146 147 144 139 147 147 147 140 133 134 123 122 120 119 133
255 255 255 152 154 152 142 133 136 139 148 147 137 128 132 142 149 153 159 161 163 165 165 169 169 169 168 171 174 173 178 178 176 174 166 166 173 168 169 173 171 172 171 171 169 164 160 158 138 88 51 36 79 137 149 145 144 138 122 118 136 144 144 145 139 140 131 136 138 142 145 147 144 138 136 133 138 142 146 143 146 144 137 137 139 148 139 142 140 128 130 129 123 134
255 255 255 148 154 153 144 141 145 146 149 147 138 127 130 143 153 157 160 157 156 168 171 171 173 176 174 170 173 171 166 164 170 174 174 174 175 169 173 175 170 174 170 171 173 166 164 163 150 130 95 61 75 124 143 145 151 139 120 119 133 134 133 140 146 152 143 138 135 143 148 148 146 141 141 151 153 144 141 141 142 144 142 133 127 146 144 139 135 137 134 134 126 129
255 255 255 148 148 149 145 149 155 151 147 143 139 136 141 151 158 156 156 153 155 161 160 164 167 168 171 172 172 170 170 171 169 168 169 166 172 169 164 167 170 166 165 173 173 171 172 175 164 151 122 85 73 114 148 154 151 141 134 138 137 132 131 137 137 142 143 138 140 145 146 145 144 142 143 161 164 156 150 143 145 145 143 128 124 145 145 144 139 138 131 130 129 128
255 255 255 151 148 148 147 149 152 149 142 139 137 144 156 161 163 163 169 169 167 163 152 161 170 169 170 168 169 168 169 171 171 172 175 171 172 171 168 168 172 173 175 182 178 171 170 171 167 161 135 92 68 105 144 148 140 140 142 149 144 135 131 138 140 142 144 153 157 149 141 144 155 156 151 159 161 156 146 128 136 154 148 133 138 149 146 145 138 139 128 116 128 130
255 255 255 155 152 152 153 150 147 144 136 136 141 150 161 165 167 172 173 172 167 163 160 167 167 166 165 162 166 168 172 174 171 169 169 168 166 164 170 177 177 179 181 181 179 172 171 170 168 167 154 124 84 98 140 149 150 152 140 135 139 138 139 144 145 137 136 142 148 148 145 151 162 159 154 156 152 151 149 134 131 145 144 137 142 144 145 142 132 133 126 115 136 139
255 255 255 157 152 150 150 148 147 149 143 141 146 156 164 169 167 169 168 167 164 159 154 156 163 170 169 168 167 165 167 166 168 172 171 170 172 169 170 174 171 174 177 175 174 173 169 165 167 166 164 146 106 93 129 147 156 160 142 135 146 146 141 142 141 139 141 142 148 155 156 156 162 156 155 157 148 154 154 144 138 137 139 140 145 145 141 138 128 124 128 133 139 139
