example/E5 - XRays/X-ray-tomography/rastert_juap52.txt
ncols         356
nrows         356
xllcorner     -0.5
yllcorner     -355.5
cellsize      1
NODATA_value  -9999
[rows 168 to 209 of 356, columns 188 to 281 of 356]
122 118 130 146 145 147 140 145 153 130 124 152 164 153 159 168 162 159 160 163 161 159 150 149 153 162 161 160 155 149 149 146 148 154 158 145 147 148 144 148 150 145 143 146 156 157 148 141 144 161 167 157 135 130 147 155 152 153 148 142 148 162 155 152 163 166 165 159 151 153 160 152 155 155 153 145 139 146 141 132 135 144 135 134 147 157 152 162 158 143 124 111 100 92
123 110 127 146 138 145 152 147 150 147 132 143 155 159 166 169 165 165 164 161 153 157 150 146 148 147 148 154 147 136 143 159 160 155 161 141 130 143 149 149 145 147 148 147 156 162 158 155 144 146 155 156 128 124 150 161 155 143 147 145 148 150 153 166 167 169 171 163 165 165 153 146 152 153 152 150 147 152 149 147 144 145 139 143 155 165 162 167 166 162 149 143 129 124
116 128 132 137 131 138 152 148 147 152 148 144 152 163 167 163 160 165 170 163 156 162 156 148 150 148 150 155 142 143 144 158 157 155 164 144 126 145 157 153 150 151 152 147 140 152 159 153 147 152 149 147 132 144 162 163 155 145 149 152 157 155 155 171 170 167 165 161 164 157 146 153 154 148 150 153 148 153 151 153 141 136 147 152 156 162 156 163 168 161 151 149 149 140
124 145 140 130 136 141 151 157 148 146 149 140 156 162 161 161 162 155 170 167 161 161 158 165 162 150 148 150 144 151 146 148 153 154 158 151 134 138 154 157 159 153 150 146 139 142 149 145 151 160 156 157 152 150 160 150 148 150 147 150 155 160 155 160 163 163 162 160 158 154 150 151 151 147 151 161 156 153 145 142 140 141 154 156 159 160 149 157 165 163 160 160 156 150
146 147 148 132 137 148 154 170 162 157 162 157 164 155 155 162 170 162 175 172 154 155 163 173 162 151 149 148 157 152 153 150 147 149 148 153 144 134 147 139 144 149 150 145 141 138 146 150 151 151 149 156 155 144 159 159 158 157 151 154 150 149 155 161 163 161 158 159 154 153 148 142 147 141 134 132 127 133 138 142 156 156 155 155 153 155 148 150 156 162 156 155 153 152
147 138 149 143 154 159 153 160 163 162 172 165 155 147 145 152 164 167 164 164 157 166 171 167 154 155 156 143 160 147 151 154 137 147 153 151 152 141 140 138 147 156 157 151 149 145 149 156 157 150 149 155 145 143 160 168 170 165 154 155 158 151 156 159 159 160 158 157 156 156 143 143 152 140 121 108 112 124 142 147 148 148 150 155 154 151 150 150 151 150 145 145 148 146
141 121 139 143 151 157 156 149 149 149 157 151 147 150 150 157 155 156 160 162 162 168 157 153 150 153 160 148 154 154 150 152 152 156 156 156 157 145 139 149 158 157 161 162 162 151 147 152 159 154 151 161 154 157 161 156 159 162 155 158 161 158 162 157 157 154 155 159 161 156 134 143 154 143 134 133 140 139 153 156 149 147 155 156 157 160 161 157 151 146 150 149 134 127
132 120 136 144 140 143 146 146 154 152 147 151 152 150 153 156 158 159 160 161 161 160 155 156 151 146 163 157 142 158 157 157 160 157 155 160 151 134 134 142 157 159 164 153 151 151 153 155 152 155 155 163 165 162 159 150 150 153 154 160 156 156 152 137 148 149 143 150 148 144 135 139 144 144 148 152 153 152 156 158 152 149 153 154 158 163 163 157 153 152 155 154 135 123
144 135 137 151 144 138 141 145 156 157 153 150 139 145 162 160 147 147 157 164 162 158 168 163 158 153 159 148 144 163 163 159 150 148 153 151 147 146 146 145 158 161 163 151 152 151 149 160 153 154 152 155 162 158 157 156 154 151 154 158 150 148 143 134 143 154 153 155 146 148 153 152 149 149 156 148 150 152 155 155 144 147 148 149 149 150 156 155 157 149 141 142 139 137
144 153 147 143 133 136 142 153 151 146 155 151 140 153 159 156 146 139 148 163 163 150 154 157 160 156 158 147 143 149 147 147 142 141 150 148 153 158 151 144 156 163 163 159 156 150 152 161 157 149 149 152 158 167 161 152 154 155 161 161 155 156 157 149 147 162 160 156 151 152 158 159 151 143 152 148 151 154 155 152 144 151 151 148 135 140 154 156 153 142 136 136 140 140
141 157 144 122 114 123 137 154 154 144 152 157 141 140 140 135 144 148 150 154 149 145 151 162 164 156 152 146 138 144 151 157 162 152 151 150 150 147 141 144 153 161 167 160 147 140 146 148 151 151 155 157 158 158 156 159 154 146 153 154 153 158 157 150 149 158 154 156 154 156 157 154 158 156 157 148 149 164 166 154 152 157 155 146 127 142 159 163 152 139 136 140 144 144
143 156 146 120 108 131 150 153 155 145 154 154 147 149 139 134 143 148 146 147 144 153 161 158 162 151 143 145 144 150 156 155 162 165 161 154 148 143 148 154 157 155 158 147 143 142 145 144 157 163 164 162 159 163 162 160 152 141 144 148 138 148 164 163 157 158 153 158 153 151 158 160 169 166 167 160 156 163 164 161 160 159 148 135 120 137 158 161 149 135 137 140 141 138
147 157 149 112 108 137 149 155 150 146 159 147 147 150 142 135 143 145 137 146 150 161 161 145 153 149 141 139 146 149 154 150 152 156 156 154 144 152 165 161 161 156 151 138 138 144 159 160 162 159 148 149 154 163 156 151 142 135 139 147 138 139 159 163 154 155 153 156 152 153 166 166 169 170 169 172 166 158 160 157 162 168 156 143 134 142 153 148 140 138 141 134 136 132
144 152 141 108 111 127 144 163 151 143 155 150 155 154 146 135 136 134 131 137 146 159 154 140 144 147 146 146 146 147 152 146 150 149 149 158 153 157 160 154 158 158 148 137 141 142 154 151 145 151 151 162 161 151 142 147 145 133 128 140 146 146 157 160 152 150 153 154 154 166 167 164 159 164 163 163 159 157 161 161 166 167 166 166 159 153 149 141 135 144 146 138 140 137
120 124 118 117 119 121 152 167 154 150 152 147 151 147 141 131 130 135 144 144 152 160 147 143 149 151 146 144 139 150 154 146 154 156 152 152 154 156 154 154 153 156 148 143 151 156 156 159 157 147 157 166 155 143 135 146 156 146 134 129 127 134 147 155 155 148 152 154 157 163 159 165 163 165 158 158 160 165 166 168 170 170 171 170 164 159 151 153 146 147 148 149 149 150
117 112 102 110 116 122 148 156 160 164 153 139 141 140 137 139 143 134 139 148 155 158 142 138 148 148 141 142 142 151 142 133 142 148 156 152 143 146 153 160 153 154 157 151 144 161 160 163 164 150 156 152 144 141 139 150 155 161 154 134 113 117 137 151 152 150 156 152 157 160 160 170 173 165 159 164 167 174 171 167 171 179 175 170 166 162 152 153 155 151 145 146 149 148
143 126 100 108 120 114 133 145 154 157 152 149 141 138 132 147 152 139 138 136 143 156 145 140 142 142 144 145 144 142 134 131 133 138 163 160 149 153 159 159 151 142 149 149 138 149 149 153 161 153 156 147 142 145 150 158 157 166 164 155 136 115 129 145 153 157 160 155 156 160 165 167 163 157 158 169 171 170 172 173 173 171 168 164 164 161 148 143 151 156 147 144 146 143
147 137 123 134 135 112 124 142 147 155 156 148 138 140 133 127 126 136 151 152 142 150 145 136 138 150 152 142 139 141 141 140 141 144 159 159 154 154 148 149 143 132 142 151 148 151 150 148 148 146 156 153 152 154 152 161 161 161 164 166 161 141 138 148 155 145 158 171 166 169 166 156 159 163 166 170 168 168 167 165 166 165 164 161 155 153 142 140 151 157 149 138 147 149
155 150 138 140 138 121 116 122 126 142 145 145 151 150 143 130 122 138 157 158 137 134 141 130 137 152 152 143 134 141 136 136 150 155 158 153 148 158 149 141 136 135 146 154 157 159 156 155 158 159 154 151 157 162 161 166 165 162 161 163 170 163 154 147 141 135 152 165 164 165 159 161 172 175 177 171 167 168 172 175 175 170 168 167 157 153 147 153 165 164 152 135 141 157
155 152 142 155 155 142 124 119 121 138 141 142 148 141 135 138 134 134 148 151 141 140 144 131 147 154 146 150 138 137 133 142 154 160 160 156 145 150 143 143 138 138 152 158 158 156 155 160 162 160 155 160 164 167 165 162 165 172 166 154 164 168 165 148 143 147 153 154 155 159 161 164 170 168 170 173 173 166 174 179 170 168 171 168 156 150 159 160 165 161 161 152 150 161
141 149 154 165 158 152 138 123 119 134 133 132 131 123 128 134 131 124 134 146 148 139 140 150 157 156 153 163 152 145 147 153 163 164 157 162 150 136 136 149 156 149 151 157 159 158 165 160 155 159 157 162 165 160 161 161 168 169 171 162 161 163 168 157 157 160 158 159 151 142 155 168 172 160 162 174 172 166 169 170 164 165 167 166 161 157 161 162 167 168 169 164 156 152
143 157 157 156 153 148 137 125 114 120 122 117 121 112 120 135 142 141 139 134 145 143 141 145 141 151 155 160 154 146 151 158 162 155 149 154 150 140 133 141 163 162 160 167 168 167 171 169 168 175 164 166 173 175 175 164 161 160 169 176 174 168 165 159 165 163 158 168 158 141 145 159 170 165 162 166 166 173 173 174 175 172 171 164 165 167 163 161 166 167 164 161 158 144
151 156 150 142 150 150 135 134 126 129 131 130 141 136 143 148 149 147 144 135 145 144 141 133 136 149 152 156 155 140 147 159 158 152 149 152 150 143 141 142 151 158 161 168 171 168 169 168 173 178 173 171 176 174 173 169 161 161 160 170 178 174 172 169 166 163 159 168 163 155 144 144 164 165 164 169 171 173 176 171 169 165 165 163 166 169 164 155 154 157 161 158 152 130
153 150 149 142 153 161 149 138 123 131 135 137 148 140 143 146 147 146 142 146 150 138 132 133 145 151 151 155 164 150 149 156 162 161 158 163 159 150 146 142 141 158 159 161 167 163 172 169 168 169 169 169 172 164 167 168 166 166 160 162 167 167 168 166 171 174 172 172 165 159 143 128 146 154 156 170 170 162 168 159 159 159 159 160 159 160 160 153 149 153 154 144 134 119
151 141 143 152 164 169 150 138 133 144 143 130 143 144 133 136 140 150 145 151 154 145 143 144 150 154 160 162 161 162 158 153 156 159 161 163 155 147 141 138 142 160 156 153 164 153 168 175 170 174 170 167 168 166 162 162 165 165 168 166 167 165 160 162 165 164 167 170 166 162 154 143 149 154 156 164 162 157 166 168 170 164 159 161 159 158 158 153 150 150 140 134 136 136
146 140 148 169 167 159 155 151 141 148 147 136 146 142 134 141 142 143 134 148 159 156 156 147 143 149 163 165 154 160 162 156 159 164 168 167 160 148 137 143 156 161 155 151 159 157 169 167 167 173 169 164 162 169 168 164 165 165 165 167 166 173 173 169 155 151 155 160 162 164 171 172 163 146 140 133 134 143 155 154 157 158 151 157 168 161 148 144 145 142 133 126 138 147
154 144 154 168 167 152 156 162 152 151 149 144 146 126 132 146 149 154 145 145 154 159 156 149 147 148 156 165 166 162 165 166 160 162 166 161 155 148 144 149 147 150 156 158 163 168 170 166 165 167 168 170 170 172 171 162 165 167 169 173 168 171 170 172 166 163 158 159 156 158 166 173 159 127 103 96 100 103 115 123 129 125 116 131 156 155 143 142 142 139 138 134 135 137
155 144 151 159 165 157 157 159 163 168 152 135 133 132 146 145 156 169 165 159 150 151 159 164 159 157 162 167 174 170 161 163 167 168 163 159 151 137 138 159 152 151 156 153 164 174 163 159 159 164 168 172 173 165 155 162 170 168 166 170 167 171 172 172 173 167 163 163 159 157 156 160 152 130 100 101 107 95 104 121 124 120 115 119 142 152 148 142 149 154 151 147 130 123
155 157 148 143 159 158 154 158 160 163 148 138 144 146 146 141 148 158 154 155 155 158 164 167 166 170 168 161 172 179 164 161 166 164 158 153 142 139 147 166 155 157 159 159 174 183 174 167 161 167 173 171 168 162 159 164 171 172 166 163 162 175 175 169 169 167 167 166 169 164 151 151 151 142 125 132 141 134 140 151 154 153 154 141 144 152 151 142 148 156 148 141 130 119
154 163 147 149 165 156 153 155 147 142 142 141 150 142 137 147 149 157 156 158 157 161 168 168 173 174 169 171 173 170 165 163 158 152 155 149 143 153 161 167 154 161 159 161 168 173 178 176 170 173 175 172 172 165 166 171 174 170 171 167 160 164 168 162 163 174 174 161 164 164 154 160 155 151 144 141 148 150 155 164 167 163 156 138 130 141 149 149 145 149 144 137 134 123
153 160 154 155 152 149 152 140 133 134 144 147 147 138 144 154 150 156 161 162 157 164 170 170 164 164 166 164 157 158 165 168 166 157 155 145 141 147 156 165 157 167 166 164 166 164 170 170 170 165 160 166 173 171 174 183 181 168 167 173 165 157 169 173 170 171 170 165 167 170 170 168 159 162 157 144 147 152 156 166 161 154 139 124 122 144 155 154 137 141 147 138 137 137
132 142 157 157 152 149 147 144 146 141 144 151 155 145 156 157 148 152 151 162 163 166 164 166 163 169 170 162 163 157 155 165 168 168 155 134 142 158 163 170 162 164 164 162 171 171 174 175 173 165 160 171 180 181 179 180 181 173 171 178 171 163 173 178 165 165 170 177 182 180 176 167 167 167 166 160 160 164 160 156 153 151 144 140 139 150 146 146 139 138 146 144 139 141
133 135 148 151 155 147 145 151 145 139 154 160 164 152 159 163 159 162 154 161 158 163 168 172 170 171 168 174 175 167 164 169 160 166 158 141 156 165 162 166 158 164 172 166 169 175 171 173 178 174 173 169 167 173 177 172 175 176 175 175 173 173 176 173 161 164 167 177 180 176 175 175 179 173 171 166 163 163 162 154 151 153 153 156 149 146 138 145 150 151 151 149 133 127
149 143 152 160 154 149 154 146 136 137 160 168 166 158 156 165 166 169 166 165 160 168 170 168 175 171 166 171 174 173 164 165 158 168 160 151 158 156 163 165 164 167 171 167 171 180 172 172 176 175 177 175 174 169 171 174 170 165 168 174 170 169 173 176 173 170 171 180 172 171 185 182 182 181 173 171 170 167 168 161 152 148 143 147 146 138 133 138 146 154 151 146 132 127
160 153 160 168 154 152 154 150 160 147 158 169 166 173 171 170 169 172 172 170 179 176 170 161 165 162 157 163 172 173 158 158 159 172 163 155 158 151 165 169 165 167 163 157 161 165 168 170 167 164 162 167 173 163 162 172 179 169 166 177 171 172 179 180 178 176 174 180 178 175 184 175 174 177 171 175 179 173 166 161 165 162 153 146 143 141 145 137 140 148 145 143 142 141
164 160 160 163 159 157 151 153 164 151 157 173 164 166 174 172 166 169 167 164 167 152 161 164 164 159 151 168 171 178 167 155 157 165 160 160 161 148 160 168 157 166 168 160 164 159 166 163 153 147 150 161 165 166 173 174 179 179 171 176 179 181 178 172 171 171 168 170 177 180 182 177 177 178 172 175 178 178 174 174 176 171 166 155 147 148 160 149 139 142 148 144 143 143
158 151 157 157 151 155 145 141 153 157 157 174 166 160 174 172 165 168 164 165 170 159 158 157 160 160 155 170 164 171 165 154 160 150 146 156 158 151 161 172 164 170 168 169 170 157 161 153 149 154 157 172 178 173 180 175 170 173 168 172 172 168 169 172 176 178 176 170 170 170 164 170 177 179 175 170 167 173 179 176 174 164 163 162 149 139 146 141 138 143 143 135 137 138
145 150 159 153 140 137 128 136 154 160 155 165 160 160 172 162 160 167 166 163 166 163 159 157 163 159 157 160 163 169 160 154 155 147 149 161 166 171 173 168 164 173 175 173 170 167 170 157 156 160 168 179 184 178 182 178 169 169 166 172 173 174 170 166 175 180 174 169 172 170 165 173 171 171 176 173 170 169 175 170 172 166 162 156 145 129 133 141 143 148 140 138 140 141
150 153 149 147 148 140 116 129 155 161 155 155 154 154 163 156 156 160 156 155 149 149 160 156 157 159 164 169 164 158 161 159 153 157 164 161 163 166 165 164 168 177 178 173 158 167 167 148 149 154 167 174 177 179 180 182 178 178 168 176 182 178 165 163 171 176 177 176 175 170 174 183 178 172 177 176 175 170 174 171 166 167 169 156 148 138 137 141 130 133 136 141 149 151
159 159 147 146 151 150 120 126 155 164 165 159 156 164 169 161 159 157 151 157 146 135 153 157 163 168 171 173 158 152 155 157 159 167 175 171 168 166 163 165 159 167 173 175 159 153 147 130 138 163 181 182 178 179 179 180 183 187 177 179 175 169 166 175 174 169 175 175 170 168 178 178 175 172 180 177 173 169 174 169 160 160 160 155 155 150 140 134 120 122 131 133 145 160
166 163 159 158 149 144 130 135 154 154 161 163 156 158 162 158 153 152 144 144 141 126 147 165 170 166 161 155 143 150 158 164 164 165 169 174 170 175 179 175 165 167 173 172 163 144 129 113 131 160 172 179 180 176 172 178 186 185 185 181 177 174 168 171 167 167 174 173 169 171 173 167 168 172 178 173 175 174 178 169 161 163 164 165 158 145 140 135 127 126 133 135 137 152
154 153 155 156 144 132 131 143 158 149 162 162 150 149 150 144 149 156 153 147 140 116 128 154 169 167 160 159 154 145 156 166 165 166 174 174 170 178 186 178 174 168 167 167 163 141 114 89 116 154 172 173 176 180 172 182 187 181 181 174 182 186 178 178 176 179 178 177 171 168 172 172 173 176 180 176 175 174 178 177 171 169 167 163 148 126 116 124 135 140 138 135 136 152
