example/E5 - XRays/X-ray-tomography/rastert_juap34.txt
ncols         356
nrows         356
xllcorner     -0.5
yllcorner     -355.5
cellsize      1
NODATA_value  -9999
[rows 126 to 167 of 356, columns 188 to 281 of 356]
162 154 140 122 121 147 149 125 124 139 131 124 139 128 108 111 136 150 149 146 127 126 144 156 167 170 173 173 161 167 171 161 151 123 94 99 121 135 130 121 126 128 132 132 131 127 135 140 138 136 140 150 152 142 138 138 137 133 123 119 124 150 163 170 171 160 165 173 159 162 162 160 163 158 158 164 170 172 167 168 167 165 166 156 158 167 163 163 155 152 161 168 167 165
158 154 143 142 143 148 144 130 126 138 129 112 116 120 129 140 152 156 152 145 117 118 152 161 162 167 167 160 157 172 176 154 137 111 102 121 127 136 119 113 124 126 125 112 107 119 129 137 140 138 139 148 150 144 136 123 114 120 121 107 101 130 153 160 162 162 171 169 155 152 149 150 156 148 154 163 171 170 162 157 162 170 165 154 160 170 169 164 159 164 170 172 168 167
151 133 122 134 143 150 141 141 138 141 118 97 109 129 147 155 149 145 147 138 99 104 152 163 156 159 163 163 164 172 160 151 147 125 123 126 125 135 107 115 138 138 126 89 75 110 132 140 146 141 143 144 143 139 131 114 97 113 111 97 94 116 145 157 165 174 173 162 147 149 148 142 147 149 157 157 165 167 159 148 155 166 154 150 158 162 162 161 165 170 174 174 165 165
142 118 116 128 135 151 155 155 138 120 97 100 125 144 151 156 147 141 143 133 100 104 144 157 155 158 162 165 163 162 152 159 145 127 125 120 134 138 109 120 144 139 123 84 74 107 129 139 139 142 144 140 135 133 132 122 108 116 108 109 104 117 142 154 158 172 171 161 150 142 135 140 150 152 151 148 152 152 150 150 162 163 149 147 146 138 136 145 159 156 156 164 166 168
148 130 122 128 137 152 156 149 131 114 112 122 139 153 155 158 152 155 161 150 136 133 151 153 157 153 153 157 151 152 158 160 143 129 133 137 148 144 129 136 153 142 127 97 81 98 124 138 133 143 148 141 134 141 137 124 121 123 119 118 117 125 141 145 142 161 163 156 148 131 139 155 157 155 153 147 144 149 154 154 157 154 150 147 139 130 124 123 145 144 141 152 158 155
151 148 133 132 141 147 139 129 128 121 123 135 150 153 152 160 158 168 163 144 140 125 143 162 159 151 153 148 147 144 152 159 152 138 145 155 147 142 146 145 152 144 135 114 77 71 113 139 134 135 138 136 128 138 137 125 126 123 127 119 122 126 137 138 141 153 149 143 135 127 147 158 153 152 149 139 139 157 162 152 151 151 154 152 142 138 135 128 141 136 137 145 146 143
155 157 137 137 145 139 137 131 129 131 137 147 146 141 141 153 167 164 157 144 131 105 137 158 147 153 152 151 155 147 151 161 155 148 148 146 142 144 154 153 151 143 133 133 104 83 116 140 131 125 127 130 127 132 133 124 132 129 131 127 129 125 131 134 137 129 130 132 121 118 143 157 157 154 145 134 134 154 160 161 158 156 160 159 147 141 137 127 122 120 128 137 139 139
153 158 140 137 140 136 147 146 134 141 147 148 131 132 142 145 157 153 159 150 125 117 142 151 143 149 143 149 161 159 154 159 155 153 152 149 156 153 152 155 152 151 147 147 133 118 129 135 133 137 137 139 128 127 130 120 127 128 133 135 133 130 137 131 127 126 131 127 106 102 132 155 156 160 154 138 139 153 160 166 163 162 163 157 136 127 118 110 116 119 118 121 122 118
144 153 150 132 131 141 149 146 135 151 145 131 125 143 147 137 139 147 153 149 142 142 150 158 155 159 156 154 158 159 160 164 158 158 155 150 156 158 155 157 156 161 162 157 148 131 140 133 138 151 145 146 135 129 139 132 130 135 140 152 140 131 133 125 127 133 135 128 116 116 139 160 157 160 156 140 145 154 159 160 158 165 160 149 133 114 97 103 126 128 119 118 118 108
150 146 141 133 137 149 144 150 144 152 134 109 121 141 136 131 131 139 150 149 152 153 158 161 152 160 164 163 158 155 160 169 159 155 152 154 152 156 157 162 165 158 163 162 157 147 153 144 153 156 147 148 149 132 137 141 140 143 145 154 147 141 130 129 137 133 128 123 134 137 140 156 161 165 152 143 150 154 155 166 166 163 151 143 133 107 102 122 134 130 128 128 126 121
158 144 129 143 154 164 152 154 147 129 104 97 126 144 140 136 143 143 144 149 151 159 166 167 162 164 170 163 158 165 167 171 156 141 140 160 159 166 161 160 163 158 164 162 162 154 148 141 154 157 157 154 153 138 136 137 129 129 136 142 143 145 139 140 145 139 124 119 129 136 139 146 153 155 145 145 158 156 150 162 162 157 151 130 106 90 104 128 131 133 131 128 124 130
152 143 136 153 162 167 157 149 133 110 99 119 135 145 155 147 147 148 145 156 154 160 169 174 169 159 163 168 166 169 167 161 154 139 137 154 158 174 169 157 164 168 170 168 164 161 156 146 149 150 155 153 143 142 140 131 113 117 137 141 142 144 136 139 138 116 102 106 111 117 135 145 153 151 148 155 164 153 140 141 138 140 135 107 86 75 77 105 128 136 127 112 97 111
141 140 143 152 154 154 150 136 125 127 124 120 124 136 150 151 151 148 150 165 163 166 167 167 168 167 173 165 165 168 167 166 165 152 155 160 162 167 156 149 159 163 166 172 169 164 159 157 159 151 151 151 145 143 142 126 114 126 143 144 148 149 136 123 94 57 51 62 64 69 105 137 149 153 154 159 164 167 155 135 114 104 108 104 98 92 92 113 132 129 123 113 95 101
138 147 153 149 139 135 150 146 147 155 148 135 150 161 162 162 166 160 162 174 171 173 167 172 183 175 180 163 163 170 166 165 166 162 160 161 162 164 155 150 162 164 157 164 170 164 161 168 167 158 154 150 151 147 147 131 123 133 149 154 150 145 128 90 48 26 20 28 34 37 82 119 136 153 159 163 164 174 163 141 121 101 110 121 125 127 129 131 137 131 127 127 117 113
149 143 141 145 152 152 161 160 156 153 161 160 161 162 159 167 172 166 160 173 175 172 171 176 182 170 180 177 174 169 162 161 168 174 160 158 168 166 158 155 162 159 154 157 162 163 162 159 156 158 160 157 147 143 147 141 137 133 145 153 145 135 110 75 36 23 22 27 30 31 67 102 136 163 160 160 158 166 165 164 152 135 141 147 147 146 138 129 137 132 124 129 126 126
152 146 147 152 161 158 156 166 161 157 164 168 164 160 163 167 173 172 166 175 171 155 162 175 178 167 171 175 173 169 176 176 169 171 156 149 165 166 163 157 153 144 150 152 163 174 162 155 155 160 161 158 140 130 140 138 134 128 140 152 149 138 108 69 34 24 30 29 27 27 60 105 143 155 153 158 158 164 166 172 161 157 163 162 154 151 142 132 139 131 128 136 134 139
150 149 161 162 152 148 147 155 160 167 165 165 165 173 170 157 166 166 162 167 170 160 159 174 174 173 176 166 165 164 176 173 174 174 157 149 154 159 159 161 155 143 142 148 166 169 154 150 156 162 159 151 138 126 140 141 124 117 136 148 151 137 97 62 39 24 30 28 35 53 94 133 148 143 147 161 162 169 171 170 165 170 166 158 158 152 142 134 136 130 134 135 129 137
140 145 164 161 152 150 142 140 153 163 167 173 171 174 165 152 157 159 169 174 168 171 163 165 167 171 175 170 169 169 170 162 180 181 152 147 154 164 168 163 161 155 143 145 157 155 157 153 152 157 154 154 148 140 145 140 130 129 136 142 148 125 80 60 55 38 43 57 76 91 123 148 145 147 150 159 158 157 169 171 171 171 167 162 160 146 135 135 133 129 131 125 114 119
152 157 163 156 163 160 147 151 166 167 170 175 169 154 130 117 146 162 179 179 170 181 174 171 176 169 173 169 167 174 174 170 175 169 157 159 165 168 168 163 160 159 147 139 151 153 160 159 162 170 161 153 145 140 138 136 146 148 142 138 136 124 97 87 85 76 89 110 124 129 139 150 149 155 157 160 154 156 171 164 159 160 164 162 155 146 136 139 138 139 134 122 121 119
161 165 171 158 164 164 164 159 164 168 170 166 164 155 122 104 143 166 178 173 166 173 172 169 171 166 177 171 169 167 176 179 165 158 166 171 168 165 171 173 166 168 163 144 140 151 159 157 172 174 157 150 149 140 132 135 159 153 144 144 135 126 117 124 125 122 129 141 150 156 151 154 157 157 158 157 161 164 163 153 162 161 153 153 161 159 138 133 134 135 133 133 135 125
166 170 177 165 170 168 175 174 172 177 174 166 170 177 163 149 168 169 166 168 166 173 176 166 166 173 182 174 175 166 175 179 167 168 178 172 171 171 176 181 178 173 166 148 134 147 164 161 164 159 160 157 152 129 122 148 161 144 150 150 141 130 136 149 141 139 146 146 141 153 161 163 163 163 165 158 157 145 137 151 165 160 156 161 166 157 134 122 124 119 124 132 126 117
166 164 174 175 182 174 169 179 178 178 177 173 173 176 179 170 171 171 171 169 173 181 180 169 173 179 184 184 178 171 176 176 173 179 182 168 168 168 173 184 184 172 161 146 140 153 164 165 160 152 157 154 148 133 131 158 159 146 158 149 139 125 135 150 145 151 148 139 143 156 164 166 164 168 174 170 160 146 128 140 158 166 171 174 166 154 143 135 127 116 122 133 130 120
169 158 168 184 183 178 167 178 176 176 176 176 178 171 178 172 175 175 180 178 177 184 178 166 171 174 172 182 178 172 175 175 175 172 177 174 171 170 174 175 176 172 167 160 161 170 165 162 162 148 147 152 141 146 146 157 157 141 148 140 126 113 126 147 151 147 136 137 153 165 164 165 166 170 172 164 156 155 139 144 156 164 168 169 165 162 152 143 130 115 117 125 132 130
181 176 168 176 174 188 180 175 176 181 182 178 171 166 180 179 182 180 177 176 175 180 178 168 173 183 180 174 167 174 176 181 183 175 176 175 164 156 171 174 177 174 175 181 175 167 173 171 168 155 151 157 152 155 155 155 150 134 140 146 123 110 132 145 143 128 129 139 144 160 165 162 161 165 169 164 157 164 158 158 160 158 160 159 157 160 151 141 140 122 103 102 118 126
177 185 180 178 179 186 183 179 182 181 179 172 172 170 179 178 181 178 173 169 175 177 177 178 179 186 181 168 172 189 179 186 183 173 167 167 158 131 141 169 179 170 172 178 176 172 177 171 169 158 166 165 166 162 159 155 145 144 143 143 123 120 138 134 135 133 139 137 130 142 160 159 160 165 171 173 162 165 163 162 159 160 157 156 152 147 136 133 140 130 118 103 105 118
167 169 179 179 186 183 177 177 185 179 177 175 178 176 177 170 187 178 171 170 175 181 178 181 184 182 176 172 182 184 175 177 172 162 168 168 154 120 122 164 174 162 164 169 177 185 180 170 170 165 177 168 162 164 164 163 151 151 141 132 132 132 136 127 131 139 142 142 133 138 157 162 168 172 170 168 168 166 163 163 155 157 160 160 145 121 108 130 144 139 137 114 110 124
169 170 174 175 179 175 174 170 177 178 187 180 175 176 177 172 180 170 168 177 178 186 180 174 174 181 182 180 173 177 171 166 171 165 169 177 175 162 152 164 169 167 170 173 169 174 171 170 175 175 181 176 168 170 172 169 154 153 146 139 142 134 136 140 144 144 142 145 144 137 151 167 170 174 171 166 169 163 160 163 160 157 152 140 126 105 100 123 141 144 144 131 130 129
169 178 181 173 173 175 171 162 175 177 184 179 175 183 184 179 176 175 179 182 176 180 179 177 183 186 177 182 179 178 177 168 171 177 182 183 181 174 171 181 178 170 173 177 178 177 165 164 172 172 169 169 178 175 162 161 158 159 153 148 147 141 136 140 142 139 139 138 141 132 143 166 169 168 166 168 164 155 159 165 159 144 130 119 121 109 96 102 129 143 145 146 138 127
166 174 177 174 171 174 170 163 175 176 178 178 175 177 185 181 177 184 176 182 181 173 174 176 184 179 176 191 179 174 177 170 174 175 177 181 175 175 180 194 184 173 174 174 186 184 171 168 174 172 158 166 183 174 163 167 164 157 152 153 151 147 136 136 136 134 139 137 137 140 144 153 161 166 167 171 164 160 162 158 154 144 119 99 107 97 68 69 110 134 145 152 138 130
169 177 176 173 172 172 171 176 177 174 180 178 173 178 179 176 176 175 171 184 189 175 172 171 179 183 181 181 174 182 175 175 180 173 178 189 181 187 179 182 180 184 174 169 182 180 175 180 183 175 165 168 180 176 172 169 163 155 155 155 147 148 145 145 145 144 140 132 139 146 147 156 169 169 163 158 153 152 151 152 158 151 112 72 70 61 48 60 99 132 144 141 132 135
166 170 180 173 169 169 169 176 175 177 186 178 170 182 173 174 179 173 183 184 180 177 184 177 178 183 179 170 178 186 174 178 189 186 189 200 183 183 180 175 170 178 173 176 171 169 176 180 180 176 176 170 169 171 165 165 161 158 160 155 145 143 149 145 144 141 133 135 143 146 151 152 158 159 156 157 143 130 132 142 138 131 105 78 75 70 64 78 108 135 139 131 128 131
182 176 179 177 176 171 169 170 170 167 171 175 173 181 177 168 175 171 174 177 180 182 187 181 177 187 181 173 182 179 173 180 188 189 195 206 191 190 190 183 179 177 171 178 173 168 175 179 172 173 173 173 167 169 165 160 152 152 158 155 154 150 150 146 139 131 134 142 141 146 151 142 144 151 152 152 134 114 108 124 128 113 95 98 103 101 85 90 112 131 141 133 128 132
186 172 169 182 184 172 174 178 178 174 171 178 184 175 178 174 175 166 165 170 174 176 180 182 171 178 175 173 184 185 180 177 178 187 204 206 191 187 187 182 183 176 176 178 182 172 177 181 172 177 176 172 174 175 172 169 159 154 149 148 153 156 150 147 151 145 138 135 133 142 143 140 139 142 142 144 138 124 111 119 126 113 109 124 131 133 119 118 120 126 136 136 134 142
173 172 168 170 181 181 184 178 178 186 174 180 184 169 169 176 187 190 178 168 171 173 175 170 163 168 168 175 180 181 178 166 170 197 210 202 196 185 180 176 182 175 183 179 176 181 176 169 169 176 180 181 171 170 171 168 164 168 150 152 160 157 149 140 144 146 137 131 122 122 130 137 132 143 148 145 135 127 126 120 120 123 135 145 147 151 149 146 141 135 132 135 141 145
168 175 182 174 182 179 172 172 174 184 178 173 179 169 168 175 186 190 176 165 174 183 176 164 166 175 176 178 176 173 182 172 182 194 191 195 193 184 186 182 185 186 189 176 175 187 177 171 174 167 167 176 165 176 178 170 165 175 163 161 165 156 145 132 136 143 143 129 116 128 137 133 134 145 145 138 129 127 132 120 115 125 137 144 151 155 157 150 150 146 140 137 133 131
168 171 181 173 180 185 174 179 178 175 176 170 177 175 173 177 177 173 168 168 174 185 179 182 175 172 177 168 175 176 184 178 179 182 174 184 178 180 184 176 178 186 186 181 183 187 180 176 180 173 167 167 164 174 175 175 173 179 169 168 165 157 152 137 145 144 143 131 125 139 140 136 146 145 136 127 119 122 119 110 110 116 126 141 155 164 160 151 150 150 150 144 134 129
170 172 175 171 168 172 171 176 183 180 177 174 172 173 179 173 168 166 171 170 173 178 171 183 179 169 171 171 183 184 179 175 177 186 181 183 171 176 184 178 179 183 172 171 175 177 169 167 174 177 180 175 173 174 171 170 169 173 164 167 160 157 157 136 137 137 142 135 133 138 132 127 138 140 132 126 117 115 99 89 93 99 121 148 157 165 155 144 142 145 149 147 137 125
172 171 167 178 181 180 180 178 178 185 178 169 175 181 187 179 177 168 174 180 169 170 175 182 179 177 182 174 177 184 178 171 174 183 177 181 184 180 190 187 177 184 174 177 173 172 169 167 167 168 176 173 169 172 176 175 171 177 161 162 163 161 154 134 131 136 136 137 137 140 136 130 133 132 130 133 129 121 100 86 85 86 117 143 149 155 146 141 141 144 148 150 142 134
169 174 170 175 177 173 169 173 179 179 164 169 180 180 181 175 169 167 170 179 177 178 182 179 176 175 181 169 168 178 184 182 178 181 173 167 178 173 175 178 172 178 177 177 174 169 175 174 174 171 176 181 171 167 175 177 176 180 173 174 171 160 157 146 137 144 139 134 127 137 143 133 132 137 141 141 139 136 125 120 106 90 112 131 139 137 139 151 154 151 143 145 142 140
174 179 177 180 174 162 158 162 177 178 169 173 178 183 172 170 174 180 171 170 177 185 184 180 179 177 178 177 171 175 183 183 180 181 175 166 173 181 176 175 174 180 179 168 176 171 179 180 181 172 174 178 175 169 173 180 184 181 181 181 166 165 162 154 150 149 142 138 132 143 138 127 132 136 140 141 143 137 137 138 125 112 122 133 136 134 139 152 156 150 137 139 136 136
175 176 173 183 191 176 170 162 167 173 175 171 166 176 174 179 181 176 169 166 169 182 174 177 184 188 183 184 171 163 172 179 176 176 180 178 168 170 171 164 169 181 182 172 173 173 178 176 178 176 177 171 177 174 180 187 180 180 181 176 173 181 172 163 158 142 139 143 144 145 137 133 139 133 139 144 143 141 145 149 145 134 138 145 137 146 152 148 150 149 140 135 132 130
175 173 164 174 187 183 175 176 178 177 178 172 169 179 180 176 171 172 169 172 175 185 179 182 184 183 177 173 168 166 173 177 174 177 173 167 165 174 166 154 170 177 176 177 175 178 172 178 179 176 174 165 170 178 183 182 177 177 179 177 178 173 174 169 161 160 143 136 140 133 125 126 131 136 146 150 153 150 149 157 158 146 146 148 144 150 152 147 148 150 143 127 126 127
