example/E5 - XRays/X-ray-tomography/rastert_juap45.txt
ncols         356
nrows         356
xllcorner     -0.5
yllcorner     -355.5
cellsize      1
NODATA_value  -9999
[rows 294 to 335 of 356, columns 188 to 281 of 356]
134 126 127 135 140 143 135 139 137 133 128 124 126 132 142 140 134 143 146 150 146 141 137 134 137 132 131 121 101 101 120 135 133 138 141 136 136 138 138 153 166 152 142 137 140 142 138 139 139 142 140 143 145 135 131 140 148 152 153 147 143 146 150 145 152 153 145 140 149 152 143 140 147 152 149 144 138 139 140 148 139 134 136 143 147 139 128 133 152 155 146 142 143 146
142 135 134 137 143 143 134 132 127 128 133 135 134 134 141 133 119 124 133 146 150 145 140 133 135 136 136 130 120 117 125 132 126 134 142 136 134 133 130 133 145 140 129 123 131 134 133 133 137 141 135 138 143 134 129 140 150 151 152 150 148 148 151 145 146 147 147 148 146 149 145 141 141 141 142 145 143 142 138 135 132 133 135 142 149 139 127 130 141 149 148 147 143 146
143 137 138 143 150 146 138 135 128 127 136 146 153 144 140 127 108 99 114 142 154 151 143 140 145 143 138 141 144 143 139 132 122 129 139 137 133 128 123 124 130 125 118 122 130 133 135 136 144 143 133 126 133 136 133 135 150 151 141 141 145 149 147 144 143 144 145 145 142 138 136 139 145 144 147 146 145 145 141 133 131 135 139 141 146 143 134 135 140 142 143 145 144 144
143 132 121 129 143 142 136 137 124 118 121 129 150 149 144 126 92 83 112 141 147 149 149 150 153 144 126 124 134 141 137 132 129 138 139 137 129 117 113 122 130 126 124 129 134 142 137 138 146 142 136 126 119 124 132 139 148 152 149 147 143 151 147 143 143 143 146 146 140 129 128 147 163 161 158 148 140 142 141 140 142 143 137 137 144 144 142 136 137 139 145 143 140 141
142 137 123 127 141 137 131 137 131 124 116 127 151 152 151 137 107 102 122 144 146 145 144 149 146 130 104 103 118 124 128 132 133 135 136 137 126 121 118 122 129 131 133 132 128 139 125 113 119 129 134 135 128 128 135 143 149 149 151 152 145 150 149 143 144 146 147 147 143 135 127 145 166 168 153 140 132 129 135 139 144 146 139 139 146 149 148 146 142 139 141 141 134 137
134 138 136 133 138 132 133 134 128 128 128 140 152 151 151 146 138 132 134 148 153 146 138 144 141 119 95 105 130 131 130 141 141 131 132 134 130 134 133 127 132 141 139 131 121 120 104 76 80 104 123 133 135 140 136 134 142 146 150 152 141 141 145 146 143 147 154 154 147 144 139 143 153 157 144 128 121 115 124 139 144 140 140 145 152 159 156 155 147 141 134 137 137 136
135 137 137 135 132 121 131 132 130 134 140 144 142 141 145 148 153 150 140 147 153 140 132 139 139 117 104 119 135 138 136 149 148 133 132 139 138 133 125 119 131 142 142 131 120 119 105 66 59 86 119 134 140 147 137 128 136 147 153 158 149 136 136 140 140 144 150 151 146 147 146 146 145 141 138 130 127 122 125 143 148 141 143 150 151 155 155 151 146 143 142 143 144 143
144 142 139 138 133 122 124 122 135 146 153 154 142 138 145 150 152 149 139 141 144 127 123 132 126 102 96 111 122 132 131 138 138 126 126 137 133 112 88 83 107 129 135 128 128 138 126 84 60 82 126 149 148 146 142 132 134 145 158 162 155 139 131 132 135 143 146 150 149 154 151 148 142 129 128 139 139 136 140 148 150 145 147 156 157 153 154 151 150 150 149 150 148 147
153 154 147 137 138 129 120 120 139 147 151 151 140 138 137 142 143 134 129 135 136 113 102 112 107 97 99 110 119 134 138 143 145 140 138 147 146 116 76 55 73 102 116 117 128 147 147 116 88 100 136 150 148 138 137 138 141 152 166 170 158 140 132 131 134 143 146 152 153 154 154 145 134 117 118 143 148 140 146 151 147 148 155 156 156 155 155 157 155 155 151 148 148 145
153 153 149 143 147 135 124 125 141 145 142 138 134 135 130 139 141 134 126 127 125 100 79 82 93 108 123 134 139 147 156 158 161 165 163 162 163 143 107 73 67 81 92 95 114 141 151 138 126 123 135 139 136 129 138 146 151 159 166 169 160 144 131 128 134 142 146 151 154 151 149 143 129 114 118 138 152 146 150 157 147 146 154 157 157 158 156 157 155 149 145 146 153 145
153 150 146 150 157 147 137 140 146 144 140 130 131 134 135 147 150 147 141 138 119 92 77 83 111 132 145 156 163 162 165 167 166 169 168 166 166 161 147 122 95 87 94 96 109 131 143 141 134 128 133 134 132 131 145 158 160 163 170 171 165 154 138 131 137 144 148 155 154 148 139 143 141 131 138 144 148 151 151 152 147 150 152 156 158 160 159 155 149 144 143 144 152 146
144 145 146 155 159 154 147 149 150 148 142 132 140 140 137 148 157 156 152 152 130 100 92 107 140 152 155 161 170 167 163 169 168 168 162 163 163 165 164 150 122 107 118 115 111 115 132 139 136 135 140 140 137 142 152 165 163 160 169 174 172 161 150 140 140 147 153 158 155 149 137 147 156 148 146 148 146 149 148 143 139 147 154 158 161 159 161 156 147 141 147 152 151 141
141 140 145 155 160 153 144 147 147 143 137 135 147 145 133 138 155 158 154 149 136 120 117 138 159 156 157 162 173 173 169 168 169 172 165 167 165 167 165 155 130 116 122 110 95 97 118 129 133 137 142 147 148 149 158 165 165 162 168 172 176 169 157 146 140 145 155 158 154 151 151 156 163 161 150 145 143 150 149 138 132 144 154 155 164 161 162 161 147 146 149 154 152 137
144 135 137 150 160 154 146 146 144 138 143 148 155 156 146 141 144 146 143 130 117 121 135 154 162 162 161 164 173 177 178 174 173 173 172 172 168 169 169 161 141 119 106 84 69 83 118 128 135 141 144 140 147 145 154 163 165 163 169 173 176 176 164 150 143 142 154 157 154 154 159 164 165 164 154 146 148 155 154 139 134 144 153 151 160 163 160 163 153 154 157 156 149 139
147 136 130 141 154 153 145 143 143 140 147 162 162 157 151 141 122 120 118 100 89 110 141 158 162 159 161 165 168 169 169 173 175 174 174 172 168 169 167 162 144 120 100 81 72 90 122 127 130 132 135 132 139 142 153 163 163 163 168 173 173 172 161 146 143 143 146 145 148 158 160 162 164 161 157 146 153 160 158 145 139 149 158 156 156 163 158 156 155 159 163 160 149 140
147 145 137 144 146 148 146 145 137 139 150 165 165 157 156 144 118 112 104 83 85 118 147 156 162 165 163 168 170 167 164 169 171 173 171 166 166 171 165 158 144 124 100 85 75 87 112 121 122 121 118 122 134 140 151 159 161 162 165 169 168 164 156 144 138 139 134 132 141 155 159 159 160 157 156 152 157 163 158 149 145 151 159 160 158 163 159 154 154 159 162 156 149 137
141 147 144 150 145 144 148 144 137 136 144 159 164 159 158 149 131 131 124 101 105 135 149 153 162 165 162 171 173 169 170 173 175 172 171 165 162 169 168 161 144 125 101 81 69 70 93 102 106 107 103 111 128 137 144 145 147 159 161 164 162 158 149 145 141 135 127 127 145 156 157 155 156 158 157 154 156 161 157 147 146 147 153 155 158 162 162 160 159 157 157 151 147 140
135 140 137 143 141 141 143 134 125 123 133 150 160 155 151 147 139 142 144 129 129 144 152 153 163 167 163 168 169 170 171 171 173 171 175 173 167 170 168 162 146 123 98 79 69 59 78 84 87 92 97 115 132 137 143 145 142 152 155 151 151 156 152 146 143 136 123 125 150 160 157 156 152 154 163 164 160 159 160 154 146 147 152 157 159 161 161 156 155 157 153 149 145 135
132 135 130 130 137 141 131 114 101 92 98 125 151 155 150 146 136 133 143 142 144 152 152 152 160 165 161 163 161 165 169 169 167 167 173 174 172 172 168 166 155 134 115 99 90 77 87 95 93 95 103 126 141 141 142 145 141 141 136 136 142 152 155 153 146 138 131 127 146 160 154 155 151 154 164 173 167 162 163 162 150 152 152 156 160 160 163 156 151 157 153 148 131 111
134 137 120 106 119 131 113 94 81 63 57 88 135 154 154 151 137 131 143 149 150 152 148 153 156 158 159 158 154 160 165 171 169 170 171 169 172 171 167 169 163 143 126 113 112 108 114 121 113 116 121 132 140 143 142 141 139 138 130 131 144 154 151 151 151 142 137 135 147 161 156 156 155 158 159 165 165 161 164 162 157 157 150 152 159 160 163 165 157 158 156 146 122 105
141 137 116 101 107 124 119 105 95 79 60 75 118 141 149 152 140 133 140 144 145 146 141 148 155 155 159 159 159 162 162 172 170 173 176 168 169 171 167 169 168 152 127 104 113 123 124 133 133 133 138 138 140 140 141 142 144 141 137 139 155 160 158 155 153 145 142 145 154 163 168 164 165 168 163 162 163 159 159 159 160 165 161 154 155 158 159 165 162 159 156 149 133 127
136 129 111 104 111 126 134 129 120 106 90 88 111 134 144 149 142 133 131 130 139 141 139 144 150 150 158 160 164 163 163 169 165 171 176 171 169 173 171 170 168 155 131 108 114 126 128 138 140 138 140 137 138 137 138 143 147 140 136 143 155 156 157 157 150 138 135 146 163 165 170 167 165 170 167 162 163 165 157 156 158 164 165 161 158 157 154 161 160 159 157 155 153 148
135 132 123 123 129 139 138 134 126 115 112 111 122 140 146 150 142 124 114 108 118 127 135 146 146 148 156 161 164 162 163 170 170 171 171 171 168 172 173 171 166 154 136 122 124 126 130 143 145 143 145 140 138 131 132 139 145 139 134 145 150 152 154 149 139 123 118 129 159 162 161 166 160 162 166 165 165 169 163 157 160 160 159 161 157 158 153 155 158 160 163 158 158 156
140 144 146 148 151 149 138 134 129 124 127 128 136 145 144 147 141 121 104 92 99 115 129 147 146 148 156 161 164 163 165 170 173 176 174 172 169 168 168 168 159 145 135 133 132 123 126 141 147 152 157 155 148 134 128 135 146 141 137 143 148 145 152 147 135 120 107 108 139 163 165 166 163 162 161 163 168 171 169 162 165 164 159 163 158 158 156 155 158 161 166 162 157 158
147 147 151 153 157 155 146 141 144 135 133 128 133 135 129 135 134 127 115 111 114 122 132 147 149 150 153 156 163 163 166 167 169 171 170 170 172 168 164 164 151 132 125 135 134 126 126 133 142 152 159 161 156 143 134 139 148 142 139 143 146 147 150 155 149 136 116 103 124 153 163 167 164 167 167 164 164 170 172 167 164 168 164 161 157 157 159 159 158 161 163 157 155 161
144 143 152 155 158 162 157 151 153 144 135 123 134 135 128 137 130 119 123 134 140 138 132 141 147 148 152 150 155 158 161 165 167 165 164 162 172 170 158 156 144 129 121 136 142 136 140 140 142 148 154 156 157 149 136 138 145 142 137 142 141 146 148 155 155 150 132 114 122 140 155 162 158 163 168 166 162 167 169 170 166 170 171 162 156 159 159 160 157 158 163 158 152 162
143 142 155 161 160 165 161 154 156 147 135 126 135 144 141 137 125 113 129 143 151 144 128 131 135 143 151 146 151 158 157 163 168 165 161 159 169 167 153 150 141 125 120 131 146 148 152 147 143 144 143 148 151 148 143 139 139 138 138 142 139 141 143 151 147 144 135 118 116 124 147 159 156 159 166 168 162 161 164 166 165 165 171 168 158 159 158 160 161 159 159 159 148 152
152 151 157 163 162 163 162 158 158 150 138 128 132 142 139 130 122 125 138 146 151 142 130 126 125 141 151 149 154 153 152 150 161 162 160 157 160 157 146 148 148 129 118 126 140 151 153 152 144 146 140 139 142 147 153 149 142 135 139 140 138 140 139 144 140 134 131 112 100 102 134 161 161 165 167 171 168 162 159 158 163 160 166 170 163 162 161 160 163 166 162 158 255 255
156 159 157 162 162 161 163 160 156 151 141 133 135 129 121 122 127 140 143 140 140 134 128 128 123 137 147 144 146 138 133 130 141 152 154 152 149 142 142 151 147 133 114 116 137 149 149 152 150 153 149 137 130 140 151 152 147 134 133 134 138 145 141 134 129 119 116 100 86 81 111 152 165 170 167 169 171 167 162 153 157 159 162 168 163 163 162 160 158 166 165 255 255 255
152 155 157 164 164 159 162 161 151 142 142 149 142 121 108 115 132 141 138 134 129 122 123 130 129 136 139 138 135 123 118 123 132 142 149 146 141 133 138 151 139 124 111 101 123 143 149 151 151 155 154 139 126 126 137 142 144 137 130 123 132 146 142 132 116 97 87 74 65 67 98 139 162 167 164 165 168 166 166 158 151 157 161 164 160 163 161 160 158 156 255 255 255 255
146 146 148 155 155 152 156 156 143 141 150 159 150 123 106 113 134 141 139 139 128 117 119 124 131 138 133 135 127 114 118 131 137 142 146 138 130 125 136 140 131 126 116 104 115 134 145 154 153 154 156 145 131 121 129 136 140 134 127 123 133 146 143 137 118 81 60 54 51 61 100 138 156 164 165 166 168 166 163 166 162 159 159 163 161 160 162 159 255 255 255 255 255 255
147 144 134 126 127 140 153 151 142 150 156 158 151 128 116 124 139 145 146 149 139 126 124 120 123 132 127 132 126 110 119 133 135 147 149 134 121 119 129 125 125 130 128 121 117 125 139 153 155 151 149 146 139 132 133 135 136 132 125 129 141 147 149 146 126 87 59 55 58 68 104 143 157 164 168 168 166 168 166 164 165 164 165 164 161 158 164 255 255 255 255 255 255 255
151 141 118 93 97 129 149 152 152 158 159 157 153 141 130 133 143 145 153 156 150 136 133 128 127 130 127 132 131 118 127 141 142 153 148 137 124 123 131 127 127 135 134 128 115 115 133 148 151 146 138 139 138 134 141 141 133 133 134 138 142 146 150 153 136 110 88 83 83 87 118 148 159 161 165 172 167 167 168 166 165 164 167 162 163 255 255 255 255 255 255 255 255 255
153 143 124 100 100 127 145 153 159 163 164 160 158 151 144 139 144 144 150 153 147 140 142 137 136 133 133 132 132 132 141 152 146 148 135 133 131 127 129 134 139 142 134 128 114 110 129 142 140 138 133 131 132 132 141 145 138 138 136 137 143 146 147 151 143 127 111 102 103 107 130 154 161 162 161 167 168 167 165 163 165 168 167 255 255 255 255 255 255 255 255 255 255 255
147 146 145 134 130 139 149 156 162 162 164 165 162 154 147 141 140 141 146 148 145 141 146 142 144 140 140 135 133 137 145 153 138 132 120 128 135 134 130 132 141 147 138 128 120 116 131 141 137 137 134 136 136 135 141 144 141 141 134 126 132 138 139 145 149 143 132 117 119 130 142 155 162 162 162 163 163 166 166 158 158 171 255 255 255 255 255 255 255 255 255 255 255 255
139 144 148 145 143 150 154 160 164 162 166 168 167 163 153 142 139 138 141 143 144 144 145 139 144 146 143 138 137 138 143 143 134 126 119 130 137 138 135 133 134 138 137 126 118 118 130 138 137 133 131 139 142 141 139 145 145 144 135 128 131 134 134 143 154 155 152 145 141 146 154 155 161 161 165 167 166 162 166 161 255 255 255 255 255 255 255 255 255 255 255 255 255 255
135 140 136 132 135 144 153 159 160 161 164 162 164 168 157 147 144 141 138 136 135 134 134 134 137 142 139 129 134 136 144 145 138 137 138 141 143 140 132 130 128 123 120 119 119 120 124 132 141 137 135 140 141 143 141 147 145 144 137 139 145 139 132 143 157 162 157 157 157 155 161 158 157 159 164 164 170 164 255 255 255 255 255 255 255 255 255 255 255 255 255 255 255 255
130 129 123 116 117 126 140 150 152 157 161 161 166 169 156 147 148 144 139 134 125 122 125 134 136 130 131 126 132 137 143 144 139 140 144 147 146 145 137 132 125 111 107 118 126 129 126 132 140 140 144 149 148 147 145 146 144 139 139 144 147 137 138 149 156 161 159 156 158 158 162 163 163 160 160 159 166 255 255 255 255 255 255 255 255 255 255 255 255 255 255 255 255 255
129 125 122 109 104 114 129 141 143 150 154 157 170 173 156 143 148 145 147 150 132 123 128 134 135 127 125 128 140 142 140 136 136 137 140 141 143 147 145 140 131 108 107 128 140 132 126 132 142 139 146 158 159 154 145 143 141 138 138 142 146 138 138 156 162 162 161 156 158 159 164 165 163 164 161 255 255 255 255 255 255 255 255 255 255 255 255 255 255 255 255 255 255 255
137 129 128 118 117 125 137 137 137 142 144 142 156 163 154 145 144 146 150 154 142 134 136 135 130 131 133 138 146 141 134 134 137 136 138 142 146 154 155 152 141 115 116 133 141 127 126 136 139 134 142 157 161 159 147 144 141 139 141 145 147 146 143 157 163 165 166 161 161 162 163 164 162 255 255 255 255 255 255 255 255 255 255 255 255 255 255 255 255 255 255 255 255 255
142 136 137 134 141 145 149 142 134 132 132 126 134 142 143 148 147 148 154 154 143 140 146 139 132 138 143 145 144 134 132 143 149 147 143 147 156 164 162 160 153 134 133 141 137 127 130 140 140 132 139 156 159 156 152 150 146 144 146 148 148 151 148 154 159 160 164 165 164 164 160 255 255 255 255 255 255 255 255 255 255 255 255 255 255 255 255 255 255 255 255 255 255 255
143 138 136 133 144 151 150 149 136 131 129 121 126 133 135 144 147 147 150 153 146 149 157 149 142 147 152 150 144 137 137 150 157 159 153 155 162 170 163 161 162 153 147 156 149 136 137 141 141 138 146 153 156 153 152 154 151 149 148 147 146 151 150 154 158 157 160 164 161 255 255 255 255 255 255 255 255 255 255 255 255 255 255 255 255 255 255 255 255 255 255 255 255 255
