example/E5 - XRays/X-ray-tomography/rastert_juap51.txt
ncols         356
nrows         356
xllcorner     -0.5
yllcorner     -355.5
cellsize      1
NODATA_value  -9999
[rows 210 to 251 of 356, columns 190 to 284 of 356]
158 161 158 157 154 149 150 162 154 145 143 151 144 146 152 160 157 169 169 169 152 156 170 171 152 142 156 162 163 163 159 164 175 175 168 168 166 166 176 166 165 170 160 130 115 118 149 172 169 174 176 178 180 185 177 178 174 174 172 176 184 179 178 177 177 177 178 165 167 175 174 171 166 170 175 180 178 189 188 175 172 176 160 136 137 148 144 138 129 136 140 132 120 118 146
159 159 150 154 152 133 138 162 169 154 143 151 153 150 150 163 159 166 167 172 168 159 160 153 149 148 155 161 166 162 167 172 177 175 169 173 172 170 172 167 167 167 160 138 125 135 159 171 176 179 176 175 176 177 177 185 182 178 176 177 178 184 184 180 183 180 174 164 168 173 169 170 166 168 171 175 184 197 183 168 166 169 153 114 109 140 146 136 133 142 134 119 116 127 146
152 158 146 144 145 134 137 147 165 157 146 138 143 147 152 159 155 158 156 161 170 163 151 143 146 160 160 158 167 160 163 158 167 177 175 184 178 170 171 169 168 170 170 155 152 158 156 159 170 176 179 176 177 182 181 182 183 181 178 178 176 184 181 179 185 188 180 170 172 171 172 178 173 168 169 176 183 188 182 175 169 166 144 98 91 125 135 126 134 143 139 137 140 145 147
136 159 145 135 142 141 138 129 146 147 150 142 147 153 146 150 158 159 164 161 157 162 153 132 130 154 158 156 173 167 157 152 165 174 169 176 172 162 165 165 168 169 167 160 169 173 164 165 168 168 181 180 177 186 174 167 181 183 177 173 171 179 176 178 181 177 179 170 172 174 171 171 176 181 172 169 176 182 179 177 175 166 149 114 102 126 135 133 142 143 143 146 149 151 151
138 155 155 136 138 144 141 136 146 136 137 140 154 152 148 155 164 164 161 156 148 152 154 136 134 154 165 164 173 168 159 169 170 162 165 167 171 166 161 167 173 173 168 164 168 174 170 169 174 171 181 182 178 179 168 169 181 178 170 170 169 175 175 174 169 165 175 166 164 171 175 165 171 183 173 166 166 172 173 172 174 164 148 128 119 138 150 154 157 158 152 140 138 138 140
140 141 148 129 134 140 139 138 133 121 122 122 141 136 139 149 151 146 150 157 154 153 152 148 153 168 174 167 163 154 156 170 165 154 164 164 163 156 156 163 168 174 164 168 174 177 172 166 174 173 176 178 177 177 172 175 173 166 163 174 178 170 172 178 170 165 173 172 170 171 174 167 166 174 177 177 173 170 168 166 163 158 148 141 140 146 161 171 169 168 159 151 146 142 139
134 125 137 126 130 133 133 131 137 136 126 114 141 136 139 154 152 145 156 163 162 155 152 159 154 161 169 165 164 159 157 163 158 160 164 159 152 152 166 168 166 173 173 175 169 171 172 166 169 169 165 169 173 177 187 186 174 174 162 166 174 164 173 185 182 172 171 175 180 179 173 171 169 173 177 186 194 188 170 157 137 116 122 138 148 147 157 168 171 167 159 155 150 148 143
130 129 137 132 138 136 130 111 135 148 135 134 157 157 157 158 151 145 151 154 153 154 149 154 156 158 168 163 153 161 155 159 156 155 160 164 161 161 169 161 156 161 166 174 163 168 174 171 175 179 169 172 174 168 178 184 183 187 171 164 167 167 169 174 177 175 173 171 171 171 169 167 170 173 175 191 205 194 169 152 127 89 95 124 143 144 153 161 163 164 165 160 152 147 147
136 141 134 121 135 130 123 101 121 144 139 134 146 169 173 157 148 149 151 156 154 148 132 141 158 161 164 157 139 149 155 152 149 155 160 170 167 159 161 161 161 164 159 168 168 177 176 177 178 175 172 169 171 170 171 180 182 182 171 164 160 162 163 168 167 167 174 173 167 169 171 171 174 175 179 192 193 185 169 153 139 111 99 111 137 147 145 145 142 137 145 153 145 140 145
140 135 130 115 115 115 113 107 121 138 140 137 138 155 173 163 147 147 151 161 159 139 128 147 160 150 147 137 116 121 143 144 141 154 150 150 160 166 163 166 172 174 163 162 164 170 171 170 162 164 178 174 175 183 183 177 172 176 171 163 163 168 170 170 170 167 172 175 171 175 179 176 178 171 177 189 186 178 171 163 155 135 118 111 133 143 134 137 132 119 125 138 128 127 140
129 138 143 129 105 102 115 122 134 134 133 141 142 141 154 159 146 131 128 139 150 144 143 156 152 127 123 113 87 83 97 118 136 144 130 128 145 165 161 165 166 170 161 152 157 159 164 167 160 171 185 177 174 176 179 176 171 170 171 173 172 175 168 166 170 171 176 180 173 171 175 175 176 168 168 172 172 164 160 165 161 153 133 103 114 135 138 142 140 127 122 138 142 133 133
126 132 142 146 134 115 119 135 137 135 137 130 135 147 150 150 142 128 128 135 146 154 157 160 145 114 109 107 92 83 73 90 126 129 116 109 114 142 154 162 160 165 160 154 163 168 168 172 167 171 178 175 174 169 164 168 173 167 167 174 172 176 171 167 159 161 168 176 174 171 172 173 170 164 164 162 164 165 159 161 160 156 145 117 109 125 138 143 143 135 126 133 146 145 135
119 120 136 144 148 132 127 138 129 142 149 134 134 146 157 157 144 139 148 143 132 150 152 149 147 131 127 133 132 135 113 104 135 142 138 126 105 105 132 156 159 161 158 162 163 162 165 171 165 170 167 166 167 167 170 166 171 171 166 167 165 170 171 169 158 161 164 167 167 164 158 155 154 154 159 161 160 168 170 167 165 160 153 138 126 133 143 142 144 140 131 127 137 148 146
110 122 135 126 133 136 136 138 123 136 152 148 132 130 145 155 147 146 150 146 136 151 152 155 159 151 144 156 157 158 135 124 146 152 145 149 144 120 122 147 154 156 161 165 158 160 161 162 160 175 171 161 158 164 171 163 170 173 170 171 173 171 165 166 161 156 156 152 155 159 155 141 132 141 155 159 160 163 163 164 169 162 153 145 137 138 138 139 144 147 137 129 137 146 149
117 130 142 128 127 138 142 149 141 131 145 153 135 127 134 148 149 146 142 148 157 163 157 151 154 160 159 161 159 157 148 150 160 162 156 156 164 155 133 136 153 160 158 160 155 163 165 169 167 175 172 163 164 170 167 161 170 171 171 174 167 160 153 156 161 155 156 150 148 151 145 131 136 143 154 161 166 167 164 167 169 159 154 154 149 138 131 138 138 144 147 142 143 141 135
126 129 138 134 131 135 148 162 152 135 139 143 143 138 128 137 148 147 137 139 156 166 168 163 163 166 164 159 148 155 163 163 163 168 171 158 166 167 151 131 135 152 156 160 155 161 170 177 174 164 165 167 169 168 165 165 168 170 167 163 147 140 148 160 163 156 156 155 139 132 129 123 135 141 149 158 167 169 163 162 169 161 152 159 158 148 139 139 130 134 143 143 144 137 129
138 138 130 132 135 132 145 149 151 146 147 148 139 137 133 141 145 144 141 142 159 172 176 168 165 166 159 162 158 156 166 164 156 153 167 168 166 160 163 141 121 131 150 158 157 154 149 160 164 153 158 158 157 156 159 163 161 164 157 147 144 141 151 163 164 155 147 150 143 135 128 123 133 140 152 163 170 171 161 156 166 165 152 145 148 155 152 148 145 142 147 153 154 149 139
142 154 152 149 142 136 143 134 141 144 147 149 138 142 152 153 142 148 153 155 165 163 162 157 153 163 163 158 151 147 164 173 163 154 166 173 160 158 169 160 143 140 155 155 160 168 164 157 148 136 132 133 142 138 148 149 143 148 147 148 150 141 147 162 164 153 137 135 147 147 134 131 131 128 147 164 170 172 169 164 164 164 157 145 143 153 150 147 151 152 153 156 163 163 156
142 153 163 165 157 144 149 139 139 149 156 150 146 147 150 147 135 153 160 163 167 167 173 164 162 170 170 158 152 147 152 162 165 160 163 167 162 160 163 166 164 152 161 165 164 166 159 140 128 128 122 128 142 138 147 149 145 137 139 144 147 150 156 164 159 150 130 126 149 150 145 137 124 117 133 158 167 167 163 166 164 159 161 156 148 150 146 146 154 160 161 159 165 166 160
155 156 164 172 170 157 158 156 154 160 157 153 153 153 154 141 122 139 153 155 164 173 171 156 163 166 163 161 161 142 138 151 160 155 154 166 168 167 165 165 168 155 159 166 155 140 129 123 116 124 127 125 134 140 146 149 153 145 144 144 146 159 167 172 167 154 136 131 142 139 144 135 119 121 135 151 162 169 166 170 164 159 166 162 149 148 147 149 159 161 165 165 168 166 160
166 165 175 176 169 166 164 156 156 173 174 161 152 162 170 143 118 133 156 158 166 168 157 153 157 164 166 159 156 125 122 145 157 159 162 171 162 159 168 169 162 156 156 155 139 121 122 134 136 136 140 139 130 129 142 148 155 151 151 152 150 162 171 178 174 158 145 137 136 132 135 138 130 128 146 156 159 163 167 172 168 162 164 164 148 147 155 153 154 156 164 169 168 166 162
168 167 178 170 162 161 166 170 168 180 177 162 150 156 162 149 122 122 147 151 154 155 155 157 159 168 163 156 154 111 99 135 158 163 164 168 159 153 171 168 153 151 148 149 137 126 132 142 147 144 147 150 136 134 143 146 153 146 143 145 151 164 172 176 174 156 139 139 139 135 131 137 141 137 145 152 149 152 160 168 166 160 157 161 151 148 154 151 155 157 160 161 164 165 163
173 168 176 172 165 158 160 166 165 165 160 162 160 153 147 153 127 110 130 136 150 159 166 166 166 173 159 157 164 121 90 119 154 166 161 165 164 160 164 159 151 147 143 141 132 135 138 130 137 141 142 147 147 145 142 145 145 143 147 141 140 154 172 176 170 156 138 141 143 144 133 131 141 144 143 145 148 154 152 154 166 166 161 159 156 155 157 151 154 158 164 164 165 162 162
173 173 173 168 165 164 164 160 165 162 155 165 172 162 146 151 133 123 121 116 145 159 163 167 163 163 156 156 155 116 87 100 132 160 163 163 165 170 159 152 147 137 137 139 132 133 136 128 124 132 137 137 143 146 144 139 128 133 146 145 145 152 169 169 155 151 141 141 143 145 132 130 141 143 147 152 152 151 145 143 165 170 166 160 162 158 157 158 165 168 166 162 162 159 160
171 168 174 165 164 163 161 168 176 161 151 164 165 154 142 144 144 142 119 109 137 146 151 161 162 163 165 155 137 110 100 107 121 143 152 157 163 170 158 151 143 132 129 136 128 126 138 143 126 124 135 136 140 143 142 143 138 143 149 151 155 153 160 159 148 151 147 143 142 139 132 131 142 137 139 150 152 150 148 142 157 166 159 152 152 148 148 154 164 173 173 165 159 158 160
171 167 175 165 163 164 162 165 167 155 152 171 164 162 154 150 151 143 120 106 126 144 151 155 155 165 166 142 132 128 126 140 151 149 149 148 159 162 153 144 145 143 136 129 124 134 146 152 135 131 136 141 144 148 139 143 152 157 154 152 149 146 151 151 155 158 155 149 134 127 133 134 139 133 141 156 157 153 150 143 149 155 152 151 146 142 149 155 164 172 174 170 165 160 163
183 171 167 160 155 160 162 158 163 158 151 169 166 167 160 154 137 131 130 110 110 130 143 144 148 156 154 158 170 186 188 202 200 174 149 135 144 138 131 135 145 143 139 136 134 140 146 157 146 147 149 152 146 149 135 127 145 154 151 151 156 150 152 152 159 159 154 146 125 123 140 151 145 134 137 153 156 156 154 150 149 154 151 148 149 139 142 149 157 163 169 175 173 162 160
184 178 169 154 146 159 165 164 167 153 153 167 165 165 162 163 130 124 138 132 120 127 141 142 149 150 162 193 207 221 221 219 203 168 137 135 136 126 124 132 137 130 132 143 143 134 130 143 140 150 150 150 140 136 125 113 131 145 146 145 156 152 144 138 151 161 154 142 131 128 144 158 149 140 131 139 148 151 150 145 145 154 149 144 149 136 129 134 147 159 164 175 177 168 160
175 176 164 158 161 162 162 169 168 158 165 173 175 170 161 155 139 139 137 137 129 128 138 138 142 148 163 194 205 209 203 191 171 142 129 147 147 139 139 140 135 127 130 140 132 112 114 127 125 136 137 140 142 141 136 123 127 147 148 142 149 141 131 134 149 158 147 147 151 138 138 145 140 134 130 138 144 148 150 142 142 149 142 136 144 132 114 124 144 157 156 162 174 177 168
172 165 148 149 162 162 155 162 159 163 169 171 174 163 159 141 134 147 140 127 127 131 128 123 135 154 157 159 155 157 159 151 135 127 133 149 151 146 144 144 139 131 129 137 127 110 112 124 129 129 126 132 145 150 152 144 138 146 144 145 149 136 131 136 142 143 138 159 168 150 141 146 141 132 138 139 138 144 148 140 140 146 140 136 137 130 125 136 147 149 142 153 167 171 172
164 156 150 159 168 162 160 159 143 142 155 165 175 163 150 125 113 131 143 132 137 140 125 120 144 158 146 147 147 133 131 134 122 113 117 126 132 130 139 141 140 137 133 138 126 117 117 124 133 129 131 131 141 146 150 151 147 146 145 151 156 142 133 133 138 136 135 149 155 152 151 151 140 135 143 137 133 143 145 142 143 148 142 133 130 137 139 147 150 148 143 149 162 164 164
158 161 164 172 166 165 162 154 140 140 154 163 171 157 134 111 102 118 141 140 138 144 135 129 152 165 156 158 153 140 132 127 109 90 91 105 121 125 135 133 135 142 145 139 122 113 110 105 103 101 122 136 143 139 128 140 145 145 149 149 159 152 141 137 140 138 139 144 141 142 152 150 138 142 148 139 134 142 143 147 141 137 137 131 130 140 140 144 150 151 150 153 164 168 165
151 163 162 166 161 163 160 148 140 150 156 153 151 133 115 107 103 108 137 146 136 139 137 136 150 161 163 161 155 143 125 127 127 112 100 109 129 142 150 143 137 145 153 141 131 124 108 96 100 105 124 139 142 143 124 136 146 146 153 155 163 161 153 145 143 146 145 149 146 142 146 140 137 140 140 139 146 148 145 149 143 132 134 136 139 154 156 151 152 151 152 158 164 170 170
145 155 154 154 152 157 163 148 141 142 140 147 145 126 117 115 118 125 133 131 125 120 122 138 150 150 155 162 157 138 115 122 141 137 112 115 135 148 160 159 156 156 152 140 146 145 118 104 127 147 145 135 136 141 129 135 146 142 145 153 159 154 149 145 143 149 151 154 152 148 141 136 138 135 129 128 139 146 144 149 151 147 144 139 140 160 168 158 148 144 145 155 158 160 163
143 140 143 147 148 152 154 138 135 140 143 149 144 128 123 114 126 137 126 125 121 109 110 132 142 145 149 152 148 141 129 131 147 142 121 126 144 152 158 160 163 169 165 158 155 149 130 123 138 149 147 135 133 138 132 136 141 143 146 149 148 149 152 151 148 149 151 158 158 153 146 147 150 148 147 144 132 124 125 138 135 138 144 139 131 147 156 148 140 141 135 139 142 136 141
135 136 139 145 151 148 154 151 138 154 154 147 139 119 120 121 125 138 139 138 119 115 118 130 134 138 136 135 144 152 157 153 151 143 132 134 148 152 158 162 162 165 167 169 164 155 139 132 139 142 140 133 133 135 129 132 140 148 152 160 156 157 163 163 152 143 151 155 151 145 147 152 153 152 154 156 137 115 114 128 125 135 147 145 135 139 143 136 130 134 129 131 131 118 127
146 141 137 136 146 144 151 153 143 152 144 143 142 129 128 124 130 142 151 147 123 120 125 133 139 141 133 125 131 144 150 146 144 141 125 119 133 149 159 163 160 160 158 163 161 156 149 141 141 138 128 129 140 139 130 133 143 143 151 163 161 164 169 161 151 135 144 146 142 143 147 151 151 151 151 156 145 130 121 126 130 139 151 151 141 141 142 134 123 126 125 132 134 116 116
150 134 142 146 146 142 142 143 147 144 129 135 141 135 122 115 134 139 147 146 123 104 115 136 148 139 135 125 128 138 140 140 135 140 131 116 119 144 158 160 163 166 162 159 158 161 164 152 146 141 128 125 132 136 133 133 137 141 158 166 158 158 158 152 147 130 132 141 140 145 147 141 137 141 152 161 152 139 125 122 129 134 143 149 137 140 144 131 113 117 125 135 144 131 123
152 136 143 151 140 135 146 145 147 141 131 141 148 139 122 117 131 141 153 144 127 104 104 130 147 135 135 135 131 135 135 129 119 137 137 120 117 138 150 151 158 163 159 163 160 156 160 151 148 144 133 125 127 136 139 139 130 132 147 161 157 157 152 149 145 136 138 143 138 144 150 143 139 138 154 161 149 136 124 124 133 132 134 138 139 142 144 136 124 122 126 136 149 146 138
158 144 138 136 124 127 142 142 147 153 142 144 149 149 137 132 135 145 149 134 130 120 106 122 137 122 116 122 121 112 109 119 124 139 136 121 113 128 142 146 151 152 151 154 154 152 153 147 149 141 137 137 141 150 152 149 139 130 141 155 148 149 157 157 149 152 155 148 136 133 145 148 147 140 143 147 134 124 123 127 136 137 139 140 151 165 161 156 151 139 128 124 136 147 144
161 145 135 131 127 137 142 139 146 157 150 136 136 139 137 135 127 129 137 143 144 141 128 126 119 104 111 119 118 106 104 125 136 148 144 128 120 136 146 142 138 136 131 127 141 147 151 149 139 128 131 140 144 150 150 150 155 155 157 163 158 156 161 157 154 161 163 156 146 138 143 143 142 145 145 150 141 134 135 139 140 143 146 146 158 175 175 172 167 152 131 122 137 152 144
147 136 129 131 136 146 146 136 137 141 141 133 128 128 134 131 126 119 123 143 146 143 139 139 130 116 122 131 125 113 116 131 140 148 148 134 123 137 135 126 121 127 132 123 135 146 155 157 148 136 121 128 141 147 153 150 151 160 158 159 165 167 166 163 156 154 155 155 149 149 147 141 151 157 154 156 151 143 138 138 136 139 143 142 151 162 167 172 170 159 140 134 145 154 150
