example/E5 - XRays/X-ray-tomography/rastert_juap07.txt
ncols         356
nrows         356
xllcorner     -0.5
yllcorner     -355.5
cellsize      1
NODATA_value  -9999
[rows 252 to 293 of 356, columns 94 to 187 of 356]
150 154 149 157 160 152 145 135 120 112 106 121 158 173 178 175 168 152 150 148 141 149 146 145 153 154 152 157 149 153 159 163 165 167 161 165 166 156 150 153 161 162 161 163 159 156 153 156 166 166 169 175 174 165 163 162 138 122 122 122 129 148 160 165 173 169 159 156 170 158 161 160 170 176 175 169 169 167 164 165 173 171 174 172 161 160 165 170 172 180 165 159 165 170
142 146 145 155 166 159 145 133 124 117 118 143 163 165 167 167 159 149 147 149 146 153 149 145 161 164 164 155 144 155 161 164 168 164 163 166 169 166 170 165 164 166 157 161 168 165 164 162 160 163 169 161 163 160 158 160 140 121 121 107 110 126 146 165 173 165 159 154 161 159 167 171 172 170 180 173 156 151 157 168 171 166 162 163 166 169 170 172 170 174 170 165 163 166
149 146 147 152 152 155 158 152 145 134 133 143 147 155 163 168 167 151 136 135 132 145 156 156 168 165 160 154 145 156 167 166 164 156 156 167 177 167 166 175 168 162 164 165 173 171 170 167 164 166 170 158 157 162 160 158 145 125 114 108 111 124 139 156 168 169 170 167 168 161 159 160 160 163 179 177 154 152 163 171 170 166 166 168 170 171 178 176 167 161 154 159 158 149
153 165 164 161 154 160 167 160 152 143 146 138 140 163 168 165 162 144 127 131 138 146 157 159 162 165 158 143 149 156 161 167 160 152 161 178 180 165 165 169 155 159 168 153 157 171 174 167 171 173 172 160 158 165 167 166 156 133 113 101 108 128 140 157 171 177 177 172 168 164 169 163 159 169 179 172 163 171 177 174 168 167 174 175 161 165 178 173 171 172 156 148 142 141
158 176 165 160 162 163 161 157 153 149 150 144 152 164 158 165 163 144 141 150 149 131 129 144 157 161 159 151 162 154 158 170 155 157 176 186 167 156 165 160 152 166 165 152 161 174 176 165 170 169 166 168 165 160 167 168 157 142 126 118 124 134 154 177 172 160 163 165 159 158 167 166 171 182 176 166 173 172 175 175 170 171 183 182 164 167 172 167 165 156 144 136 136 139
161 168 163 166 162 154 153 160 161 158 155 157 155 146 140 152 154 147 152 152 145 120 116 142 162 165 163 156 163 154 156 160 149 166 178 178 148 132 145 153 164 168 165 167 173 172 170 165 169 169 163 167 162 164 169 171 167 160 147 140 146 150 158 171 167 153 164 170 155 153 163 158 168 175 166 171 183 171 169 172 164 170 182 177 158 164 164 156 161 150 140 133 140 145
159 166 163 160 148 144 152 154 151 152 149 153 140 130 121 112 111 133 155 151 149 142 139 154 167 173 167 151 141 141 150 146 146 158 160 163 135 113 138 159 167 160 157 165 179 172 169 171 173 171 163 155 160 174 173 171 167 165 159 152 156 170 162 156 164 167 164 161 162 167 162 163 170 171 179 178 174 175 173 169 168 174 170 168 162 163 165 159 151 141 150 153 157 154
161 162 155 156 150 145 153 155 157 152 148 144 135 137 115 88 95 123 146 147 137 144 151 162 171 179 178 160 139 141 144 142 135 138 144 140 124 121 148 154 147 144 154 170 176 168 169 178 177 172 167 154 169 180 170 163 165 162 167 167 162 172 167 161 159 167 160 155 170 172 164 171 173 176 184 183 169 169 168 167 167 167 161 163 172 168 165 158 134 126 147 153 155 154
157 158 152 153 144 134 135 144 159 153 149 148 154 152 132 110 121 137 148 147 134 146 158 171 178 172 162 154 143 146 134 110 94 99 120 130 135 141 155 154 145 151 161 172 177 177 177 178 173 177 185 164 170 175 170 166 166 171 179 170 164 169 162 164 157 163 168 168 173 170 170 174 171 171 169 176 179 176 173 175 168 170 172 165 163 155 147 147 144 140 144 146 145 152
148 155 154 149 139 132 135 135 141 147 152 157 166 163 148 139 146 153 159 149 146 151 160 174 183 174 159 154 144 145 127 104 105 105 123 128 142 153 155 148 137 148 167 174 178 179 173 171 173 168 175 172 177 176 170 163 167 171 169 154 156 169 153 149 146 153 170 169 176 179 173 170 170 167 168 171 181 186 175 166 163 169 170 162 152 140 131 139 149 146 145 144 143 147
146 141 148 147 143 139 137 131 142 155 156 159 170 168 154 154 154 155 158 144 139 142 160 168 171 163 155 158 151 147 143 142 148 145 149 134 148 161 155 143 127 128 155 174 169 172 171 168 177 169 167 177 176 172 173 167 170 172 178 168 159 162 152 146 146 149 165 171 180 181 173 168 165 166 173 174 171 173 164 152 149 155 147 145 139 135 135 135 142 144 142 132 130 142
148 143 154 154 153 151 140 133 151 161 160 169 176 168 162 159 153 158 164 156 145 132 144 151 157 156 158 156 150 144 149 159 161 157 159 140 141 155 156 149 123 102 135 169 173 173 164 163 171 171 175 185 177 167 169 173 164 164 179 179 166 159 154 156 158 152 163 173 172 170 168 162 162 170 171 173 172 164 161 160 152 150 140 130 120 125 137 126 134 149 145 128 126 145
152 153 159 155 143 138 141 146 162 155 150 170 170 156 161 170 163 155 154 154 146 133 132 141 154 159 156 141 141 144 143 156 161 153 159 144 136 150 151 155 143 109 123 154 166 164 166 179 175 176 176 180 173 165 167 172 166 169 172 174 173 167 161 161 162 161 161 173 173 159 151 156 173 177 164 161 167 166 159 167 155 150 141 135 131 141 151 124 119 134 140 137 144 149
158 162 159 150 138 132 149 152 154 143 147 166 160 150 157 165 157 149 147 147 144 142 135 134 143 146 141 134 140 143 139 148 154 159 161 151 138 143 148 151 151 123 115 127 156 167 174 188 174 170 175 172 165 167 175 176 174 176 167 169 169 175 168 158 160 166 160 167 173 159 155 156 160 154 151 159 165 164 154 153 149 154 139 136 143 155 161 140 126 107 119 139 149 156
160 157 143 133 142 148 148 134 136 148 160 158 155 157 162 163 161 162 150 134 123 128 136 139 138 146 149 149 147 147 147 148 153 163 159 158 141 131 144 148 146 125 113 118 148 160 160 173 172 167 172 172 169 179 183 178 174 173 168 167 160 165 170 162 162 169 160 168 166 158 161 150 145 142 146 156 160 150 146 149 154 164 150 134 140 153 149 146 130 95 102 117 126 149
153 145 136 132 147 158 144 136 144 153 154 148 155 162 164 156 159 160 145 141 131 127 140 144 131 133 134 119 122 137 149 144 148 155 150 155 144 132 140 146 152 143 130 116 134 160 172 174 176 172 168 168 167 177 175 168 174 171 168 169 167 157 162 164 164 166 164 172 162 153 151 143 147 148 152 153 151 147 154 157 150 158 154 139 132 140 144 149 128 103 113 110 105 135
154 149 141 135 138 146 143 143 146 152 150 149 150 153 158 157 159 151 145 153 145 136 143 140 126 127 120 110 118 131 145 144 151 154 152 152 144 136 146 148 145 144 142 119 132 158 170 169 176 176 170 172 169 174 170 170 178 171 173 176 173 163 166 169 158 162 171 162 152 152 153 145 146 143 139 139 145 146 153 151 141 149 154 148 137 140 154 156 137 126 129 122 112 132
152 144 127 122 125 136 146 147 148 158 151 143 143 152 157 161 164 154 146 140 123 117 136 141 136 142 136 133 133 141 144 136 149 147 148 155 155 143 142 143 142 151 156 133 133 144 163 167 164 166 173 169 170 178 171 174 181 177 181 181 174 174 171 160 150 160 170 163 157 157 157 147 149 147 136 136 130 128 146 152 147 157 157 149 135 131 145 150 141 137 138 139 136 146
148 140 129 134 137 135 140 141 149 153 144 143 146 161 159 148 142 147 147 126 98 98 124 132 139 150 144 138 135 140 134 119 138 146 144 146 149 146 143 149 155 160 155 138 126 116 139 160 157 164 175 167 173 179 169 168 177 176 174 170 164 163 157 153 153 154 159 165 152 145 144 146 151 144 127 132 130 130 150 153 140 156 157 143 134 133 141 142 133 116 119 138 144 146
138 138 141 144 145 140 138 139 146 153 161 158 145 156 160 152 143 146 142 128 113 104 115 127 143 149 138 136 143 147 145 130 134 148 150 145 150 157 151 147 151 157 156 150 135 122 134 149 153 162 172 175 171 166 170 172 168 166 169 165 163 156 159 167 161 153 157 161 155 151 145 148 150 136 115 119 125 121 132 143 145 155 150 137 141 145 145 140 132 106 108 131 134 133
140 149 145 140 143 139 137 139 147 156 169 164 147 153 155 156 152 146 138 134 139 131 130 139 148 146 135 141 146 144 145 137 140 148 151 151 153 152 141 135 142 149 150 153 147 142 139 133 146 165 175 181 175 167 168 172 169 165 169 177 168 162 167 168 163 156 156 156 157 153 143 143 137 135 136 134 130 120 120 132 151 156 145 139 150 151 145 139 123 110 132 143 138 134
157 155 148 143 137 134 134 125 132 147 154 146 137 148 150 148 147 144 143 144 153 144 134 150 154 139 117 111 128 136 138 139 148 147 142 145 145 146 147 134 132 147 150 160 159 150 146 139 149 164 164 168 169 165 166 171 176 160 160 177 167 165 171 162 150 149 146 150 151 146 136 140 143 148 147 132 129 128 128 134 151 157 148 132 139 140 144 135 103 106 136 140 149 155
149 148 153 151 143 144 143 131 136 149 148 134 126 140 145 136 137 142 144 145 154 154 136 139 144 136 121 106 123 138 138 138 138 139 138 139 144 143 148 126 118 140 150 159 161 153 151 146 145 151 155 160 161 161 164 163 161 153 159 173 164 167 165 151 137 141 138 142 140 140 132 143 147 141 134 122 122 129 140 145 153 151 153 133 129 125 134 127 103 113 139 144 153 158
152 151 155 154 149 149 151 148 152 157 149 133 133 146 147 144 135 130 130 133 149 157 138 131 143 148 144 133 129 136 142 143 134 139 141 129 137 144 151 127 117 138 152 157 157 155 158 155 155 156 159 159 155 160 158 156 157 160 163 167 165 163 145 144 140 136 130 132 135 132 133 149 145 134 138 132 128 139 147 153 156 152 155 138 135 129 134 132 115 115 139 147 151 154
151 153 155 144 136 140 144 145 153 157 143 137 151 155 146 143 135 130 128 138 148 142 135 137 146 144 141 144 145 145 147 147 135 141 144 136 146 155 154 140 140 143 151 152 145 152 160 155 164 163 157 164 159 157 155 157 159 158 158 160 164 158 150 154 149 134 130 132 135 134 137 142 140 132 135 135 143 151 146 151 152 151 155 147 152 142 144 140 125 115 131 147 150 154
150 152 149 142 140 144 144 145 147 147 142 140 144 147 140 145 147 143 140 146 148 145 137 137 152 147 133 140 158 156 150 146 139 138 133 142 156 157 145 144 150 146 144 136 131 145 147 147 161 167 160 163 160 160 161 162 168 168 160 159 160 153 156 161 149 126 130 129 129 131 137 140 145 142 138 135 143 146 148 157 153 147 153 156 154 141 143 150 144 130 133 142 139 149
157 160 159 156 147 144 138 137 142 146 135 134 148 153 153 164 150 137 147 150 150 154 142 139 143 141 134 140 159 151 145 141 139 136 134 151 161 149 133 138 140 139 135 136 142 148 135 124 135 154 152 162 167 168 167 168 168 166 163 163 167 157 156 164 153 137 144 141 150 152 149 154 153 149 148 133 126 138 147 156 157 153 157 158 145 145 147 146 152 144 144 144 137 149
158 160 166 157 140 140 137 134 135 136 117 111 135 150 154 165 151 144 150 150 157 158 149 146 137 142 149 147 154 151 148 142 137 133 139 150 148 140 138 140 139 137 141 154 162 144 112 102 124 149 154 168 172 164 157 160 161 161 164 163 159 158 166 173 162 158 157 147 157 155 150 162 153 144 148 139 130 142 143 148 154 154 153 153 148 148 144 140 141 133 135 138 141 154
159 158 155 148 143 141 131 132 139 139 123 108 126 148 153 160 153 147 141 142 156 153 149 142 139 150 146 142 154 161 152 139 137 136 147 147 130 139 148 140 139 141 150 160 160 138 98 88 112 147 162 165 163 161 156 156 157 161 171 168 166 165 165 169 161 159 160 159 158 151 150 164 145 134 139 137 132 143 150 156 146 142 148 150 148 141 132 135 116 98 109 123 136 151
164 165 154 142 137 136 134 139 145 143 135 127 133 142 151 157 156 149 146 154 158 151 143 130 131 136 134 144 155 154 143 133 138 146 151 148 139 149 146 131 131 139 154 156 159 158 125 98 118 145 147 150 158 164 160 154 157 156 161 162 168 173 170 170 163 159 160 159 152 156 154 157 139 138 146 143 143 149 159 154 135 141 155 152 152 147 141 138 101 63 75 110 130 148
159 154 149 136 129 131 131 136 144 145 146 146 139 143 147 147 149 151 155 156 152 149 138 127 128 133 135 146 148 146 146 143 150 155 157 167 170 157 138 127 131 146 156 153 157 161 147 127 133 126 121 138 155 161 160 154 147 146 156 154 157 172 172 162 154 159 156 145 133 141 150 153 141 141 145 147 154 158 156 147 138 141 147 148 160 157 152 145 108 57 55 94 126 151
158 147 143 140 136 128 126 135 142 144 146 152 147 146 146 144 145 156 162 157 159 160 151 146 144 143 133 133 140 146 154 154 154 157 164 172 168 149 137 132 141 153 155 154 152 150 141 133 129 117 119 135 146 158 161 155 147 147 162 161 160 172 166 160 153 154 152 145 138 145 151 150 145 143 144 147 157 158 152 151 147 143 143 136 143 151 153 149 117 69 62 98 136 161
157 150 142 140 142 135 133 139 151 146 137 146 153 150 151 151 151 162 166 162 168 162 161 165 160 157 147 146 149 158 160 154 154 158 157 160 154 141 134 137 148 147 146 148 146 147 146 135 123 121 127 139 145 156 162 164 164 158 166 163 157 167 166 161 160 155 151 150 151 148 148 159 154 144 143 142 148 150 158 157 143 143 148 141 138 146 148 149 134 109 108 123 138 158
158 158 142 138 144 142 131 131 152 155 145 151 153 146 154 155 148 155 158 161 168 163 159 155 154 159 159 158 156 161 157 156 162 163 160 156 151 136 127 132 137 140 146 150 145 147 150 143 145 137 133 153 159 159 157 162 159 151 161 152 157 168 163 151 157 155 143 144 148 141 147 163 146 137 147 147 153 154 163 161 141 145 155 151 146 149 151 151 148 142 138 132 130 147
157 153 141 138 136 136 128 135 150 157 152 150 146 150 156 150 148 156 159 164 168 161 146 143 145 150 154 154 158 160 153 164 167 160 156 152 146 128 128 135 140 139 145 155 154 154 149 145 155 144 143 163 167 165 162 159 146 141 154 158 168 169 163 154 154 154 123 107 114 124 141 156 149 140 149 150 151 153 160 160 148 147 156 152 137 143 153 153 154 145 140 133 134 142
163 153 144 138 131 129 130 141 151 154 147 143 145 158 165 155 151 154 158 167 166 154 144 141 141 146 153 159 168 163 160 165 164 156 150 148 139 130 139 146 146 138 151 162 162 165 154 150 153 143 143 161 166 170 164 160 156 155 155 159 169 169 172 174 162 141 94 73 80 107 135 148 152 148 148 150 142 140 149 159 149 150 155 152 141 139 142 152 161 157 151 136 140 138
162 152 142 144 143 144 144 147 155 154 145 149 159 165 169 164 155 149 156 169 162 156 152 140 143 155 162 165 166 163 168 170 169 164 156 156 151 145 143 138 137 144 156 157 162 157 151 152 150 151 149 160 168 167 157 159 159 158 158 162 163 159 167 173 160 134 95 79 84 115 143 154 160 158 150 149 144 136 137 149 148 159 153 153 146 132 128 144 157 164 164 147 145 143
152 147 150 157 157 152 146 158 167 156 142 148 154 157 174 167 155 154 162 166 159 156 150 137 143 155 167 164 163 161 163 166 164 163 157 162 157 148 153 147 136 141 149 149 155 152 154 150 149 157 158 165 168 167 161 161 156 149 151 159 156 152 167 175 156 141 128 111 112 129 150 158 157 158 160 151 150 148 147 148 150 158 151 151 147 141 130 134 153 166 165 153 149 144
151 159 158 152 146 146 147 160 163 150 130 133 144 149 161 154 154 162 165 162 157 154 151 147 145 152 168 166 162 156 160 161 160 160 158 165 156 143 151 151 139 134 138 141 148 152 158 155 155 156 160 166 159 166 166 162 153 145 148 156 155 153 165 163 141 140 147 137 143 149 151 158 156 155 161 156 155 157 155 147 147 149 153 158 156 156 141 138 152 160 159 155 154 152
160 160 147 140 139 144 150 153 146 138 126 129 141 150 158 157 164 168 161 153 147 147 151 150 143 142 160 159 157 157 156 159 161 161 156 153 153 147 143 143 139 134 143 149 152 152 154 161 162 160 162 156 150 161 162 159 156 149 145 147 147 148 158 151 135 135 138 136 143 152 148 152 151 152 162 162 161 164 159 147 141 145 154 156 150 154 146 144 148 152 152 152 159 163
165 153 145 143 144 145 150 152 149 145 146 147 153 156 161 167 172 181 176 154 145 153 150 133 133 141 153 159 164 161 153 145 138 139 149 155 153 151 150 150 151 142 146 153 158 157 158 164 161 162 157 151 149 153 153 156 159 154 144 145 143 145 158 153 142 135 136 143 157 162 150 153 151 157 159 159 163 157 152 144 136 139 145 148 144 147 145 141 145 149 147 149 158 154
165 149 144 143 153 155 155 159 157 153 159 155 158 163 175 186 194 194 182 161 157 161 146 133 139 145 149 162 163 157 154 143 129 125 142 158 153 149 149 147 152 152 147 149 152 152 158 159 155 157 153 153 151 154 158 158 157 150 145 151 146 142 154 152 145 148 151 149 165 167 157 159 146 148 148 157 168 156 148 145 135 134 146 146 136 142 145 134 144 152 147 146 151 148
