example/E5 - XRays/X-ray-tomography/rastert_juap20.txt
ncols         356
nrows         356
xllcorner     -0.5
yllcorner     -355.5
cellsize      1
NODATA_value  -9999
[rows 126 to 167 of 356, columns 94 to 187 of 356]
148 143 137 142 146 152 148 147 150 145 129 130 143 131 134 127 139 140 133 136 150 158 150 141 147 151 138 143 150 141 139 144 147 141 140 137 148 155 159 166 161 146 154 161 165 171 156 144 129 126 123 128 132 131 137 139 146 153 147 151 146 125 123 130 128 135 134 130 127 99 102 124 137 138 142 143 134 135 142 136 144 151 150 165 163 158 169 163 148 133 126 133 144 138
149 139 141 148 153 158 154 153 147 137 124 116 130 125 138 138 148 149 135 133 143 149 141 130 132 138 135 143 146 140 146 154 145 130 132 131 141 154 152 157 151 135 145 160 162 160 150 144 137 134 136 135 130 127 128 142 149 160 154 163 163 138 122 118 133 140 134 125 113 91 103 133 138 146 151 147 140 137 128 124 136 146 151 158 152 161 166 155 151 138 126 139 153 149
158 145 145 149 155 158 153 148 141 136 138 129 129 135 135 136 145 146 133 123 138 146 140 138 139 132 140 148 142 140 149 151 146 138 136 130 139 155 146 149 145 134 149 154 147 150 147 131 128 143 138 135 130 125 130 146 151 163 164 165 166 147 138 136 152 149 142 123 102 82 95 124 130 145 148 145 148 144 130 133 140 145 146 149 149 165 169 162 164 147 144 159 169 166
156 139 133 143 156 160 154 143 146 141 145 145 138 139 127 129 148 151 132 123 133 142 149 147 147 137 146 146 140 141 146 145 140 140 141 128 139 146 141 149 138 125 148 155 143 146 144 136 123 135 137 136 133 128 135 157 170 171 164 158 156 138 134 140 156 164 152 128 101 73 82 119 138 143 138 144 144 145 136 134 143 138 139 150 158 163 164 155 154 142 141 150 159 160
150 130 129 143 151 155 154 142 142 139 142 142 134 142 133 132 145 152 140 143 141 130 146 143 139 137 140 140 144 145 150 151 131 124 134 132 141 138 132 141 137 118 135 154 148 143 140 145 134 129 123 123 126 113 121 149 156 162 157 156 142 116 127 141 151 159 148 130 112 105 113 134 148 138 130 140 145 149 135 126 141 134 146 155 157 159 153 151 154 146 140 138 137 132
159 138 130 148 154 149 155 150 143 143 143 138 129 126 125 129 133 144 151 154 143 117 132 141 145 148 145 139 145 152 157 153 133 123 141 145 140 140 139 144 152 134 130 149 148 151 153 151 142 133 115 110 111 93 100 142 149 159 160 149 130 113 132 141 140 142 138 134 131 136 139 142 152 138 123 133 148 157 138 132 140 134 144 156 146 138 135 142 152 151 150 149 148 140
157 152 140 147 160 156 158 156 156 151 138 133 135 128 127 127 133 141 145 153 146 127 136 139 140 135 135 138 148 155 152 153 147 134 141 149 155 162 151 136 140 127 127 143 149 153 157 160 151 145 125 109 98 86 78 122 143 149 152 142 132 125 133 128 115 118 138 147 141 143 136 134 150 142 126 128 137 153 143 141 140 135 148 159 139 134 135 134 144 150 155 148 145 144
154 156 151 148 152 156 158 152 152 150 141 125 136 135 134 133 135 145 143 148 148 143 142 138 139 132 136 142 143 146 149 160 152 154 165 165 176 174 153 137 137 121 131 143 151 163 157 159 152 155 129 105 109 104 77 104 137 138 130 128 128 137 137 125 100 101 128 143 142 142 132 137 154 151 140 141 141 145 142 146 149 137 138 151 144 140 133 129 138 146 145 138 141 143
150 149 148 152 154 157 156 149 138 134 144 136 141 135 139 142 141 152 144 145 142 143 140 129 139 143 145 142 140 147 152 153 155 169 178 181 180 173 166 146 125 104 125 146 146 153 158 159 162 167 137 114 134 141 107 98 118 125 120 120 125 141 145 146 127 125 132 135 138 143 143 147 156 157 150 144 136 130 136 142 147 146 138 145 145 139 129 126 126 131 125 118 131 138
153 150 150 153 155 153 146 147 143 133 137 141 144 139 144 138 132 149 153 151 141 142 141 135 138 137 138 144 153 152 156 162 160 168 166 176 175 172 170 137 93 83 110 133 143 151 161 159 159 155 139 134 142 148 133 117 111 103 108 117 131 145 152 159 143 137 136 133 144 149 150 143 143 148 149 142 131 124 136 152 156 163 155 158 160 153 138 133 127 125 121 120 132 143
159 154 142 142 146 150 150 146 147 146 134 135 136 139 139 130 130 150 155 142 130 132 137 143 145 145 149 145 152 151 153 158 166 187 176 165 161 159 169 143 91 105 135 148 146 143 142 140 144 139 131 143 141 142 140 133 122 113 120 127 143 151 155 159 138 133 136 135 147 138 138 143 149 143 141 138 144 156 153 158 157 157 155 162 166 159 145 139 136 128 126 138 143 157
156 153 138 136 145 151 142 129 132 133 135 141 142 144 135 134 139 148 144 128 126 130 132 137 146 145 149 144 144 152 159 150 160 187 186 170 164 158 162 146 106 122 151 159 144 128 124 126 134 142 136 144 145 138 133 135 131 136 148 140 134 138 141 146 142 143 143 139 142 137 143 137 135 133 147 150 153 166 158 157 162 162 162 159 153 152 148 144 132 125 129 141 148 165
158 161 156 152 146 144 139 133 132 125 134 139 134 137 135 144 149 145 138 138 142 142 139 140 145 146 151 146 139 147 157 143 151 171 171 163 150 156 157 142 124 138 157 159 139 118 106 110 125 150 147 136 143 142 141 138 127 135 139 118 95 112 128 124 130 139 143 141 142 142 143 134 136 136 152 164 162 164 160 157 158 161 168 167 156 144 147 159 138 118 126 143 143 145
152 159 159 155 145 133 133 139 138 128 126 127 131 141 147 147 153 149 134 133 137 143 149 153 146 142 152 155 144 147 145 132 143 168 170 160 141 149 150 139 133 145 156 155 139 132 109 86 87 128 152 145 149 135 133 135 133 143 126 104 87 94 112 114 127 143 154 146 138 133 122 123 135 140 153 162 154 161 162 160 160 158 165 159 151 155 159 164 148 130 130 147 149 145
152 152 148 143 135 136 138 135 135 131 125 121 130 145 150 146 144 142 132 122 130 146 155 163 162 153 149 160 158 150 134 133 147 161 165 152 144 144 140 133 137 141 149 148 132 142 124 88 81 113 139 137 137 128 130 136 136 143 144 131 114 93 83 100 137 153 160 160 148 143 140 135 134 142 151 152 143 164 167 166 161 154 158 154 148 163 164 152 152 153 149 150 151 153
144 141 136 135 133 139 138 135 133 136 135 125 133 143 140 152 152 145 142 130 131 136 155 176 179 172 164 164 161 155 131 133 155 165 153 133 148 142 138 138 139 142 142 140 126 133 129 115 118 127 125 122 130 136 137 136 138 140 147 140 120 98 92 106 141 154 158 159 158 156 161 145 137 142 145 149 153 176 179 168 165 166 155 145 144 150 159 157 151 146 152 150 145 152
135 144 146 149 143 142 137 137 143 138 134 138 143 138 134 151 146 137 141 140 136 142 170 183 176 174 177 176 170 164 146 138 140 157 155 143 140 131 148 147 132 140 144 134 108 102 121 133 137 134 123 119 135 145 131 112 131 140 140 144 133 125 120 113 129 143 153 144 151 150 148 140 144 146 148 156 152 161 178 167 167 164 149 151 150 139 146 155 151 145 152 154 146 142
143 154 156 155 150 149 151 150 146 129 129 142 144 140 133 145 140 134 137 138 135 149 173 178 174 175 174 167 159 154 150 151 135 139 150 139 131 130 148 152 147 142 140 134 107 98 120 131 134 123 128 135 138 141 130 111 132 137 138 156 136 127 127 117 119 131 145 127 131 142 143 131 143 148 145 152 154 155 170 168 168 163 156 165 148 131 147 156 150 147 154 157 157 134
145 150 155 154 145 142 150 149 139 131 137 141 137 141 140 147 148 147 138 133 130 141 167 174 169 167 172 170 160 154 153 166 162 148 145 137 144 150 148 154 159 144 145 142 115 107 126 132 129 120 134 147 133 120 128 126 137 136 134 146 132 132 133 128 128 136 140 126 130 144 152 139 148 149 137 141 150 146 154 158 158 160 153 169 152 140 152 146 147 145 149 151 154 128
147 151 154 154 135 137 141 134 132 131 138 135 131 136 138 151 150 146 144 142 138 147 169 176 163 160 168 174 162 162 161 162 167 159 147 147 155 159 153 155 155 139 131 122 107 111 134 134 132 133 138 141 134 125 125 120 124 119 120 129 136 136 128 126 133 150 145 134 136 141 145 142 145 143 142 150 153 142 156 150 147 155 154 161 154 157 154 139 143 131 137 145 143 131
153 158 158 157 146 148 146 145 139 135 135 136 133 133 130 141 137 144 147 140 131 132 154 168 167 174 170 174 167 167 160 156 162 145 143 143 152 153 145 148 151 129 123 126 123 130 140 138 135 131 134 129 136 143 135 124 111 104 114 129 141 136 126 129 131 146 141 129 132 148 147 133 140 139 139 145 141 147 152 141 150 158 151 149 156 163 157 151 152 132 126 132 139 133
149 150 144 146 142 139 148 155 145 135 123 132 139 133 140 145 136 152 146 139 132 122 146 162 164 174 171 168 173 171 156 146 153 136 134 132 136 139 139 145 138 114 131 146 136 136 138 137 132 121 130 136 144 142 135 127 118 112 122 128 135 140 128 128 126 130 125 126 144 159 158 147 155 146 135 137 139 148 147 136 145 153 145 149 151 158 158 156 158 146 144 141 140 141
143 139 133 143 143 134 150 147 139 135 124 128 134 134 139 145 145 150 145 144 134 117 135 153 163 166 164 165 167 159 157 155 142 126 130 128 130 136 138 141 141 131 143 148 146 141 140 136 137 130 135 137 131 135 139 125 116 106 119 136 138 145 139 129 127 124 123 138 158 170 168 164 166 152 129 124 144 155 152 143 145 158 157 163 160 151 155 155 158 156 162 160 143 144
141 136 134 146 156 141 142 142 140 144 148 140 123 130 139 138 147 147 142 147 126 113 132 146 156 156 160 168 162 145 157 161 143 142 148 133 139 152 148 146 146 144 151 154 161 144 126 120 130 125 111 100 107 126 136 139 132 123 142 157 152 154 152 138 138 134 130 144 167 181 172 173 175 164 132 122 143 146 150 155 153 165 162 157 162 151 154 149 159 165 161 154 147 154
145 147 140 133 140 128 131 147 144 149 154 145 131 134 144 138 148 144 140 148 129 121 135 139 149 157 156 155 150 147 149 148 142 144 143 129 135 141 133 137 145 157 164 168 163 148 136 126 115 91 76 65 85 116 117 135 143 143 156 163 159 160 155 147 137 122 132 153 172 174 169 173 171 162 147 149 158 152 151 155 144 145 152 150 158 151 150 145 158 156 154 146 146 156
140 136 143 139 136 129 131 138 143 155 151 147 146 135 138 137 136 142 148 141 137 133 142 149 151 149 153 159 154 146 139 142 136 135 132 130 128 126 120 131 144 163 174 175 159 149 149 146 123 91 77 56 70 115 130 142 147 149 163 163 159 165 156 158 145 127 150 162 162 163 175 174 158 149 154 159 153 151 155 155 145 142 151 151 156 149 135 130 142 136 148 148 149 155
133 128 137 142 144 141 138 132 132 143 139 140 140 139 140 149 135 134 142 135 123 130 152 156 150 141 150 156 153 142 141 139 129 136 149 143 134 128 113 122 135 152 170 164 160 157 147 145 130 111 103 93 94 100 126 139 141 145 156 162 156 162 165 154 146 144 148 152 165 169 179 175 156 147 164 168 156 151 151 156 145 131 149 151 147 142 137 140 149 148 156 150 143 150
126 141 146 137 134 138 135 121 126 135 142 139 124 127 131 145 144 135 133 133 126 140 155 150 150 139 134 141 153 142 137 139 126 135 150 135 139 139 112 116 143 159 163 161 165 170 164 146 115 107 111 121 131 113 125 143 148 156 159 165 161 159 156 142 137 147 142 146 165 167 161 159 155 151 161 169 162 150 144 154 149 123 120 132 141 133 131 146 153 154 153 141 135 144
122 124 130 134 136 143 138 130 135 130 137 143 135 140 142 142 142 131 132 125 130 142 145 143 144 138 137 149 158 148 145 137 124 129 131 119 139 147 124 128 153 163 162 170 165 154 152 146 110 95 101 110 125 129 138 146 142 153 149 155 160 155 146 142 142 155 149 139 142 146 140 145 153 153 149 157 161 151 148 150 145 121 99 114 136 141 134 141 143 142 139 131 133 132
121 110 110 129 144 144 139 132 134 139 140 139 145 153 152 148 148 130 124 120 131 147 153 131 124 140 150 150 151 154 148 125 102 115 124 134 147 147 134 140 155 162 159 162 157 148 131 121 112 113 120 113 117 128 134 130 134 150 148 151 157 150 140 137 143 160 153 146 137 140 149 148 150 143 137 149 156 153 154 153 153 141 123 130 151 155 137 136 128 122 130 143 141 124
123 127 121 130 149 138 131 139 137 142 147 134 145 158 154 158 157 138 127 134 138 149 154 125 113 138 143 143 152 152 138 111 81 99 128 146 144 152 150 147 154 164 157 155 160 159 134 120 116 127 133 123 121 121 114 119 134 148 159 155 150 150 153 139 138 160 161 160 144 145 150 147 154 139 126 142 158 159 156 153 157 166 158 154 169 160 138 143 132 122 122 138 143 138
136 145 138 141 147 133 131 145 142 139 141 144 153 157 150 152 150 134 133 146 142 137 139 135 121 130 142 149 156 147 135 126 109 107 125 138 137 138 139 151 157 153 144 148 148 151 145 128 115 125 121 119 129 129 110 119 132 138 149 148 146 155 166 154 147 153 155 165 158 154 143 141 147 144 134 138 158 155 152 153 163 176 167 164 166 163 157 152 143 142 134 127 132 142
140 148 147 142 135 132 131 136 143 146 135 140 149 151 158 157 148 139 147 152 144 134 137 140 118 133 150 147 144 151 147 146 148 129 119 121 126 134 132 145 153 151 148 143 134 132 144 133 130 129 109 126 148 148 132 127 142 141 131 133 142 143 151 148 140 149 159 157 144 141 140 149 151 157 153 140 157 165 163 167 170 170 173 183 177 171 163 158 160 150 122 94 104 126
140 137 138 139 137 142 139 134 133 141 135 130 140 145 147 148 136 140 147 147 146 146 149 155 138 140 147 144 141 143 146 145 138 116 117 135 138 147 131 139 155 151 151 145 145 145 138 128 144 138 126 150 159 154 143 139 145 133 124 128 141 131 131 133 136 153 152 145 138 142 153 168 157 159 151 143 160 175 174 174 172 168 174 182 173 172 163 167 168 155 120 91 102 130
140 130 138 139 137 144 141 133 132 143 147 144 143 141 141 148 143 148 147 146 150 152 154 158 151 140 135 136 140 126 135 145 130 124 132 148 147 145 130 139 150 152 147 137 143 146 134 132 136 130 142 156 153 144 141 147 146 143 139 138 134 135 148 145 134 149 154 155 150 145 158 167 156 162 155 158 167 168 171 175 172 175 175 177 163 170 173 173 163 155 140 138 141 141
125 123 133 140 139 146 143 140 141 147 150 157 149 143 151 151 147 151 149 144 145 141 149 153 142 132 127 133 145 127 127 135 134 140 132 133 148 153 145 148 149 148 148 145 141 137 137 144 146 143 149 153 149 140 143 151 140 150 158 147 128 124 143 158 154 150 153 153 151 151 168 175 167 165 158 166 171 174 180 181 168 181 183 190 175 166 171 175 161 150 144 160 151 136
113 117 131 141 137 139 139 140 147 148 136 139 138 143 150 146 146 145 149 157 149 144 155 149 144 135 131 137 151 141 136 134 134 136 130 132 141 145 143 140 140 134 136 133 122 126 145 152 150 149 140 145 145 135 141 157 152 158 168 156 150 131 124 153 167 151 149 153 162 155 155 167 163 160 164 163 164 172 176 186 171 176 182 182 184 180 170 165 155 136 118 149 151 131
120 134 147 148 140 132 128 127 132 135 127 132 140 149 151 143 154 160 152 160 156 151 156 143 144 143 134 132 144 152 151 140 139 143 145 140 129 128 136 129 131 134 126 110 117 130 141 148 147 157 154 148 140 133 139 153 162 165 153 147 152 144 137 151 161 153 150 151 155 149 163 173 161 163 178 168 162 174 175 180 179 179 179 171 171 177 174 163 161 133 103 123 151 144
120 126 131 134 146 143 140 126 117 126 131 137 137 142 143 150 164 173 166 159 156 158 161 152 148 145 126 121 136 139 142 139 139 135 134 129 110 104 126 134 131 141 131 111 123 135 132 139 149 155 156 156 144 126 116 133 148 152 149 152 150 138 142 145 146 154 150 138 144 157 166 177 166 163 165 169 174 179 168 167 173 176 176 173 171 168 168 169 150 115 102 117 146 148
122 109 99 100 132 154 150 135 135 140 138 140 135 137 145 161 173 175 170 162 160 159 153 162 161 149 143 140 134 131 141 140 141 141 136 130 121 113 121 128 138 140 125 110 119 144 137 130 133 137 141 142 141 134 124 134 137 140 152 162 160 145 140 142 140 153 151 141 148 156 146 155 161 162 159 169 171 175 168 166 177 185 181 180 172 163 168 172 131 98 119 135 142 150
128 109 88 79 108 154 159 142 148 141 133 134 135 139 143 148 168 174 169 167 158 152 150 163 162 155 152 144 135 145 152 142 140 147 139 134 148 138 129 123 134 137 128 122 117 133 134 135 125 123 135 140 145 142 137 141 146 149 147 155 155 150 139 146 154 160 161 155 154 154 141 147 159 163 167 168 166 171 172 168 175 181 178 181 174 172 177 173 128 105 145 153 148 144
117 86 73 78 106 143 159 149 153 146 146 142 136 143 134 136 163 170 165 166 151 149 157 158 152 145 141 139 135 149 146 135 142 149 145 128 133 129 124 122 125 130 138 148 138 141 147 145 134 116 123 136 142 147 157 155 148 158 153 159 155 147 148 145 156 163 150 158 159 154 156 163 156 158 166 167 171 171 172 175 171 173 175 178 182 185 180 178 147 134 157 155 152 150
