example/E5 - XRays/X-ray-tomography/rastert_juap46.txt
ncols         356
nrows         356
xllcorner     -0.5
yllcorner     -355.5
cellsize      1
NODATA_value  -9999
[rows 0 to 41 of 356, columns 94 to 187 of 356]
255 255 255 255 255 255 255 255 255 255 255 255 255 255 255 255 255 255 255 255 255 255 255 255 255 255 255 255 255 255 255 255 255 255 255 255 255 255 255 255 255 255 255 255 255 255 255 255 255 255 255 255 255 255 255 255 255 255 255 255 255 255 255 255 255 255 255 255 255 255 255 255 255 255 255 255 255 255 255 255 255 255 255 157 255 255 255 255 255 255 255 255 255 255
255 255 255 255 255 255 255 255 255 255 255 255 255 255 255 255 255 255 255 255 255 255 255 255 255 255 255 255 255 255 255 255 255 255 255 255 255 255 255 255 255 255 255 255 255 255 255 255 255 255 255 255 255 255 255 255 255 255 255 255 255 255 255 255 255 146 143 128 131 145 149 150 150 153 150 142 130 116 125 137 150 153 151 151 154 159 160 154 153 158 157 158 155 155
255 255 255 255 255 255 255 255 255 255 255 255 255 255 255 255 255 255 255 255 255 255 255 255 255 255 255 255 255 255 255 255 255 255 255 255 255 255 255 255 255 255 255 255 255 255 255 255 255 255 255 255 255 255 255 255 255 157 157 161 157 155 149 146 150 145 141 119 115 126 139 143 143 144 135 118 106 109 126 144 153 149 146 150 155 165 166 153 143 148 155 160 152 149
255 255 255 255 255 255 255 255 255 255 255 255 255 255 255 255 255 255 255 255 255 255 255 255 255 255 255 255 255 255 255 255 255 255 255 255 255 255 255 255 255 255 255 255 255 255 255 255 255 255 255 165 160 160 158 158 160 157 159 163 157 151 147 143 149 150 147 132 125 120 127 134 132 126 114 106 112 130 139 148 153 150 148 151 154 163 162 151 139 141 152 155 150 148
255 255 255 255 255 255 255 255 255 255 255 255 255 255 255 255 255 255 255 255 255 255 255 255 255 255 255 255 255 255 255 255 255 255 255 255 255 255 255 255 255 255 255 255 255 255 161 160 160 157 165 170 164 164 160 162 161 156 163 165 159 153 151 147 151 152 149 142 142 136 132 133 127 123 122 128 139 147 151 153 153 151 150 154 151 159 160 153 145 143 152 156 153 151
255 255 255 255 255 255 255 255 255 255 255 255 255 255 255 255 255 255 255 255 255 255 255 255 255 255 255 255 255 255 255 255 255 255 255 255 255 255 255 255 255 255 153 164 163 155 159 165 166 157 162 169 164 167 165 165 164 157 163 159 155 159 155 148 151 152 149 146 148 148 145 142 138 137 142 148 151 151 158 156 149 149 151 154 146 155 160 154 147 152 158 158 153 149
255 255 255 255 255 255 255 255 255 255 255 255 255 255 255 255 255 255 255 255 255 255 255 255 255 255 255 255 255 255 255 255 255 255 255 255 255 255 149 152 154 153 148 155 160 158 157 162 166 162 161 164 163 169 169 166 166 160 158 155 157 162 156 151 151 153 151 152 148 149 150 151 151 148 153 154 153 152 158 157 153 151 151 150 142 149 158 156 149 160 161 155 152 153
255 255 255 255 255 255 255 255 255 255 255 255 255 255 255 255 255 255 255 255 255 255 255 255 255 255 255 255 255 255 255 255 255 255 153 148 151 148 147 154 156 155 153 152 153 160 158 158 162 162 160 163 165 167 169 167 168 163 158 158 160 161 156 153 152 152 152 156 150 148 150 154 154 152 155 155 154 154 156 158 154 151 156 157 148 144 153 155 152 157 156 155 156 158
255 255 255 255 255 255 255 255 255 255 255 255 255 255 255 255 255 255 255 255 255 255 255 255 255 255 255 255 255 255 255 157 149 148 148 148 151 149 150 155 156 157 159 155 152 159 159 156 161 165 161 162 165 164 166 165 168 170 162 161 162 159 154 151 154 153 151 153 150 152 155 155 153 153 154 153 157 154 154 156 153 150 161 165 155 146 154 155 148 143 144 152 157 157
255 255 255 255 255 255 255 255 255 255 255 255 255 255 255 255 255 255 255 255 255 255 255 255 255 255 255 255 154 151 152 155 146 141 140 145 153 150 146 148 154 158 159 155 154 159 161 156 160 167 164 158 162 164 164 163 165 170 162 160 167 160 151 149 154 152 151 152 153 158 157 155 152 150 155 153 155 157 157 154 154 150 158 163 150 143 151 160 152 140 142 153 158 155
255 255 255 255 255 255 255 255 255 255 255 255 255 255 255 255 255 255 255 255 255 255 255 255 255 154 153 150 148 149 146 148 143 143 141 140 148 149 146 143 149 155 159 161 163 165 160 157 160 165 164 158 163 167 160 162 165 164 160 161 168 157 150 152 156 154 152 153 154 154 152 155 153 149 157 154 153 161 162 153 149 144 144 147 139 138 146 159 157 143 145 157 158 155
255 255 255 255 255 255 255 255 255 255 255 255 255 255 255 255 255 255 255 255 255 255 156 156 150 145 146 148 144 145 141 141 141 143 144 140 145 147 147 141 146 151 160 165 166 167 161 158 159 163 160 156 164 167 163 167 164 160 161 162 164 160 152 154 157 152 150 151 152 152 150 152 152 153 158 154 149 158 162 152 144 142 137 134 134 137 142 154 160 147 148 157 154 153
255 255 255 255 255 255 255 255 255 255 255 255 255 255 255 255 255 255 255 158 151 149 150 154 145 137 143 149 146 142 140 140 144 145 148 143 143 138 139 130 136 143 151 157 162 166 167 161 155 158 158 155 162 164 161 170 165 157 162 161 156 159 152 149 155 149 148 152 153 149 148 153 152 152 154 155 148 152 159 154 143 143 138 133 136 142 144 147 155 153 155 157 152 148
255 255 255 255 255 255 255 255 255 255 255 255 255 255 255 255 255 151 156 154 149 148 146 151 146 140 146 145 140 140 138 133 140 149 154 150 147 139 137 133 134 137 146 157 162 164 164 164 158 150 153 156 160 162 157 161 163 161 159 158 153 150 145 142 150 151 146 153 153 145 149 158 155 150 150 157 160 155 150 152 149 144 139 136 134 140 146 142 150 155 154 156 152 144
255 255 255 255 255 255 255 255 255 255 255 255 255 255 255 152 149 144 152 149 143 147 151 150 149 143 137 130 138 146 143 137 143 152 159 159 150 140 136 140 141 144 152 160 165 165 162 163 162 152 153 159 157 156 160 161 160 163 156 148 149 146 141 141 147 151 142 148 155 148 147 156 157 154 154 161 172 159 137 140 148 143 140 142 139 138 144 145 151 150 152 153 150 139
255 255 255 255 255 255 255 255 255 255 255 255 158 153 148 148 145 137 145 146 139 146 157 153 146 137 130 130 141 148 148 143 146 153 158 155 131 116 123 139 147 152 156 157 164 168 165 160 159 152 154 160 153 147 156 164 157 154 148 136 138 143 144 150 148 146 141 139 150 150 145 147 155 154 156 167 174 161 133 132 142 135 137 145 144 139 143 145 152 149 156 155 149 142
255 255 255 255 255 255 255 255 255 255 161 156 153 147 145 145 145 134 135 146 146 151 155 150 138 132 132 141 146 145 145 139 143 147 146 141 118 109 131 145 149 150 156 156 160 166 165 158 157 153 155 157 150 143 142 150 147 144 143 138 138 143 147 161 157 146 143 142 143 149 151 143 144 149 151 161 169 162 135 128 131 129 133 141 144 142 150 152 155 154 161 160 152 144
255 255 255 255 255 255 255 255 160 163 160 154 151 142 138 142 145 138 137 147 145 145 149 142 130 130 138 147 145 139 138 133 138 140 137 134 131 133 149 153 148 149 157 160 162 162 161 155 154 153 150 147 143 141 141 139 140 143 147 145 147 145 147 161 159 151 142 141 142 153 156 146 140 142 148 158 166 163 140 127 128 129 126 134 141 142 153 158 156 155 159 158 151 144
255 255 255 255 255 255 163 164 162 161 159 147 143 140 131 135 141 140 139 145 144 139 140 141 138 134 140 152 152 140 138 138 138 140 142 137 141 148 156 158 148 147 148 151 154 148 144 143 143 144 144 143 142 138 139 137 139 143 148 149 153 149 145 151 155 153 141 143 142 146 147 148 144 144 150 153 155 156 138 131 133 126 118 129 139 136 149 155 151 152 153 150 150 153
255 255 255 255 164 165 163 167 164 160 155 141 134 136 129 134 142 144 140 144 142 140 139 140 146 145 150 157 158 149 141 139 138 142 147 142 140 146 148 154 148 147 145 145 141 135 132 134 138 135 139 144 143 134 133 137 139 134 136 146 146 144 142 143 150 150 144 147 143 136 137 145 142 140 146 148 143 151 141 133 129 113 104 106 128 139 153 156 148 147 149 152 155 158
255 255 163 162 162 164 164 165 161 158 154 146 138 132 128 135 143 143 140 141 135 131 134 142 147 146 149 159 160 159 150 138 132 134 145 144 131 132 137 143 142 148 149 143 137 134 132 127 132 136 140 147 144 138 135 133 133 128 124 136 137 135 142 146 147 144 145 150 147 135 139 142 140 139 145 151 144 147 145 137 126 115 111 103 123 143 156 161 150 145 149 159 159 159
155 160 157 158 159 161 164 163 158 156 151 149 144 133 128 134 143 143 137 131 126 128 135 141 142 146 146 154 160 158 152 140 125 124 136 141 132 131 137 141 143 147 144 141 139 134 128 119 124 140 147 155 146 136 128 125 129 131 125 131 132 135 144 144 140 141 144 147 149 138 141 138 134 137 143 151 143 143 144 138 128 125 125 119 131 146 158 163 151 147 155 163 159 157
149 151 149 152 149 153 155 151 152 156 151 147 144 138 138 138 144 145 137 134 130 137 145 139 134 140 142 148 154 146 140 129 115 111 109 123 137 142 139 135 136 140 144 144 134 133 125 115 121 137 148 158 149 129 122 130 141 138 132 134 132 139 147 143 144 147 144 145 147 143 146 142 135 133 141 149 143 140 138 136 135 136 136 139 146 149 156 159 149 150 154 156 159 159
142 146 146 147 140 141 145 146 149 150 145 141 145 148 142 137 140 139 135 139 141 143 144 137 129 134 141 144 147 140 135 126 120 116 106 119 141 149 147 140 138 137 139 139 121 123 126 120 124 133 150 155 144 128 128 140 150 142 137 138 141 148 154 149 153 152 136 142 147 147 145 143 135 131 139 144 138 133 133 143 147 145 147 161 168 155 151 158 155 151 151 149 159 162
136 144 144 142 136 135 138 149 151 150 145 134 141 152 139 131 137 136 134 133 138 139 135 137 132 138 148 148 143 140 139 130 131 133 129 135 148 152 155 156 152 140 133 131 116 118 131 134 135 133 146 146 138 135 138 141 141 140 141 142 147 157 163 157 160 158 140 140 142 147 144 143 142 134 136 144 137 133 138 145 148 146 150 164 166 154 149 154 158 153 155 154 160 162
135 137 134 133 135 138 136 142 142 145 146 131 133 146 144 132 135 140 139 130 139 141 132 138 135 136 149 154 143 135 134 128 132 145 145 137 142 149 156 160 160 149 131 125 128 129 136 142 140 138 147 147 144 138 138 138 135 140 143 147 154 165 171 164 163 164 156 150 143 149 147 136 136 137 140 149 149 144 143 142 140 144 150 158 156 154 158 158 157 156 159 151 155 164
130 123 118 122 134 144 136 129 131 135 141 135 133 134 138 139 135 136 139 136 146 141 134 138 137 133 146 156 145 132 125 122 127 143 146 143 146 144 147 150 157 154 132 121 141 143 140 147 144 147 157 149 144 135 129 129 137 143 144 152 156 161 172 168 164 168 166 161 153 153 142 124 123 141 144 146 152 149 142 137 136 139 151 156 154 160 166 162 158 164 160 145 151 162
127 125 126 135 143 139 125 122 133 135 134 129 124 128 134 143 141 133 133 135 145 134 139 144 146 138 144 152 138 131 125 123 127 140 144 150 158 149 140 137 146 147 127 123 150 153 145 154 152 153 159 146 138 133 133 128 131 144 150 160 160 160 170 169 163 172 169 165 161 158 151 142 142 159 153 149 148 139 133 131 134 131 147 157 158 164 164 159 159 166 162 148 154 161
130 132 142 157 157 143 126 129 137 137 128 116 113 127 138 148 150 142 130 127 140 138 135 141 148 142 145 150 141 133 131 133 137 139 138 142 151 148 136 129 136 140 132 133 150 152 150 157 157 159 155 136 127 130 143 133 121 137 153 165 166 162 175 179 169 172 167 165 165 164 163 159 160 168 158 157 154 137 132 132 137 133 148 161 159 162 163 158 155 160 156 153 156 156
132 140 149 162 160 150 134 131 131 137 134 122 126 133 133 145 155 148 134 128 135 134 118 127 145 142 145 149 152 143 138 146 145 139 140 142 137 136 129 131 139 138 145 146 149 149 150 155 159 162 154 134 121 124 131 115 107 134 155 168 168 163 177 179 173 170 167 170 170 169 164 163 168 172 164 162 158 143 141 142 147 148 156 158 154 161 164 159 152 152 145 148 154 153
136 146 151 156 155 152 140 132 129 132 138 135 135 135 132 136 145 143 137 136 131 129 124 130 141 140 141 142 154 154 146 152 146 135 133 138 132 127 130 137 146 146 150 151 154 151 153 154 153 158 150 131 118 116 97 80 99 139 158 165 166 164 171 173 173 170 166 171 171 169 164 166 173 172 167 164 161 154 151 152 147 148 152 152 155 162 164 159 150 144 142 144 152 151
143 150 152 158 153 145 139 137 139 133 136 141 138 139 144 139 138 139 135 135 133 133 144 139 137 144 148 145 148 151 148 149 143 132 131 134 132 127 137 142 147 152 151 154 158 151 154 158 153 161 154 133 122 110 81 84 118 152 163 163 168 169 167 166 167 168 165 170 168 167 163 168 171 167 164 163 166 165 156 158 152 149 149 149 158 163 160 154 149 149 149 150 155 149
150 153 148 157 148 126 123 136 141 137 137 147 145 142 155 152 145 142 136 136 139 135 145 142 136 137 141 141 145 148 148 148 143 138 143 142 129 112 125 135 137 146 149 151 153 156 156 156 154 160 152 138 126 101 85 111 144 162 167 162 166 169 167 166 166 168 164 170 168 164 162 166 169 166 165 167 165 167 159 155 153 152 152 149 154 162 160 153 152 159 159 145 146 157
145 151 146 152 150 125 115 130 139 139 142 149 154 149 159 167 163 152 137 136 137 129 132 140 145 135 133 136 149 156 154 157 153 145 143 139 123 106 126 138 136 142 149 155 153 160 159 151 151 151 147 139 126 104 106 134 155 166 168 160 162 169 168 162 164 166 164 171 169 166 162 159 168 168 170 172 163 166 162 155 153 153 154 145 149 161 162 157 152 156 155 140 139 158
142 151 151 150 146 130 122 136 143 138 140 141 153 163 163 168 170 156 143 143 144 139 138 138 145 136 129 133 147 157 159 163 153 141 136 134 130 127 141 140 135 139 138 150 160 159 155 155 152 148 147 140 129 123 134 151 160 169 168 162 162 167 171 163 160 163 169 174 169 166 167 161 166 167 170 175 165 161 159 155 157 149 138 136 138 153 163 161 155 155 157 156 153 158
136 144 145 146 143 128 130 141 145 136 135 140 149 165 167 162 161 145 141 147 147 142 140 133 141 144 131 133 150 162 162 162 149 142 142 135 136 141 145 140 138 143 138 139 153 156 154 160 156 145 140 138 130 140 155 159 162 171 169 162 161 165 171 164 157 159 165 168 171 165 160 163 169 167 167 172 167 162 160 155 153 139 124 131 133 148 161 166 162 154 158 170 165 156
135 135 132 143 154 146 145 146 144 136 136 148 146 156 166 158 150 137 138 146 142 132 134 134 142 150 136 134 149 157 149 139 136 142 146 137 136 142 144 144 140 144 146 139 135 136 146 155 153 147 130 130 140 153 167 165 165 171 167 167 166 162 166 167 163 159 162 164 171 173 166 163 168 170 166 166 165 162 156 152 144 130 128 137 141 153 159 163 162 154 157 169 166 157
134 129 131 146 157 155 147 149 152 146 145 151 147 149 157 154 151 145 142 147 145 135 137 142 145 148 143 136 131 129 133 127 127 137 142 137 138 144 136 136 137 138 146 145 139 129 133 141 143 145 128 129 151 161 166 167 162 166 167 174 171 162 163 169 165 162 168 163 160 171 177 169 166 169 167 162 167 161 152 155 145 127 131 138 149 156 156 159 163 162 163 162 162 162
129 122 133 147 156 153 145 149 156 155 152 149 149 147 150 158 157 152 140 135 141 145 144 147 148 147 138 138 131 119 131 137 135 144 147 140 136 140 130 136 138 132 142 143 136 136 136 133 134 134 126 129 148 155 158 168 164 163 166 170 165 160 164 169 162 161 168 168 159 166 174 172 167 163 168 166 166 158 148 149 143 129 130 136 147 149 154 156 160 158 160 161 164 162
117 116 127 141 152 154 152 157 157 153 150 152 153 144 148 160 158 153 150 131 130 143 147 151 151 148 135 136 130 117 131 141 145 152 147 135 134 136 131 139 142 131 136 138 127 131 137 137 138 136 129 127 136 146 157 168 158 161 167 168 164 158 159 166 160 163 165 168 163 163 171 170 165 162 170 167 154 147 143 138 142 133 130 135 140 141 151 153 149 143 148 160 166 159
112 116 121 135 148 152 153 157 155 144 139 146 151 147 151 158 157 149 154 143 134 138 137 144 144 146 142 138 130 127 139 144 146 145 141 138 138 142 147 144 140 137 138 134 127 130 132 130 135 141 130 128 132 136 146 158 152 153 157 162 164 158 161 163 158 163 159 163 170 168 169 169 164 160 165 160 147 140 143 135 139 137 130 138 136 136 146 147 147 142 142 155 163 157
123 127 133 144 145 147 148 151 152 137 135 141 144 151 157 157 158 152 154 151 145 135 123 129 136 145 150 143 140 144 148 144 139 132 132 139 136 143 154 149 143 139 142 142 135 132 135 131 133 140 129 137 138 131 140 148 156 152 148 156 159 152 166 170 158 156 155 163 166 170 169 170 172 163 163 155 149 141 139 129 132 136 130 136 135 139 145 144 152 153 151 156 162 159
