example/E5 - XRays/X-ray-tomography/rastert_juap37.txt
ncols         356
nrows         356
xllcorner     -0.5
yllcorner     -355.5
cellsize      1
NODATA_value  -9999
[rows 252 to 293 of 356, columns 0 to 93 of 356]
255 255 255 255 255 255 255 255 255 255 255 255 255 255 255 255 255 149 147 153 153 150 150 152 156 158 162 162 165 167 164 160 163 164 155 144 130 119 126 128 123 127 130 130 131 133 127 132 143 151 158 156 157 163 162 162 156 161 156 150 152 147 141 137 133 130 123 117 135 150 158 159 151 135 133 135 143 149 148 147 137 139 146 142 140 146 145 143 140 134 140 141 148 163
255 255 255 255 255 255 255 255 255 255 255 255 255 255 255 255 255 255 157 157 150 149 149 152 154 153 157 161 167 165 162 161 161 156 147 137 125 116 123 124 117 122 127 134 137 138 134 136 149 156 161 161 161 168 162 157 155 162 157 147 156 148 142 140 138 128 114 107 133 155 158 152 152 141 137 140 146 148 147 147 147 148 148 146 145 149 146 146 148 146 146 144 144 154
255 255 255 255 255 255 255 255 255 255 255 255 255 255 255 255 255 255 160 158 158 159 149 143 148 148 151 155 156 154 157 162 163 153 147 142 138 134 127 121 121 127 134 144 144 141 144 141 140 147 155 158 158 166 161 158 158 163 159 151 155 143 135 133 137 136 118 104 122 143 148 154 154 135 134 143 143 141 140 138 143 140 138 139 141 144 145 153 158 155 146 137 141 152
255 255 255 255 255 255 255 255 255 255 255 255 255 255 255 255 255 255 255 154 156 154 148 141 140 140 144 149 148 148 153 158 159 152 147 146 146 138 125 125 131 129 136 141 140 140 145 144 137 147 155 162 162 162 162 162 159 159 163 152 144 137 139 140 139 134 123 115 120 137 145 155 147 128 138 145 140 135 135 135 136 138 138 140 143 142 142 155 155 143 134 136 144 148
255 255 255 255 255 255 255 255 255 255 255 255 255 255 255 255 255 255 255 149 148 149 150 149 149 142 145 149 142 140 147 153 153 150 150 151 149 143 139 143 146 139 140 137 131 137 148 152 145 148 155 164 166 162 164 163 158 161 158 142 140 141 146 147 143 126 117 123 131 136 146 151 142 135 145 142 135 134 139 144 143 137 130 131 138 133 134 144 140 141 144 143 145 146
255 255 255 255 255 255 255 255 255 255 255 255 255 255 255 255 255 255 255 255 148 147 149 148 146 135 138 144 139 135 143 143 137 145 154 157 152 148 145 141 147 148 141 136 136 140 148 153 151 156 161 164 164 161 164 164 160 161 151 146 149 148 145 144 147 143 134 135 136 132 141 143 138 136 137 140 139 130 135 149 143 136 130 127 141 144 148 150 147 153 148 140 148 154
255 255 255 255 255 255 255 255 255 255 255 255 255 255 255 255 255 255 255 255 153 152 148 136 133 132 133 139 144 142 146 138 134 147 154 154 146 137 135 137 147 141 135 142 140 134 137 142 145 151 157 158 159 157 161 160 156 152 148 149 146 144 146 148 154 157 148 142 142 137 139 144 145 142 141 150 143 133 138 145 129 133 133 128 139 145 151 153 154 156 147 142 145 139
255 255 255 255 255 255 255 255 255 255 255 255 255 255 255 255 255 255 255 255 255 153 149 141 137 137 135 136 137 132 136 140 145 153 153 151 146 142 140 146 146 130 132 141 141 138 133 139 142 147 151 154 159 161 156 150 148 147 141 130 128 134 143 151 152 150 145 146 152 149 141 145 148 145 142 143 136 131 136 138 130 133 135 139 141 140 147 152 153 152 147 150 138 117
255 255 255 255 255 255 255 255 255 255 255 255 255 255 255 255 255 255 255 255 255 149 147 146 142 136 133 133 128 116 123 136 144 148 152 155 148 145 144 145 145 143 145 148 152 146 129 129 135 135 134 139 147 158 158 144 138 130 121 120 123 117 124 137 142 147 151 148 152 151 146 148 146 144 143 138 142 138 139 145 141 133 137 144 140 141 148 154 151 149 154 160 139 115
255 255 255 255 255 255 255 255 255 255 255 255 255 255 255 255 255 255 255 255 255 255 149 149 145 130 126 134 135 128 133 137 139 135 143 153 148 148 150 146 149 152 152 152 150 147 132 126 125 118 122 124 115 125 135 118 114 109 109 123 122 103 107 128 140 143 143 142 145 143 144 147 145 145 144 142 148 137 141 157 152 137 136 139 131 132 141 150 151 157 160 154 143 133
255 255 255 255 255 255 255 255 255 255 255 255 255 255 255 255 255 255 255 255 255 255 150 146 146 130 134 150 150 150 147 135 126 120 133 153 152 152 154 149 151 146 149 152 150 147 137 131 124 118 131 122 92 97 125 112 94 102 119 133 133 108 95 114 132 134 127 129 140 143 143 142 144 151 147 146 146 131 139 154 149 146 144 137 128 137 149 151 151 154 149 143 150 153
255 255 255 255 255 255 255 255 255 255 255 255 255 255 255 255 255 255 255 255 255 255 255 141 134 130 139 155 157 160 156 137 113 105 130 150 143 147 154 152 152 153 156 154 143 140 145 146 139 135 147 137 109 107 131 122 102 111 135 152 149 126 95 95 115 131 129 137 151 146 143 145 146 150 140 145 144 136 147 156 151 147 141 139 141 148 152 153 154 145 136 139 147 150
255 255 255 255 255 255 255 255 255 255 255 255 255 255 255 255 255 255 255 255 255 255 255 144 140 137 139 152 157 159 155 137 107 93 110 128 134 142 146 145 147 148 151 145 133 136 146 152 150 143 143 137 128 128 136 135 127 127 142 154 151 144 120 108 117 134 142 150 148 138 140 145 149 153 143 145 141 139 146 143 137 126 116 128 143 147 143 150 158 145 130 141 152 155
255 255 255 255 255 255 255 255 255 255 255 255 255 255 255 255 255 255 255 255 255 255 255 255 151 144 144 151 155 157 151 140 116 96 96 114 131 136 138 147 154 148 144 143 140 144 146 143 143 135 136 136 132 136 142 144 136 130 137 142 144 140 129 133 132 132 140 146 139 143 148 142 149 158 147 148 144 147 148 129 120 111 104 126 145 148 149 153 154 141 128 138 148 154
255 255 255 255 255 255 255 255 255 255 255 255 255 255 255 255 255 255 255 255 255 255 255 255 255 136 137 143 148 150 144 138 125 108 102 121 140 140 140 150 152 150 145 140 140 150 155 153 150 141 137 131 130 136 138 130 127 127 128 136 141 132 124 136 135 132 135 141 136 141 144 140 139 146 146 151 148 153 149 133 127 110 105 126 139 145 149 154 147 130 122 133 144 148
255 255 255 255 255 255 255 255 255 255 255 255 255 255 255 255 255 255 255 255 255 255 255 255 255 134 139 147 150 144 138 134 134 132 128 133 141 137 134 142 148 150 150 145 147 160 163 161 153 146 133 121 127 129 122 118 125 132 133 140 147 147 133 133 138 139 136 139 140 139 140 145 139 135 144 155 154 159 155 138 127 106 115 136 134 142 150 158 148 136 137 139 145 147
255 255 255 255 255 255 255 255 255 255 255 255 255 255 255 255 255 255 255 255 255 255 255 255 255 255 145 147 141 138 138 130 131 142 137 135 136 136 137 139 141 144 148 144 149 157 158 159 149 139 132 130 129 122 120 123 130 136 138 136 140 145 136 140 144 142 140 140 141 137 139 148 143 138 144 154 151 154 157 147 131 113 121 132 132 140 151 159 142 126 135 141 147 153
255 255 255 255 255 255 255 255 255 255 255 255 255 255 255 255 255 255 255 255 255 255 255 255 255 255 149 151 147 147 149 133 119 129 135 137 141 140 144 139 139 146 146 137 140 150 155 154 146 139 140 143 135 126 129 140 142 142 143 136 133 125 117 135 144 143 147 139 136 136 136 139 139 143 145 151 157 162 162 158 146 125 119 128 141 146 138 134 128 128 145 145 144 151
255 255 255 255 255 255 255 255 255 255 255 255 255 255 255 255 255 255 255 255 255 255 255 255 255 255 255 153 147 147 150 138 116 120 138 148 149 142 137 136 144 146 145 138 144 154 149 140 137 136 139 142 141 140 147 153 151 148 148 143 148 136 118 132 142 145 143 132 137 137 133 135 140 146 146 150 158 163 162 159 157 146 136 142 151 143 118 115 127 143 154 146 146 152
255 255 255 255 255 255 255 255 255 255 255 255 255 255 255 255 255 255 255 255 255 255 255 255 255 255 255 255 146 149 150 145 135 135 146 152 154 146 137 140 146 138 139 135 133 140 138 134 130 131 138 137 144 152 160 158 154 150 145 149 158 154 144 144 145 146 139 132 133 128 127 136 137 138 142 147 155 161 156 153 156 153 149 143 138 130 117 123 132 135 142 139 140 138
255 255 255 255 255 255 255 255 255 255 255 255 255 255 255 255 255 255 255 255 255 255 255 255 255 255 255 255 144 141 140 146 153 147 144 151 151 140 134 140 143 136 142 137 119 127 141 140 131 134 140 137 144 148 151 146 143 144 142 144 145 148 151 149 143 139 141 144 139 132 135 142 142 141 141 142 155 160 150 150 156 154 144 133 136 135 131 132 125 121 130 132 123 118
255 255 255 255 255 255 255 255 255 255 255 255 255 255 255 255 255 255 255 255 255 255 255 255 255 255 255 255 255 140 142 151 148 137 139 145 143 136 131 135 137 136 143 134 105 111 136 138 130 125 129 131 133 139 141 141 142 142 139 136 143 153 149 144 140 139 142 144 139 132 138 140 137 140 138 143 155 158 154 155 159 153 142 132 134 127 119 130 131 120 112 118 113 107
255 255 255 255 255 255 255 255 255 255 255 255 255 255 255 255 255 255 255 255 255 255 255 255 255 255 255 255 255 149 155 153 141 135 138 139 139 138 137 144 144 139 139 124 99 103 121 128 124 117 122 121 122 129 122 132 140 137 138 138 142 145 140 138 137 145 141 135 126 124 132 133 135 138 138 148 157 159 163 164 159 152 144 133 128 120 116 137 143 122 115 132 129 116
255 255 255 255 255 255 255 255 255 255 255 255 255 255 255 255 255 255 255 255 255 255 255 255 255 255 255 255 255 255 152 147 145 143 139 137 140 145 147 150 146 135 128 117 106 109 118 122 124 132 135 123 120 119 112 128 134 130 134 135 130 134 144 138 135 144 139 136 134 136 142 137 132 131 140 152 159 162 164 160 151 148 148 141 138 139 140 139 127 105 108 130 136 131
255 255 255 255 255 255 255 255 255 255 255 255 255 255 255 255 255 255 255 255 255 255 255 255 255 255 255 255 255 255 255 150 148 139 131 135 144 150 150 147 137 132 130 127 127 128 127 131 135 147 149 134 128 125 125 131 129 128 132 138 137 138 146 142 141 144 142 142 143 140 139 137 139 139 143 154 156 159 157 149 137 137 142 145 141 140 139 129 116 101 109 127 123 119
255 255 255 255 255 255 255 255 255 255 255 255 255 255 255 255 255 255 255 255 255 255 255 255 255 255 255 255 255 255 255 146 142 135 128 132 137 142 139 137 137 138 136 133 138 138 134 137 140 142 147 140 133 131 122 127 134 135 142 147 140 139 142 142 138 134 138 138 138 134 136 143 146 140 138 152 157 158 149 134 121 113 130 145 145 140 139 140 127 121 125 130 127 124
255 255 255 255 255 255 255 255 255 255 255 255 255 255 255 255 255 255 255 255 255 255 255 255 255 255 255 255 255 255 255 255 141 135 136 137 136 139 137 133 140 136 129 124 129 134 132 131 140 150 154 141 140 139 116 126 145 139 137 141 133 132 139 139 133 132 136 137 135 135 141 149 147 144 148 159 160 155 151 144 127 111 132 148 146 150 153 155 146 142 137 139 150 149
255 255 255 255 255 255 255 255 255 255 255 255 255 255 255 255 255 255 255 255 255 255 255 255 255 255 255 255 255 255 255 255 255 138 140 137 137 141 137 128 129 127 127 129 129 137 140 142 152 161 157 139 142 148 121 128 145 133 130 137 134 129 132 135 133 139 138 135 139 140 143 149 148 155 154 146 146 148 149 153 142 128 143 152 145 150 159 154 152 152 139 142 154 152
255 255 255 255 255 255 255 255 255 255 255 255 255 255 255 255 255 255 255 255 255 255 255 255 255 255 255 255 255 255 255 255 255 255 136 133 134 138 136 125 119 121 128 128 130 146 153 155 158 161 157 145 150 151 126 124 138 130 130 134 127 120 123 130 138 145 144 138 133 130 133 136 138 150 146 134 139 143 142 149 145 140 151 157 149 144 151 152 147 146 139 148 158 156
255 255 255 255 255 255 255 255 255 255 255 255 255 255 255 255 255 255 255 255 255 255 255 255 255 255 255 255 255 255 255 255 255 255 140 137 134 131 129 123 120 124 126 122 131 149 158 162 162 166 166 156 153 152 130 122 134 128 131 142 123 101 102 115 134 141 144 146 140 133 125 117 129 145 140 133 137 140 140 143 141 142 150 151 150 155 160 158 142 134 135 147 158 157
255 255 255 255 255 255 255 255 255 255 255 255 255 255 255 255 255 255 255 255 255 255 255 255 255 255 255 255 255 255 255 255 255 255 255 137 132 122 118 121 124 131 131 118 129 150 162 166 163 164 164 155 149 149 134 125 126 122 127 146 130 96 85 93 120 140 146 160 163 154 133 120 133 140 135 130 129 133 138 141 142 141 138 142 144 156 166 165 150 141 144 144 146 144
255 255 255 255 255 255 255 255 255 255 255 255 255 255 255 255 255 255 255 255 255 255 255 255 255 255 255 255 255 255 255 255 255 255 255 255 136 125 119 127 129 135 136 125 133 152 162 170 166 165 165 159 149 142 140 133 123 123 127 143 136 105 94 95 114 137 146 162 163 149 134 129 136 136 135 131 126 131 139 140 140 137 135 138 142 151 158 163 160 149 148 149 152 144
255 255 255 255 255 255 255 255 255 255 255 255 255 255 255 255 255 255 255 255 255 255 255 255 255 255 255 255 255 255 255 255 255 255 255 255 255 138 137 140 132 131 139 133 134 148 159 170 169 170 172 167 153 144 147 135 112 113 119 133 133 113 114 125 125 126 134 147 147 139 128 127 135 141 140 137 133 136 143 139 144 147 137 138 141 135 139 149 149 138 134 144 149 142
255 255 255 255 255 255 255 255 255 255 255 255 255 255 255 255 255 255 255 255 255 255 255 255 255 255 255 255 255 255 255 255 255 255 255 255 255 140 145 151 142 138 143 137 137 148 162 171 170 170 169 163 160 155 153 138 107 101 100 109 121 115 115 130 130 123 122 131 139 131 121 122 131 135 135 136 132 138 145 139 148 150 140 143 140 129 135 146 146 140 135 146 150 143
255 255 255 255 255 255 255 255 255 255 255 255 255 255 255 255 255 255 255 255 255 255 255 255 255 255 255 255 255 255 255 255 255 255 255 255 255 255 151 154 149 143 137 136 134 143 160 164 164 166 166 166 165 156 150 132 103 95 89 84 105 118 116 119 125 129 127 123 123 113 115 126 126 126 132 136 135 143 149 148 153 152 142 137 130 131 145 157 154 142 138 144 147 146
255 255 255 255 255 255 255 255 255 255 255 255 255 255 255 255 255 255 255 255 255 255 255 255 255 255 255 255 255 255 255 255 255 255 255 255 255 255 255 147 142 137 134 140 138 141 156 164 167 172 171 171 164 154 141 121 96 92 87 69 97 128 130 128 127 132 131 111 101 105 120 137 131 123 129 139 143 147 156 163 161 155 140 131 130 136 151 160 153 137 134 141 146 146
255 255 255 255 255 255 255 255 255 255 255 255 255 255 255 255 255 255 255 255 255 255 255 255 255 255 255 255 255 255 255 255 255 255 255 255 255 255 255 255 140 134 136 145 146 151 160 166 171 173 174 173 164 152 142 132 117 106 102 96 118 136 138 138 135 140 129 97 91 114 136 148 144 133 134 152 159 162 168 166 157 148 136 137 134 133 143 150 145 137 139 142 138 138
255 255 255 255 255 255 255 255 255 255 255 255 255 255 255 255 255 255 255 255 255 255 255 255 255 255 255 255 255 255 255 255 255 255 255 255 255 255 255 255 145 134 138 142 142 139 145 158 167 170 171 168 166 160 154 145 132 117 120 130 139 140 141 142 138 139 130 103 100 125 145 148 151 148 147 157 161 163 165 165 160 147 143 143 133 130 141 142 134 135 144 145 135 142
255 255 255 255 255 255 255 255 255 255 255 255 255 255 255 255 255 255 255 255 255 255 255 255 255 255 255 255 255 255 255 255 255 255 255 255 255 255 255 255 255 134 141 144 139 133 139 156 167 171 169 169 171 166 157 148 135 121 126 143 150 149 145 139 134 136 135 118 117 138 149 145 147 146 148 154 150 152 160 161 154 151 149 143 139 141 148 144 132 138 148 145 136 141
255 255 255 255 255 255 255 255 255 255 255 255 255 255 255 255 255 255 255 255 255 255 255 255 255 255 255 255 255 255 255 255 255 255 255 255 255 255 255 255 255 255 142 143 144 138 142 158 170 174 174 178 177 170 160 153 138 127 129 140 146 147 141 140 141 138 134 128 133 139 132 127 130 139 149 154 146 150 159 155 152 157 156 146 139 142 143 138 136 137 136 131 128 135
255 255 255 255 255 255 255 255 255 255 255 255 255 255 255 255 255 255 255 255 255 255 255 255 255 255 255 255 255 255 255 255 255 255 255 255 255 255 255 255 255 255 255 141 147 140 135 148 162 169 173 171 166 163 158 155 144 134 133 130 128 133 141 151 150 137 123 122 140 143 134 136 142 142 140 141 148 151 151 157 162 155 153 150 143 143 139 131 131 130 134 134 132 136
255 255 255 255 255 255 255 255 255 255 255 255 255 255 255 255 255 255 255 255 255 255 255 255 255 255 255 255 255 255 255 255 255 255 255 255 255 255 255 255 255 255 255 255 147 139 134 145 154 164 166 164 164 162 160 161 150 137 133 128 125 126 139 147 146 142 129 121 139 145 149 157 151 135 124 124 145 151 141 146 151 150 158 152 140 136 135 130 131 135 140 142 138 132
