example/E5 - XRays/X-ray-tomography/rastert_juap52.txt
ncols         356
nrows         356
xllcorner     -0.5
yllcorner     -355.5
cellsize      1
NODATA_value  -9999
[rows 126 to 167 of 356, columns 188 to 281 of 356]
136 152 158 145 144 150 140 139 138 120 120 128 135 143 131 129 134 137 149 154 151 153 148 143 134 131 129 127 125 132 137 152 151 147 146 148 148 135 141 126 123 130 134 133 138 133 121 132 137 136 137 148 148 137 128 140 140 130 141 144 149 149 144 135 142 142 138 135 126 134 148 141 130 133 135 136 133 132 115 110 124 136 148 152 161 162 162 166 159 157 152 143 140 145
143 153 155 143 145 149 138 142 134 117 112 121 134 135 125 135 132 132 144 157 157 150 149 148 134 129 128 125 126 127 141 162 150 145 150 149 149 143 148 148 139 135 134 126 133 145 138 142 142 149 162 169 165 151 145 147 138 139 150 150 151 144 137 131 136 139 141 145 139 142 148 129 124 141 142 130 127 132 123 125 144 145 152 163 166 158 157 156 156 155 153 152 149 144
140 152 150 145 145 146 131 132 134 125 123 129 148 148 135 137 131 135 133 143 149 148 151 147 140 135 138 136 132 133 138 153 140 131 149 153 144 143 147 158 155 139 143 138 133 136 129 130 135 151 170 175 168 155 156 145 131 143 144 142 143 140 131 134 143 145 144 146 139 147 149 133 134 142 139 133 132 134 134 136 147 145 144 160 163 152 152 148 142 141 147 148 151 150
140 143 140 139 136 136 127 134 146 141 131 134 147 148 134 133 132 140 137 143 151 158 146 138 140 131 132 129 133 140 140 149 139 130 142 141 135 152 156 154 151 133 140 143 136 122 107 131 141 148 164 169 163 161 159 142 131 146 139 141 140 142 143 144 147 143 142 144 138 147 145 144 145 138 142 143 138 135 135 140 146 140 144 158 158 152 151 149 137 129 136 137 145 145
134 124 129 147 150 144 133 125 132 132 128 136 147 155 147 139 135 143 143 149 147 148 146 138 127 116 121 117 123 130 139 141 142 133 128 133 139 153 150 151 153 140 135 140 150 136 109 127 139 152 165 156 150 154 147 140 137 146 138 145 144 140 143 149 143 135 138 141 142 144 137 139 141 139 146 146 139 138 141 144 143 139 150 163 156 150 151 150 135 126 136 138 141 142
134 117 128 146 152 144 127 105 109 118 122 132 144 154 155 148 148 148 144 149 138 139 148 128 105 101 113 116 115 118 134 132 128 121 128 143 151 151 146 157 164 156 143 142 142 131 118 125 134 147 149 149 149 143 134 132 138 145 135 135 147 145 145 152 143 138 136 134 140 149 147 136 137 144 145 148 151 152 148 142 143 148 159 163 155 154 148 131 116 116 136 149 147 145
134 118 128 138 144 142 129 108 106 123 132 134 148 161 162 152 159 159 155 157 150 148 143 118 100 110 124 123 125 133 142 137 130 126 137 147 148 148 153 164 164 155 149 147 138 131 123 130 139 150 147 152 145 134 133 132 140 142 135 138 145 139 147 150 147 147 143 136 143 145 147 135 134 140 138 140 155 164 150 140 146 152 157 155 149 144 125 106 99 106 125 145 147 145
127 125 122 127 135 132 130 121 111 121 137 143 150 164 164 153 156 162 162 160 153 139 117 97 103 112 120 125 132 137 134 132 130 121 136 148 153 153 153 159 158 152 145 146 136 144 141 138 136 148 154 166 166 151 134 126 138 141 145 154 147 141 153 156 150 145 148 144 149 143 148 145 139 139 139 138 150 158 148 144 149 151 149 141 138 125 98 89 96 103 119 134 147 149
112 120 131 137 139 126 117 119 116 107 114 136 150 162 163 162 158 160 162 158 150 127 109 95 110 116 118 129 133 132 130 128 119 102 117 138 156 158 155 151 151 157 150 143 136 144 142 137 134 134 145 176 181 161 141 128 138 144 148 143 140 151 158 153 145 143 143 135 141 148 153 143 149 151 153 155 151 143 145 154 154 153 150 143 137 126 98 84 94 108 122 132 149 150
106 123 142 140 130 107 84 90 100 92 108 137 151 160 171 174 164 158 149 149 152 141 140 135 139 135 135 143 134 129 130 127 118 103 123 140 167 173 163 153 152 156 152 148 145 145 145 143 137 132 136 157 165 164 159 139 137 137 135 133 143 149 153 150 142 138 136 131 138 149 153 143 150 155 162 163 159 152 149 154 152 153 148 147 142 133 111 94 104 114 127 142 155 153
118 136 154 151 138 103 79 82 93 97 125 146 150 161 179 175 160 157 158 152 139 128 142 158 167 166 163 154 127 121 133 132 127 119 139 145 160 162 156 148 149 152 151 151 147 149 151 141 133 131 127 135 151 165 154 137 144 136 135 142 152 153 154 153 141 135 136 131 137 142 147 150 152 150 159 161 160 159 156 149 144 140 140 149 152 140 125 112 112 109 131 157 166 164
125 133 150 154 143 123 112 109 112 119 137 156 160 172 180 171 158 159 159 144 112 102 136 164 171 178 179 159 138 131 130 131 138 128 137 142 150 148 151 150 142 145 149 147 141 145 141 131 130 140 134 132 140 147 140 136 150 142 137 142 144 156 153 154 150 144 143 137 137 137 147 143 141 143 148 153 155 153 153 152 146 136 145 149 151 142 128 113 106 110 135 156 165 166
135 135 149 154 145 137 126 128 135 151 154 159 163 168 167 173 167 162 154 149 121 99 141 161 161 173 177 170 162 149 129 123 132 127 140 146 149 145 142 140 136 135 139 146 139 136 136 133 135 145 138 131 132 138 139 131 144 138 134 138 137 155 153 152 148 142 144 142 140 140 149 142 140 147 146 141 140 142 142 148 145 135 140 142 141 129 116 105 103 105 120 141 158 161
143 140 142 141 140 137 114 129 146 156 161 158 168 168 167 177 167 164 163 162 139 104 143 150 161 183 178 177 167 152 142 135 129 128 139 147 146 146 142 137 134 129 139 146 139 135 139 139 134 137 136 134 139 144 152 147 138 126 127 134 143 152 151 154 142 141 143 131 131 137 142 142 144 152 148 138 140 143 139 146 147 137 130 132 122 106 105 96 97 98 99 119 140 146
142 141 140 130 135 131 103 127 149 150 164 162 162 163 177 178 166 169 167 158 131 105 142 155 170 180 177 184 180 164 156 151 129 125 130 137 141 147 151 154 148 144 152 147 143 143 145 136 128 126 136 142 148 153 159 160 141 130 134 144 156 149 142 149 141 146 147 135 132 145 154 152 144 147 148 145 153 151 140 138 143 138 125 120 108 93 93 86 84 83 86 104 120 130
144 139 139 131 136 131 108 136 156 155 171 178 166 161 177 175 174 170 162 134 97 94 123 143 163 176 171 181 182 178 168 156 130 121 131 132 138 149 148 153 155 154 153 138 133 137 138 127 134 131 133 145 155 161 158 152 148 145 150 151 149 145 142 139 139 145 149 147 147 151 161 157 145 145 146 147 154 148 134 127 136 137 126 120 106 92 89 88 87 83 86 98 111 130
136 134 146 135 127 128 127 152 156 152 155 168 170 165 174 170 169 164 160 131 94 96 113 141 158 174 177 176 173 178 173 147 119 118 142 135 135 149 149 152 156 149 147 131 121 125 124 133 144 140 136 140 144 149 143 137 143 143 153 156 148 146 140 137 150 149 146 151 154 143 151 156 156 151 136 140 144 140 138 136 147 146 132 120 103 90 87 86 85 86 87 100 113 128
123 135 149 145 136 134 146 164 156 154 154 157 169 169 166 166 164 168 163 133 109 114 128 140 148 164 168 160 158 169 169 141 124 124 134 134 138 144 143 152 152 144 148 130 111 116 129 136 136 146 151 144 133 138 135 139 138 133 146 155 147 149 139 133 148 148 144 152 154 145 149 155 162 156 143 149 147 138 141 141 149 149 134 119 101 90 87 76 72 80 84 94 108 121
129 129 133 148 140 131 145 161 160 165 170 167 170 165 163 161 161 173 166 143 125 121 137 138 130 139 138 139 142 146 148 137 133 123 122 136 139 136 137 151 138 133 151 136 116 114 132 130 121 143 146 123 114 140 135 133 140 147 151 148 147 152 144 141 150 149 146 150 148 145 144 146 155 157 155 152 148 139 142 145 153 141 130 118 100 87 86 84 83 82 82 88 111 135
133 130 121 140 140 138 157 159 153 162 166 161 167 167 165 158 155 166 169 165 137 108 124 136 120 125 126 130 131 134 138 126 120 124 130 133 126 125 131 147 137 128 136 134 126 129 128 129 131 150 144 113 100 131 136 133 144 159 161 157 154 149 149 153 157 158 150 148 152 157 155 156 158 153 155 149 142 141 151 153 156 147 137 121 104 88 84 89 89 81 80 86 108 133
130 134 131 139 144 152 165 158 157 169 165 156 161 168 170 165 154 157 164 169 156 136 122 120 124 130 121 120 114 108 111 115 120 119 129 142 142 136 139 148 149 140 133 133 132 139 134 131 136 145 147 138 131 142 150 149 154 160 159 164 159 152 155 150 153 164 161 155 157 156 158 156 157 156 159 159 158 159 160 161 159 152 148 131 111 101 99 91 85 80 85 89 103 125
133 130 144 143 139 149 159 169 168 162 162 169 168 169 172 165 159 155 164 167 164 148 121 116 129 129 113 108 92 89 89 107 122 118 131 148 150 145 148 148 157 163 149 134 133 143 142 131 129 127 146 146 144 147 155 152 158 156 167 164 155 157 156 146 148 162 163 159 157 151 155 142 146 161 166 163 161 158 159 166 165 156 148 134 126 120 113 102 101 100 102 106 109 131
141 139 149 143 142 156 155 161 166 164 169 173 163 166 169 168 170 157 165 161 149 145 142 142 129 117 121 134 120 117 113 118 129 131 145 151 139 138 148 148 154 157 147 130 119 131 135 133 134 125 129 142 145 146 156 153 154 157 169 166 164 164 158 149 150 169 165 163 162 153 147 139 143 164 171 161 157 156 163 163 157 152 153 153 145 127 114 115 117 112 114 121 123 145
137 144 153 149 155 162 158 159 167 172 174 169 169 174 179 175 173 166 169 161 137 147 156 157 137 110 110 132 129 127 129 129 132 134 135 140 119 110 136 146 147 151 138 120 115 132 136 131 129 127 125 141 154 148 155 150 149 153 143 147 158 156 157 161 159 167 158 157 155 148 144 153 153 156 160 156 157 161 164 150 148 149 162 165 145 133 122 123 127 121 124 127 134 153
131 136 140 139 148 147 148 155 151 160 166 174 179 176 180 170 173 171 169 167 148 149 147 150 143 128 121 130 125 123 129 123 123 120 116 122 112 103 116 130 141 147 132 119 124 138 135 121 122 119 129 147 157 144 143 145 153 149 123 125 145 148 154 161 154 157 156 154 156 160 153 154 157 152 153 160 161 158 151 140 147 155 169 167 147 141 129 123 121 124 132 127 134 151
133 139 142 143 149 146 145 152 149 156 172 180 172 164 164 166 173 170 162 162 157 157 154 156 152 149 145 136 113 108 133 136 125 106 111 117 114 117 116 122 147 155 140 129 118 122 126 116 125 124 134 154 159 146 137 145 156 150 124 123 146 148 156 156 146 144 151 149 147 156 160 161 167 164 158 161 164 164 156 149 150 156 163 165 157 152 138 126 116 119 123 115 127 149
146 153 152 145 147 151 149 153 151 155 174 174 159 156 169 175 164 165 160 162 162 155 154 148 147 149 144 121 102 117 130 140 121 86 96 114 105 104 123 138 154 159 150 132 103 100 123 128 136 140 136 149 158 151 151 155 154 141 118 123 152 151 158 156 144 134 140 145 133 150 164 163 163 160 155 154 152 158 156 149 140 144 155 164 158 149 148 139 127 121 124 122 128 146
154 152 145 146 150 159 145 140 147 160 167 165 155 153 164 175 167 174 175 170 163 157 150 140 134 139 138 123 107 131 126 124 113 92 96 115 105 97 130 153 154 162 146 104 81 96 133 140 141 147 138 147 159 150 151 153 155 142 124 127 150 152 157 154 142 142 144 137 130 154 163 161 156 154 151 144 142 155 158 144 126 140 156 160 149 140 151 149 129 116 128 141 142 154
161 147 139 150 146 146 140 138 147 154 158 166 168 165 157 172 178 176 168 170 172 166 154 136 117 122 135 124 107 125 114 107 114 114 113 122 121 116 134 147 151 163 134 96 90 102 128 130 130 145 136 134 149 141 134 136 145 148 145 148 153 151 153 154 147 140 130 125 131 151 159 159 153 153 155 148 148 154 161 145 116 125 151 157 146 138 143 145 133 121 127 137 141 152
149 143 139 143 132 135 145 146 149 148 150 159 173 169 164 174 174 173 160 158 166 164 158 136 117 117 132 132 123 126 113 115 130 135 113 115 121 119 134 140 141 145 130 122 121 131 144 133 124 134 135 140 151 141 129 132 139 149 155 160 145 134 141 144 146 138 130 125 126 140 145 150 156 152 149 143 146 151 159 148 125 126 154 159 151 146 137 134 137 137 133 129 137 154
130 130 134 133 115 124 135 137 144 151 157 155 176 176 169 175 169 167 163 165 176 178 162 137 123 122 124 134 139 124 119 121 125 123 97 102 122 126 134 136 135 145 146 145 136 146 157 141 128 131 138 150 160 155 134 129 132 140 151 152 137 135 143 142 139 134 133 120 109 128 132 136 150 145 135 134 149 154 156 154 146 142 158 156 145 142 126 112 121 134 143 142 144 159
125 126 132 135 122 127 126 129 139 146 151 157 173 175 171 170 174 170 162 172 178 166 152 141 119 120 127 139 156 135 131 131 127 126 115 118 133 135 125 133 135 143 151 147 134 132 143 139 138 140 142 152 165 167 144 124 117 128 152 157 153 154 151 144 140 135 130 126 124 133 137 135 142 143 137 140 152 156 153 157 156 150 152 156 149 131 106 88 97 123 149 153 158 165
83 91 115 131 136 137 131 137 144 148 149 159 163 168 165 164 170 171 172 167 163 161 152 133 129 130 126 131 145 136 145 147 136 140 139 137 140 135 120 135 137 134 149 141 133 131 135 139 146 153 154 159 164 167 153 135 125 130 149 151 145 142 151 149 138 134 131 130 133 127 136 141 144 144 135 140 147 154 157 156 152 153 154 162 160 138 114 82 73 102 135 143 157 161
57 57 91 120 127 125 123 134 143 153 156 157 161 168 169 166 165 169 173 161 158 169 160 150 157 150 152 145 142 137 149 151 135 127 127 142 139 130 127 144 142 137 141 134 131 128 138 147 149 153 157 164 173 171 155 151 140 133 147 151 152 149 159 163 149 141 139 130 131 130 144 150 149 140 139 142 148 148 155 155 145 148 149 153 150 144 127 91 74 86 115 131 151 159
69 63 84 112 117 120 123 132 124 136 152 158 157 166 176 168 169 174 175 169 164 166 152 159 163 145 152 153 154 146 147 150 145 123 120 141 134 121 129 139 138 148 148 141 131 133 154 149 147 157 161 153 165 167 154 152 143 145 145 145 156 158 157 169 158 144 133 133 145 153 159 154 153 152 153 145 151 147 149 161 156 149 142 135 131 133 127 110 88 74 88 107 129 148
88 98 115 123 124 127 131 129 123 143 151 158 148 156 167 167 174 168 173 177 165 165 153 156 163 147 140 146 150 142 141 144 143 130 135 141 130 124 135 141 143 153 154 149 142 139 141 140 147 155 162 156 155 158 147 141 137 151 153 146 151 159 150 155 150 149 138 143 158 159 158 156 157 159 156 153 158 152 147 156 159 151 132 121 127 130 127 112 83 56 55 68 81 106
124 138 137 131 137 139 137 125 131 149 144 147 145 141 149 161 167 160 161 171 171 163 167 166 161 151 139 135 139 137 144 146 139 137 137 138 147 145 146 153 152 148 149 148 147 140 134 147 150 147 153 158 155 156 151 147 146 154 163 160 164 163 150 146 148 151 148 152 156 157 158 165 164 156 157 168 162 151 147 148 146 137 122 116 126 129 115 90 60 35 26 28 36 56
128 141 132 132 134 135 137 133 133 136 138 135 137 129 139 167 168 167 163 165 163 158 164 157 145 141 138 133 145 137 139 142 139 137 128 141 154 147 152 162 159 157 156 146 150 153 151 151 143 152 154 147 152 146 149 158 160 157 158 153 158 153 150 152 156 149 150 159 158 157 156 168 176 162 157 163 157 157 153 150 142 122 109 103 108 112 107 86 53 24 14 16 22 26
123 138 135 136 126 130 137 138 127 126 143 151 152 135 128 159 157 165 170 165 151 147 159 154 148 151 144 140 142 139 140 144 147 144 137 146 159 149 149 158 156 156 153 147 156 145 137 141 151 158 151 135 134 141 143 155 160 156 155 149 154 150 150 163 161 151 151 153 150 151 145 156 169 160 154 158 155 159 158 156 148 129 119 110 115 119 118 102 68 27 14 20 23 12
122 141 141 140 124 131 146 144 140 143 152 150 146 142 134 158 157 158 169 170 156 144 146 153 158 163 148 146 139 139 142 146 147 141 144 147 156 158 153 155 151 153 147 146 163 146 132 137 146 140 143 143 143 153 148 151 158 160 153 149 153 157 163 174 156 153 153 142 143 161 156 151 154 153 152 150 152 162 160 151 141 131 137 129 128 132 131 116 74 29 15 19 18 10
115 119 135 136 123 137 147 140 149 161 161 154 145 150 143 152 162 161 161 160 155 149 140 146 154 156 158 161 146 138 142 144 144 137 143 145 146 154 155 153 153 157 151 150 161 156 147 137 137 137 150 153 157 150 142 152 155 156 155 158 150 151 153 161 153 153 153 149 151 170 169 157 157 154 156 151 148 156 156 153 146 134 139 132 128 139 144 134 101 59 29 17 17 18
116 116 127 131 126 139 142 146 156 151 146 158 154 149 152 159 164 168 161 155 159 152 144 146 153 165 171 167 155 147 148 147 149 147 147 148 151 153 150 146 151 151 151 155 156 154 152 140 144 156 164 150 145 139 139 149 148 153 152 153 146 154 150 152 161 155 155 162 155 155 161 155 160 155 155 148 135 140 145 144 144 141 139 132 130 148 152 155 141 108 72 48 46 42
