example/E5 - XRays/X-ray-tomography/rastert_juap35.txt
ncols         356
nrows         356
xllcorner     -0.5
yllcorner     -355.5
cellsize      1
NODATA_value  -9999
[rows 0 to 41 of 356, columns 94 to 187 of 356]
255 255 255 255 255 255 255 255 255 255 255 255 255 255 255 255 255 255 255 255 255 255 255 255 255 255 255 255 255 255 255 255 255 255 255 255 255 255 255 255 255 255 255 255 255 255 255 255 255 255 255 255 255 255 255 255 255 255 255 255 255 255 255 255 255 255 255 255 255 255 255 255 255 255 255 255 255 255 255 255 255 255 255 155 255 255 255 255 255 255 255 255 255 255
255 255 255 255 255 255 255 255 255 255 255 255 255 255 255 255 255 255 255 255 255 255 255 255 255 255 255 255 255 255 255 255 255 255 255 255 255 255 255 255 255 255 255 255 255 255 255 255 255 255 255 255 255 255 255 255 255 255 255 255 255 255 255 255 255 165 168 164 158 155 152 145 151 156 158 152 147 148 150 158 158 158 157 156 158 154 155 155 151 150 151 153 154 151
255 255 255 255 255 255 255 255 255 255 255 255 255 255 255 255 255 255 255 255 255 255 255 255 255 255 255 255 255 255 255 255 255 255 255 255 255 255 255 255 255 255 255 255 255 255 255 255 255 255 255 255 255 255 255 255 255 161 169 160 156 163 161 162 165 166 169 166 161 160 157 148 153 155 155 155 152 156 158 163 161 158 159 157 157 158 161 158 156 152 152 155 151 148
255 255 255 255 255 255 255 255 255 255 255 255 255 255 255 255 255 255 255 255 255 255 255 255 255 255 255 255 255 255 255 255 255 255 255 255 255 255 255 255 255 255 255 255 255 255 255 255 255 255 255 144 151 154 155 159 156 156 164 162 156 160 162 162 165 168 169 169 164 158 157 153 153 157 159 159 159 161 162 163 160 157 160 160 155 160 162 157 155 153 153 155 148 146
255 255 255 255 255 255 255 255 255 255 255 255 255 255 255 255 255 255 255 255 255 255 255 255 255 255 255 255 255 255 255 255 255 255 255 255 255 255 255 255 255 255 255 255 255 255 155 156 151 148 143 139 144 152 159 157 149 150 159 162 158 157 160 162 164 167 166 169 164 158 157 159 156 161 164 161 165 160 148 151 157 152 158 163 157 157 160 157 155 155 154 152 147 146
255 255 255 255 255 255 255 255 255 255 255 255 255 255 255 255 255 255 255 255 255 255 255 255 255 255 255 255 255 255 255 255 255 255 255 255 255 255 255 255 255 255 151 151 145 147 155 160 159 155 149 140 140 148 158 153 147 153 164 166 163 161 157 160 161 164 163 162 162 159 155 159 159 163 164 165 168 158 144 149 158 151 153 159 160 156 160 158 157 158 155 154 151 145
255 255 255 255 255 255 255 255 255 255 255 255 255 255 255 255 255 255 255 255 255 255 255 255 255 255 255 255 255 255 255 255 255 255 255 255 255 255 152 147 142 142 147 151 145 147 156 161 158 157 150 140 142 151 156 151 148 152 163 169 159 158 159 159 160 162 154 154 159 161 157 160 162 164 165 165 165 160 153 158 161 152 153 157 160 157 164 160 158 161 160 158 153 143
255 255 255 255 255 255 255 255 255 255 255 255 255 255 255 255 255 255 255 255 255 255 255 255 255 255 255 255 255 255 255 255 255 255 144 135 139 142 145 147 146 144 146 151 142 140 154 160 154 153 148 144 148 151 153 149 143 138 144 156 153 154 158 156 155 158 149 154 161 166 163 160 163 164 167 164 162 165 163 161 160 151 153 156 158 156 165 163 158 155 157 156 149 149
255 255 255 255 255 255 255 255 255 255 255 255 255 255 255 255 255 255 255 255 255 255 255 255 255 255 255 255 255 255 255 151 142 132 120 109 125 134 130 138 145 144 143 147 136 134 144 146 144 148 149 151 156 155 151 147 142 138 139 145 153 154 154 153 155 157 153 158 162 164 165 158 159 164 166 166 160 161 166 159 155 150 152 151 157 155 158 162 156 150 150 143 139 153
255 255 255 255 255 255 255 255 255 255 255 255 255 255 255 255 255 255 255 255 255 255 255 255 255 255 255 255 153 149 142 129 116 112 112 109 117 122 120 126 128 129 128 132 130 127 131 137 141 145 154 163 165 157 150 149 150 151 146 142 153 154 152 155 158 157 156 155 157 160 161 154 152 161 163 168 165 160 167 159 149 147 151 147 152 154 149 155 150 145 137 126 128 144
255 255 255 255 255 255 255 255 255 255 255 255 255 255 255 255 255 255 255 255 255 255 255 255 255 150 151 151 142 136 132 116 108 114 118 116 118 124 121 110 102 107 108 113 129 129 130 135 141 147 156 166 168 161 154 150 157 157 146 146 152 153 156 161 157 151 153 153 157 161 162 153 148 159 163 164 163 163 169 159 144 143 148 143 144 149 143 140 130 126 123 122 129 140
255 255 255 255 255 255 255 255 255 255 255 255 255 255 255 255 255 255 255 255 255 255 152 144 145 146 151 150 135 125 122 112 116 127 131 125 124 132 126 111 104 105 110 119 135 141 140 140 143 147 156 165 167 166 160 150 158 159 148 147 150 153 154 153 148 144 144 150 155 159 164 153 147 155 154 154 159 159 161 152 141 140 145 143 144 145 139 131 111 109 117 123 131 143
255 255 255 255 255 255 255 255 255 255 255 255 255 255 255 255 255 255 255 156 157 151 151 147 156 153 152 156 148 138 127 121 132 144 151 144 134 133 133 130 125 123 128 137 139 146 148 146 150 148 145 156 166 167 157 146 151 155 152 148 150 154 155 151 146 141 140 152 155 153 157 152 147 148 146 151 159 156 154 149 146 144 147 147 146 145 140 137 124 125 130 127 136 152
255 255 255 255 255 255 255 255 255 255 255 255 255 255 255 255 255 151 144 143 147 145 147 148 158 157 155 159 154 149 142 135 140 144 147 139 130 124 132 133 130 134 139 141 135 138 145 150 153 145 134 142 155 152 146 144 150 151 149 146 151 152 150 151 152 146 146 156 159 156 152 149 147 146 147 150 156 158 152 148 148 150 149 148 145 141 142 150 149 144 138 125 134 155
255 255 255 255 255 255 255 255 255 255 255 255 255 255 255 162 161 151 140 138 146 145 146 149 152 152 158 155 150 157 158 148 140 141 141 128 128 128 136 137 126 133 141 140 135 132 138 147 145 137 130 137 147 144 140 146 157 154 144 141 148 151 152 150 149 150 151 151 156 161 154 147 151 149 148 148 153 158 146 147 151 150 148 152 148 138 139 149 154 146 135 125 140 156
255 255 255 255 255 255 255 255 255 255 255 255 156 149 141 133 135 146 146 145 142 140 144 150 148 147 159 156 151 161 164 158 145 141 146 140 142 142 142 147 137 136 143 140 136 130 134 139 134 136 139 141 143 147 146 145 155 154 145 143 141 144 155 154 149 151 152 144 144 153 154 150 152 151 149 148 151 154 147 149 154 148 147 155 151 137 140 140 138 138 139 141 154 161
255 255 255 255 255 255 255 255 255 255 159 156 150 142 130 117 121 139 146 152 146 138 147 152 149 151 159 162 159 156 156 158 151 144 149 148 150 152 147 144 140 139 146 144 135 132 134 135 134 144 148 142 141 149 152 143 140 149 147 144 140 137 149 159 157 158 154 139 135 142 153 154 152 147 149 154 154 157 151 147 150 148 150 151 153 151 150 139 124 129 145 149 153 156
255 255 255 255 255 255 255 255 149 156 160 159 151 142 134 133 141 147 146 150 154 146 149 152 152 158 158 165 162 157 156 158 156 154 156 153 149 149 148 146 143 140 144 143 135 130 135 136 136 147 149 136 139 145 150 148 137 148 148 141 141 137 143 158 163 162 153 137 138 141 149 149 152 144 146 159 156 160 154 144 145 148 150 149 155 160 156 138 120 127 147 146 142 141
255 255 255 255 255 255 157 157 154 158 163 164 158 154 151 152 161 155 147 147 152 148 148 149 151 157 158 164 155 152 156 163 160 156 158 157 152 146 148 154 147 137 134 137 141 137 131 134 140 144 145 141 144 142 140 147 142 152 152 148 147 136 140 154 162 161 153 138 141 147 147 138 149 148 147 161 154 155 155 144 146 145 142 146 156 159 155 137 122 134 148 146 136 131
255 255 255 255 157 148 143 147 155 161 167 164 160 161 160 153 154 150 147 147 150 141 141 150 148 153 154 156 149 154 160 165 167 158 153 154 156 152 149 152 149 137 132 140 149 145 130 132 146 146 145 150 152 144 140 145 146 154 159 158 152 136 140 153 158 154 151 144 139 147 151 142 147 149 147 157 155 150 148 142 144 146 142 144 151 155 150 137 129 145 154 148 145 136
255 255 150 152 152 145 143 148 153 157 162 159 157 160 159 150 143 147 148 136 139 135 131 144 144 148 149 151 151 156 160 160 165 160 149 150 158 154 148 142 142 142 139 142 145 141 134 137 147 146 145 147 147 142 143 143 147 154 158 160 153 142 142 149 146 139 139 146 142 142 147 148 144 144 141 145 149 143 140 140 148 154 148 144 147 147 142 139 140 157 157 142 140 131
158 156 141 141 143 143 162 169 153 146 150 154 155 156 154 148 145 146 145 131 130 136 132 135 143 147 153 160 161 159 161 160 161 161 156 153 157 152 147 133 133 140 137 135 137 139 139 138 147 148 147 142 144 146 147 150 152 154 149 145 146 142 142 148 143 131 128 143 151 144 141 146 139 134 134 138 139 133 135 133 141 150 149 149 149 143 141 146 150 155 149 131 130 128
156 155 143 143 145 148 173 177 151 141 141 142 137 142 147 141 142 140 134 133 136 142 145 132 131 137 154 165 163 161 160 162 162 159 161 159 155 151 145 137 139 141 137 132 135 141 144 144 149 145 142 141 141 148 141 143 146 146 135 124 137 143 142 152 147 131 136 145 149 146 142 143 134 129 136 144 141 131 134 131 130 137 145 151 148 145 147 153 151 144 141 134 139 139
153 153 148 148 152 150 156 161 145 136 138 135 116 117 137 143 146 147 139 138 138 137 145 137 129 134 146 163 166 164 161 163 166 158 161 162 153 149 141 136 145 136 130 131 133 142 148 149 153 144 141 146 140 143 132 129 140 145 130 120 135 143 141 148 146 137 141 144 146 142 137 138 130 130 141 147 143 134 133 138 134 135 141 143 143 150 151 151 144 135 138 142 152 151
152 149 153 148 151 150 142 143 140 130 135 133 118 116 136 151 150 146 146 145 142 134 134 139 142 143 141 157 169 168 167 165 165 161 160 162 151 147 142 131 139 134 130 134 133 140 155 155 155 152 151 148 141 136 127 127 139 146 131 118 133 146 145 147 145 143 142 142 143 140 139 136 134 142 147 146 145 140 137 140 134 126 141 150 147 151 145 139 145 138 137 142 151 153
148 144 146 142 142 146 141 137 134 127 132 131 129 133 150 162 155 150 149 146 144 139 131 134 144 147 141 150 165 165 166 171 164 160 158 159 154 149 147 135 132 132 133 138 139 142 158 161 158 160 152 145 142 135 132 134 141 142 131 123 138 151 147 149 149 145 144 144 141 141 142 135 133 139 139 142 146 145 138 134 130 120 140 159 154 149 141 135 145 145 138 139 144 142
141 142 139 138 139 142 144 144 134 124 128 133 135 139 152 164 159 152 142 140 138 135 132 132 139 143 143 146 155 161 161 171 170 159 154 158 158 151 148 144 136 136 138 142 144 143 151 156 155 158 150 146 143 136 143 149 148 136 127 132 145 153 150 144 142 142 145 149 140 142 140 131 136 137 131 136 142 143 136 133 134 126 139 149 149 148 143 145 146 143 141 137 139 133
140 142 140 136 141 148 150 151 139 121 119 123 132 138 146 149 145 141 128 125 127 124 127 127 129 136 145 149 150 159 163 165 170 161 149 157 155 148 149 149 139 141 146 144 152 149 153 154 152 152 146 148 139 133 150 158 152 139 133 136 142 153 152 142 131 136 142 152 144 141 137 131 143 140 130 138 141 140 136 135 143 137 134 136 143 148 148 157 153 147 143 136 137 135
143 145 144 133 134 148 152 152 142 131 119 116 127 138 142 140 135 130 124 115 115 118 116 119 123 128 139 147 149 151 158 164 165 160 151 155 154 149 148 147 142 143 143 137 150 152 151 151 149 146 142 147 142 139 148 151 146 140 136 136 140 149 146 145 136 140 144 151 155 149 141 137 139 136 131 136 141 139 137 137 142 137 129 136 147 151 149 160 158 151 145 134 138 141
144 141 144 136 129 141 143 137 129 135 127 121 127 135 139 135 125 120 123 108 105 114 111 110 115 119 131 145 153 150 147 155 157 154 153 153 153 150 144 146 147 142 142 136 146 148 147 150 147 144 144 150 147 141 145 147 141 130 129 137 144 148 143 144 140 142 148 154 162 158 149 144 133 129 132 137 139 136 135 137 133 132 131 138 148 155 154 161 161 151 151 137 131 137
138 133 141 140 132 137 138 129 126 132 129 124 127 127 130 129 116 109 113 103 98 110 115 112 108 109 122 129 135 126 117 122 135 146 151 148 147 151 149 148 148 140 146 143 146 145 141 147 143 139 146 150 146 141 144 152 145 132 134 140 145 148 146 143 139 141 153 161 165 164 153 142 129 122 123 136 138 133 132 140 136 133 134 140 146 155 153 158 161 149 148 138 131 136
123 130 139 139 134 134 140 138 138 136 132 126 128 126 128 132 123 109 103 104 106 114 117 114 113 115 111 94 90 86 88 106 127 144 149 142 138 143 146 144 142 141 146 145 144 143 139 136 134 132 140 148 149 145 141 147 148 140 143 142 147 152 147 144 140 140 154 165 163 164 150 141 135 125 123 127 128 131 135 137 136 137 136 140 147 157 150 151 160 151 139 131 132 134
124 133 134 124 124 129 138 140 139 138 136 134 130 130 134 139 135 126 123 122 113 119 129 130 127 120 106 94 91 91 105 123 129 139 140 136 129 132 141 144 143 148 147 143 139 140 135 131 131 133 134 140 147 142 139 143 149 144 143 145 148 158 150 136 134 138 146 156 154 153 138 134 141 137 134 128 127 140 145 134 133 142 137 134 145 158 152 148 151 146 131 118 123 134
119 117 114 103 112 122 130 133 136 142 139 141 133 128 133 140 138 135 135 132 123 127 139 143 139 131 119 121 122 116 126 135 132 132 131 134 129 131 143 145 140 149 145 134 135 136 134 134 128 131 137 135 140 137 138 146 148 145 139 145 154 159 152 135 136 135 132 142 144 136 130 133 146 143 141 132 134 149 154 141 134 139 138 134 145 161 155 144 137 135 130 114 118 132
116 107 116 118 125 132 135 134 138 147 151 152 140 128 130 137 139 134 132 133 135 136 132 135 139 141 138 141 137 125 131 137 133 130 128 128 134 143 149 149 141 146 137 123 132 134 137 139 129 125 136 133 125 130 142 147 148 150 142 144 148 149 143 137 143 137 129 136 146 143 136 133 138 140 145 140 142 152 157 147 138 138 132 134 148 161 156 150 136 123 129 125 128 132
133 123 131 136 134 140 147 148 141 141 151 150 140 136 133 133 136 132 132 134 138 138 122 120 136 148 151 150 140 131 132 138 135 130 123 119 133 150 148 145 147 148 140 127 131 133 138 143 135 121 131 136 124 122 141 148 147 152 148 146 138 135 137 138 141 139 135 140 151 154 144 135 135 142 144 140 145 148 154 147 140 144 138 140 148 151 151 155 141 122 128 132 134 137
137 132 135 142 140 141 144 148 144 139 144 146 145 146 136 134 134 134 138 135 135 143 128 124 141 148 145 134 124 130 132 132 135 133 121 119 131 141 135 132 145 150 147 140 128 126 133 136 130 124 139 142 136 129 144 146 140 140 135 136 135 137 137 140 144 141 137 143 152 156 148 140 145 152 143 137 144 145 152 147 141 144 145 148 149 140 141 150 142 134 133 128 128 136
134 134 137 143 144 144 143 145 144 139 147 150 148 150 140 137 128 126 135 137 133 139 138 136 142 132 120 118 124 136 140 131 134 131 119 122 120 116 122 128 142 150 150 145 130 131 131 132 128 127 137 135 140 140 147 139 132 134 131 129 134 143 141 146 151 145 141 144 153 157 149 148 147 144 134 133 144 142 143 143 141 138 139 145 144 137 148 156 150 144 137 125 124 136
131 134 138 147 145 135 133 140 142 136 149 157 153 151 142 137 130 128 133 141 137 139 143 144 141 126 110 114 129 137 132 125 133 131 126 131 123 113 129 141 142 143 144 142 134 136 127 134 136 130 132 140 144 140 144 133 134 138 139 139 138 139 140 147 149 146 145 145 152 161 154 160 151 138 131 130 140 142 140 140 142 143 133 137 146 150 157 160 154 148 138 127 124 138
123 131 136 141 137 128 128 129 139 143 147 154 158 155 142 135 132 131 125 130 135 138 139 136 129 124 126 130 133 126 111 111 134 140 137 140 138 130 138 147 148 127 121 131 130 135 129 128 134 130 135 153 146 135 137 128 139 146 143 143 139 123 123 136 137 137 143 145 150 158 151 155 147 135 136 138 137 143 142 135 141 147 136 136 155 163 164 166 159 156 147 138 129 136
112 126 137 132 129 117 109 113 131 147 147 149 155 155 143 131 117 118 114 111 116 120 118 117 112 103 120 139 134 126 117 123 142 155 148 143 142 144 148 147 145 119 104 126 131 136 139 134 137 135 133 148 138 125 127 128 138 145 142 144 138 118 123 140 137 133 140 145 148 151 152 150 145 137 134 145 143 143 146 142 147 142 131 139 162 166 165 167 162 157 150 142 135 128
121 135 142 132 113 94 88 103 123 134 141 146 154 156 142 112 90 102 106 97 100 110 111 110 117 110 113 131 132 132 133 134 135 146 146 143 148 154 155 151 146 132 112 125 148 149 139 142 145 141 126 129 133 126 126 131 140 147 144 137 141 135 136 145 144 136 146 142 140 147 153 146 149 145 130 139 143 142 145 148 153 139 134 145 166 169 164 161 161 159 151 141 141 134
