example/E5 - XRays/X-ray-tomography/rastert_juap30.txt
ncols         356
nrows         356
xllcorner     -0.5
yllcorner     -355.5
cellsize      1
NODATA_value  -9999
[rows 84 to 125 of 356, columns 95 to 189 of 356]
131 137 142 133 133 123 118 132 129 127 133 140 142 136 136 142 143 146 139 129 129 135 140 145 130 136 147 152 146 145 148 150 152 147 141 141 142 142 140 133 136 148 150 137 138 137 124 139 132 138 153 146 147 154 146 140 135 143 155 149 145 138 131 123 129 141 128 130 144 149 147 124 124 144 147 147 131 123 124 123 116 126 145 161 165 164 170 164 153 151 143 136 134 145 145
133 140 148 141 128 121 121 131 132 127 130 142 147 140 137 140 135 138 148 144 141 142 137 146 139 144 143 151 154 151 152 145 135 139 140 145 140 141 150 137 144 146 144 140 149 148 128 138 142 139 153 154 139 144 145 145 141 139 143 131 134 139 137 130 118 136 138 139 144 143 133 112 114 134 130 133 122 99 111 125 130 132 137 159 169 171 170 162 155 139 135 139 133 144 151
130 132 135 142 134 135 139 133 137 130 129 139 145 142 131 132 133 134 140 141 142 144 141 145 149 158 149 144 155 159 146 136 125 129 138 143 146 144 143 138 143 146 141 139 142 146 136 134 142 143 145 152 135 129 138 143 145 137 131 130 135 139 132 140 131 140 148 146 145 145 138 121 118 132 128 128 113 90 113 134 137 133 131 144 156 165 167 157 142 118 118 141 137 137 151
127 131 126 143 137 134 143 140 144 140 135 133 128 134 137 134 134 132 133 143 141 141 145 143 148 160 160 149 148 155 147 138 135 131 140 146 150 145 132 130 132 141 138 135 136 148 149 147 143 140 145 149 142 132 138 141 137 130 138 143 145 140 130 145 148 153 147 146 145 138 144 142 132 131 131 132 116 110 133 142 133 128 125 126 144 154 161 156 133 110 118 141 135 129 144
133 142 127 143 139 129 130 130 132 133 137 134 127 138 140 140 134 130 130 144 143 142 146 145 149 154 164 160 149 145 144 134 135 135 140 145 144 141 138 140 140 144 146 145 143 147 145 146 140 137 145 140 141 139 138 142 134 129 135 140 140 143 140 139 139 146 147 150 144 136 137 136 127 125 130 134 116 113 132 136 122 121 131 134 142 131 138 143 135 122 125 138 136 135 143
136 143 129 135 144 138 128 128 134 126 136 141 132 140 138 141 136 132 138 149 145 140 149 151 154 152 158 160 149 138 137 137 130 136 147 149 140 139 148 151 144 147 149 143 141 141 133 139 137 133 135 134 141 140 134 137 138 138 128 133 144 149 149 142 132 143 157 150 137 136 132 131 120 120 119 119 116 109 119 126 116 118 134 141 145 128 125 133 134 132 131 141 149 144 136
140 141 133 130 139 135 128 129 144 136 132 141 142 135 133 144 142 137 139 141 140 133 138 147 157 154 148 146 136 134 142 143 137 145 150 153 142 135 147 155 147 155 155 147 140 130 123 132 140 128 124 137 144 138 138 133 134 137 133 132 145 149 143 144 139 143 148 146 143 137 137 142 133 133 130 119 134 127 123 134 125 116 119 129 141 136 126 128 136 133 141 155 154 149 138
134 134 135 134 133 129 132 135 140 136 128 138 149 147 144 144 141 141 146 138 139 137 139 140 150 145 142 144 137 136 143 149 145 146 137 149 146 130 144 157 150 151 149 148 143 128 123 127 144 138 129 137 141 141 142 134 123 129 146 141 136 139 135 143 142 142 142 148 154 152 147 128 115 127 138 133 137 135 140 139 129 121 108 116 129 117 110 121 139 133 143 158 149 147 141
140 132 136 137 133 129 140 148 148 134 127 137 144 144 141 138 132 131 140 139 139 135 135 127 136 136 136 143 142 137 134 143 145 139 127 149 151 131 142 149 145 143 141 144 139 142 144 131 134 143 142 137 134 145 144 145 131 133 138 130 135 137 131 137 136 141 144 144 141 137 146 127 111 124 134 135 122 119 132 124 125 135 135 140 150 130 123 129 144 141 142 157 151 143 138
142 134 130 132 131 128 131 138 138 139 138 139 142 143 137 139 143 142 138 140 149 133 127 121 138 150 150 149 141 138 138 135 144 146 140 144 153 147 141 140 137 137 140 145 142 151 155 146 135 143 150 137 137 154 145 147 142 138 130 131 142 139 135 140 142 149 146 142 137 123 132 130 123 135 136 136 132 115 106 102 108 127 149 155 163 153 150 142 147 144 137 151 148 136 131
137 138 134 134 131 136 136 133 129 142 144 140 147 145 137 136 146 153 147 145 152 144 144 138 142 151 153 152 147 141 137 130 133 138 150 145 156 154 140 144 142 141 144 149 153 153 150 148 132 128 138 138 138 151 145 138 133 131 132 145 156 147 129 135 142 143 137 138 138 125 116 127 135 143 138 136 148 127 101 96 103 130 154 156 162 158 158 153 153 144 137 149 143 140 132
137 135 133 136 133 137 147 146 140 147 146 139 145 144 141 135 133 144 144 140 142 142 145 140 139 148 158 156 156 149 139 135 138 135 149 152 156 154 140 149 146 139 138 142 152 158 153 141 129 131 127 130 134 145 148 141 141 137 143 145 150 140 119 127 124 129 138 136 131 126 115 123 135 147 149 129 138 141 123 117 135 148 157 164 165 160 164 159 148 147 147 148 146 141 135
147 140 128 127 131 134 142 138 138 143 146 138 137 141 152 144 131 140 147 142 141 141 135 135 149 153 154 151 152 145 138 139 146 140 143 145 140 145 144 149 151 145 139 141 152 161 162 143 130 143 137 137 135 144 144 140 148 136 149 149 145 131 116 128 129 125 132 131 123 128 128 135 141 142 142 117 117 136 133 137 151 151 155 162 160 156 165 160 147 148 151 151 156 148 150
135 132 127 128 133 138 142 138 134 139 140 140 137 140 150 148 136 137 145 139 139 133 133 141 152 152 148 145 147 141 142 142 156 147 135 142 131 127 143 148 145 145 143 147 149 155 161 150 133 125 131 147 144 145 138 127 130 125 142 152 147 143 125 120 129 124 127 127 129 129 131 141 144 139 132 120 125 135 133 140 147 158 160 160 156 153 163 155 154 153 145 142 147 145 149
122 124 128 129 126 136 127 125 141 140 134 141 142 142 147 155 139 130 134 140 154 139 130 148 148 148 156 144 137 144 150 143 153 153 140 149 146 137 144 143 143 144 140 143 132 137 151 145 138 126 126 146 146 147 143 130 132 127 136 147 148 149 135 128 130 126 131 127 130 134 140 141 137 139 138 132 137 138 136 141 144 157 157 155 158 157 159 145 145 145 143 145 139 135 138
116 124 130 134 121 114 104 109 143 145 139 139 142 146 147 157 142 131 134 135 145 143 128 141 146 148 147 142 138 140 141 140 144 150 149 147 144 150 145 133 147 148 144 140 124 129 150 137 132 141 139 142 138 128 137 140 142 130 133 139 144 145 132 138 133 134 152 150 130 134 148 134 122 131 132 133 135 133 138 141 144 141 135 127 137 149 147 138 137 139 141 144 139 140 132
114 120 123 139 136 116 108 113 145 156 146 138 132 139 142 142 138 142 152 148 139 129 123 136 144 147 140 137 144 142 141 143 140 143 145 140 138 153 155 138 141 145 148 132 127 138 145 146 139 142 145 136 134 131 135 140 139 133 126 138 140 142 138 141 138 154 165 154 132 138 150 132 121 127 126 139 149 139 135 136 143 136 127 112 115 127 136 139 147 152 144 143 137 138 135
110 118 117 122 128 127 129 130 137 147 148 143 138 146 144 122 123 146 150 152 145 128 128 141 143 143 138 134 136 134 133 137 143 140 134 136 140 141 143 146 141 142 138 116 123 143 146 164 163 151 151 134 136 142 136 134 141 141 131 145 146 143 140 143 156 165 160 154 135 124 134 138 142 136 133 144 151 153 150 150 143 131 134 129 132 131 131 145 161 163 148 145 135 137 141
100 121 124 124 123 126 134 145 143 142 142 141 134 137 142 133 130 142 137 139 144 132 134 146 145 141 142 145 137 130 136 142 138 143 141 131 136 137 138 151 145 133 131 123 115 133 144 148 145 140 154 150 138 131 127 134 140 144 145 138 139 144 136 146 163 162 160 161 149 130 140 146 153 150 151 152 145 149 146 142 128 120 133 141 147 144 137 145 151 153 144 143 141 152 150
83 116 136 136 128 130 137 144 147 150 141 142 141 132 137 144 134 130 127 139 144 144 146 150 154 149 145 147 139 133 131 140 139 150 153 139 135 148 139 139 137 119 127 135 125 129 131 134 123 118 142 144 149 140 132 143 140 144 153 141 141 152 138 143 162 169 166 162 157 141 147 153 159 160 152 153 148 141 139 140 131 131 138 138 141 145 145 144 138 138 138 134 139 167 168
103 111 123 130 137 141 140 140 137 141 142 141 143 136 141 140 125 122 126 140 139 146 157 153 152 149 136 130 127 121 113 124 141 148 139 136 140 148 136 131 131 127 134 146 135 122 130 146 140 121 131 138 144 146 141 136 134 142 150 146 143 144 145 142 156 165 165 163 158 145 144 158 164 154 148 146 142 138 145 154 143 141 139 133 130 136 139 138 139 134 138 132 143 168 164
136 126 112 118 137 141 141 142 137 139 143 146 142 135 144 139 130 130 136 140 135 142 160 158 150 149 136 127 120 121 124 133 139 145 140 139 137 127 126 135 139 139 133 145 133 113 126 149 149 131 130 144 143 142 144 131 132 140 146 143 139 138 147 137 155 170 170 162 147 144 147 158 168 153 152 153 137 135 140 154 140 135 136 140 138 135 132 137 146 144 140 141 147 152 142
144 145 124 106 116 125 132 145 141 127 132 146 148 134 138 152 153 141 147 151 142 138 149 148 144 149 146 133 128 137 142 144 132 139 144 120 120 123 133 142 135 127 131 134 140 133 118 133 141 137 140 141 143 140 136 130 127 138 148 139 138 135 138 136 142 152 147 142 137 138 150 153 168 158 150 151 136 131 123 138 130 128 140 146 142 141 134 145 151 155 150 156 149 144 135
136 139 132 116 120 132 129 125 131 123 126 137 146 138 141 150 151 148 157 157 141 133 130 130 135 137 146 144 140 149 152 147 134 133 141 107 110 129 143 144 137 117 124 131 151 158 134 136 143 139 140 135 143 141 130 130 126 132 140 141 144 135 139 147 138 137 135 141 144 138 141 140 153 158 147 143 132 127 112 125 143 145 153 147 138 146 141 138 141 149 142 146 148 143 135
135 139 138 132 129 134 130 125 132 133 136 130 128 133 147 151 147 146 156 147 132 133 120 119 141 149 150 154 147 148 145 144 139 127 132 125 111 128 156 154 151 133 126 131 140 151 153 155 150 133 130 134 144 144 138 144 144 134 134 139 141 129 125 138 143 144 138 141 146 141 144 145 139 139 133 139 133 118 124 139 147 145 150 146 138 144 143 140 140 134 128 129 141 144 133
129 141 139 131 130 133 136 137 136 135 142 131 116 129 150 163 164 143 140 138 129 131 118 113 143 163 162 149 144 150 142 145 141 131 142 144 116 121 151 158 155 143 127 123 127 144 158 155 154 143 134 135 147 149 147 146 147 143 137 138 138 136 136 133 145 147 137 133 144 136 143 154 138 127 125 140 139 119 137 148 145 147 150 141 132 139 139 145 151 137 134 133 136 137 137
113 136 144 140 145 149 147 143 139 129 133 140 130 127 142 162 167 149 142 143 139 137 132 126 145 162 162 138 126 141 145 145 133 129 145 143 132 135 139 145 146 134 120 125 133 146 154 144 143 137 129 131 142 145 143 143 147 149 144 146 144 140 147 133 137 138 141 146 140 127 137 146 134 131 139 138 145 133 133 135 138 143 142 132 116 130 143 143 147 144 142 138 144 146 148
115 135 153 155 151 156 148 143 156 143 126 150 150 137 144 159 168 161 155 147 137 131 130 123 134 146 143 129 115 126 136 137 128 127 136 140 140 140 143 152 150 130 113 123 123 128 144 146 139 127 127 137 148 145 131 144 158 158 148 145 142 136 139 136 135 139 145 144 140 131 130 138 138 133 141 136 132 134 133 132 141 142 138 139 128 131 144 143 134 129 130 140 148 148 144
136 152 156 154 152 156 154 148 161 151 130 149 148 145 153 164 174 166 152 138 113 112 126 122 130 136 132 131 119 132 142 137 131 140 140 142 144 131 132 145 145 133 124 139 130 122 132 141 141 138 148 154 159 139 118 135 148 159 156 145 133 125 129 137 136 142 141 132 143 133 125 139 148 134 130 136 123 129 138 137 138 142 139 142 141 133 140 147 136 130 130 147 153 142 137
151 158 154 153 159 158 155 149 153 140 127 136 137 132 135 144 155 156 143 128 113 123 134 138 139 138 136 136 128 143 144 132 137 143 138 133 137 135 130 139 138 128 133 146 138 136 141 146 143 150 150 149 155 135 125 143 145 156 157 141 140 133 130 138 139 140 145 137 136 133 128 136 139 130 132 144 137 136 138 139 130 135 140 129 125 130 140 141 135 145 148 146 153 149 143
157 161 158 157 158 158 165 157 151 134 116 120 129 123 121 125 126 135 149 143 131 140 139 147 136 140 149 142 132 140 141 136 147 135 133 132 133 132 135 139 145 137 135 136 133 141 149 151 142 156 145 130 140 147 140 142 137 143 141 115 122 138 141 142 139 134 139 144 139 141 138 131 133 134 136 143 140 140 138 136 132 138 140 127 123 123 132 134 132 148 160 153 154 151 144
162 163 158 154 153 151 170 168 158 138 119 120 126 130 126 131 119 116 140 148 140 140 136 140 136 141 144 141 133 128 141 148 148 135 128 130 137 134 131 135 147 146 145 141 133 141 146 150 140 144 138 131 131 137 138 142 141 139 127 101 106 138 151 150 138 132 143 159 155 147 146 138 140 137 133 136 138 147 152 153 152 148 138 137 136 130 137 138 134 151 155 156 159 154 150
162 163 162 163 168 156 161 162 151 144 130 121 125 129 124 128 127 129 131 136 137 137 140 144 141 150 142 142 156 142 134 135 139 141 131 135 139 143 132 127 142 144 149 148 138 147 147 154 147 144 140 134 131 130 135 149 152 144 134 130 132 141 140 142 138 135 142 144 146 143 145 145 147 141 131 132 131 147 162 164 157 143 137 137 134 135 138 144 135 148 153 153 162 154 148
160 165 165 162 171 165 160 152 143 137 133 134 132 117 111 127 139 143 134 136 139 132 132 151 150 158 146 146 158 134 120 125 137 147 143 140 134 141 135 133 143 134 136 146 146 155 152 150 139 140 145 138 134 127 132 148 157 158 153 154 154 140 134 142 139 134 132 122 131 138 138 142 145 145 148 144 135 147 152 146 145 143 136 124 132 143 136 141 153 156 155 145 149 153 151
159 160 166 169 171 168 160 149 141 133 131 137 142 128 116 120 124 139 134 146 152 138 136 153 158 159 151 150 159 139 131 134 136 141 147 143 138 134 137 141 134 129 138 147 153 158 157 156 143 143 147 143 132 127 132 142 149 155 161 164 159 138 141 145 136 132 123 108 126 145 138 131 138 144 150 144 143 143 132 125 128 132 129 123 135 147 149 148 154 156 156 145 138 147 148
160 154 156 163 164 163 156 153 128 120 124 138 153 138 130 123 111 138 144 152 150 142 142 143 145 148 151 153 166 164 156 141 139 138 141 144 138 131 138 137 131 136 142 149 163 157 151 151 143 141 140 137 129 133 140 145 133 132 150 158 162 144 130 132 138 140 137 134 137 149 152 137 140 150 151 140 140 135 131 127 129 126 119 130 144 143 156 158 150 158 159 151 137 147 149
163 157 156 159 162 163 153 149 132 124 129 149 165 150 149 136 125 144 147 149 144 134 126 127 142 148 156 159 166 166 162 146 147 140 142 146 140 138 145 136 125 123 122 138 156 153 151 151 141 131 134 137 132 134 140 136 122 124 137 137 151 148 134 139 141 140 146 150 141 148 169 156 148 154 160 152 143 138 142 134 130 122 113 136 142 131 150 166 154 161 159 151 142 138 125
153 153 157 156 166 165 153 138 134 147 152 154 160 157 161 144 143 144 138 136 141 145 140 130 137 154 160 158 160 160 162 158 155 152 152 143 132 123 125 124 122 123 130 144 150 152 158 155 143 128 133 136 123 117 131 136 137 137 132 125 139 149 146 147 152 146 134 137 134 147 166 163 158 152 152 143 144 148 149 138 131 118 109 136 141 130 142 161 153 151 145 148 147 126 107
156 160 156 153 157 154 144 133 132 150 161 158 155 151 154 149 156 148 144 139 132 146 160 151 145 145 140 151 158 158 162 158 150 152 141 136 135 112 110 131 135 125 133 139 143 144 148 149 142 131 134 133 127 125 134 133 140 145 147 139 139 151 151 146 158 154 134 127 128 145 152 154 151 138 137 136 145 150 149 133 128 118 117 141 139 138 145 148 148 146 133 140 132 119 118
160 160 157 160 149 141 141 141 134 147 166 169 162 150 148 154 156 148 144 145 135 140 146 138 135 134 138 143 144 150 154 156 154 156 145 133 138 125 124 146 148 125 131 137 144 140 140 140 140 141 138 128 127 132 136 135 144 148 151 144 147 156 159 159 154 156 148 131 124 137 146 145 146 135 135 147 156 148 144 130 129 118 117 139 142 142 146 141 147 151 130 133 121 121 130
147 145 142 153 150 143 144 153 146 149 159 156 155 151 148 158 153 150 150 144 136 135 125 109 110 123 139 143 135 143 148 152 151 161 156 140 135 139 145 141 128 112 131 136 140 135 133 134 137 138 132 124 135 143 146 141 146 146 143 136 147 151 148 159 159 167 158 135 131 137 131 128 141 137 137 154 157 149 141 128 120 115 116 140 148 149 146 145 145 151 125 125 132 131 138
137 138 130 137 143 140 146 152 150 151 150 148 139 131 136 153 158 157 157 140 119 120 121 120 121 124 129 140 135 132 140 149 146 159 157 148 135 134 140 124 101 91 117 132 138 138 122 106 118 134 142 133 136 143 153 150 148 149 149 142 131 131 141 151 155 163 158 136 136 140 132 131 144 141 142 141 143 145 132 120 113 123 130 157 156 154 145 139 136 123 109 118 138 138 143
