example/E5 - XRays/X-ray-tomography/rastert_juap32.txt
ncols         356
nrows         356
xllcorner     -0.5
yllcorner     -355.5
cellsize      1
NODATA_value  -9999
[rows 294 to 335 of 356, columns 95 to 189 of 356]
133 137 141 141 137 137 129 127 136 143 149 152 145 135 129 120 123 129 141 157 161 156 150 150 143 119 95 94 103 125 137 149 157 157 159 161 164 158 160 161 160 167 172 168 169 168 165 160 141 137 152 162 171 160 145 130 117 129 152 157 151 137 140 146 145 137 135 144 144 140 142 140 137 128 125 123 125 131 128 130 131 137 146 146 153 151 139 130 131 141 131 116 120 138 154
141 146 155 154 144 133 123 130 135 139 140 146 147 137 133 133 132 139 152 153 155 148 140 143 135 107 88 103 118 137 150 151 151 148 150 148 137 143 156 157 160 159 159 162 168 161 163 167 146 138 151 160 167 167 150 128 120 140 160 153 147 145 142 145 147 144 152 158 156 144 146 152 142 124 131 136 138 139 138 134 133 133 131 142 161 158 138 134 134 134 120 121 143 155 152
152 162 166 159 149 130 117 121 124 130 132 132 136 136 138 145 138 136 150 148 148 140 126 121 124 120 112 122 127 136 150 151 153 154 152 141 122 132 146 145 157 156 155 158 158 157 163 167 160 157 159 162 164 162 133 113 129 148 150 144 145 142 140 145 144 147 156 157 152 145 149 156 144 128 139 150 148 136 137 132 132 133 130 141 159 159 148 137 127 128 117 130 158 160 150
155 163 164 157 151 137 121 110 107 112 119 130 137 137 141 147 136 142 157 154 144 120 101 104 124 136 124 115 115 125 146 162 164 159 140 132 128 125 126 133 155 160 159 157 157 164 166 165 165 164 162 159 159 148 112 114 140 145 141 146 150 145 145 140 131 137 148 143 144 144 143 143 142 138 147 152 144 133 139 135 136 144 146 144 148 155 160 145 130 127 121 140 160 160 148
141 146 152 150 147 140 129 121 115 110 117 125 133 137 143 147 137 138 149 147 130 104 98 119 138 143 122 105 110 124 153 170 166 158 139 140 138 120 120 133 156 164 162 162 160 161 163 162 161 158 155 149 151 134 110 131 144 144 145 143 144 142 140 136 130 133 145 137 133 138 132 130 142 142 143 139 132 129 134 137 138 147 149 145 143 155 158 149 141 126 126 151 158 151 142
139 143 145 139 141 143 141 143 140 134 136 125 131 133 134 138 134 135 140 135 124 114 115 125 133 138 122 110 114 130 157 169 165 163 151 151 146 123 129 150 166 166 168 166 159 156 158 158 159 149 148 148 141 123 119 137 140 147 147 143 144 136 131 139 142 138 139 138 131 132 120 129 150 143 140 131 124 118 115 122 132 141 143 148 145 157 154 141 138 125 131 152 159 147 140
140 140 133 129 131 137 147 155 153 156 156 136 133 128 116 116 127 145 150 139 140 149 145 136 134 134 125 127 130 136 154 161 159 165 162 158 154 142 152 164 167 166 172 166 162 159 157 156 164 154 148 148 135 125 133 139 139 144 142 143 145 134 129 140 151 151 146 145 138 132 121 131 148 146 144 138 139 129 115 121 134 141 143 149 147 154 156 147 143 137 148 157 161 146 140
141 139 126 127 130 144 158 156 156 161 158 141 138 134 109 105 125 148 158 150 156 162 155 150 146 134 127 133 141 143 148 155 155 158 156 149 152 157 167 168 164 173 179 170 160 157 156 155 162 155 149 148 128 123 131 138 146 144 137 139 137 132 145 150 151 156 155 143 130 127 123 129 143 146 139 138 148 141 127 128 136 145 140 140 149 154 152 142 146 154 162 160 157 143 136
153 151 131 128 139 151 163 162 167 167 153 138 137 138 118 113 127 140 151 156 159 161 152 147 144 137 138 148 151 140 142 153 148 144 136 140 152 161 169 172 172 172 166 161 159 161 154 141 144 142 133 127 112 118 129 137 144 142 137 140 130 133 154 152 153 164 165 146 129 130 132 136 146 141 138 137 139 129 129 130 136 146 139 136 143 151 146 130 140 155 162 157 152 145 137
160 155 139 139 149 156 162 165 171 161 145 133 133 136 128 123 128 135 150 155 153 152 149 143 144 144 145 147 146 136 142 144 138 136 137 153 160 163 172 180 178 166 159 161 161 152 147 137 141 122 91 92 100 120 136 140 141 139 136 138 141 151 155 151 164 169 157 142 133 136 141 144 145 138 137 126 127 129 134 137 149 149 146 138 137 151 151 136 146 154 158 157 153 149 136
155 148 144 149 151 157 155 158 160 148 136 131 130 130 128 122 122 135 147 145 145 149 150 145 142 135 139 141 136 137 147 139 128 131 144 154 154 164 177 179 170 169 172 162 151 148 155 147 139 94 48 57 92 126 144 146 141 143 145 138 143 156 153 148 159 159 145 141 138 137 151 155 141 135 134 124 126 133 132 134 153 153 150 139 137 151 150 140 151 153 154 155 155 146 126
153 146 148 148 140 146 153 155 143 133 133 139 142 140 122 97 97 122 129 129 140 145 147 147 149 144 147 142 133 136 152 146 126 121 135 144 152 163 173 170 168 175 174 160 148 153 165 150 115 65 47 69 94 125 145 143 135 144 150 140 137 145 146 145 152 150 139 137 135 142 158 156 138 128 133 140 132 126 124 129 154 157 154 148 138 144 147 147 154 151 150 150 154 148 136
150 142 143 141 137 147 153 146 135 129 133 137 139 138 114 74 63 85 100 117 133 134 137 142 151 154 149 142 135 133 152 154 135 128 138 145 151 160 169 176 177 171 165 167 156 152 163 145 99 65 74 107 127 140 143 136 126 137 146 134 122 126 135 139 144 141 136 137 140 150 153 143 133 126 133 144 140 131 126 133 151 159 156 140 128 140 152 155 155 150 147 145 146 140 143
144 143 139 140 145 149 143 137 140 143 143 139 134 127 110 75 60 72 93 118 131 134 136 139 143 151 150 137 125 128 142 144 133 138 147 147 147 158 170 178 171 163 165 167 148 145 155 141 102 78 91 126 139 140 138 132 124 137 146 133 120 124 134 140 137 130 131 140 150 154 149 139 134 133 130 137 145 144 138 141 147 157 153 133 123 141 157 157 153 148 143 140 140 136 149
144 147 146 149 153 147 136 127 137 148 151 147 135 127 122 108 101 106 122 142 150 151 154 145 143 159 160 134 122 132 139 136 129 134 140 145 148 156 168 173 166 159 168 169 151 146 149 138 120 100 103 130 139 141 135 131 131 140 143 135 129 124 126 135 121 108 122 140 146 147 147 146 141 139 135 138 147 146 140 143 147 153 145 141 144 149 161 162 152 143 139 135 135 136 150
144 137 142 152 157 147 132 113 121 143 152 150 140 134 136 139 139 142 150 162 165 168 170 156 150 165 163 148 141 138 132 133 132 136 139 143 151 155 160 162 161 161 173 169 155 148 143 130 125 120 119 128 142 145 142 141 137 137 146 144 136 124 120 125 110 104 118 134 137 138 144 148 142 138 146 145 148 148 145 149 148 140 139 154 163 157 165 168 161 150 146 139 132 134 148
145 134 135 144 148 143 134 109 107 132 145 144 143 139 143 152 155 155 154 159 168 173 171 163 159 157 157 157 141 132 133 134 138 145 142 145 151 150 154 154 159 166 167 152 142 142 142 132 129 131 129 126 137 141 146 142 132 124 137 147 148 131 117 116 103 106 119 128 129 129 138 146 145 137 142 143 139 141 142 145 150 140 134 153 162 158 162 168 165 155 155 146 133 133 144
138 134 130 137 145 149 145 126 121 137 148 148 141 139 147 155 162 161 155 161 173 172 164 161 161 154 160 160 141 131 137 140 143 142 135 142 147 143 147 148 151 151 152 143 129 131 142 145 138 130 126 133 137 137 141 137 129 125 124 139 154 145 130 104 75 85 108 123 124 125 137 143 144 137 134 137 138 140 142 143 150 145 138 151 159 160 164 170 170 165 161 143 124 124 130
142 138 131 135 144 149 149 139 138 147 151 146 141 146 149 149 151 145 145 159 170 163 158 163 168 156 155 154 144 139 146 145 139 135 132 137 146 148 148 146 142 141 148 145 133 131 139 148 146 132 127 137 139 133 128 126 129 132 123 134 152 150 137 95 55 60 91 126 134 131 139 145 148 146 142 139 144 147 149 148 152 148 151 157 156 155 163 168 167 166 164 149 133 130 124
148 147 142 135 137 136 141 145 148 153 152 148 145 146 143 142 137 127 139 162 167 161 162 171 174 158 151 147 137 137 143 140 139 142 142 137 143 151 151 145 142 147 149 149 147 139 137 138 138 131 131 138 138 131 121 116 118 127 134 145 150 147 134 93 56 56 80 122 137 136 142 147 150 151 146 139 141 146 152 152 152 145 152 159 158 154 161 169 163 160 161 151 140 136 130
149 154 148 138 138 133 131 141 147 153 154 149 142 145 149 150 136 125 142 160 160 160 161 166 169 163 158 145 136 142 148 151 150 151 150 144 142 146 148 144 149 159 155 158 155 145 144 138 131 127 126 127 129 129 111 90 94 121 141 154 157 155 143 113 85 79 94 129 137 139 141 141 137 136 136 137 140 145 147 145 148 142 148 156 158 154 158 164 155 150 159 155 150 142 141
153 153 145 145 147 142 129 131 146 151 142 131 132 150 164 158 131 124 143 157 162 164 165 167 166 166 157 149 147 151 152 147 147 150 151 148 146 153 155 145 154 163 159 160 161 154 147 138 133 129 119 112 109 107 89 68 82 119 143 160 163 164 157 139 117 105 117 136 139 132 125 132 136 132 127 134 139 140 146 145 143 143 155 160 154 149 153 157 150 140 144 151 161 150 149
154 153 153 155 154 149 134 128 135 138 127 118 131 154 164 150 134 131 145 152 160 164 168 168 166 162 146 147 153 151 144 142 149 153 153 152 149 155 154 142 150 159 158 160 162 158 149 142 138 129 113 103 96 91 83 85 115 144 150 163 170 171 162 153 140 115 116 133 133 118 111 128 132 117 115 130 140 140 144 148 147 149 156 154 150 147 147 151 148 136 128 139 152 147 151
147 149 156 159 157 155 147 140 137 138 135 131 136 143 145 140 140 135 140 144 157 161 164 167 161 147 143 150 155 149 145 146 150 156 162 161 148 148 143 136 144 152 161 168 161 161 159 146 139 131 119 113 105 99 103 119 143 151 154 165 171 173 172 166 153 125 117 126 119 106 106 126 121 101 95 119 141 148 154 150 148 151 156 153 151 147 147 146 140 130 119 125 133 142 151
137 141 154 160 162 160 151 147 146 147 150 148 143 136 134 136 140 134 133 142 150 152 157 163 150 144 148 147 153 150 149 147 145 157 162 155 142 143 140 140 143 149 162 172 161 161 161 151 144 137 132 131 128 127 134 142 147 150 159 161 162 167 173 170 162 143 129 117 99 89 99 118 112 89 84 123 149 152 157 151 146 135 134 150 159 150 149 150 145 131 121 125 121 139 151
139 146 158 162 163 153 141 148 151 151 153 147 143 147 146 142 141 139 137 141 144 143 147 153 144 145 145 144 154 151 147 146 145 156 152 145 139 142 140 139 139 145 153 162 161 164 167 152 141 132 130 133 135 135 145 157 158 161 160 148 152 165 169 166 164 154 135 107 75 64 86 109 105 86 92 136 156 153 155 151 147 125 110 140 162 152 145 154 154 144 136 140 134 141 148
151 153 156 159 155 135 128 142 150 150 152 144 138 145 149 142 139 144 145 143 136 135 134 139 140 146 144 143 146 142 144 147 144 152 151 149 145 146 138 135 138 141 146 155 161 166 170 152 131 125 132 141 134 134 151 161 160 165 162 152 155 162 160 157 158 147 132 109 73 63 91 113 104 94 104 142 157 157 158 151 151 143 124 141 160 155 150 158 156 154 149 152 151 151 152
161 154 155 155 148 126 115 133 149 151 151 143 137 137 142 140 139 145 150 144 137 138 134 137 139 142 141 141 142 143 149 148 144 152 155 149 149 149 142 137 136 136 136 143 154 156 158 141 121 126 138 145 139 145 161 156 158 163 162 164 161 155 152 153 150 140 136 128 100 93 110 121 111 107 115 142 153 158 160 154 155 156 151 157 162 156 149 158 157 158 158 161 155 154 163
154 145 150 148 148 139 135 149 156 153 150 141 134 131 132 137 143 146 148 144 148 151 141 136 136 138 141 145 146 145 145 149 146 149 152 150 152 155 150 134 130 134 131 137 140 130 127 122 122 135 140 140 138 145 152 149 155 155 157 168 163 154 151 151 147 139 138 139 132 132 133 128 113 121 135 148 153 160 157 153 158 155 155 163 164 157 149 155 155 150 153 159 149 154 167
139 143 151 147 154 155 151 151 153 153 152 134 123 125 120 135 144 141 139 140 143 138 129 127 130 138 144 147 148 145 140 143 140 142 146 150 153 157 156 141 132 133 134 136 129 118 116 115 122 135 135 137 134 133 137 140 149 147 148 157 158 153 151 146 138 133 134 142 150 144 136 128 113 126 141 148 151 161 156 151 155 152 156 164 167 162 155 157 158 149 149 151 148 156 162
131 130 136 144 151 146 133 130 136 144 147 135 128 134 128 141 145 141 139 139 128 118 118 120 118 126 132 135 141 144 137 134 137 141 144 152 159 157 153 141 129 130 133 137 133 125 126 132 134 137 139 137 130 129 136 137 143 141 132 135 146 151 151 140 129 130 133 133 135 131 131 123 118 133 142 148 150 160 160 154 152 155 159 155 161 164 161 160 159 153 151 153 150 155 161
120 112 112 127 134 128 117 117 125 135 138 138 142 150 153 154 144 140 144 138 126 118 120 122 121 124 123 124 138 144 142 137 140 143 145 156 162 156 146 131 124 129 132 136 134 132 129 135 142 138 138 136 135 136 137 135 137 136 124 128 143 148 146 136 135 140 141 131 115 116 131 133 135 143 152 150 155 163 160 150 148 156 161 157 161 167 164 163 157 156 154 155 149 152 157
116 106 97 111 124 124 120 126 134 135 131 136 144 153 155 146 141 149 151 146 150 146 133 131 142 143 138 136 147 147 150 147 144 145 147 157 160 157 147 126 124 137 138 137 135 132 123 129 139 138 138 139 134 130 129 132 135 135 128 139 145 143 143 138 145 144 138 126 100 104 127 141 142 146 152 149 154 158 157 147 148 153 158 160 160 160 165 161 154 156 158 156 151 156 156
122 105 94 111 125 127 125 133 144 144 137 136 139 142 147 149 155 154 150 151 159 156 140 130 135 146 149 145 146 149 156 155 150 145 146 150 155 158 151 131 126 139 143 141 136 129 125 136 141 140 139 137 131 122 115 119 131 140 139 143 147 143 138 140 146 142 137 119 88 101 129 138 137 141 140 143 154 154 155 146 147 149 155 157 154 155 166 164 159 164 166 161 156 159 160
134 114 98 110 119 122 122 119 133 141 131 124 122 133 148 157 157 149 150 154 160 156 146 131 130 145 148 143 144 152 155 150 145 142 145 147 152 154 152 146 145 145 143 138 137 136 138 142 139 135 133 139 137 128 119 115 130 143 144 139 146 142 128 130 138 141 145 129 98 104 132 140 137 133 130 139 156 154 150 148 149 148 151 150 144 154 167 168 161 166 169 164 159 164 166
143 133 114 109 111 115 112 102 115 124 116 109 107 127 146 158 154 151 157 157 160 158 149 139 139 150 149 145 145 156 154 146 145 144 146 143 148 147 155 161 157 146 135 133 141 144 141 136 140 136 135 140 137 139 131 121 130 140 145 142 147 137 123 125 134 139 146 138 125 124 134 136 131 131 131 137 152 148 144 149 154 148 149 154 150 158 164 167 164 165 171 168 161 167 169
147 141 130 118 110 105 100 99 103 102 90 85 97 123 141 156 158 154 155 158 161 159 148 146 151 158 156 158 158 161 151 146 148 148 142 138 145 144 150 154 154 140 119 122 137 139 134 133 141 140 135 129 132 143 135 128 133 135 143 146 146 132 126 134 140 142 140 137 136 144 147 139 135 139 137 140 145 141 139 145 155 150 152 162 161 162 161 160 165 165 170 164 167 170 166
146 141 139 133 122 113 109 115 109 96 78 75 90 116 133 147 152 150 156 161 159 158 153 150 154 160 161 165 167 163 148 139 145 152 145 140 146 144 134 131 142 136 105 106 129 139 140 138 143 139 121 111 125 143 144 143 144 135 137 142 144 133 133 145 146 147 141 135 131 140 147 141 144 146 138 142 141 138 139 145 157 153 158 165 162 164 165 164 163 166 168 160 164 171 167
147 146 145 138 139 138 134 136 131 121 103 92 103 123 128 133 138 146 159 161 157 158 154 151 154 158 163 163 166 164 149 129 133 153 157 152 154 146 122 112 114 111 98 107 133 142 142 143 149 138 108 101 122 148 154 153 152 138 129 133 142 137 134 143 142 143 138 134 131 131 135 137 143 138 129 134 137 136 146 147 149 148 156 162 161 162 165 166 164 162 168 164 165 171 168
152 156 153 146 147 146 141 140 143 142 130 123 133 139 130 128 135 152 158 155 154 156 155 159 153 153 162 162 166 164 152 131 127 148 159 155 156 143 127 114 95 90 102 123 138 142 142 147 153 139 107 108 131 147 146 146 141 131 122 130 142 135 134 135 136 138 134 137 139 135 132 136 143 139 131 131 135 140 152 148 142 145 150 154 162 164 169 168 169 164 166 163 164 167 164
255 160 157 152 148 146 145 141 141 140 140 144 147 147 139 139 146 153 152 152 154 154 157 161 152 154 166 165 163 160 157 149 142 148 152 152 150 144 141 135 116 110 123 135 142 152 155 159 159 136 113 122 139 144 138 138 129 121 119 134 143 129 130 135 133 134 136 141 145 143 136 139 147 144 143 138 138 146 151 144 142 146 149 151 162 162 170 171 171 169 166 166 164 164 166
255 255 255 155 149 150 151 146 142 142 143 143 142 144 141 143 149 149 149 149 147 147 152 156 153 152 161 163 157 157 159 160 157 152 153 154 152 149 146 148 139 134 140 142 148 159 160 162 156 134 118 125 136 134 130 133 133 129 126 138 145 132 133 137 135 133 138 144 147 145 142 140 145 143 145 141 139 143 148 142 139 151 152 156 163 160 168 169 166 167 165 166 162 163 170
