example/E5 - XRays/X-ray-tomography/rastert_juap44.txt
ncols         356
nrows         356
xllcorner     -0.5
yllcorner     -355.5
cellsize      1
NODATA_value  -9999
[rows 210 to 251 of 356, columns 0 to 93 of 356]
255 255 255 255 152 147 140 145 150 154 154 155 150 149 149 148 152 163 169 165 154 149 146 146 147 145 146 150 148 143 143 143 140 139 145 150 147 148 140 135 137 142 149 155 155 152 154 155 162 166 163 151 143 153 162 165 151 141 145 145 144 149 152 151 156 166 167 171 165 168 169 161 159 164 160 157 157 157 155 158 155 153 156 150 144 145 129 128 133 128 119 99 96 121
255 255 255 255 142 145 147 152 153 150 149 153 153 155 152 148 147 154 159 158 156 159 160 157 146 144 143 141 141 138 142 141 143 143 142 145 145 147 123 115 128 139 154 160 145 140 152 155 159 158 158 146 140 153 162 157 140 144 159 151 145 153 158 150 150 165 168 165 163 162 157 152 154 163 158 155 159 154 156 162 164 163 162 156 145 141 125 126 133 135 123 105 110 123
255 255 255 255 143 146 146 149 152 144 142 150 153 152 147 145 141 142 149 150 153 153 153 151 144 138 136 140 141 141 147 145 144 138 128 131 137 132 112 108 117 133 147 147 132 139 157 157 152 145 145 137 137 144 145 145 140 145 151 148 141 149 157 145 142 155 160 157 156 151 153 151 148 155 159 163 163 156 156 154 153 152 156 150 137 133 127 129 137 146 151 141 137 125
255 255 255 255 145 151 148 150 154 150 144 146 152 153 149 148 144 141 147 148 149 153 150 146 151 145 142 150 142 141 144 143 138 130 125 125 135 127 118 118 124 137 137 143 142 144 154 160 158 154 144 129 130 136 132 135 145 154 145 138 138 145 157 151 147 158 161 161 159 154 150 142 143 155 162 167 172 169 161 158 157 158 158 153 147 140 141 142 145 152 158 149 150 150
255 255 255 255 141 149 151 150 151 151 147 144 151 154 151 143 139 140 143 143 150 160 155 150 152 151 153 153 137 131 132 132 132 132 130 131 139 133 128 131 131 137 137 139 142 146 148 159 163 151 137 127 134 142 135 137 146 150 139 138 146 151 151 151 155 158 160 161 155 154 147 143 152 156 153 155 156 158 153 156 158 156 150 152 160 158 160 156 144 152 155 153 157 156
255 255 255 255 255 145 148 144 146 149 148 151 160 155 140 135 133 134 139 139 147 153 148 146 145 139 147 149 140 129 132 138 141 140 125 125 137 137 136 143 137 132 144 135 129 146 158 162 160 151 137 132 140 138 133 142 145 147 148 148 148 146 144 149 153 149 154 154 146 152 155 150 153 151 152 158 152 156 155 153 151 147 149 159 168 162 155 153 147 149 140 148 160 161
255 255 255 255 255 141 142 137 138 143 146 150 161 155 137 140 143 145 147 143 145 152 152 150 146 140 142 140 141 141 144 141 141 142 132 130 133 136 144 143 142 138 139 130 130 142 151 149 145 147 142 138 135 133 136 148 159 158 151 151 148 145 147 151 153 151 160 160 149 155 158 150 152 155 158 159 148 148 152 149 151 151 157 160 168 171 159 156 150 135 120 129 144 147
255 255 255 255 255 138 139 137 142 148 149 149 153 148 142 146 151 153 150 142 147 158 161 158 155 153 144 140 143 147 150 144 135 135 142 141 134 137 145 142 142 137 134 134 140 140 141 136 134 143 146 147 144 142 145 153 156 152 144 146 151 157 152 143 145 151 156 151 148 155 158 150 150 158 155 157 155 149 150 150 150 154 162 156 163 172 162 163 147 130 120 120 128 123
255 255 255 255 255 130 139 140 140 146 151 147 148 150 154 153 157 162 158 153 157 164 166 164 158 151 150 147 135 138 143 135 132 140 147 141 133 139 142 136 137 132 135 141 136 129 130 129 140 150 150 147 145 139 144 155 154 151 146 147 149 153 151 143 150 154 156 148 144 145 150 143 140 153 152 155 157 152 150 144 146 148 158 161 163 163 152 146 139 146 136 121 123 133
255 255 255 255 255 255 141 144 143 148 151 147 146 148 154 155 160 167 166 161 156 159 162 164 163 154 153 153 139 139 137 128 137 147 141 133 139 145 139 135 136 135 135 134 131 125 132 138 144 145 148 144 138 133 139 148 151 155 148 149 152 149 141 135 148 153 150 144 152 156 150 146 142 146 138 135 144 150 153 146 153 152 143 154 165 161 159 147 140 149 142 139 142 136
255 255 255 255 255 255 145 145 145 145 143 144 149 149 146 144 151 159 162 162 156 161 163 161 162 159 158 158 152 144 134 129 141 151 148 144 147 146 139 133 137 145 140 137 145 141 145 146 139 138 139 132 133 136 139 135 140 152 147 145 154 147 137 134 133 142 145 143 155 152 148 155 153 142 132 135 137 139 148 142 146 151 142 147 154 157 159 141 131 139 140 144 147 139
255 255 255 255 255 255 147 148 150 147 140 145 148 149 143 131 134 143 150 155 158 161 158 157 153 149 146 147 145 142 139 140 146 152 156 158 159 159 153 143 152 165 150 137 135 135 136 132 132 134 137 133 141 146 144 139 139 146 147 150 149 142 140 138 136 148 147 144 147 137 146 151 149 146 147 152 150 139 128 133 137 143 149 147 137 150 154 136 133 140 128 120 134 147
255 255 255 255 255 255 147 150 159 158 147 149 147 146 140 128 130 139 147 155 162 158 153 150 144 143 138 141 143 140 143 148 144 143 151 162 168 168 158 148 155 161 144 128 124 131 133 129 136 136 134 137 142 139 137 143 148 147 145 148 142 139 139 141 150 151 142 145 151 146 153 149 149 151 153 157 160 154 133 130 133 146 153 139 127 143 145 139 136 129 118 116 121 133
255 255 255 255 255 255 255 154 155 155 156 161 162 157 148 133 135 145 155 159 158 153 149 141 142 149 146 143 136 128 134 148 149 157 167 172 166 166 162 147 144 146 144 134 126 134 139 133 138 134 133 146 135 124 135 147 148 141 144 154 152 153 144 141 144 148 147 149 148 146 152 150 156 156 155 162 166 153 120 107 117 136 134 127 135 148 143 137 129 128 130 128 127 131
255 255 255 255 255 255 255 150 148 155 161 164 163 160 156 144 133 135 147 150 145 145 150 146 146 154 147 138 132 132 138 148 149 162 170 166 161 164 161 152 143 141 147 141 140 145 150 145 140 136 141 146 129 119 132 145 150 145 149 156 152 154 144 134 142 155 153 146 142 144 145 147 157 158 156 155 152 137 116 118 131 135 130 130 137 143 138 141 135 132 142 141 131 125
255 255 255 255 255 255 255 150 149 155 158 155 154 154 151 137 118 120 136 143 142 148 159 157 146 147 144 140 139 142 145 145 142 157 165 162 162 164 162 163 160 154 155 151 150 144 150 152 144 140 143 143 139 136 132 134 144 147 141 143 147 146 150 149 149 147 144 137 135 142 143 142 144 143 136 132 139 146 139 134 135 126 126 125 128 135 132 138 137 128 133 138 121 109
255 255 255 255 255 255 255 147 148 152 153 152 154 155 147 131 115 120 142 150 151 158 162 162 154 150 147 147 148 146 143 141 143 153 163 168 169 170 169 167 160 148 151 151 141 135 142 143 141 145 150 151 139 134 134 135 137 135 134 144 146 140 147 144 143 150 149 132 137 149 146 147 144 136 124 127 143 153 146 134 130 125 131 140 139 142 135 132 136 133 132 128 117 119
255 255 255 255 255 255 255 255 148 153 159 163 164 156 143 122 116 127 140 148 157 165 162 160 161 159 153 152 154 152 147 143 147 152 162 171 173 170 163 159 151 141 148 150 144 141 140 138 141 150 154 155 146 134 136 148 144 139 145 147 143 134 140 142 142 148 146 128 138 141 139 150 146 136 126 130 133 136 134 132 134 134 138 149 149 141 141 141 138 144 138 133 137 146
255 255 255 255 255 255 255 255 153 156 157 160 159 152 147 127 116 127 141 150 158 162 158 156 159 161 152 148 148 150 143 141 151 155 161 167 164 161 157 152 149 145 145 143 146 147 142 142 145 142 140 140 143 143 146 159 152 144 145 143 140 138 147 155 150 142 138 132 139 136 142 149 139 135 138 131 110 116 126 130 136 147 148 146 155 154 150 144 137 143 136 137 149 152
255 255 255 255 255 255 255 255 155 155 156 158 152 149 149 131 117 129 137 136 144 153 156 158 153 150 148 150 151 151 143 138 153 163 161 162 159 157 154 148 144 141 144 140 140 141 134 136 136 133 138 137 139 147 155 163 154 139 136 139 133 125 143 149 144 136 130 137 142 140 141 139 132 131 142 137 115 124 129 132 140 154 156 156 158 152 149 147 140 138 129 132 138 135
255 255 255 255 255 255 255 255 255 149 152 156 158 158 148 130 122 136 136 127 137 150 158 159 147 136 140 146 149 151 149 142 149 157 152 148 141 137 135 140 138 132 140 144 144 149 138 120 107 113 138 142 132 140 150 151 145 137 130 128 131 127 142 149 151 145 130 129 132 136 136 135 134 132 134 139 131 133 134 136 144 150 148 154 150 144 142 142 145 145 134 130 139 133
255 255 255 255 255 255 255 255 255 149 151 155 155 151 139 135 139 143 140 137 142 146 144 144 142 138 143 148 150 160 155 136 131 130 124 125 124 120 123 134 128 118 130 144 150 158 147 118 102 112 135 140 131 143 146 144 143 143 139 123 133 140 143 143 142 141 134 129 130 124 127 134 137 139 137 141 144 140 139 141 137 139 145 151 147 145 142 142 152 157 146 137 139 122
255 255 255 255 255 255 255 255 255 149 152 151 149 144 138 144 153 150 143 143 144 139 127 130 142 144 149 155 150 153 153 139 131 123 115 118 121 127 136 138 136 137 142 147 150 156 153 138 123 127 134 134 130 136 137 137 142 142 143 131 140 146 143 142 142 138 127 128 138 136 137 132 131 142 142 139 144 143 132 125 130 151 158 154 160 155 147 148 158 164 161 152 140 127
255 255 255 255 255 255 255 255 255 255 149 147 151 154 156 163 161 149 138 138 135 131 128 135 142 141 146 153 153 153 150 134 130 131 123 119 119 124 136 140 139 137 138 137 141 154 154 146 134 136 141 142 135 129 132 129 132 136 135 138 140 144 144 141 144 137 122 126 139 144 137 129 131 136 135 129 136 148 143 132 143 162 160 149 156 159 151 139 138 146 156 150 145 147
255 255 255 255 255 255 255 255 255 255 149 148 150 151 153 158 156 150 149 150 143 139 137 138 139 137 141 149 152 150 145 124 124 135 127 122 126 131 139 141 135 131 132 129 131 141 140 132 132 137 137 142 138 129 131 137 143 146 135 133 135 142 146 144 144 137 130 135 136 136 129 131 134 135 138 135 138 148 148 141 147 159 153 142 140 145 146 132 131 146 146 146 157 156
255 255 255 255 255 255 255 255 255 255 152 150 151 152 153 157 154 155 155 154 152 146 139 145 147 146 144 140 135 132 132 128 131 140 140 138 135 144 151 147 137 132 130 130 132 132 132 132 139 138 129 137 137 129 137 147 151 151 143 140 138 141 152 157 149 145 133 124 129 133 142 141 128 133 146 151 148 137 137 136 139 151 155 146 129 129 141 136 132 140 140 147 161 156
255 255 255 255 255 255 255 255 255 255 255 155 156 155 154 153 153 152 151 152 152 144 143 151 149 145 142 141 139 135 135 136 138 144 148 152 147 148 147 148 145 139 130 133 137 131 126 135 142 134 130 137 133 127 137 150 154 150 141 141 142 144 150 155 148 139 131 128 140 145 150 140 128 134 139 144 152 150 151 146 141 139 146 149 138 135 139 142 140 141 146 146 151 148
255 255 255 255 255 255 255 255 255 255 255 150 151 152 152 148 149 150 149 151 154 149 151 149 140 137 137 142 149 144 139 145 151 155 154 155 153 155 152 149 141 137 137 140 138 126 129 138 138 133 129 132 136 130 130 140 145 134 126 132 145 150 146 150 148 144 140 142 136 127 130 130 134 140 137 135 138 141 147 145 146 142 139 140 144 148 140 142 150 156 155 156 156 147
255 255 255 255 255 255 255 255 255 255 255 156 156 153 151 149 152 152 145 145 152 150 147 144 141 138 136 144 153 144 141 150 147 148 150 151 151 155 151 140 127 137 146 147 144 138 142 140 138 147 141 141 145 133 118 124 140 141 139 131 131 138 141 135 129 141 143 141 132 129 136 144 154 154 151 148 140 128 135 137 146 152 137 141 149 149 143 137 143 157 163 162 147 129
255 255 255 255 255 255 255 255 255 255 255 255 146 148 150 149 154 157 155 155 153 145 137 134 139 138 138 143 141 137 147 151 149 156 156 154 153 149 139 134 132 138 141 138 139 140 142 134 140 157 147 139 137 132 121 126 141 149 148 136 133 139 135 113 106 123 136 133 124 133 150 160 153 147 147 144 140 133 142 144 151 155 144 153 153 142 145 146 148 159 162 154 143 134
255 255 255 255 255 255 255 255 255 255 255 255 151 155 153 153 156 162 160 153 147 144 140 135 138 136 136 139 137 139 146 147 150 158 157 156 149 143 136 142 147 141 135 129 135 140 144 142 149 158 149 142 136 138 134 133 138 145 143 132 131 138 130 104 92 108 128 124 115 130 140 143 139 149 156 142 141 142 144 148 153 158 152 149 141 139 151 155 148 149 146 145 144 137
255 255 255 255 255 255 255 255 255 255 255 255 162 162 158 153 151 154 153 147 156 161 155 146 142 140 141 140 139 141 141 148 157 160 154 146 136 137 141 143 143 140 133 128 126 129 138 145 150 154 156 155 143 145 145 138 137 144 142 136 133 136 138 124 106 111 127 129 128 138 134 122 130 143 142 139 144 141 138 148 154 152 150 148 132 134 143 136 130 130 132 133 131 132
255 255 255 255 255 255 255 255 255 255 255 255 255 151 149 152 149 146 143 147 160 164 159 153 150 150 149 141 141 144 142 143 148 148 142 134 135 140 141 139 136 136 132 134 133 128 130 133 148 158 160 160 145 142 154 156 140 137 140 135 133 137 135 120 111 121 136 139 132 137 141 130 138 141 133 147 148 140 133 141 143 133 135 141 131 128 134 130 132 134 136 134 135 138
255 255 255 255 255 255 255 255 255 255 255 255 255 152 152 152 150 147 142 147 151 153 155 151 150 152 149 146 150 147 140 133 132 132 128 127 139 146 149 141 128 131 134 136 134 128 128 138 155 158 155 155 144 144 154 157 142 133 136 134 135 137 136 124 132 137 141 141 127 128 143 139 133 130 134 148 144 141 132 133 132 126 127 138 147 143 144 149 150 148 143 137 143 142
255 255 255 255 255 255 255 255 255 255 255 255 255 255 152 150 153 155 150 147 145 149 152 150 146 144 145 152 152 143 137 136 138 129 123 125 137 146 153 148 135 136 140 136 135 134 137 145 150 149 150 149 143 152 160 156 145 135 136 141 149 146 141 144 152 143 143 148 142 133 139 138 136 133 147 154 144 139 134 138 144 147 144 139 136 134 143 152 145 139 135 131 139 144
255 255 255 255 255 255 255 255 255 255 255 255 255 255 151 146 150 156 155 154 149 150 151 155 152 144 148 152 139 136 138 136 136 137 136 128 135 148 151 154 148 138 139 138 135 136 143 145 137 141 149 148 149 160 157 148 147 147 146 146 153 144 136 151 156 144 143 145 148 141 137 139 146 155 163 158 143 144 150 154 153 157 151 132 119 114 130 134 124 126 133 140 140 139
255 255 255 255 255 255 255 255 255 255 255 255 255 255 255 142 140 146 152 151 149 152 154 155 151 151 156 153 141 139 140 139 135 142 147 135 134 145 150 149 134 121 132 143 139 139 143 142 131 132 141 151 155 150 143 134 138 148 147 136 143 140 139 142 140 146 148 141 145 148 146 151 154 162 164 151 143 155 166 169 163 163 159 146 127 92 90 97 121 143 152 161 161 150
255 255 255 255 255 255 255 255 255 255 255 255 255 255 255 142 138 143 146 141 146 149 146 143 144 149 148 148 148 147 146 141 134 135 136 128 125 134 142 139 130 128 138 144 140 141 140 136 134 131 138 154 154 137 136 135 140 149 149 144 152 149 144 136 136 150 154 150 160 161 155 153 164 170 167 156 161 167 164 162 157 155 158 159 139 87 63 75 118 150 159 163 163 147
255 255 255 255 255 255 255 255 255 255 255 255 255 255 255 145 144 149 149 148 150 148 137 131 137 143 147 153 152 151 149 145 133 126 130 131 128 130 131 131 132 136 135 136 133 133 129 129 132 131 136 145 145 137 147 146 143 144 154 163 162 149 145 140 137 145 145 149 160 160 155 150 166 168 160 163 170 165 164 158 157 164 165 158 142 94 65 82 119 149 158 166 164 145
255 255 255 255 255 255 255 255 255 255 255 255 255 255 255 255 147 149 150 151 151 145 137 136 141 149 155 153 147 143 144 147 142 141 140 142 143 136 133 136 138 135 128 131 141 140 125 126 130 130 132 135 136 138 146 146 144 144 161 166 155 143 139 133 125 130 145 157 160 159 154 146 160 167 166 168 170 166 171 164 159 171 171 161 148 98 69 92 127 147 152 159 158 151
255 255 255 255 255 255 255 255 255 255 255 255 255 255 255 255 158 155 148 148 146 142 140 143 146 148 145 137 133 135 143 143 137 143 149 149 142 133 139 145 142 138 132 137 149 140 127 132 135 143 147 145 142 142 141 141 144 145 158 160 154 149 136 129 127 134 149 164 169 163 155 147 154 161 167 165 168 166 168 165 160 163 159 154 142 102 85 111 142 146 140 140 143 149
255 255 255 255 255 255 255 255 255 255 255 255 255 255 255 255 255 156 152 154 150 147 144 141 141 140 134 132 137 141 143 144 141 146 151 147 139 133 140 138 131 137 135 143 148 136 132 142 140 151 159 155 148 144 136 128 128 139 152 158 154 153 142 130 130 141 148 159 171 168 166 160 157 159 161 158 163 165 163 166 167 164 158 155 133 107 107 120 135 145 145 141 136 142
