example/E5 - XRays/X-ray-tomography/rastert_juap13.txt
ncols         356
nrows         356
xllcorner     -0.5
yllcorner     -355.5
cellsize      1
NODATA_value  -9999
[rows 252 to 293 of 356, columns 94 to 187 of 356]
128 116 124 136 142 142 139 141 142 135 135 134 136 150 145 128 120 124 130 130 110 124 161 166 162 155 154 161 149 150 153 142 151 158 154 150 146 159 168 165 167 168 166 174 175 175 171 161 169 178 172 165 170 176 177 176 172 175 168 169 179 174 175 168 166 167 170 172 172 171 168 174 170 178 180 163 166 171 173 172 175 180 180 179 175 177 182 179 172 173 175 170 173 173
125 124 130 133 136 138 136 140 139 129 142 138 124 131 126 114 111 116 121 122 122 145 163 156 160 155 155 165 155 155 147 135 141 144 146 141 139 147 164 167 167 173 173 177 170 165 165 166 170 179 176 176 185 179 181 178 167 168 171 178 180 176 180 174 175 170 169 164 168 175 170 178 168 175 178 175 177 170 175 179 178 183 187 184 185 178 172 180 177 169 170 169 169 165
123 132 135 133 133 146 149 147 147 133 131 134 129 136 130 126 130 130 132 133 142 162 157 152 165 164 157 159 156 152 137 130 125 130 147 139 138 144 169 176 164 159 169 171 162 159 165 176 178 180 177 177 175 170 175 175 166 171 176 182 176 171 179 173 174 176 174 170 174 176 174 174 170 174 170 164 174 172 179 181 176 183 176 173 188 178 169 180 185 174 177 175 164 153
142 147 143 141 138 143 149 144 147 143 140 144 140 137 130 133 137 134 139 146 153 165 162 163 170 167 164 154 148 148 139 144 133 131 148 149 156 162 175 176 165 159 164 167 162 157 157 154 165 180 181 175 176 174 174 172 173 179 171 176 174 173 180 174 177 177 181 174 171 172 179 169 165 167 166 167 182 180 178 174 167 176 171 171 179 172 174 169 172 167 165 164 164 150
152 153 141 134 133 132 144 142 144 142 138 146 136 127 127 131 135 135 137 139 151 165 164 162 162 161 161 161 157 153 132 135 136 133 150 164 160 156 156 162 162 166 174 169 157 148 143 147 158 168 170 167 170 169 170 169 166 162 160 166 171 173 167 173 177 164 178 175 167 169 170 168 168 174 181 175 179 175 170 176 170 168 175 176 177 177 175 163 165 164 153 158 164 146
149 148 137 127 135 141 146 147 146 141 136 143 126 119 137 145 143 140 151 154 161 166 162 160 158 162 166 166 158 145 123 125 136 147 154 151 147 153 158 169 166 170 174 167 159 141 136 155 161 172 180 174 166 175 175 169 161 156 168 169 170 159 152 167 172 167 174 170 166 169 169 171 169 167 177 177 174 184 181 177 173 166 175 172 176 177 162 162 160 162 160 163 157 123
153 149 143 135 132 138 148 149 144 143 147 145 120 110 133 150 147 133 145 157 159 158 153 158 164 162 155 153 150 144 129 130 134 133 132 140 149 156 162 170 172 177 174 163 160 145 150 168 168 171 176 173 167 175 179 168 166 162 162 166 169 166 166 170 167 167 172 171 164 166 168 164 161 164 162 167 176 190 181 174 173 169 171 164 170 161 150 161 153 149 152 156 144 94
148 139 138 139 134 142 151 139 125 121 140 146 130 119 131 141 139 129 138 154 153 150 150 158 164 156 148 143 142 141 124 124 127 112 112 139 151 154 163 166 163 174 177 170 163 152 161 169 168 168 170 172 165 163 168 166 165 169 168 170 166 171 170 171 168 170 170 170 168 173 168 165 163 170 168 160 164 174 172 173 168 168 173 167 166 164 155 151 146 136 140 149 141 102
132 137 137 138 140 142 140 140 123 95 120 144 132 126 131 133 139 141 148 152 147 151 149 145 151 149 149 148 138 129 129 131 127 117 115 132 134 149 158 168 167 174 174 169 168 164 163 165 165 170 169 171 170 171 172 169 163 171 176 179 170 172 168 168 169 161 159 166 168 169 172 179 174 172 166 169 167 171 177 178 169 167 168 163 158 160 163 155 146 121 118 136 143 132
132 139 140 145 148 147 142 140 130 95 109 141 142 141 135 134 138 138 148 146 137 142 147 140 147 146 147 152 150 144 143 138 128 117 124 136 135 151 150 165 173 174 166 161 169 173 159 160 174 173 168 171 168 163 165 164 168 170 170 174 169 178 171 165 169 168 164 169 176 169 169 173 167 169 166 179 169 159 166 161 164 172 171 161 153 156 154 145 134 105 109 134 140 139
140 148 157 158 153 152 143 134 138 118 113 141 160 156 133 130 143 157 162 150 132 130 145 151 151 147 157 164 164 165 159 146 134 119 131 134 134 149 151 164 166 163 167 170 169 169 156 156 176 171 166 167 167 167 171 166 170 171 167 166 168 175 173 169 167 174 164 169 174 165 167 172 178 175 171 177 167 165 166 157 162 165 161 159 151 151 138 116 99 93 123 149 145 146
136 151 160 159 152 145 139 140 141 123 117 144 164 164 140 134 160 166 155 154 149 142 145 145 145 145 158 167 164 166 160 145 131 122 135 142 145 143 144 155 162 164 167 168 162 164 166 164 169 166 168 169 174 178 177 175 181 177 166 174 173 166 170 168 163 172 167 168 169 172 173 169 179 176 174 176 171 176 170 157 156 152 152 159 151 126 101 87 80 88 127 148 148 146
135 149 157 157 150 129 129 143 138 118 128 150 153 153 141 143 156 160 157 156 154 148 147 141 148 157 163 173 165 156 153 145 134 124 135 140 139 125 123 144 161 159 156 151 152 163 168 162 166 167 171 169 173 174 169 172 172 170 165 174 177 161 161 167 166 159 156 169 170 170 176 165 166 168 172 178 171 172 168 160 159 153 146 149 140 103 74 71 79 91 125 145 155 154
137 149 157 157 144 132 141 145 136 125 135 149 152 147 140 137 131 145 157 153 150 155 153 151 156 167 176 177 168 160 160 145 142 134 133 124 126 123 127 147 156 151 148 140 146 162 160 160 166 170 175 167 174 174 168 174 168 170 170 170 172 168 165 169 173 165 162 167 167 173 178 168 171 174 171 175 171 178 172 151 148 146 138 139 127 90 61 59 81 106 134 155 165 158
139 143 152 151 141 144 156 155 155 149 138 139 141 142 139 130 131 144 152 147 154 163 153 147 151 163 174 170 165 166 155 136 143 141 136 132 139 142 144 146 156 163 145 119 124 153 159 166 165 162 168 166 174 175 164 168 172 177 172 169 162 164 162 165 174 173 170 165 162 168 170 168 169 165 160 161 164 168 150 125 134 137 129 129 112 82 77 78 97 123 148 167 166 161
140 141 148 147 143 141 151 159 162 155 145 144 134 138 144 137 141 140 148 153 157 160 156 150 153 156 163 166 168 166 158 142 137 139 139 141 141 144 145 139 149 151 139 128 128 144 153 170 171 164 168 167 168 176 170 167 168 179 172 166 164 168 170 164 168 167 161 161 156 154 155 151 143 135 146 153 151 155 141 121 125 128 114 114 111 93 87 83 112 135 151 164 156 163
144 147 151 149 143 143 142 149 161 151 141 150 140 142 145 139 142 140 142 152 150 146 150 148 137 141 159 164 163 157 149 144 140 135 136 140 139 145 139 129 141 143 149 153 144 142 145 157 162 166 170 169 174 178 179 176 174 182 175 173 173 166 177 166 155 165 162 158 145 140 141 146 122 101 129 142 143 144 138 131 133 135 121 121 131 121 90 73 113 137 156 164 149 156
140 138 143 143 141 149 146 149 150 142 143 154 149 142 143 147 152 148 144 150 139 138 147 144 124 119 146 152 148 147 142 141 133 122 128 136 141 144 129 126 143 152 156 159 151 133 140 158 164 171 171 170 171 167 178 181 179 178 178 179 170 162 171 163 160 169 173 162 138 127 137 154 125 102 128 136 145 150 146 149 148 142 128 123 138 140 102 80 119 147 159 170 153 157
139 140 151 148 148 155 148 145 137 138 147 154 151 139 141 149 152 150 141 144 140 138 148 146 133 131 150 148 141 142 143 139 126 125 140 138 140 138 131 132 140 156 155 149 147 122 122 150 159 160 166 169 169 168 175 182 177 168 172 180 165 167 164 158 172 176 176 166 148 129 137 157 140 119 127 140 157 158 150 153 150 148 135 120 138 150 123 108 129 151 164 166 158 164
153 159 166 154 150 151 146 148 147 143 140 146 149 134 135 151 151 144 135 137 139 138 150 151 143 149 156 143 131 134 135 131 132 146 149 133 132 134 139 133 137 160 155 146 153 132 109 135 160 166 170 174 172 175 180 173 168 165 167 178 171 175 167 167 176 170 162 166 158 138 136 151 149 128 121 141 156 151 139 137 138 136 124 120 136 144 136 131 130 135 158 159 153 157
156 153 155 149 151 151 149 149 152 141 131 138 143 131 134 156 151 137 140 143 147 138 142 145 139 140 143 140 135 133 131 136 147 155 152 144 140 135 139 141 147 160 146 142 159 150 122 126 159 168 164 168 163 166 177 176 175 173 171 178 176 174 168 167 170 172 167 160 158 147 146 150 149 135 132 148 150 137 129 124 116 112 123 140 144 154 154 152 146 131 146 157 150 149
164 151 148 155 159 152 145 135 137 135 128 135 134 135 147 154 145 136 139 143 149 144 147 150 149 138 135 141 137 137 135 133 148 158 161 154 150 141 142 149 148 163 154 153 157 147 130 118 146 168 167 164 166 171 180 178 172 171 173 179 176 174 169 163 163 176 170 149 146 141 147 148 149 144 143 152 152 147 142 121 105 107 132 153 151 160 162 164 160 145 148 160 154 153
155 144 143 156 155 146 141 132 139 143 143 138 121 131 152 150 142 139 137 130 142 151 153 151 142 120 128 144 143 144 138 140 153 151 150 139 136 136 148 142 132 156 158 160 157 149 143 125 130 161 173 168 168 173 176 183 176 169 172 177 173 166 165 169 165 168 158 140 133 130 141 142 148 151 147 153 152 151 133 101 101 112 134 151 153 152 155 163 163 155 160 159 150 154
155 156 158 162 149 139 141 137 141 142 142 134 125 136 142 139 135 142 145 133 141 148 148 145 134 115 124 135 140 141 140 154 155 152 149 130 114 105 130 139 138 152 151 158 158 155 148 132 126 148 166 165 169 170 166 178 178 169 170 175 170 159 167 177 170 163 161 151 121 110 126 135 149 154 141 146 149 142 125 97 90 95 125 142 150 156 155 166 160 159 168 157 148 147
160 162 162 161 142 137 137 129 134 142 136 133 142 144 137 140 138 141 149 141 137 135 139 143 134 121 120 117 127 134 145 151 146 150 145 123 89 65 94 128 143 156 156 156 151 146 141 139 134 138 151 154 165 171 168 174 178 172 171 170 171 172 174 168 157 148 151 144 121 128 142 142 150 152 140 142 142 138 124 89 74 82 121 147 154 162 155 155 151 153 158 153 149 145
166 160 161 156 134 131 128 131 137 140 140 146 152 147 145 153 142 129 144 150 146 138 135 149 139 123 118 118 135 147 155 155 153 150 142 132 101 77 95 126 139 151 140 135 142 144 140 137 141 133 131 147 165 169 171 175 172 171 176 169 170 175 169 163 160 150 148 139 135 150 152 153 160 155 143 142 139 137 113 72 68 81 115 148 154 158 153 148 150 148 152 149 145 138
161 160 164 152 139 140 141 150 148 144 151 156 154 149 147 141 119 114 139 148 142 132 128 144 133 123 132 130 139 148 146 148 147 144 145 147 136 129 137 146 140 140 129 125 134 145 143 138 145 137 115 125 163 167 166 167 163 165 170 171 170 165 162 163 157 141 140 131 139 157 156 164 169 157 149 146 139 142 124 91 84 86 109 141 150 155 151 153 159 159 160 152 148 147
160 158 157 142 145 145 149 157 153 147 148 153 157 160 154 142 120 115 128 136 143 138 126 130 123 115 126 131 137 138 138 147 144 141 145 144 149 157 155 146 139 147 147 136 139 148 138 133 137 140 118 114 151 161 163 168 167 176 169 166 164 165 165 161 147 116 111 119 139 156 155 152 153 155 155 153 142 140 132 123 112 86 97 134 154 161 153 159 164 162 163 154 151 152
160 151 151 149 153 144 147 153 153 150 150 154 159 168 165 154 129 121 127 140 149 147 135 128 116 117 130 125 128 136 140 152 144 145 155 139 131 138 140 133 132 139 142 138 146 147 137 132 135 144 135 121 142 157 160 170 166 169 156 157 163 161 150 141 120 88 91 123 150 154 160 158 150 145 150 151 141 138 131 129 110 79 89 120 145 154 152 164 166 160 160 149 147 139
156 151 157 160 152 139 139 142 149 148 149 158 161 167 167 158 148 148 146 143 144 151 147 135 117 119 126 110 115 129 139 146 140 147 149 137 119 115 134 139 127 117 131 147 151 143 145 143 142 149 154 135 136 154 158 166 169 158 148 160 165 158 138 118 95 84 98 126 144 148 160 166 157 148 155 144 136 135 130 130 115 93 104 127 142 154 159 170 177 166 155 137 141 139
160 165 166 155 141 134 136 141 145 139 138 149 156 166 166 160 158 149 139 145 156 162 156 137 126 131 120 93 106 133 150 160 160 156 147 152 124 94 116 136 126 109 119 148 155 144 141 141 142 149 160 152 141 144 149 161 171 159 154 160 157 142 127 123 119 122 132 137 140 150 156 159 155 155 159 143 136 134 126 128 128 115 118 132 142 151 153 157 159 158 147 127 134 139
163 168 161 157 146 138 136 127 135 135 128 136 151 163 158 159 165 152 131 142 165 165 153 137 137 141 121 97 117 151 158 159 162 161 161 155 113 84 110 132 133 127 127 143 142 136 135 141 142 143 144 149 147 145 148 152 159 158 153 150 142 120 115 131 142 142 138 138 151 155 146 156 153 154 155 142 143 144 131 129 134 126 122 122 136 152 151 157 152 148 137 125 129 131
162 156 157 158 150 143 141 138 142 133 127 138 156 169 162 165 175 167 140 135 151 150 149 150 151 157 134 105 119 157 160 153 157 161 163 146 111 88 111 127 145 152 144 147 142 137 134 138 140 137 138 151 153 153 154 149 146 148 142 130 122 115 118 135 150 149 143 144 156 155 146 157 156 151 152 143 142 145 137 134 134 125 119 122 142 156 154 154 150 147 136 123 114 114
159 158 163 157 152 157 155 153 146 129 133 149 166 175 166 170 175 167 153 140 140 145 153 158 158 159 135 104 114 140 143 146 156 162 163 151 118 90 99 113 140 153 148 148 139 132 127 130 141 142 143 154 162 163 162 154 145 142 139 122 105 99 114 139 156 155 151 144 151 155 148 152 154 150 152 140 136 144 145 142 132 122 124 134 147 154 154 154 149 153 148 121 82 77
158 161 164 157 155 160 157 160 155 142 153 158 163 166 164 173 167 162 163 148 138 146 156 158 158 162 150 131 125 126 126 139 154 155 156 156 130 109 103 107 130 146 146 139 133 138 132 137 150 149 143 155 165 165 160 152 146 143 142 130 113 111 126 137 148 151 152 144 148 153 146 143 146 146 148 138 140 149 153 149 142 133 134 145 154 154 154 157 154 154 156 130 80 58
156 153 151 158 164 163 160 168 165 153 153 157 166 165 163 172 167 163 162 144 139 145 154 161 161 164 156 151 138 120 102 110 146 157 153 161 150 140 130 118 129 145 143 136 139 149 144 140 141 138 134 152 162 168 158 146 143 141 135 123 126 138 139 136 140 141 144 148 151 148 144 138 143 148 149 151 145 142 146 146 145 140 144 153 159 165 162 154 152 150 154 144 104 67
143 141 148 164 169 158 155 167 165 156 149 154 165 163 161 168 165 150 136 129 142 150 152 157 162 162 155 155 139 115 101 119 154 165 160 166 160 151 147 127 125 138 137 137 142 155 155 143 142 144 144 158 158 169 162 149 140 139 134 113 120 141 138 136 140 143 147 150 142 140 148 147 142 149 152 151 140 139 141 135 130 140 149 155 163 174 174 159 157 157 155 151 131 102
136 138 153 161 162 158 162 169 161 161 158 159 165 167 169 167 154 130 117 127 144 149 146 149 161 162 155 154 147 135 134 156 164 160 165 175 164 157 155 142 128 125 132 138 142 154 156 155 155 151 157 164 161 170 163 152 135 133 132 114 111 128 133 137 137 138 145 140 135 140 146 148 140 142 149 144 137 147 143 127 122 142 156 164 167 167 170 159 153 160 158 153 149 140
136 140 152 153 163 168 162 159 163 172 160 156 163 170 167 162 145 129 134 148 155 151 141 142 151 150 150 151 150 146 150 156 155 155 167 171 154 146 150 152 146 139 141 143 142 144 148 156 158 149 157 167 160 167 168 155 135 128 124 120 121 121 124 139 144 147 149 142 142 143 147 145 135 138 145 141 144 149 135 125 122 136 147 158 163 153 159 158 152 161 159 155 149 144
154 152 156 160 165 169 164 166 173 168 158 159 160 166 158 149 130 128 148 155 153 142 139 147 148 151 152 145 140 140 143 137 144 154 165 165 153 142 140 147 158 153 149 153 143 132 148 164 161 149 151 157 155 161 162 148 134 128 129 138 141 133 131 137 146 153 142 139 142 143 149 148 133 138 145 145 152 150 133 128 121 123 135 151 162 156 155 157 153 161 163 155 141 136
155 161 167 162 164 173 169 166 161 158 162 160 152 156 149 140 137 147 162 160 154 146 146 149 150 153 149 145 135 130 133 135 142 148 157 155 138 121 126 140 160 160 155 161 143 136 152 161 158 152 147 150 156 161 155 140 131 123 129 134 135 142 147 146 152 153 142 140 140 147 154 149 133 136 141 141 146 144 133 126 113 118 133 139 152 148 145 150 146 146 145 139 117 114
169 170 168 162 169 175 164 162 162 160 161 156 152 158 146 143 156 161 161 162 151 150 149 134 134 146 147 152 147 135 132 137 139 145 144 135 123 117 130 145 165 166 159 162 150 141 151 160 158 153 144 148 156 160 153 141 130 117 111 98 106 130 146 152 153 149 142 145 144 150 154 146 144 146 143 132 124 128 130 118 101 110 129 129 128 119 129 135 130 131 133 128 104 109
