example/E5 - XRays/X-ray-tomography/rastert_juap53.txt
ncols         356
nrows         356
xllcorner     -0.5
yllcorner     -355.5
cellsize      1
NODATA_value  -9999
[rows 168 to 209 of 356, columns 94 to 187 of 356]
158 159 164 158 146 144 133 134 143 139 137 140 133 120 120 124 131 135 144 146 155 156 135 131 141 148 138 126 127 134 134 142 138 140 141 139 131 127 129 127 138 137 138 152 142 143 150 143 144 149 151 147 158 164 172 177 165 161 162 171 163 166 174 168 172 183 172 164 173 175 184 181 166 176 178 166 170 167 162 163 161 147 151 155 156 159 164 166 158 160 153 145 142 135
159 152 156 156 138 147 145 146 153 147 144 150 133 119 121 123 136 148 144 137 154 159 142 141 144 152 144 137 134 129 134 136 126 134 142 139 116 113 125 127 139 142 147 153 152 154 150 143 149 158 152 157 174 167 163 166 166 168 172 170 161 166 169 160 159 176 168 164 175 176 175 173 171 173 165 164 171 163 170 168 168 163 163 161 157 157 165 161 153 147 141 149 148 140
151 147 146 146 136 147 154 154 146 142 150 156 131 114 124 131 137 148 143 137 143 141 136 141 146 153 141 136 133 136 143 131 134 138 133 137 129 128 132 134 139 145 153 151 155 154 150 155 150 150 146 155 172 165 161 166 169 165 168 166 157 163 160 168 162 170 180 171 174 172 166 168 171 169 168 156 162 168 170 165 161 165 171 167 157 152 172 171 160 142 138 148 150 145
155 152 149 143 141 146 150 148 149 155 157 162 146 123 136 143 137 139 148 147 142 133 121 127 142 145 141 146 143 149 153 136 139 143 143 140 138 137 134 134 141 152 158 157 161 154 148 162 160 158 157 153 153 154 166 175 166 157 164 167 162 169 168 172 172 174 175 175 176 174 172 164 161 163 168 160 165 167 163 161 156 162 176 164 165 163 166 165 163 155 151 156 159 144
161 160 151 144 144 145 143 146 157 161 151 152 143 131 143 148 139 132 147 143 140 151 142 134 138 143 152 154 149 153 158 148 148 156 160 143 143 137 131 136 155 167 161 154 157 158 151 155 160 162 150 146 156 163 164 166 161 168 170 167 171 169 175 174 175 178 171 176 171 168 178 172 166 172 171 162 158 158 152 159 165 163 169 160 170 169 158 161 160 147 147 155 157 151
166 153 145 139 135 140 141 145 161 164 156 157 148 149 155 154 148 136 146 149 151 166 158 136 121 137 152 147 153 153 161 164 163 162 154 142 153 147 130 142 163 169 163 157 153 163 160 150 146 146 145 147 163 161 154 151 164 180 166 156 161 161 165 167 166 171 174 178 172 168 171 170 166 174 171 167 161 159 148 156 170 164 161 156 162 161 151 150 150 137 139 149 152 158
155 146 151 149 131 129 131 137 155 156 147 155 158 159 157 152 149 138 145 156 165 183 173 155 139 130 134 138 152 148 145 150 158 159 147 139 151 148 137 149 161 167 160 163 165 169 165 153 147 145 154 156 154 155 156 155 168 177 162 167 171 164 165 170 181 183 185 172 165 165 167 175 174 174 169 176 179 165 158 165 165 164 171 161 158 154 149 142 148 144 149 164 161 152
137 136 136 149 138 127 134 142 155 154 149 154 145 147 158 159 158 151 151 159 169 177 166 156 146 134 132 138 138 135 134 143 158 162 155 151 155 151 143 145 163 166 156 169 176 171 160 149 149 156 160 157 149 160 158 161 162 155 164 181 181 172 176 180 186 175 177 175 167 162 165 174 178 177 170 176 182 172 167 166 165 159 168 172 164 150 147 149 161 153 154 153 155 142
155 143 131 138 139 136 141 141 142 144 150 154 141 138 151 156 151 150 153 163 162 156 151 157 154 146 134 139 139 137 138 145 154 152 154 150 141 139 143 141 148 156 160 164 170 168 161 151 138 143 159 166 152 157 154 161 161 150 166 173 166 168 174 175 176 165 165 177 171 160 159 171 175 177 175 176 177 170 165 163 172 159 156 165 168 158 148 151 161 154 158 158 146 116
162 150 142 142 134 129 136 141 138 138 142 153 135 130 146 149 142 143 143 156 158 144 143 157 158 158 149 139 139 145 151 149 150 142 138 136 130 126 141 147 146 148 153 148 153 163 167 164 148 135 147 155 147 155 154 152 160 155 161 172 170 178 174 166 169 173 170 165 168 165 160 168 172 175 176 177 174 172 173 167 165 156 160 173 172 163 160 154 140 142 156 160 158 141
152 141 138 138 130 114 122 142 139 139 148 151 130 135 143 136 134 136 131 135 145 149 146 153 155 153 146 138 140 143 144 144 151 150 142 140 136 137 143 138 148 153 144 142 150 147 152 162 156 146 139 134 138 144 151 157 164 150 148 164 167 175 168 180 176 172 176 173 169 167 173 169 173 176 171 169 170 171 175 172 166 164 167 168 158 154 151 153 133 143 156 145 148 153
145 128 136 136 136 128 131 147 140 147 156 139 128 131 135 133 137 144 142 142 139 148 142 143 145 135 131 137 143 141 138 141 143 139 133 144 137 134 147 142 139 139 130 139 150 147 152 150 138 142 130 134 150 145 141 153 161 150 156 161 160 172 162 176 169 164 172 172 166 169 170 158 166 171 177 171 164 171 171 165 165 174 171 171 159 157 147 150 146 153 151 138 146 158
143 127 133 139 133 126 137 155 142 141 154 144 138 132 126 133 140 140 138 152 144 141 143 140 136 141 140 133 141 149 141 146 137 131 127 135 136 128 131 133 129 125 126 134 142 142 141 144 143 140 141 145 153 152 131 138 153 152 172 177 164 166 165 172 169 175 172 161 162 170 169 169 171 169 168 164 168 173 164 160 164 169 162 169 163 162 160 158 160 156 142 143 156 155
138 126 118 125 126 127 137 150 136 130 139 142 152 139 122 133 142 133 123 136 137 132 141 146 141 132 135 139 143 141 134 137 144 143 132 131 141 136 128 130 126 126 127 128 140 147 140 146 150 141 148 126 133 149 139 144 151 145 160 166 161 159 160 168 171 180 178 166 167 165 168 173 171 171 167 164 168 169 169 168 170 171 161 162 151 151 157 160 147 139 130 139 143 131
143 136 127 129 129 131 130 121 121 136 141 135 147 143 141 150 158 152 147 137 139 135 143 147 143 137 138 147 151 142 141 132 143 144 127 125 139 140 137 136 135 129 117 114 129 140 133 146 147 131 137 122 127 130 139 146 142 141 145 148 157 160 159 163 166 167 171 169 166 165 168 159 158 167 174 167 171 178 179 169 170 175 171 166 149 152 157 160 154 153 150 142 127 99
144 140 136 138 135 122 131 131 123 128 132 135 132 135 151 148 155 158 152 137 144 133 137 138 143 151 144 151 153 144 140 137 146 137 120 116 125 134 137 125 122 115 115 122 130 138 119 126 143 133 132 127 129 133 142 148 134 129 138 144 159 155 159 164 162 163 161 164 165 163 171 164 164 174 169 171 176 175 171 165 173 170 160 153 154 161 159 150 154 151 146 145 136 104
140 132 137 139 134 127 137 143 121 102 98 108 112 125 139 138 146 152 146 140 143 128 136 141 132 137 136 146 149 139 130 125 140 142 129 115 112 123 131 133 129 123 129 135 137 140 129 127 132 136 140 136 141 142 138 148 135 126 142 141 153 148 151 156 152 164 164 163 164 161 172 169 170 166 158 173 181 163 168 174 171 165 161 151 155 152 147 141 148 138 132 151 154 134
130 132 150 142 132 132 131 133 127 104 85 85 87 102 119 144 148 144 144 145 140 131 140 144 125 135 140 142 143 144 134 120 135 138 132 125 128 138 139 142 129 136 137 138 153 142 131 128 119 126 130 138 144 135 134 146 142 124 127 132 141 132 128 154 159 158 159 160 157 156 160 163 171 165 165 178 183 166 165 165 156 162 170 160 151 143 130 125 140 122 110 140 153 142
132 132 150 140 125 130 135 127 116 96 79 74 71 87 107 135 140 141 134 132 124 124 132 140 130 135 140 140 137 147 149 144 150 146 145 145 147 140 135 136 129 143 148 139 150 136 121 122 116 126 128 131 130 136 136 135 140 130 122 129 134 130 113 142 149 138 148 156 148 147 155 166 175 173 169 178 172 169 170 170 161 163 160 147 145 141 117 121 144 128 118 127 136 133
138 130 135 138 129 137 138 122 111 104 88 87 102 102 103 123 130 139 122 121 117 115 127 142 139 140 142 139 138 147 156 161 157 159 149 134 137 128 125 130 131 133 145 140 142 143 138 133 130 140 138 125 121 137 133 130 133 137 127 126 125 138 123 121 134 136 146 141 120 136 154 160 158 166 171 174 166 166 164 173 173 171 154 147 145 125 108 131 145 137 121 101 108 120
131 137 135 138 136 138 140 125 117 131 122 110 113 107 106 129 133 132 117 116 115 110 124 137 145 147 145 142 153 160 159 171 168 164 152 122 109 128 137 132 129 126 139 146 145 147 139 136 140 142 137 125 131 138 135 135 132 146 138 127 130 143 140 124 126 130 138 138 122 130 146 159 166 168 165 164 163 163 162 172 169 164 154 158 150 115 120 143 147 132 106 74 81 98
127 135 132 132 124 122 134 134 131 138 138 131 101 103 119 126 126 128 123 122 132 111 115 125 138 144 141 150 171 170 158 160 170 171 164 142 113 129 142 129 131 139 145 134 129 129 133 139 139 136 134 134 141 144 143 136 128 145 146 134 138 136 127 113 122 127 121 128 137 142 150 165 168 150 153 157 160 162 165 162 161 161 147 147 137 111 118 131 134 104 84 71 84 112
130 128 129 133 128 123 127 136 140 139 137 133 106 109 119 114 123 136 139 135 143 119 111 121 127 139 146 154 169 172 163 159 165 170 163 155 144 141 148 135 126 134 141 122 120 122 131 142 139 138 139 149 142 145 146 139 135 135 132 135 135 130 127 115 125 132 128 127 142 156 159 157 149 139 155 159 159 153 144 131 134 145 128 122 134 130 118 118 109 86 94 105 120 146
135 135 124 126 140 132 120 135 147 152 145 135 125 123 122 117 119 129 141 144 143 129 122 126 129 137 156 162 162 174 170 170 162 163 161 161 165 153 145 144 139 125 129 130 132 128 134 146 150 140 146 152 136 134 134 139 145 130 136 148 134 131 134 134 140 141 139 131 140 161 158 145 140 142 145 139 142 129 105 99 119 140 123 122 134 132 123 124 114 105 118 123 141 160
141 148 121 120 146 141 135 148 150 145 139 133 124 125 126 124 123 122 125 138 142 136 130 133 142 137 153 167 160 167 164 168 164 159 155 158 162 155 142 134 136 130 137 133 135 131 141 149 148 143 144 144 140 141 120 126 141 134 142 144 134 138 135 141 141 143 152 145 148 161 161 159 153 147 138 128 129 121 121 128 139 148 128 129 136 136 125 115 109 107 124 135 155 161
136 151 147 148 155 145 147 145 139 141 139 138 122 115 114 120 131 134 132 139 142 138 125 131 139 138 142 152 153 163 163 162 161 159 157 163 160 153 144 135 124 126 146 141 138 139 144 159 156 150 136 136 142 152 137 129 135 136 143 144 141 137 134 138 141 140 149 147 155 163 164 166 162 158 150 153 139 122 131 131 130 142 131 121 127 136 129 110 108 119 129 126 148 167
140 148 158 151 143 134 133 132 135 145 139 131 121 119 115 118 136 143 147 156 144 151 137 136 133 133 139 151 154 162 167 154 150 155 152 150 148 149 145 138 128 130 146 140 148 153 151 161 151 146 142 138 134 143 146 141 138 135 133 143 148 136 140 133 130 132 130 132 155 160 158 158 160 163 159 162 145 128 118 117 134 144 138 132 129 135 150 140 121 132 133 123 134 163
141 134 145 147 147 136 133 136 139 141 139 138 133 128 133 129 134 139 138 150 148 151 147 146 141 136 141 160 164 163 169 163 156 155 157 153 154 148 147 146 135 149 157 145 150 153 153 160 151 153 147 135 131 135 146 156 150 133 130 143 135 129 143 141 138 137 128 136 149 141 156 165 169 171 162 162 155 150 135 131 151 151 144 145 137 137 160 154 126 134 142 136 131 152
152 142 140 146 155 134 131 136 138 149 142 138 137 130 130 123 128 140 140 140 139 139 142 143 131 134 142 156 163 158 158 168 160 149 155 160 164 155 157 143 124 143 151 149 154 149 149 158 161 159 144 131 132 133 148 156 140 122 134 154 149 147 148 153 155 155 141 137 131 132 155 150 156 166 156 153 150 153 154 142 137 138 133 125 131 144 155 154 144 140 142 125 124 148
159 152 147 152 153 132 130 135 137 151 154 145 142 141 134 122 134 149 150 139 134 133 130 133 136 143 144 147 146 153 153 160 147 144 156 153 149 142 150 137 120 133 143 152 152 143 150 165 158 148 149 149 151 141 140 141 133 127 151 159 159 157 153 168 168 156 146 147 137 130 142 153 153 152 146 155 160 160 160 152 148 146 142 139 140 159 153 152 157 147 145 128 128 142
152 153 156 160 153 140 135 132 132 134 147 148 144 152 146 129 134 140 140 144 148 140 123 132 148 145 138 146 143 148 151 152 141 146 154 148 140 128 130 141 124 117 144 149 145 145 151 165 157 145 152 149 135 131 136 142 153 144 162 168 167 162 159 172 171 161 156 156 152 135 132 158 158 147 149 164 169 158 158 157 159 158 144 138 133 149 151 152 141 129 141 137 150 154
157 149 145 150 151 144 134 132 142 139 132 125 130 142 144 128 124 134 139 145 147 151 137 139 145 131 128 142 151 150 143 143 155 153 146 143 141 134 127 130 125 116 137 143 148 158 158 154 152 156 155 131 115 144 159 156 172 169 174 172 174 177 168 170 165 159 156 146 143 146 153 164 164 159 163 166 163 147 145 148 154 156 143 134 130 136 135 126 117 123 138 143 154 145
160 158 149 146 147 145 140 133 141 137 116 102 120 136 133 128 117 120 133 141 140 152 150 138 138 138 134 141 149 148 145 144 146 134 132 132 134 144 142 132 144 135 130 131 143 156 149 137 137 144 146 134 122 141 164 163 168 171 173 172 177 180 170 172 171 162 156 155 148 148 159 155 155 157 155 152 151 135 129 125 141 153 144 140 130 125 118 116 128 135 139 145 148 138
165 157 152 163 160 157 148 140 140 131 123 122 135 148 139 141 135 141 147 151 155 156 148 142 141 148 148 149 145 136 144 145 136 136 134 127 125 134 142 132 136 126 125 124 132 144 143 144 137 129 129 123 115 129 160 169 171 171 173 174 181 182 171 173 172 169 157 140 137 138 149 151 157 160 163 161 154 138 146 128 128 146 145 138 133 135 132 134 136 143 152 160 163 151
155 138 139 154 150 146 138 141 142 140 139 133 130 140 138 143 139 148 157 158 150 142 146 153 146 144 146 147 143 126 131 139 137 148 136 139 142 135 140 134 134 133 130 122 123 134 136 145 136 123 124 120 129 143 151 164 174 172 175 171 178 185 176 171 167 165 158 138 140 144 152 155 159 160 168 174 169 157 167 158 151 151 148 140 144 145 140 148 142 145 145 159 169 163
155 148 154 152 146 152 150 150 141 140 144 135 132 134 131 143 146 137 139 148 133 128 146 151 146 138 139 143 139 126 135 146 141 149 141 138 133 138 150 145 144 144 142 135 130 124 126 136 135 127 118 129 136 140 152 166 173 171 175 175 182 188 179 167 171 170 152 142 141 144 150 144 156 163 156 163 168 161 168 173 165 157 152 147 147 144 138 142 141 138 144 157 160 166
152 145 150 153 143 150 150 143 127 124 138 133 129 135 127 132 148 140 140 144 131 132 147 150 142 134 141 142 143 134 135 135 133 144 143 139 140 153 161 146 138 130 135 141 131 123 130 140 146 145 132 139 132 135 150 162 173 178 173 175 180 180 181 171 174 174 157 150 147 146 144 132 155 172 157 160 164 162 174 175 158 153 150 148 149 151 144 141 150 141 149 156 155 167
142 144 145 148 141 148 153 142 132 133 139 133 129 136 128 127 142 139 130 123 125 141 143 135 134 142 138 127 135 137 131 123 130 138 137 148 156 155 162 158 141 129 130 121 115 128 136 145 154 151 153 156 145 144 152 169 180 183 175 181 181 169 171 172 172 170 168 163 161 156 156 140 145 166 166 166 167 169 180 173 153 159 155 148 155 154 151 150 153 145 153 157 156 167
145 140 140 145 139 142 156 153 144 146 143 139 132 132 142 151 141 143 141 134 135 143 134 112 122 135 126 128 146 142 139 134 143 142 143 157 155 152 153 154 140 122 112 105 118 136 141 147 156 161 164 166 162 157 165 183 185 183 174 175 182 174 176 173 172 175 172 160 155 147 151 147 151 154 157 162 161 164 171 162 151 160 154 146 139 134 137 137 143 151 149 149 158 163
160 143 135 138 131 140 150 147 145 139 129 128 121 124 136 141 135 153 170 156 138 135 132 125 129 127 121 131 144 133 133 131 129 136 143 160 159 172 165 147 142 132 116 124 145 145 150 157 157 168 159 161 172 161 169 179 172 174 177 182 182 175 180 177 181 186 170 161 159 141 146 150 161 158 165 168 162 159 162 155 159 162 149 138 132 135 135 133 139 153 152 159 163 161
156 143 138 142 139 146 143 134 141 140 121 110 110 129 136 133 137 152 164 149 129 128 130 127 113 123 127 121 138 138 135 137 140 156 152 163 171 170 163 155 144 136 123 133 138 138 151 146 139 150 146 157 165 158 171 175 168 181 187 188 174 169 177 176 171 178 168 158 154 138 153 159 155 156 160 157 165 156 156 162 160 161 151 142 144 151 146 150 150 147 154 173 168 165
141 143 142 139 142 150 145 139 140 133 118 103 113 133 138 134 134 144 144 133 132 139 133 116 105 123 118 103 134 151 145 138 139 160 165 168 171 169 168 160 145 146 146 154 143 143 143 130 130 145 156 169 162 158 170 172 174 176 174 175 171 171 171 170 168 175 174 162 152 147 162 156 148 148 149 150 162 155 155 158 149 148 131 133 160 168 161 162 168 163 166 174 167 163
