example/E5 - XRays/X-ray-tomography/rastert_juap50.txt
ncols         356
nrows         356
xllcorner     -0.5
yllcorner     -355.5
cellsize      1
NODATA_value  -9999
[rows 0 to 41 of 356, columns 95 to 189 of 356]
255 255 255 255 255 255 255 255 255 255 255 255 255 255 255 255 255 255 255 255 255 255 255 255 255 255 255 255 255 255 255 255 255 255 255 255 255 255 255 255 255 255 255 255 255 255 255 255 255 255 255 255 255 255 255 255 255 255 255 255 255 255 255 255 255 255 255 255 255 255 255 255 255 255 255 255 255 255 255 255 255 255 147 255 255 255 255 255 255 255 255 255 255 255 255
255 255 255 255 255 255 255 255 255 255 255 255 255 255 255 255 255 255 255 255 255 255 255 255 255 255 255 255 255 255 255 255 255 255 255 255 255 255 255 255 255 255 255 255 255 255 255 255 255 255 255 255 255 255 255 255 255 255 255 255 255 255 255 255 148 148 144 138 134 134 134 130 124 112 105 113 125 144 146 145 148 148 142 145 160 159 146 139 144 149 151 157 155 152 154
255 255 255 255 255 255 255 255 255 255 255 255 255 255 255 255 255 255 255 255 255 255 255 255 255 255 255 255 255 255 255 255 255 255 255 255 255 255 255 255 255 255 255 255 255 255 255 255 255 255 255 255 255 255 255 255 159 152 152 156 148 147 156 157 155 154 147 127 113 117 120 118 109 97 95 111 129 145 142 141 143 146 143 143 153 145 125 118 133 146 152 155 148 149 154
255 255 255 255 255 255 255 255 255 255 255 255 255 255 255 255 255 255 255 255 255 255 255 255 255 255 255 255 255 255 255 255 255 255 255 255 255 255 255 255 255 255 255 255 255 255 255 255 255 255 157 158 160 157 160 149 154 153 150 155 152 153 162 167 169 167 158 134 109 99 92 90 87 98 113 127 136 148 142 141 144 144 148 153 152 139 123 122 140 152 153 151 143 145 155
255 255 255 255 255 255 255 255 255 255 255 255 255 255 255 255 255 255 255 255 255 255 255 255 255 255 255 255 255 255 255 255 255 255 255 255 255 255 255 255 255 255 255 255 255 160 156 159 160 158 155 155 167 168 166 148 145 152 150 155 158 162 163 169 172 171 165 153 130 108 87 91 100 123 140 141 138 148 148 143 147 147 149 158 154 141 139 141 149 156 155 155 144 144 157
255 255 255 255 255 255 255 255 255 255 255 255 255 255 255 255 255 255 255 255 255 255 255 255 255 255 255 255 255 255 255 255 255 255 255 255 255 255 255 255 255 155 154 149 154 158 155 158 163 160 154 155 169 179 174 156 146 145 146 156 162 164 162 167 169 171 171 164 151 136 120 124 128 142 150 146 144 147 151 147 149 150 147 154 155 142 146 149 147 155 157 155 146 148 155
255 255 255 255 255 255 255 255 255 255 255 255 255 255 255 255 255 255 255 255 255 255 255 255 255 255 255 255 255 255 255 255 255 255 255 255 255 153 155 150 154 153 148 148 151 158 159 158 163 159 151 154 162 172 167 156 156 151 146 157 163 166 163 166 169 171 170 163 160 154 145 146 146 151 149 147 154 150 154 151 155 153 146 150 151 142 140 137 134 148 153 147 144 149 147
255 255 255 255 255 255 255 255 255 255 255 255 255 255 255 255 255 255 255 255 255 255 255 255 255 255 255 255 255 255 255 255 255 147 142 147 145 145 153 148 145 147 147 150 149 154 161 158 161 157 149 152 156 160 154 150 158 156 152 157 161 167 167 167 170 172 165 159 160 156 152 153 152 154 153 149 152 156 157 156 160 154 151 155 150 141 131 122 128 143 149 143 144 145 131
255 255 255 255 255 255 255 255 255 255 255 255 255 255 255 255 255 255 255 255 255 255 255 255 255 255 255 255 255 255 152 152 145 144 142 144 143 140 146 144 136 137 141 149 149 149 156 158 159 154 148 147 152 155 156 151 151 156 156 157 160 164 166 168 169 166 159 154 154 149 148 152 155 151 152 150 150 157 160 160 162 156 156 158 150 144 141 139 142 146 147 143 142 136 118
255 255 255 255 255 255 255 255 255 255 255 255 255 255 255 255 255 255 255 255 255 255 255 255 255 255 255 156 154 151 148 145 139 142 140 139 142 139 139 136 129 136 141 150 155 148 152 157 154 150 149 143 147 153 159 153 147 152 155 158 161 159 159 160 164 161 158 153 150 147 146 151 152 152 153 153 154 158 163 166 164 155 148 151 151 152 152 154 152 152 149 143 144 138 126
255 255 255 255 255 255 255 255 255 255 255 255 255 255 255 255 255 255 255 255 255 255 255 255 154 161 157 148 150 156 147 140 134 135 130 137 145 143 136 134 135 150 156 154 161 155 152 155 150 140 145 145 147 151 155 152 150 151 152 157 161 155 154 149 154 158 157 155 153 146 145 147 146 152 156 157 155 161 167 170 160 151 141 135 142 154 150 152 152 151 149 145 148 146 142
255 255 255 255 255 255 255 255 255 255 255 255 255 255 255 255 255 255 255 255 255 149 150 155 151 156 160 149 144 151 144 141 138 135 139 149 152 148 141 140 146 159 167 159 164 164 160 154 147 135 139 149 149 147 149 149 150 148 150 154 159 155 151 148 151 159 158 157 156 147 142 140 140 149 157 159 160 165 168 163 154 149 142 131 133 150 149 148 148 143 143 146 154 154 153
255 255 255 255 255 255 255 255 255 255 255 255 255 255 255 255 255 255 154 158 151 139 138 152 153 153 153 148 144 144 137 142 149 148 153 158 150 145 145 145 151 161 168 166 171 165 158 150 139 127 133 148 151 146 146 148 150 145 150 155 156 154 151 150 153 156 158 154 155 149 141 140 139 147 155 159 163 163 164 157 153 151 142 128 123 142 142 145 144 142 147 149 156 157 156
255 255 255 255 255 255 255 255 255 255 255 255 255 255 255 255 156 150 146 151 153 130 120 145 159 153 142 135 141 142 137 143 157 161 157 154 149 144 143 143 152 158 159 167 177 164 150 144 134 124 133 148 156 150 148 148 153 151 151 154 149 147 153 152 156 150 153 152 152 150 147 145 138 142 155 160 163 164 160 157 155 149 140 124 110 126 129 133 139 144 150 151 153 154 154
255 255 255 255 255 255 255 255 255 255 255 255 255 255 150 153 154 152 147 143 151 127 111 144 163 153 136 121 133 147 145 141 148 156 153 149 147 137 134 136 150 161 159 164 173 165 151 139 129 128 135 146 154 149 151 151 149 153 155 158 148 142 148 153 154 147 149 146 146 149 152 153 140 140 150 157 157 159 152 154 154 146 138 126 108 114 125 134 140 142 149 154 151 150 153
255 255 255 255 255 255 255 255 255 255 255 154 157 154 147 148 152 160 152 145 151 128 114 145 164 157 135 110 123 148 151 139 137 142 142 139 138 130 128 134 150 159 161 162 164 167 156 138 128 133 135 138 149 148 147 148 145 150 150 156 148 144 145 152 148 142 146 145 141 149 157 158 146 143 143 154 156 153 139 143 150 145 138 131 121 124 132 138 147 147 147 152 152 151 156
255 255 255 255 255 255 255 255 255 155 151 152 153 153 144 142 149 159 154 151 152 131 121 144 159 159 134 111 124 147 154 145 136 134 136 135 132 138 141 141 152 153 154 160 160 161 155 138 134 136 138 138 146 149 144 144 145 146 142 150 149 149 149 151 142 135 141 146 143 149 154 151 146 143 142 149 152 149 132 135 144 144 143 138 135 136 135 141 154 158 153 151 157 156 164
255 255 255 255 255 255 255 167 162 156 145 143 145 148 134 131 144 153 153 154 155 135 126 139 144 138 113 104 129 149 154 147 130 119 128 141 141 145 149 145 151 152 144 146 148 145 147 139 141 145 145 141 141 150 148 141 144 145 142 148 150 152 149 148 139 138 147 149 144 144 147 143 147 146 145 144 145 147 139 136 141 140 138 139 138 131 130 143 155 161 160 157 166 167 167
255 255 255 255 255 161 169 165 157 156 141 133 139 144 133 128 138 148 151 154 157 142 132 136 136 123 108 108 133 153 152 139 121 115 126 140 147 146 146 146 152 152 140 137 135 135 142 141 143 142 144 143 141 148 143 134 137 141 145 148 145 140 136 141 138 141 148 153 148 137 140 141 146 147 148 142 140 147 145 138 136 135 129 132 134 123 121 137 158 163 165 165 172 171 165
255 255 255 160 158 156 161 159 150 147 139 133 139 138 137 138 136 140 150 152 148 137 138 139 133 126 125 123 131 141 144 131 121 129 134 135 140 137 140 146 148 146 141 141 133 129 132 137 141 137 140 145 142 142 135 133 134 132 143 147 142 133 128 139 139 138 139 144 143 128 134 142 141 133 132 133 138 149 149 140 135 136 128 128 134 132 125 134 159 165 166 171 174 170 165
255 157 151 153 152 152 155 158 159 150 148 144 140 136 139 144 141 142 149 148 137 123 130 138 132 126 130 125 126 127 132 134 127 130 138 138 132 128 134 146 145 146 144 143 137 128 131 135 134 140 144 147 147 146 138 135 140 131 135 141 141 133 134 137 142 140 128 121 132 136 141 139 136 130 128 133 140 146 145 144 138 133 124 117 121 131 136 144 159 164 169 175 178 168 164
161 157 151 152 150 154 158 156 164 159 159 159 146 137 143 148 148 144 144 140 132 125 123 133 131 128 138 129 127 131 132 134 134 131 142 144 125 122 129 142 151 150 141 137 138 135 138 142 133 140 144 145 150 150 144 134 143 136 128 134 140 135 138 135 140 143 130 119 130 141 142 138 137 137 139 148 142 138 142 147 140 133 125 114 109 128 142 152 157 161 169 174 174 162 158
158 156 147 147 149 154 158 152 160 160 157 164 154 140 146 148 142 135 137 137 134 132 128 135 132 133 141 134 134 137 133 130 137 143 146 140 123 129 141 144 149 150 142 137 146 148 142 145 140 138 141 145 148 149 143 125 137 135 121 134 147 143 142 135 135 145 148 141 140 141 138 138 142 141 141 136 126 132 143 147 146 144 138 124 120 135 145 152 151 158 168 166 164 157 156
144 153 150 148 146 152 158 154 158 162 158 158 158 146 145 140 125 124 136 142 140 136 130 136 134 133 134 138 145 138 133 135 139 144 139 137 136 145 154 148 145 149 147 142 154 151 139 141 145 142 136 143 145 145 144 130 136 126 118 138 149 148 151 147 140 148 155 153 150 144 145 142 147 145 133 114 102 119 144 151 153 150 143 135 134 145 149 150 151 159 166 159 157 160 157
143 156 158 152 145 148 156 156 153 163 166 157 158 152 142 130 123 126 131 133 140 139 130 131 125 125 128 136 144 138 135 138 136 139 134 140 148 152 154 148 144 147 149 144 150 142 132 133 139 147 135 137 143 143 146 140 136 123 127 144 150 154 156 159 155 155 153 151 156 150 151 148 149 144 129 116 114 131 146 150 148 144 144 144 147 156 152 148 148 153 159 156 155 161 161
139 157 160 155 146 145 147 143 140 154 164 158 156 154 144 128 127 130 112 112 136 141 134 131 120 123 131 136 142 139 140 140 138 140 137 141 151 150 151 149 149 145 146 141 134 135 136 137 133 140 138 143 148 144 143 145 138 124 132 150 152 163 160 158 161 162 158 150 154 151 149 152 153 142 131 128 131 144 148 144 136 141 154 155 157 162 155 147 145 148 154 153 155 159 162
135 149 148 151 149 147 148 143 142 150 156 155 154 154 148 131 128 138 123 120 139 147 145 140 135 132 137 138 141 139 138 138 140 140 134 135 145 150 155 151 153 151 155 154 137 132 139 140 142 147 144 150 151 145 142 149 146 139 138 153 158 162 162 159 160 160 159 150 156 159 152 151 151 141 138 137 132 139 145 141 138 146 158 158 164 166 157 152 152 149 154 150 150 155 158
142 145 141 147 150 147 150 150 146 144 149 152 149 145 143 136 134 146 151 146 144 150 156 150 146 140 142 147 140 141 144 144 144 140 137 136 140 151 156 154 155 159 161 156 145 131 133 137 148 155 146 146 149 151 148 149 150 152 151 161 165 159 154 158 162 159 159 154 163 166 155 149 149 148 144 139 131 139 147 138 137 147 154 157 168 166 156 157 158 145 150 146 137 147 153
145 146 143 147 151 149 148 149 144 138 141 146 141 130 136 146 145 146 157 159 151 148 153 150 144 135 133 144 139 139 151 154 141 133 139 142 143 153 155 157 158 161 158 143 133 126 126 127 134 148 144 146 155 157 152 150 149 153 159 166 165 161 158 160 161 161 161 156 163 161 151 148 147 151 149 137 130 142 153 146 140 148 153 156 165 168 165 166 159 145 148 142 125 135 148
148 146 147 149 154 154 145 143 149 137 124 132 134 123 132 149 155 154 155 155 154 150 146 144 139 128 125 134 137 134 143 153 145 137 138 145 150 151 147 153 161 158 155 141 131 122 123 124 123 138 144 147 156 155 151 154 155 153 158 161 163 166 162 161 162 164 165 157 162 159 152 152 149 147 147 136 130 144 153 148 142 147 151 150 161 167 172 169 155 146 150 142 130 137 142
150 149 147 152 158 154 145 138 149 138 113 120 126 123 136 151 152 157 155 149 151 145 137 137 132 127 127 133 143 140 138 144 151 147 140 147 153 150 143 148 158 154 150 139 129 123 129 131 132 145 149 145 152 154 151 154 154 150 149 149 157 163 160 157 163 167 165 157 157 154 149 151 151 144 142 139 133 141 143 140 141 147 149 146 158 159 164 165 153 143 144 141 138 145 145
143 151 150 151 157 151 145 136 138 140 124 123 128 134 141 145 138 145 146 140 137 136 132 129 127 130 128 129 139 140 136 140 146 144 141 146 150 146 141 142 149 151 140 119 108 116 132 139 142 153 155 145 147 153 154 151 149 151 153 154 155 155 156 156 157 165 165 160 154 155 150 146 143 140 137 141 139 135 134 141 146 152 154 153 154 156 161 161 156 139 134 137 137 145 149
131 140 152 148 148 149 145 140 136 141 138 131 135 143 138 133 127 137 139 135 129 137 135 123 126 132 124 127 139 138 138 142 129 128 143 146 145 143 137 133 136 143 133 113 112 123 134 139 145 150 154 148 147 154 155 151 151 154 156 156 149 149 154 158 157 160 158 160 159 153 152 148 143 141 138 142 135 124 131 148 148 152 151 157 154 154 156 152 153 144 142 145 144 147 150
119 131 148 153 151 149 146 146 139 140 142 139 142 147 138 131 129 137 141 142 138 139 131 114 116 128 124 134 146 142 138 144 133 131 146 147 144 138 134 127 126 137 136 124 129 140 138 134 144 147 143 142 136 142 144 146 153 153 153 145 141 144 152 163 164 161 159 155 154 146 145 147 148 138 137 141 132 124 135 143 136 146 148 157 159 156 151 150 151 154 160 156 151 151 149
127 138 148 149 152 149 145 144 139 141 146 146 142 143 144 134 134 135 132 139 141 141 130 112 111 130 139 148 148 133 126 132 136 141 145 143 140 139 133 128 126 135 142 138 141 152 147 138 140 146 142 138 135 141 140 139 142 139 148 140 141 151 151 160 164 160 162 152 143 135 134 138 142 134 135 136 132 125 130 136 133 148 155 156 158 159 153 149 146 155 165 159 152 149 148
137 146 154 149 147 147 147 143 148 154 153 154 146 141 149 136 128 133 126 134 143 144 141 130 129 138 146 150 139 118 116 124 138 147 146 145 142 144 139 132 136 139 137 144 148 149 147 147 139 144 147 143 144 141 140 138 141 138 144 138 139 153 151 156 159 158 161 152 133 125 126 131 136 136 142 135 123 125 133 138 140 149 159 157 152 156 154 147 144 147 152 155 149 145 145
142 149 155 151 148 150 149 143 153 158 150 148 148 147 155 145 129 129 130 141 150 148 158 157 153 153 154 155 144 129 124 129 142 150 149 148 145 140 134 133 140 146 139 140 141 137 137 135 127 131 134 128 135 131 138 142 139 142 145 140 144 153 152 157 158 160 161 153 132 127 137 139 140 142 139 130 116 124 135 138 144 148 156 153 148 152 151 146 143 144 146 154 149 146 148
149 156 153 148 151 156 146 131 140 149 146 146 148 152 157 153 138 127 133 147 153 153 167 167 157 161 162 160 160 141 126 130 140 142 148 143 135 132 127 136 147 148 148 143 138 131 130 124 120 123 120 109 122 132 135 138 131 139 147 142 147 150 149 155 158 163 163 154 140 143 152 147 142 140 136 133 121 124 134 138 140 148 159 158 151 155 152 147 143 144 144 147 152 149 147
152 161 157 151 155 156 146 129 123 127 127 134 139 149 157 150 138 131 135 149 154 158 164 170 160 161 163 154 159 145 136 139 140 140 143 133 113 109 125 141 150 147 151 149 133 111 106 111 124 132 127 117 125 133 130 135 136 142 146 144 145 148 152 158 154 157 163 162 154 158 161 148 141 145 143 141 128 125 135 137 137 149 159 157 154 156 153 146 147 149 148 143 147 142 144
149 155 160 164 161 151 146 134 114 110 124 135 133 139 154 145 138 138 137 155 165 164 162 168 170 168 165 158 156 144 149 153 143 148 147 126 106 104 125 143 150 147 151 143 113 84 81 102 131 137 131 127 128 138 142 145 146 144 148 150 150 152 160 163 153 153 163 170 165 160 166 155 143 151 147 138 132 134 139 135 141 151 152 149 153 154 147 145 153 155 156 149 143 137 144
149 153 155 160 156 148 142 127 103 96 120 144 138 127 135 140 144 150 151 161 171 171 167 164 171 170 172 170 159 144 152 163 145 137 147 127 110 112 119 130 146 147 130 111 99 92 95 112 142 148 136 138 140 140 145 154 150 146 153 153 160 159 160 158 149 149 156 171 171 160 163 162 154 148 142 139 143 149 147 141 155 156 148 142 148 148 144 150 154 152 147 141 141 145 149
148 154 150 155 156 151 143 127 102 94 110 131 133 129 129 134 139 146 159 164 170 172 170 168 172 165 167 172 164 151 151 158 129 108 130 126 112 102 103 126 142 143 119 100 109 123 125 126 141 148 141 145 149 142 140 146 151 145 144 150 164 161 158 149 147 151 157 173 168 158 155 161 160 150 145 151 152 154 153 151 158 154 146 136 131 133 144 151 148 142 136 135 147 150 144
