example/E5 - XRays/X-ray-tomography/rastert_juap33.txt
ncols         356
nrows         356
xllcorner     -0.5
yllcorner     -355.5
cellsize      1
NODATA_value  -9999
[rows 84 to 125 of 356, columns 188 to 281 of 356]
161 160 159 154 116 103 125 136 147 147 141 146 149 145 145 141 145 144 140 141 144 148 157 157 170 172 159 156 159 152 147 149 146 138 145 148 139 133 126 130 141 139 127 115 133 146 148 151 149 137 125 113 131 148 150 137 117 104 93 94 118 136 133 135 128 121 129 137 133 122 123 135 142 145 144 150 154 145 128 134 146 135 126 129 144 149 136 126 135 145 152 155 161 156
156 148 146 145 127 117 122 134 144 148 147 151 145 134 133 143 139 126 131 142 149 151 157 155 161 158 151 156 157 151 139 142 149 144 143 144 140 132 131 130 139 143 122 104 133 160 156 152 148 140 125 105 120 136 134 127 116 115 117 126 143 144 136 138 131 127 135 142 136 116 125 140 140 141 143 150 153 145 133 135 144 132 122 123 141 148 141 136 142 151 158 157 156 159
153 144 138 144 137 127 127 136 140 152 150 153 145 133 135 147 144 125 128 136 146 152 153 150 155 154 151 159 159 151 142 142 149 147 133 132 137 136 134 129 138 139 129 122 135 158 157 150 141 131 119 112 126 133 129 125 114 113 110 113 133 144 135 134 130 137 142 147 145 127 129 139 140 145 141 145 149 147 141 142 145 137 136 141 149 154 155 153 156 161 163 158 158 160
154 149 138 142 136 131 139 143 147 152 153 154 143 138 136 138 144 140 133 132 141 144 143 143 150 155 157 164 160 149 144 138 143 153 138 128 133 136 131 131 138 139 139 138 146 153 144 144 134 113 109 125 139 130 121 121 111 105 104 99 114 139 137 124 121 136 143 146 139 120 112 126 139 140 142 147 151 154 148 150 151 149 147 152 153 157 161 162 164 160 159 159 162 157
159 151 139 134 134 138 146 151 153 141 148 153 143 145 135 133 139 145 143 135 135 130 137 145 147 149 155 164 159 144 136 127 133 158 157 136 127 136 140 136 136 142 141 145 148 141 126 137 131 109 116 144 151 129 118 126 115 106 107 107 109 134 138 117 115 138 144 137 126 111 110 128 142 141 149 156 156 160 158 160 157 164 159 159 161 163 162 164 167 160 158 164 166 162
151 145 133 132 135 130 133 144 145 132 137 142 138 143 129 131 148 147 148 142 136 129 137 144 144 148 153 160 160 143 132 133 137 158 159 136 125 134 142 127 133 145 139 146 140 127 114 117 112 113 134 158 152 130 117 128 120 102 93 102 107 132 142 130 134 146 144 135 131 124 135 150 158 156 157 157 156 158 161 165 166 173 158 159 167 166 163 165 163 158 158 163 166 168
132 130 120 120 126 119 123 140 147 141 144 142 140 141 127 130 149 143 141 152 144 125 131 139 141 152 151 157 151 137 130 131 134 147 151 141 139 138 137 124 132 142 126 129 123 105 96 106 111 128 149 164 152 133 126 137 128 111 102 111 127 144 143 135 137 133 133 132 135 136 152 166 165 160 166 161 159 153 156 160 162 168 160 166 168 161 163 166 162 157 163 166 164 167
140 129 121 113 120 129 139 149 153 151 162 153 139 131 132 141 144 134 141 155 151 132 138 143 143 154 144 156 155 143 138 127 130 138 145 143 140 142 138 128 127 122 104 110 118 105 92 106 126 143 152 165 161 140 131 129 126 137 136 138 151 149 137 128 120 116 130 139 147 149 160 166 161 159 167 162 160 156 160 163 169 170 166 174 173 160 162 167 165 163 166 168 171 173
150 134 133 135 141 144 142 146 151 159 158 141 131 129 140 147 143 142 146 153 149 142 144 147 142 151 145 147 153 153 144 127 129 128 136 139 138 140 137 131 128 116 107 106 115 103 91 112 131 144 154 163 162 145 127 117 128 143 143 146 154 145 133 117 101 106 137 149 158 164 161 156 160 164 166 163 160 164 166 166 171 167 161 168 171 164 162 163 167 168 162 164 171 170
141 134 139 143 149 144 134 138 145 153 141 125 133 134 145 143 136 151 150 145 144 145 145 146 147 146 150 145 149 154 147 137 139 140 139 134 144 145 139 136 131 121 123 120 96 71 77 113 131 138 148 155 154 148 135 129 140 143 139 143 144 144 133 106 102 120 145 158 164 164 159 157 161 162 165 168 165 167 167 164 165 164 162 169 171 160 158 164 167 163 158 164 169 171
128 135 144 135 137 137 135 137 147 148 140 134 143 145 149 147 137 152 153 138 142 151 147 145 155 146 147 146 140 141 146 139 141 149 139 132 141 136 131 136 128 118 130 127 84 65 77 105 126 129 140 155 152 148 145 141 144 140 138 140 136 135 114 100 128 151 156 166 168 165 160 159 159 162 170 171 166 165 164 159 159 166 169 167 166 156 159 171 170 165 165 169 169 165
134 136 131 135 136 138 137 145 155 153 144 144 153 153 148 152 143 151 151 141 149 151 143 148 163 149 147 149 136 129 132 115 110 129 135 138 143 143 141 140 132 119 127 122 93 81 94 113 126 127 136 156 151 142 147 146 148 142 137 133 128 127 111 113 149 162 161 168 166 161 157 159 161 162 167 168 164 163 165 163 162 172 172 161 156 156 163 169 170 169 170 170 165 162
138 138 118 125 135 135 134 154 156 146 140 136 153 157 148 154 149 147 143 142 148 149 145 148 155 147 150 147 143 140 130 106 99 118 133 139 142 152 144 132 129 126 137 135 115 113 129 137 137 137 134 141 139 137 148 150 143 133 120 121 121 124 125 133 157 164 164 167 167 164 161 157 158 159 165 169 170 171 164 164 165 171 167 155 152 158 165 166 168 170 165 162 161 161
134 138 128 119 131 130 131 150 149 147 148 152 153 159 161 156 145 144 150 156 150 145 147 146 145 143 148 147 150 148 134 116 118 126 138 138 137 141 129 127 137 138 146 149 138 140 142 151 152 151 143 131 119 122 143 153 141 127 120 125 124 123 131 151 164 168 174 171 166 166 163 155 154 158 168 168 169 171 165 164 158 162 166 156 158 164 171 169 167 172 166 163 159 154
137 139 140 132 135 130 126 131 141 157 157 164 156 161 171 160 138 140 152 162 160 152 152 145 147 147 146 151 155 157 146 128 133 138 142 141 137 127 119 125 144 142 141 145 141 140 141 153 153 154 148 118 91 97 130 152 143 136 134 139 132 124 138 154 163 166 173 169 160 164 161 153 156 162 167 169 167 161 162 170 162 158 160 155 164 167 168 167 170 176 170 161 151 152
144 140 135 136 137 135 116 99 125 159 160 169 160 163 174 165 158 156 154 152 150 156 160 145 150 153 145 149 152 160 154 137 145 150 136 134 134 128 129 130 143 142 138 148 147 142 147 162 157 155 139 104 68 67 112 149 144 139 139 145 138 127 152 161 157 162 166 159 159 163 162 161 162 165 170 173 170 165 168 172 165 160 156 159 171 167 161 166 171 166 161 157 149 155
135 131 129 131 133 131 105 90 132 168 160 167 166 172 168 152 161 155 147 150 141 143 155 145 151 149 136 134 130 140 142 144 150 143 128 130 126 129 138 133 143 149 144 148 144 145 150 161 161 157 132 110 79 66 107 142 142 131 132 146 139 131 158 164 158 167 166 155 160 164 167 165 162 166 162 169 167 167 171 169 162 159 156 164 168 159 161 167 169 162 162 158 153 154
133 135 144 144 136 131 112 115 146 167 165 165 168 171 164 155 151 138 144 153 140 131 147 149 143 142 138 120 96 96 112 142 148 138 135 129 126 130 135 136 142 146 150 153 148 144 147 154 147 138 128 130 120 100 119 135 139 133 134 146 136 137 152 160 167 169 162 160 164 162 163 161 161 167 161 168 166 166 164 162 162 161 158 163 166 163 170 168 169 161 160 153 149 148
152 147 143 143 145 140 133 146 162 170 174 165 162 159 150 148 139 133 147 151 144 136 140 142 138 146 147 125 91 76 109 146 147 145 137 116 119 130 133 144 151 147 149 156 157 152 153 147 131 128 138 144 145 128 129 133 138 133 128 125 118 132 154 166 167 162 157 161 163 160 165 163 163 168 161 162 164 166 166 167 168 170 163 165 167 164 168 168 165 159 163 152 151 158
150 153 142 134 143 141 148 160 168 171 175 163 162 167 142 128 137 142 148 149 149 141 131 136 138 146 140 106 77 80 131 159 149 152 145 126 121 132 143 151 147 148 148 144 144 144 150 138 129 132 141 144 144 135 130 130 131 129 129 124 120 134 154 162 162 161 158 162 164 164 169 164 169 167 162 165 169 170 170 172 169 169 168 167 165 161 162 166 164 169 166 156 163 163
138 144 142 132 135 142 158 162 163 169 172 174 169 154 120 124 150 144 144 151 155 149 140 148 141 149 132 87 70 85 135 155 142 150 159 142 126 138 157 160 146 143 148 148 135 125 144 145 138 139 135 136 138 137 124 123 126 126 130 129 122 128 146 150 153 158 157 156 160 164 158 162 169 164 165 166 167 172 168 171 170 166 164 162 164 166 166 168 173 173 167 163 168 163
135 130 135 131 131 147 166 169 170 172 166 176 173 148 123 123 132 126 136 137 138 151 147 151 138 141 129 89 84 102 137 154 145 147 152 131 112 136 151 151 136 121 127 151 148 141 154 155 144 147 142 139 141 141 129 124 122 119 113 108 100 119 148 155 154 154 154 158 164 164 156 167 165 165 168 166 167 172 168 164 168 168 157 156 167 168 164 165 169 164 164 168 169 164
140 128 134 139 136 142 150 161 174 172 155 167 166 154 147 126 112 116 127 136 137 139 135 158 144 131 123 99 101 117 135 151 158 144 138 131 122 137 148 141 115 99 124 164 163 153 153 161 158 159 150 141 139 131 128 130 129 120 90 66 61 92 138 156 159 163 161 163 166 165 163 168 164 167 167 168 174 171 167 165 169 170 163 166 168 164 163 169 168 161 158 165 169 167
141 135 142 144 136 134 141 159 179 171 163 169 168 160 156 135 120 137 142 142 135 134 136 153 134 127 123 102 100 123 138 146 156 146 131 135 143 148 156 142 113 117 150 173 165 162 157 164 165 166 155 146 136 117 121 133 135 110 66 33 38 76 131 150 151 162 160 161 165 166 170 164 164 169 165 169 170 163 161 169 171 166 166 172 166 161 169 175 174 167 164 164 165 164
136 144 153 141 136 135 143 157 170 164 171 169 165 153 146 139 140 152 154 148 133 142 149 134 112 129 134 109 101 120 143 149 146 145 133 131 139 142 150 139 131 139 157 165 162 164 160 165 162 163 165 162 146 115 93 93 106 90 56 31 41 81 133 149 151 163 160 160 165 170 175 162 166 173 172 174 171 169 168 173 171 165 165 165 164 168 168 169 171 168 168 160 157 162
144 147 145 138 133 118 120 139 155 160 165 164 167 161 155 157 154 151 151 151 140 140 146 128 114 135 138 123 119 116 131 146 141 137 129 120 119 122 141 148 154 151 159 168 163 160 159 168 166 165 164 163 151 117 65 35 51 66 56 37 43 76 127 151 157 168 162 168 168 172 174 162 165 171 171 174 168 167 167 173 170 168 168 167 169 172 162 166 172 165 163 164 164 168
148 144 137 137 114 85 90 120 149 158 158 160 165 168 162 157 150 153 149 147 144 128 127 129 129 135 131 127 114 101 114 121 117 129 130 118 122 128 140 154 165 157 165 167 160 165 171 171 165 166 159 156 149 125 74 24 21 41 47 35 33 55 102 145 154 161 162 170 167 168 170 165 167 171 170 175 167 165 160 168 167 166 168 174 172 167 167 173 170 163 165 172 171 168
147 150 141 135 120 113 113 120 145 156 150 140 151 159 159 150 142 145 152 153 147 119 115 129 134 137 134 119 97 89 94 92 106 133 138 137 139 144 146 149 155 157 164 155 155 169 175 174 170 171 165 153 142 131 83 29 17 17 22 24 26 37 74 133 152 160 166 166 162 167 167 173 171 173 171 171 167 168 160 169 167 163 169 178 172 162 176 180 166 156 164 168 172 169
137 150 145 136 136 145 143 132 139 146 142 128 145 152 154 157 150 142 151 155 150 126 113 120 128 140 136 118 102 84 71 82 117 147 155 145 140 150 150 153 148 155 163 153 160 166 162 173 172 165 168 159 142 118 64 24 25 18 10 17 22 27 56 112 149 160 158 161 163 170 168 170 166 172 172 168 164 172 165 165 165 169 169 166 166 162 172 172 163 163 167 165 167 165
137 144 143 138 140 146 144 131 138 146 141 137 147 144 140 153 150 141 147 153 151 135 121 119 127 140 140 130 107 79 65 93 130 145 148 141 138 150 148 154 148 152 160 156 156 159 157 165 165 164 166 157 148 117 56 25 27 24 14 20 18 17 37 76 129 151 147 160 167 169 167 165 166 174 173 168 162 170 164 163 170 175 171 169 166 166 170 164 160 164 173 171 169 164
143 146 148 145 146 140 139 141 144 146 128 135 147 144 134 144 143 138 140 141 148 143 130 121 131 145 141 133 95 65 72 113 143 141 141 145 139 141 139 142 139 148 164 161 153 157 157 159 165 170 164 154 144 103 51 23 18 17 16 21 14 18 27 47 87 133 154 162 162 165 164 167 169 170 166 164 162 164 160 170 176 173 170 172 169 167 166 163 162 161 169 172 171 170
143 155 156 159 155 155 156 147 143 145 126 132 146 146 135 150 150 142 134 128 138 145 143 140 139 139 130 124 79 50 80 125 143 136 153 158 146 142 138 139 144 152 167 166 162 158 155 162 167 169 159 155 130 78 41 17 16 17 16 24 21 18 18 27 51 109 152 158 162 169 166 171 169 166 169 161 163 167 164 169 169 170 170 167 163 161 162 160 160 163 172 172 169 171
146 148 153 165 163 164 158 138 142 150 135 130 141 144 136 146 143 141 140 136 137 135 134 142 136 130 123 102 56 51 97 134 137 138 160 157 149 144 138 139 144 158 173 171 165 162 163 162 160 170 162 152 119 65 29 19 21 23 21 23 20 11 11 18 37 82 131 154 164 169 165 172 169 167 169 164 166 171 169 169 171 172 170 167 162 161 158 161 158 158 167 165 163 171
155 156 160 164 167 164 152 130 129 140 133 125 124 140 140 136 139 139 141 138 139 138 132 134 123 112 91 65 50 80 130 144 143 149 146 139 139 128 137 147 143 161 174 172 167 166 169 157 151 170 166 150 116 62 27 22 25 23 24 19 14 18 24 22 30 57 122 162 165 168 161 166 163 159 162 166 175 176 170 169 176 169 163 167 168 166 163 158 151 157 163 163 161 171
143 145 159 155 163 162 153 119 113 136 140 132 127 134 141 140 145 136 138 131 134 141 142 133 114 97 79 77 90 114 139 133 130 129 120 130 138 131 146 160 152 158 169 164 170 164 164 150 152 170 164 149 114 65 40 30 34 24 18 12 19 28 29 22 27 49 117 162 164 164 163 170 166 161 160 164 176 176 170 169 173 168 166 169 164 152 146 127 126 146 156 169 165 170
137 129 139 134 151 150 138 116 126 135 138 134 140 132 139 142 140 136 139 129 130 137 145 135 126 122 121 121 117 124 125 120 127 123 118 130 143 138 143 163 160 151 160 163 176 163 161 154 165 171 162 144 98 53 46 44 49 41 23 18 27 26 23 26 32 52 110 152 161 165 173 176 169 168 169 162 165 169 171 174 175 169 164 164 153 128 92 64 81 120 152 171 163 166
137 117 113 110 141 147 140 135 143 139 147 138 143 141 143 142 142 134 129 131 134 139 144 137 149 154 142 139 128 136 121 105 119 128 131 137 139 131 143 162 165 150 152 163 169 163 162 165 170 165 164 147 96 55 49 57 70 76 52 30 24 25 29 37 51 68 105 148 168 173 173 172 166 166 175 166 168 171 173 175 170 167 166 158 142 95 39 25 45 84 139 167 163 168
134 130 130 111 128 133 142 147 149 142 152 158 147 140 141 137 129 122 125 137 141 147 147 143 157 163 152 154 144 141 119 87 96 126 137 146 132 126 150 155 150 144 154 167 162 168 172 176 167 159 164 149 112 76 62 62 73 82 70 41 23 25 42 70 100 109 118 149 166 161 163 167 165 169 176 170 173 176 171 167 165 171 167 152 132 72 17 10 23 56 126 166 166 176
147 138 123 107 121 129 136 147 150 137 134 149 146 140 148 141 124 132 137 132 133 149 144 140 153 164 162 160 158 149 131 105 108 129 132 142 132 137 157 152 146 141 151 166 166 169 167 164 149 154 162 142 123 101 84 78 84 79 75 60 41 45 86 125 139 134 135 152 163 158 157 166 169 171 174 170 172 169 159 166 164 165 157 154 143 92 39 15 25 68 140 171 166 174
161 149 122 114 127 128 129 139 137 127 127 135 138 144 153 153 139 133 145 132 127 145 146 148 151 163 165 166 169 160 147 132 131 129 111 127 130 138 145 144 153 144 147 161 169 171 159 150 140 158 163 146 135 122 110 108 108 87 84 83 76 93 132 151 147 138 147 156 157 161 161 169 170 166 172 173 162 162 158 164 160 158 158 158 150 123 88 52 60 103 153 172 167 169
157 154 145 136 134 130 131 135 131 126 133 126 118 130 146 150 142 130 143 135 128 143 150 159 157 164 169 173 167 167 154 147 151 135 106 121 134 133 133 146 151 140 141 153 165 168 159 154 151 167 160 150 144 141 127 120 116 90 95 100 102 124 149 151 151 147 150 158 156 162 164 163 162 167 170 167 158 164 164 163 163 165 167 160 148 142 132 112 117 141 161 162 160 170
153 150 151 139 127 134 142 139 136 146 148 127 119 111 107 124 137 139 143 143 133 132 140 165 170 167 173 172 161 168 159 157 164 142 110 119 139 139 131 146 146 130 138 147 149 157 159 155 148 148 145 143 143 149 140 132 121 92 93 85 92 127 151 155 159 154 151 159 157 159 160 161 162 168 162 158 164 169 168 162 165 172 176 168 158 158 154 145 149 160 159 148 156 171
