example/E5 - XRays/X-ray-tomography/rastert_juap54.txt
ncols         356
nrows         356
xllcorner     -0.5
yllcorner     -355.5
cellsize      1
NODATA_value  -9999
[rows 84 to 125 of 356, columns 95 to 189 of 356]
147 154 148 135 139 146 151 148 137 135 130 126 131 133 124 123 143 147 139 126 112 127 153 153 150 144 134 141 142 149 137 138 145 144 137 137 147 139 133 140 150 159 162 164 168 167 177 177 177 173 168 158 125 126 150 140 111 101 105 118 131 136 131 140 123 90 101 128 137 134 135 150 168 166 167 159 135 123 125 140 144 145 139 139 145 143 135 133 136 137 139 142 159 157 149
146 146 151 139 138 139 146 143 131 130 129 127 133 129 128 128 132 134 134 136 136 137 147 155 148 127 123 132 135 138 129 142 152 144 138 135 129 132 143 149 157 161 165 169 166 167 176 168 174 177 166 163 139 130 140 135 125 123 120 122 135 143 130 139 126 106 119 134 134 128 144 162 169 169 172 163 156 142 130 145 133 136 144 139 142 135 137 138 139 143 141 132 145 154 143
140 138 150 141 137 143 141 140 139 132 131 134 139 135 132 132 130 130 137 143 136 136 140 129 126 113 124 135 124 128 124 142 155 151 150 145 126 128 139 144 147 150 164 171 164 165 168 160 163 167 168 164 145 138 133 129 126 128 127 128 128 135 123 122 125 127 128 134 132 128 144 163 165 166 178 172 165 160 153 154 129 125 139 140 144 137 135 133 139 145 136 136 144 147 139
139 135 141 136 130 143 143 141 141 136 130 131 141 144 132 125 131 136 143 144 142 139 144 132 133 134 137 146 127 134 127 134 152 154 151 147 136 139 144 143 146 143 148 161 164 167 164 160 155 156 164 154 142 136 132 132 125 127 129 137 131 133 130 121 124 139 137 139 137 134 147 168 174 173 181 180 168 167 159 151 143 140 138 140 151 144 142 141 141 143 139 144 147 144 143
140 134 129 130 135 146 131 130 137 138 127 118 122 124 124 138 146 147 148 147 144 140 146 144 144 144 136 150 148 146 138 135 148 145 139 148 140 137 146 142 152 147 143 144 146 146 150 163 162 157 155 142 151 155 152 146 132 133 134 133 131 134 136 132 125 137 143 148 141 132 149 167 177 176 174 186 178 174 164 162 160 147 139 145 160 153 143 148 143 143 153 148 145 148 145
137 125 120 130 137 142 116 119 136 140 130 117 116 115 116 144 157 150 148 155 148 136 140 139 137 131 125 145 143 132 140 144 145 138 127 145 150 145 149 147 152 146 145 146 142 132 135 155 154 148 147 146 156 169 165 160 150 129 124 116 114 128 146 140 117 120 137 148 137 126 141 163 181 180 169 182 176 167 169 166 155 147 132 129 143 147 140 141 135 137 151 146 145 147 138
147 141 128 131 130 130 125 121 127 132 131 121 119 128 128 132 144 136 133 150 150 134 131 132 126 123 124 134 135 129 151 154 138 137 131 145 155 154 148 146 142 150 154 149 145 139 143 156 156 148 154 163 158 174 172 164 160 129 111 121 132 143 156 150 133 127 135 128 116 125 142 163 176 175 169 175 180 172 172 162 153 152 129 116 119 127 136 132 128 135 143 146 148 147 140
151 150 128 120 124 125 132 131 127 129 136 125 108 125 145 144 137 130 133 143 147 139 136 141 130 119 128 130 132 140 156 154 145 137 133 141 143 147 140 144 143 147 154 145 140 143 149 148 158 159 160 171 166 167 174 166 157 140 126 146 160 164 162 148 141 139 141 133 125 135 157 172 171 170 175 166 172 176 173 167 152 144 129 116 123 136 141 138 138 139 140 149 151 149 149
136 136 127 126 129 130 135 137 131 121 134 138 126 124 145 165 154 143 147 135 125 120 124 140 134 120 126 124 127 148 163 156 163 154 139 140 146 155 138 136 145 148 145 139 139 146 152 142 151 159 163 174 174 166 169 170 151 142 147 159 165 170 159 139 132 134 141 148 147 138 150 165 168 170 179 174 165 163 162 154 144 143 139 132 142 151 151 145 139 147 142 146 149 146 145
136 137 138 137 131 135 134 136 137 132 138 141 140 129 135 159 157 133 128 120 118 125 122 129 137 139 133 119 125 137 157 160 158 155 151 146 150 158 147 139 143 146 136 135 148 146 149 145 147 154 163 172 173 173 170 170 161 155 150 153 166 164 140 130 137 134 138 146 146 127 139 153 155 159 167 176 169 162 163 140 130 142 139 137 147 154 153 147 134 142 142 143 145 145 141
145 137 133 133 132 136 132 130 128 134 139 130 129 128 132 146 143 121 112 120 135 140 121 118 139 150 143 128 131 135 153 162 156 153 148 142 150 156 153 152 150 148 139 143 149 138 147 152 143 152 163 165 172 168 169 165 165 166 153 153 162 149 117 119 138 136 137 136 133 118 139 155 148 153 166 177 177 169 156 135 133 136 137 148 152 142 120 125 131 130 139 151 153 149 142
143 138 138 133 133 141 139 135 119 126 138 132 132 134 132 139 137 119 112 123 132 131 124 123 139 142 130 127 134 137 143 145 141 144 145 136 141 152 151 145 145 152 146 144 142 138 137 147 145 156 164 159 165 168 169 169 160 159 150 144 149 136 121 131 141 137 138 135 139 136 136 146 148 152 159 171 172 162 154 145 143 136 141 152 150 131 101 115 138 137 147 155 139 133 135
140 138 141 140 141 142 128 123 120 133 140 131 131 133 136 138 137 129 126 129 128 133 142 137 129 131 125 125 134 135 129 136 145 145 136 128 139 149 151 144 148 150 146 138 135 146 138 138 146 154 154 152 163 169 163 170 156 152 145 135 135 137 143 142 142 140 144 147 150 148 134 130 147 158 151 157 157 147 148 147 141 137 149 151 145 133 112 118 137 145 149 157 136 120 127
145 140 142 138 136 135 127 128 130 137 133 126 127 122 133 136 128 128 136 130 133 147 147 138 133 136 132 127 126 139 137 141 145 139 138 140 146 154 156 151 154 154 144 136 135 145 145 146 158 161 152 144 153 154 158 168 152 147 148 138 132 143 151 139 131 139 142 147 149 140 136 123 130 155 149 148 152 141 134 138 137 142 155 153 142 138 130 135 140 134 137 152 138 127 128
147 147 148 143 131 129 138 147 145 149 148 135 133 125 124 134 130 125 133 131 140 149 144 135 136 146 145 140 131 150 154 140 134 139 144 142 145 152 150 147 152 156 150 143 139 148 148 150 154 159 156 143 136 134 145 157 151 148 148 137 140 150 148 130 124 135 144 150 142 130 133 136 137 141 126 129 143 134 123 134 133 138 148 148 143 144 136 146 150 134 136 146 143 136 125
139 139 140 143 141 147 157 151 150 155 159 151 146 126 122 137 126 122 132 130 141 147 138 133 133 141 146 143 129 149 154 132 127 136 139 137 141 144 146 149 151 146 142 150 146 149 149 149 154 160 153 140 124 123 131 138 140 141 148 138 143 141 131 128 132 136 142 146 140 137 140 144 145 133 112 116 134 138 138 148 143 138 140 133 142 140 135 141 141 135 146 143 148 144 125
124 118 125 141 149 153 159 155 156 155 150 149 148 121 123 139 131 126 119 114 127 128 118 128 137 139 135 136 133 145 145 131 132 135 144 146 152 155 154 154 148 144 141 147 140 138 138 140 161 163 146 129 131 131 124 125 139 153 156 149 146 135 134 147 148 137 137 140 137 137 138 131 138 137 129 125 137 148 151 152 145 136 129 119 139 139 133 140 137 132 143 145 138 130 129
116 115 120 131 146 142 145 151 155 157 152 153 144 118 125 141 143 138 117 121 130 122 118 134 138 128 128 127 129 145 148 140 138 140 144 148 147 154 160 152 148 151 148 136 130 136 135 137 155 154 140 126 135 138 136 139 145 155 154 153 155 143 138 144 153 144 147 142 129 134 143 137 145 147 145 136 134 154 150 144 144 136 130 128 130 131 125 134 133 122 133 147 131 123 135
123 134 128 126 142 141 144 154 155 152 147 145 137 124 132 141 149 149 136 144 141 124 131 142 133 124 134 138 132 145 146 142 136 141 153 155 139 147 161 149 142 144 141 123 119 130 131 127 136 140 141 143 145 144 141 144 148 153 153 147 146 146 143 144 155 150 154 142 130 131 142 145 146 155 154 138 130 146 133 131 140 128 133 143 133 136 131 131 142 128 133 144 131 126 135
118 130 130 125 137 143 147 151 150 153 145 136 135 120 121 133 143 151 152 155 148 132 137 141 139 133 135 142 140 146 145 145 146 145 156 160 150 160 155 140 142 138 130 126 124 126 123 113 129 141 142 151 157 152 144 140 149 157 150 140 146 158 148 146 150 155 151 140 137 138 135 133 137 144 137 125 127 127 117 123 128 125 140 147 141 134 129 134 155 146 143 145 141 140 140
126 122 122 127 134 123 132 140 133 133 139 132 133 115 104 117 128 142 153 152 144 141 133 136 146 147 138 141 143 146 150 155 160 156 156 158 156 162 156 137 134 136 135 131 119 121 134 124 129 133 139 150 148 136 123 125 150 154 143 145 142 147 143 145 145 148 142 144 142 146 149 140 138 144 131 121 126 123 126 135 129 140 154 146 146 134 132 150 157 150 149 141 138 136 135
146 133 128 131 141 121 122 129 122 119 126 124 135 133 121 116 120 137 147 149 136 131 132 136 139 145 134 135 139 144 153 167 171 161 161 155 155 158 153 141 127 131 138 133 126 127 141 134 134 134 138 146 134 120 113 124 152 160 152 152 137 143 145 140 133 140 144 145 145 146 144 145 142 147 144 130 137 136 137 146 144 140 134 133 134 129 136 158 147 143 153 137 136 138 132
151 140 136 128 135 134 125 126 127 135 137 140 144 136 140 126 125 145 143 133 118 119 136 141 139 142 137 136 144 149 151 165 170 163 164 159 152 142 135 141 134 122 128 138 135 130 140 138 135 132 135 141 138 134 139 140 144 152 157 153 141 147 140 138 135 137 139 149 155 144 130 141 142 141 143 142 145 145 138 145 149 137 129 140 142 132 136 144 134 143 160 147 144 149 146
146 141 139 130 130 134 127 133 134 141 140 141 135 119 131 124 127 150 140 120 118 123 138 135 149 157 148 145 144 153 150 159 170 163 151 150 146 138 133 132 136 130 123 131 128 130 139 143 139 135 135 140 145 143 148 150 148 149 152 148 144 150 146 145 142 143 144 146 151 149 142 149 146 141 143 152 153 157 135 130 136 141 151 157 156 146 144 139 136 143 147 138 137 153 160
141 138 133 133 138 146 135 130 137 148 152 140 131 127 124 119 136 148 128 117 144 141 132 127 142 142 139 147 142 151 152 152 161 155 148 145 141 142 140 132 132 134 137 140 133 136 134 138 137 135 138 139 138 133 138 150 151 147 143 147 156 154 146 141 143 142 142 139 138 144 149 154 141 138 140 145 152 159 143 138 130 132 156 162 152 150 137 134 139 143 137 130 121 143 156
133 142 144 144 144 150 148 137 144 151 147 137 130 132 129 129 154 149 120 108 129 136 130 130 136 132 136 146 144 142 144 141 152 154 157 149 134 136 139 138 134 131 136 142 143 139 127 132 143 148 145 143 138 134 130 137 140 142 143 142 155 150 143 138 135 139 140 136 134 140 137 141 129 130 142 149 159 149 136 139 132 135 153 158 152 152 123 132 141 150 141 133 119 128 139
128 137 147 144 144 146 141 141 146 144 137 138 136 135 135 134 152 149 122 116 120 128 132 135 140 137 133 133 133 137 129 124 150 155 159 151 136 128 134 134 130 131 127 138 147 140 133 140 147 146 139 145 142 134 131 138 126 137 143 127 142 146 136 132 134 138 147 133 121 141 141 139 132 137 150 150 151 135 118 112 113 128 149 146 136 138 117 136 143 142 140 135 121 120 142
141 136 144 136 131 137 134 138 148 143 132 129 142 154 144 137 148 141 118 122 121 124 123 130 135 135 133 132 139 137 127 137 157 149 148 145 138 123 136 145 141 137 119 128 146 138 135 144 148 140 126 136 144 139 132 138 131 135 147 137 141 142 132 132 142 140 138 129 127 138 143 145 138 146 155 142 143 139 118 103 103 122 142 140 138 132 125 133 131 128 141 140 123 124 148
146 140 146 143 142 138 134 143 148 141 135 127 133 140 139 134 137 132 126 133 139 135 113 122 132 136 131 115 134 142 138 160 166 158 158 149 137 122 137 149 144 142 126 130 146 139 134 136 148 143 134 135 138 151 141 140 142 144 152 149 148 138 135 133 138 147 145 143 148 138 139 150 144 137 143 142 146 143 136 136 134 136 139 143 149 145 148 135 121 108 129 142 137 134 134
155 154 145 141 149 148 141 142 137 129 130 134 133 125 128 134 138 132 136 137 146 143 130 131 126 128 118 102 128 148 144 152 150 158 163 148 136 124 134 142 140 142 139 146 149 142 139 142 146 135 142 154 143 134 134 148 146 143 146 145 149 139 137 135 132 142 149 146 151 152 155 148 144 136 135 146 149 143 143 141 143 143 147 153 149 149 148 141 139 116 124 141 137 129 123
153 163 150 146 144 140 140 141 139 131 130 132 133 135 131 132 132 123 135 149 151 144 144 142 116 117 108 94 114 134 136 141 140 146 147 131 134 131 129 144 150 139 138 157 154 141 133 141 147 145 148 152 134 117 122 138 144 151 154 153 152 141 145 151 131 131 139 135 148 158 150 136 136 144 146 153 157 150 153 152 158 158 153 157 151 149 149 148 144 117 119 137 136 119 120
148 151 148 147 138 139 143 145 151 139 128 131 133 143 144 138 138 130 139 163 152 138 144 148 136 138 115 84 93 117 130 133 134 135 137 127 130 138 137 152 153 131 130 151 157 153 138 136 137 143 151 147 134 126 130 142 141 146 153 155 153 153 152 149 134 134 136 127 139 145 138 142 137 130 136 147 158 161 168 163 165 172 160 150 151 148 151 142 129 99 92 117 132 118 119
155 152 155 158 150 152 152 148 154 149 137 134 135 145 144 131 134 136 135 147 141 139 152 155 156 159 132 88 87 121 129 129 133 125 132 135 133 141 149 149 144 141 139 135 138 151 143 135 128 131 146 152 142 139 142 151 142 140 141 143 149 160 160 149 146 147 142 140 150 143 123 126 131 132 136 145 164 173 170 165 168 171 160 147 146 140 145 136 116 96 83 100 120 114 110
158 158 158 161 155 152 156 156 141 138 141 140 139 133 135 136 132 122 100 111 121 142 164 160 158 154 138 101 92 126 135 140 140 137 149 147 141 145 147 154 157 158 152 140 135 141 135 129 128 136 141 141 136 134 145 147 139 145 138 145 160 155 163 164 149 145 147 144 154 144 126 125 128 135 143 151 159 158 162 171 176 174 159 147 145 147 145 133 116 108 96 100 111 112 107
157 160 162 161 151 145 141 146 136 136 144 147 150 139 129 142 144 122 99 108 120 139 160 163 165 149 132 103 104 140 147 145 138 139 150 146 144 142 143 158 165 158 155 144 142 148 139 127 130 130 131 130 121 119 135 144 145 155 154 160 171 161 157 164 153 144 150 136 139 141 141 145 141 137 141 152 154 149 156 164 170 174 160 132 136 138 130 134 135 117 108 111 114 120 123
164 170 166 163 161 149 142 139 133 142 142 132 140 140 131 142 145 135 140 140 135 141 153 158 161 156 138 101 112 146 155 154 144 150 158 147 139 135 139 149 159 148 142 133 148 155 138 128 129 133 142 135 124 119 124 139 151 162 163 162 168 171 162 158 160 149 149 147 145 149 144 142 145 147 151 160 155 156 167 161 163 167 153 124 127 117 119 136 140 120 127 136 134 127 129
151 164 162 163 166 162 143 128 128 150 148 128 129 128 130 135 132 129 138 135 133 144 146 152 159 154 134 98 112 143 155 157 143 146 156 153 143 136 144 146 153 138 142 146 149 151 144 134 130 147 161 146 129 123 130 149 155 166 164 170 171 171 169 162 160 151 155 149 141 149 148 143 142 144 151 158 149 148 164 161 150 151 143 135 135 123 122 129 135 110 112 132 140 131 127
144 156 155 153 151 149 128 123 126 137 146 138 134 136 145 139 140 133 121 119 123 140 134 144 157 152 140 122 130 150 158 152 139 131 136 153 147 146 155 149 150 146 151 155 153 152 158 140 140 154 151 148 137 139 142 150 159 166 165 168 163 167 167 164 168 160 148 144 136 134 144 142 144 144 147 142 141 143 146 140 135 138 132 134 136 130 120 125 132 120 113 114 124 129 125
150 155 160 157 151 139 129 125 124 115 121 133 137 139 153 144 143 144 124 124 132 134 121 135 135 132 138 129 137 140 132 128 125 128 142 159 150 154 156 142 145 155 158 154 155 155 154 141 140 140 130 132 140 153 152 152 157 166 170 159 160 171 161 154 168 166 140 138 137 133 136 141 148 150 146 134 135 138 140 132 130 141 128 123 130 139 130 131 138 138 125 114 129 130 120
147 150 165 158 138 121 127 132 129 127 122 125 141 143 143 126 119 137 132 125 131 132 118 126 134 140 144 130 132 124 101 103 119 129 139 152 149 149 160 161 158 158 157 148 144 150 146 141 137 128 130 134 143 158 150 145 156 172 175 161 168 177 167 157 164 166 143 139 143 140 136 147 144 142 141 141 145 141 150 142 131 142 132 125 133 142 131 130 144 141 130 125 135 135 128
156 160 162 133 97 88 117 139 127 137 141 135 144 143 138 110 101 123 127 116 125 139 131 134 147 152 157 146 140 129 113 114 128 136 125 129 133 134 144 166 161 157 158 142 132 140 148 147 143 140 140 140 143 160 159 154 165 170 176 170 164 167 167 161 165 163 144 136 138 135 139 148 135 136 133 144 154 145 146 142 139 144 143 140 140 143 131 130 140 139 132 120 125 132 134
151 155 143 103 80 83 112 136 123 129 145 141 144 147 141 123 107 120 125 117 136 147 129 128 146 154 158 154 153 137 131 133 131 133 132 138 139 137 133 155 167 168 167 153 131 128 138 147 156 152 136 143 147 150 156 156 160 158 168 167 157 169 178 170 167 154 137 132 139 143 147 143 143 132 108 123 141 138 136 130 130 129 137 142 144 145 137 133 132 133 128 115 125 137 144
