example/E5 - XRays/X-ray-tomography/rastert_juap19.txt
ncols         356
nrows         356
xllcorner     -0.5
yllcorner     -355.5
cellsize      1
NODATA_value  -9999
[rows 42 to 83 of 356, columns 0 to 93 of 356]
255 255 255 255 255 255 255 255 255 255 255 255 255 255 255 255 255 255 255 255 255 255 255 255 255 255 255 255 255 255 255 255 255 255 255 255 255 255 255 255 255 255 255 255 255 255 255 255 255 255 255 255 255 255 255 255 255 255 255 255 255 255 255 151 159 163 163 160 158 163 164 161 161 160 152 154 165 169 161 159 154 140 128 131 142 148 145 153 155 148 145 149 146 140
255 255 255 255 255 255 255 255 255 255 255 255 255 255 255 255 255 255 255 255 255 255 255 255 255 255 255 255 255 255 255 255 255 255 255 255 255 255 255 255 255 255 255 255 255 255 255 255 255 255 255 255 255 255 255 255 255 255 255 255 255 255 141 152 161 165 162 160 159 166 170 164 162 163 157 152 160 166 164 163 158 145 132 130 138 149 145 147 146 144 138 140 141 136
255 255 255 255 255 255 255 255 255 255 255 255 255 255 255 255 255 255 255 255 255 255 255 255 255 255 255 255 255 255 255 255 255 255 255 255 255 255 255 255 255 255 255 255 255 255 255 255 255 255 255 255 255 255 255 255 255 255 255 255 255 144 139 155 165 168 164 164 161 165 166 163 162 163 158 151 158 164 164 163 160 148 135 134 142 151 150 139 128 132 133 128 134 137
255 255 255 255 255 255 255 255 255 255 255 255 255 255 255 255 255 255 255 255 255 255 255 255 255 255 255 255 255 255 255 255 255 255 255 255 255 255 255 255 255 255 255 255 255 255 255 255 255 255 255 255 255 255 255 255 255 255 255 255 145 138 148 156 161 165 164 165 163 167 168 164 164 165 158 152 157 162 163 159 156 151 139 132 132 142 142 127 117 124 131 131 136 139
255 255 255 255 255 255 255 255 255 255 255 255 255 255 255 255 255 255 255 255 255 255 255 255 255 255 255 255 255 255 255 255 255 255 255 255 255 255 255 255 255 255 255 255 255 255 255 255 255 255 255 255 255 255 255 255 255 255 148 135 129 136 152 155 158 165 166 166 162 162 168 166 164 168 165 157 156 157 161 161 157 153 147 130 118 132 136 115 103 114 126 128 133 133
255 255 255 255 255 255 255 255 255 255 255 255 255 255 255 255 255 255 255 255 255 255 255 255 255 255 255 255 255 255 255 255 255 255 255 255 255 255 255 255 255 255 255 255 255 255 255 255 255 255 255 255 255 255 255 255 255 156 144 129 126 137 152 152 158 165 167 169 161 158 169 169 165 165 161 157 157 152 157 161 155 150 154 140 126 129 133 128 116 112 121 118 123 123
255 255 255 255 255 255 255 255 255 255 255 255 255 255 255 255 255 255 255 255 255 255 255 255 255 255 255 255 255 255 255 255 255 255 255 255 255 255 255 255 255 255 255 255 255 255 255 255 255 255 255 255 255 255 255 255 150 146 145 141 135 139 147 148 150 158 161 167 161 156 165 171 166 162 161 157 157 149 151 160 156 154 161 152 137 135 133 138 139 130 128 122 123 124
255 255 255 255 255 255 255 255 255 255 255 255 255 255 255 255 255 255 255 255 255 255 255 255 255 255 255 255 255 255 255 255 255 255 255 255 255 255 255 255 255 255 255 255 255 255 255 255 255 255 255 255 255 255 255 150 141 140 144 144 137 139 146 151 147 152 155 162 166 162 162 165 165 163 165 163 162 157 152 157 159 156 159 157 144 142 137 130 136 137 139 135 135 141
255 255 255 255 255 255 255 255 255 255 255 255 255 255 255 255 255 255 255 255 255 255 255 255 255 255 255 255 255 255 255 255 255 255 255 255 255 255 255 255 255 255 255 255 255 255 255 255 255 255 255 255 255 255 158 143 139 143 148 145 139 143 147 152 150 148 151 156 165 167 163 161 165 165 163 162 160 163 158 157 159 158 153 153 148 144 139 134 132 132 141 143 144 150
255 255 255 255 255 255 255 255 255 255 255 255 255 255 255 255 255 255 255 255 255 255 255 255 255 255 255 255 255 255 255 255 255 255 255 255 255 255 255 255 255 255 255 255 255 255 255 255 255 255 255 255 255 158 152 143 144 151 152 145 140 146 153 148 146 149 152 153 157 163 168 161 162 166 165 166 163 164 160 156 158 157 152 148 148 147 141 140 137 133 140 148 146 149
255 255 255 255 255 255 255 255 255 255 255 255 255 255 255 255 255 255 255 255 255 255 255 255 255 255 255 255 255 255 255 255 255 255 255 255 255 255 255 255 255 255 255 255 255 255 255 255 255 255 255 255 156 148 151 151 145 147 151 150 147 147 150 150 150 150 146 151 153 157 169 164 158 163 167 167 162 159 160 157 155 156 154 149 148 145 138 140 142 135 137 147 147 151
255 255 255 255 255 255 255 255 255 255 255 255 255 255 255 255 255 255 255 255 255 255 255 255 255 255 255 255 255 255 255 255 255 255 255 255 255 255 255 255 255 255 255 255 255 255 255 255 255 255 255 161 155 149 149 152 147 142 145 148 149 154 152 152 152 149 137 138 148 153 163 165 161 159 162 165 162 159 162 159 156 159 158 150 141 131 130 137 139 134 137 144 146 153
255 255 255 255 255 255 255 255 255 255 255 255 255 255 255 255 255 255 255 255 255 255 255 255 255 255 255 255 255 255 255 255 255 255 255 255 255 255 255 255 255 255 255 255 255 255 255 255 255 255 158 157 154 157 157 146 142 145 149 147 145 154 159 158 154 148 137 134 142 142 148 158 163 163 162 163 163 160 163 165 159 157 160 155 141 130 135 140 140 141 138 135 139 141
255 255 255 255 255 255 255 255 255 255 255 255 255 255 255 255 255 255 255 255 255 255 255 255 255 255 255 255 255 255 255 255 255 255 255 255 255 255 255 255 255 255 255 255 255 255 255 255 255 151 151 152 150 156 160 142 135 148 154 152 151 153 151 151 156 153 146 143 145 143 146 156 161 164 164 161 162 161 163 166 159 155 157 154 146 138 140 142 142 147 142 138 138 131
255 255 255 255 255 255 255 255 255 255 255 255 255 255 255 255 255 255 255 255 255 255 255 255 255 255 255 255 255 255 255 255 255 255 255 255 255 255 255 255 255 255 255 255 255 255 255 255 157 151 148 150 149 152 157 145 133 140 145 149 157 163 152 144 150 150 147 148 146 148 149 153 160 159 161 162 164 164 157 159 157 152 151 144 142 144 139 138 135 133 136 140 137 130
255 255 255 255 255 255 255 255 255 255 255 255 255 255 255 255 255 255 255 255 255 255 255 255 255 255 255 255 255 255 255 255 255 255 255 255 255 255 255 255 255 255 255 255 255 255 255 152 155 156 149 148 153 154 152 146 135 137 145 153 159 160 159 149 147 147 148 149 145 148 149 142 154 161 161 161 162 170 163 158 158 151 138 125 129 140 135 136 136 126 131 141 140 131
255 255 255 255 255 255 255 255 255 255 255 255 255 255 255 255 255 255 255 255 255 255 255 255 255 255 255 255 255 255 255 255 255 255 255 255 255 255 255 255 255 255 255 255 255 255 152 141 142 147 149 145 151 156 151 144 134 136 153 158 160 153 157 153 145 142 142 139 135 144 154 142 148 160 164 159 158 166 166 161 155 147 129 121 126 127 129 134 137 135 137 138 137 135
255 255 255 255 255 255 255 255 255 255 255 255 255 255 255 255 255 255 255 255 255 255 255 255 255 255 255 255 255 255 255 255 255 255 255 255 255 255 255 255 255 255 255 255 255 255 153 141 139 140 143 143 144 148 145 140 137 133 143 157 160 155 156 155 147 149 150 141 129 136 150 147 149 156 161 161 157 159 161 163 158 145 130 122 110 97 111 129 135 144 142 137 134 142
255 255 255 255 255 255 255 255 255 255 255 255 255 255 255 255 255 255 255 255 255 255 255 255 255 255 255 255 255 255 255 255 255 255 255 255 255 255 255 255 255 255 255 255 255 154 151 144 141 138 144 146 147 148 145 144 146 139 141 156 155 151 152 150 147 150 148 139 128 132 141 144 150 154 153 157 161 161 158 154 146 133 121 103 83 65 79 99 117 135 138 141 138 147
255 255 255 255 255 255 255 255 255 255 255 255 255 255 255 255 255 255 255 255 255 255 255 255 255 255 255 255 255 255 255 255 255 255 255 255 255 255 255 255 255 255 255 255 161 158 151 142 136 135 137 145 155 156 152 150 156 147 142 153 147 136 137 143 143 133 115 110 114 124 134 138 146 145 143 148 160 161 154 138 116 97 84 66 58 56 60 67 90 114 127 142 148 151
255 255 255 255 255 255 255 255 255 255 255 255 255 255 255 255 255 255 255 255 255 255 255 255 255 255 255 255 255 255 255 255 255 255 255 255 255 255 255 255 255 255 255 153 162 165 154 139 130 126 124 140 153 158 156 147 152 152 146 146 146 134 131 141 141 115 89 105 127 133 132 132 138 138 137 144 152 146 136 123 99 73 59 51 54 58 57 66 85 102 122 143 155 154
255 255 255 255 255 255 255 255 255 255 255 255 255 255 255 255 255 255 255 255 255 255 255 255 255 255 255 255 255 255 255 255 255 255 255 255 255 255 255 255 255 255 157 150 152 161 156 136 122 126 123 139 150 157 156 138 139 153 150 137 142 140 134 135 133 119 107 126 146 149 134 128 134 128 123 129 137 132 119 103 76 58 53 50 53 59 60 66 86 103 124 140 151 156
255 255 255 255 255 255 255 255 255 255 255 255 255 255 255 255 255 255 255 255 255 255 255 255 255 255 255 255 255 255 255 255 255 255 255 255 255 255 255 255 255 156 157 148 143 156 158 133 122 133 130 139 145 150 153 141 141 152 152 137 140 143 135 125 120 127 133 145 148 151 136 124 125 117 112 117 123 111 97 78 57 51 52 52 51 57 73 78 87 109 127 140 145 154
255 255 255 255 255 255 255 255 255 255 255 255 255 255 255 255 255 255 255 255 255 255 255 255 255 255 255 255 255 255 255 255 255 255 255 255 255 255 255 255 154 148 149 143 134 143 149 129 122 132 132 141 147 144 149 148 142 147 151 144 144 153 149 131 122 130 140 152 148 143 129 113 99 95 115 121 105 85 77 61 49 53 54 54 60 62 87 97 92 114 133 147 145 145
255 255 255 255 255 255 255 255 255 255 255 255 255 255 255 255 255 255 255 255 255 255 255 255 255 255 255 255 255 255 255 255 255 255 255 255 255 255 255 255 145 128 125 138 142 141 142 139 138 138 144 148 149 145 144 144 140 144 149 144 143 151 153 141 138 137 135 147 145 142 128 98 74 77 110 122 97 67 61 57 48 56 54 52 68 79 102 117 112 122 135 149 147 146
255 255 255 255 255 255 255 255 255 255 255 255 255 255 255 255 255 255 255 255 255 255 255 255 255 255 255 255 255 255 255 255 255 255 255 255 255 255 255 126 101 89 95 122 137 127 120 130 143 143 147 151 146 145 144 140 139 145 152 147 150 149 145 136 136 141 136 144 141 143 127 91 68 69 88 101 93 68 54 54 52 55 55 63 81 105 120 125 128 137 139 141 133 131
255 255 255 255 255 255 255 255 255 255 255 255 255 255 255 255 255 255 255 255 255 255 255 255 255 255 255 255 255 255 255 255 255 255 255 255 255 255 145 106 79 92 113 132 139 118 108 123 141 143 144 144 135 138 142 144 141 142 150 150 154 154 145 131 127 138 139 141 142 145 134 117 95 86 90 90 80 70 59 52 49 54 72 86 89 112 132 135 132 145 146 131 114 109
255 255 255 255 255 255 255 255 255 255 255 255 255 255 255 255 255 255 255 255 255 255 255 255 255 255 255 255 255 255 255 255 255 255 255 255 255 157 145 118 116 136 147 152 156 144 136 142 150 149 149 137 120 128 141 146 144 142 146 150 153 159 150 133 124 129 135 129 135 137 128 128 120 105 101 90 76 67 62 55 54 68 92 98 101 111 128 142 137 136 136 130 117 107
255 255 255 255 255 255 255 255 255 255 255 255 255 255 255 255 255 255 255 255 255 255 255 255 255 255 255 255 255 255 255 255 255 255 255 255 255 154 145 134 141 153 158 155 156 153 152 146 147 151 154 145 126 129 147 152 152 147 141 146 149 153 147 139 130 125 131 129 131 136 129 125 122 110 95 79 66 63 60 57 66 93 116 115 114 101 102 119 135 128 130 137 133 124
255 255 255 255 255 255 255 255 255 255 255 255 255 255 255 255 255 255 255 255 255 255 255 255 255 255 255 255 255 255 255 255 255 255 255 255 152 150 155 156 156 156 160 159 158 157 159 151 148 152 159 153 139 140 151 157 160 153 140 142 147 144 136 144 144 128 131 141 141 142 138 123 112 100 88 75 67 62 59 64 93 117 127 127 119 101 98 112 138 133 122 132 140 144
255 255 255 255 255 255 255 255 255 255 255 255 255 255 255 255 255 255 255 255 255 255 255 255 255 255 255 255 255 255 255 255 255 255 255 163 159 155 162 169 169 167 163 158 159 158 157 157 156 154 156 148 135 141 150 155 156 149 140 142 145 145 133 139 149 147 142 143 146 146 139 122 103 86 79 70 67 69 75 89 121 135 134 130 126 123 122 128 139 137 123 125 134 144
255 255 255 255 255 255 255 255 255 255 255 255 255 255 255 255 255 255 255 255 255 255 255 255 255 255 255 255 255 255 255 255 255 255 166 165 169 166 161 165 169 172 167 159 158 158 155 153 159 156 150 138 125 140 156 159 152 140 136 141 143 142 129 133 145 150 145 139 139 145 139 121 104 85 71 61 64 74 91 111 129 133 135 137 133 136 135 133 138 139 133 130 128 138
255 255 255 255 255 255 255 255 255 255 255 255 255 255 255 255 255 255 255 255 255 255 255 255 255 255 255 255 255 255 255 255 255 255 165 165 169 172 164 164 164 167 167 168 168 169 162 151 157 152 138 132 128 142 155 159 152 141 136 141 150 150 143 142 148 150 148 146 146 145 134 118 107 82 62 59 75 93 109 130 134 125 124 134 135 139 139 127 130 142 135 135 131 136
255 255 255 255 255 255 255 255 255 255 255 255 255 255 255 255 255 255 255 255 255 255 255 255 255 255 255 255 255 255 255 255 255 162 160 163 167 174 170 166 161 162 166 166 167 173 172 159 156 148 137 135 134 144 151 151 144 138 137 138 145 152 149 153 155 154 154 159 156 143 128 119 106 87 70 68 92 116 122 130 129 131 134 131 136 139 141 123 116 131 130 131 130 129
255 255 255 255 255 255 255 255 255 255 255 255 255 255 255 255 255 255 255 255 255 255 255 255 255 255 255 255 255 255 255 255 162 157 158 162 165 168 173 171 165 161 163 168 166 166 171 172 164 150 146 144 138 142 147 141 132 132 139 133 131 146 150 155 152 144 145 148 144 137 124 115 105 93 83 83 101 116 123 123 116 126 137 135 136 130 135 131 122 130 131 130 130 130
255 255 255 255 255 255 255 255 255 255 255 255 255 255 255 255 255 255 255 255 255 255 255 255 255 255 255 255 255 255 255 166 164 162 162 166 167 164 167 170 170 165 161 167 171 168 167 169 163 156 149 147 146 135 134 131 127 125 135 136 130 140 146 153 153 145 141 141 135 130 119 114 106 97 95 101 116 112 116 129 125 121 130 135 132 122 127 137 136 142 141 137 132 131
255 255 255 255 255 255 255 255 255 255 255 255 255 255 255 255 255 255 255 255 255 255 255 255 255 255 255 255 255 255 255 166 164 164 162 163 166 168 163 159 162 165 164 162 166 170 169 163 152 155 156 151 144 119 109 119 124 125 134 145 141 142 145 148 154 152 138 131 129 126 114 115 110 111 127 137 135 124 125 133 127 123 132 129 124 124 131 140 142 144 144 145 138 134
255 255 255 255 255 255 255 255 255 255 255 255 255 255 255 255 255 255 255 255 255 255 255 255 255 255 255 255 255 255 166 168 166 166 168 166 166 170 170 162 160 164 169 166 170 170 162 162 151 144 147 141 118 97 104 123 127 123 127 140 145 143 141 144 144 144 130 123 121 122 116 111 109 120 145 156 144 138 137 135 132 131 134 132 124 118 127 140 138 142 142 141 135 129
255 255 255 255 255 255 255 255 255 255 255 255 255 255 255 255 255 255 255 255 255 255 255 255 255 255 255 255 255 168 167 168 165 165 168 165 167 171 173 172 166 164 168 166 164 168 162 146 133 129 137 135 107 95 108 122 120 116 123 130 131 137 135 137 130 131 128 126 114 108 113 115 122 133 143 149 142 134 128 133 141 131 129 136 132 117 118 135 134 136 137 136 138 136
255 255 255 255 255 255 255 255 255 255 255 255 255 255 255 255 255 255 255 255 255 255 255 255 255 255 255 255 255 163 164 162 164 164 162 163 170 170 172 177 176 172 168 166 157 155 154 127 108 119 131 130 117 112 107 104 103 111 129 130 120 135 134 125 124 125 120 121 112 105 112 118 133 142 134 133 134 127 118 122 135 134 134 135 134 115 106 130 137 129 136 144 139 135
255 255 255 255 255 255 255 255 255 255 255 255 255 255 255 255 255 255 255 255 255 255 255 255 255 255 255 255 157 157 158 157 160 163 163 163 166 168 169 168 173 174 167 165 161 148 140 113 100 124 139 139 141 142 128 117 113 120 138 135 117 121 121 111 119 128 116 110 116 118 123 131 132 133 131 129 128 129 130 123 131 136 136 138 139 110 91 110 130 129 131 135 129 128
255 255 255 255 255 255 255 255 255 255 255 255 255 255 255 255 255 255 255 255 255 255 255 255 255 255 255 255 150 146 155 162 164 162 166 171 168 164 166 166 169 169 164 164 159 141 127 99 91 120 145 148 149 156 143 133 132 131 141 135 111 101 108 111 117 125 109 104 123 132 136 137 125 125 132 135 131 126 135 126 132 139 139 141 133 107 96 109 125 136 137 127 114 121
