example/E5 - XRays/X-ray-tomography/rastert_juap15.txt
ncols         356
nrows         356
xllcorner     -0.5
yllcorner     -355.5
cellsize      1
NODATA_value  -9999
[rows 42 to 83 of 356, columns 0 to 93 of 356]
255 255 255 255 255 255 255 255 255 255 255 255 255 255 255 255 255 255 255 255 255 255 255 255 255 255 255 255 255 255 255 255 255 255 255 255 255 255 255 255 255 255 255 255 255 255 255 255 255 255 255 255 255 255 255 255 255 255 255 255 255 255 255 160 155 155 156 160 158 155 154 156 159 157 153 154 151 148 151 154 156 147 131 134 143 135 136 138 142 142 138 143 142 142
255 255 255 255 255 255 255 255 255 255 255 255 255 255 255 255 255 255 255 255 255 255 255 255 255 255 255 255 255 255 255 255 255 255 255 255 255 255 255 255 255 255 255 255 255 255 255 255 255 255 255 255 255 255 255 255 255 255 255 255 255 255 152 159 162 162 158 165 165 160 155 154 159 159 154 154 152 148 155 157 156 152 134 132 144 149 152 140 139 145 142 136 132 139
255 255 255 255 255 255 255 255 255 255 255 255 255 255 255 255 255 255 255 255 255 255 255 255 255 255 255 255 255 255 255 255 255 255 255 255 255 255 255 255 255 255 255 255 255 255 255 255 255 255 255 255 255 255 255 255 255 255 255 255 255 152 149 152 163 165 163 163 163 164 162 159 157 157 155 157 158 156 161 160 155 149 137 135 140 146 152 146 140 141 140 134 127 134
255 255 255 255 255 255 255 255 255 255 255 255 255 255 255 255 255 255 255 255 255 255 255 255 255 255 255 255 255 255 255 255 255 255 255 255 255 255 255 255 255 255 255 255 255 255 255 255 255 255 255 255 255 255 255 255 255 255 255 255 143 147 156 155 164 167 171 169 165 164 162 162 159 153 155 155 156 157 157 154 155 151 141 133 135 140 140 140 138 137 138 140 136 134
255 255 255 255 255 255 255 255 255 255 255 255 255 255 255 255 255 255 255 255 255 255 255 255 255 255 255 255 255 255 255 255 255 255 255 255 255 255 255 255 255 255 255 255 255 255 255 255 255 255 255 255 255 255 255 255 255 255 158 152 149 153 160 159 162 162 167 168 168 166 164 165 163 159 160 160 155 158 157 156 162 160 141 123 131 138 137 139 140 137 138 145 143 134
255 255 255 255 255 255 255 255 255 255 255 255 255 255 255 255 255 255 255 255 255 255 255 255 255 255 255 255 255 255 255 255 255 255 255 255 255 255 255 255 255 255 255 255 255 255 255 255 255 255 255 255 255 255 255 255 255 155 154 151 156 163 162 159 162 157 161 165 165 168 170 168 163 162 160 163 160 159 158 154 157 153 134 122 136 139 139 141 146 142 137 142 143 135
255 255 255 255 255 255 255 255 255 255 255 255 255 255 255 255 255 255 255 255 255 255 255 255 255 255 255 255 255 255 255 255 255 255 255 255 255 255 255 255 255 255 255 255 255 255 255 255 255 255 255 255 255 255 255 255 154 156 156 151 154 160 161 160 166 163 163 166 167 166 170 172 169 166 158 163 164 163 158 151 157 153 137 133 139 138 142 135 138 143 139 141 139 140
255 255 255 255 255 255 255 255 255 255 255 255 255 255 255 255 255 255 255 255 255 255 255 255 255 255 255 255 255 255 255 255 255 255 255 255 255 255 255 255 255 255 255 255 255 255 255 255 255 255 255 255 255 255 255 155 146 153 162 157 155 162 160 158 161 160 164 166 168 167 169 173 171 167 157 156 161 165 161 153 162 163 146 136 116 114 132 131 126 136 142 146 138 139
255 255 255 255 255 255 255 255 255 255 255 255 255 255 255 255 255 255 255 255 255 255 255 255 255 255 255 255 255 255 255 255 255 255 255 255 255 255 255 255 255 255 255 255 255 255 255 255 255 255 255 255 255 255 156 151 144 148 161 157 154 162 162 165 165 160 163 167 166 167 168 169 166 163 156 156 160 166 167 163 166 163 149 134 100 102 129 138 134 138 145 143 140 140
255 255 255 255 255 255 255 255 255 255 255 255 255 255 255 255 255 255 255 255 255 255 255 255 255 255 255 255 255 255 255 255 255 255 255 255 255 255 255 255 255 255 255 255 255 255 255 255 255 255 255 255 255 160 156 153 146 143 156 160 153 158 161 166 167 164 163 170 165 163 167 168 164 162 161 159 157 160 163 163 167 161 150 139 115 116 133 141 147 142 147 140 142 147
255 255 255 255 255 255 255 255 255 255 255 255 255 255 255 255 255 255 255 255 255 255 255 255 255 255 255 255 255 255 255 255 255 255 255 255 255 255 255 255 255 255 255 255 255 255 255 255 255 255 255 255 148 153 157 153 146 140 147 154 155 154 161 165 166 162 161 167 167 166 165 165 165 163 170 165 159 160 162 158 160 158 152 144 131 126 130 133 148 144 144 142 143 147
255 255 255 255 255 255 255 255 255 255 255 255 255 255 255 255 255 255 255 255 255 255 255 255 255 255 255 255 255 255 255 255 255 255 255 255 255 255 255 255 255 255 255 255 255 255 255 255 255 255 255 156 140 139 152 156 147 146 151 150 153 152 157 165 169 165 164 165 164 167 166 165 171 167 171 169 161 161 164 162 157 154 157 151 133 123 131 125 135 142 139 137 143 148
255 255 255 255 255 255 255 255 255 255 255 255 255 255 255 255 255 255 255 255 255 255 255 255 255 255 255 255 255 255 255 255 255 255 255 255 255 255 255 255 255 255 255 255 255 255 255 255 255 255 158 155 144 142 150 153 146 146 150 150 146 145 148 155 160 164 162 166 161 164 167 160 170 169 164 163 164 159 157 161 160 156 157 153 126 112 137 135 132 140 141 141 141 139
255 255 255 255 255 255 255 255 255 255 255 255 255 255 255 255 255 255 255 255 255 255 255 255 255 255 255 255 255 255 255 255 255 255 255 255 255 255 255 255 255 255 255 255 255 255 255 255 255 155 151 150 143 144 150 150 153 150 146 149 144 144 144 152 158 165 165 164 158 159 165 162 164 169 163 154 156 157 156 160 164 164 160 157 136 123 143 148 141 142 147 153 146 134
255 255 255 255 255 255 255 255 255 255 255 255 255 255 255 255 255 255 255 255 255 255 255 255 255 255 255 255 255 255 255 255 255 255 255 255 255 255 255 255 255 255 255 255 255 255 255 255 153 151 148 145 135 134 145 148 156 157 149 150 149 142 135 144 155 163 165 158 157 160 164 166 159 158 155 155 154 158 160 163 167 169 165 157 150 145 147 149 146 143 144 154 151 143
255 255 255 255 255 255 255 255 255 255 255 255 255 255 255 255 255 255 255 255 255 255 255 255 255 255 255 255 255 255 255 255 255 255 255 255 255 255 255 255 255 255 255 255 255 255 255 157 144 143 150 151 141 135 138 147 158 158 151 151 153 146 136 140 151 158 163 160 156 157 163 161 155 159 153 153 158 156 153 159 160 156 156 150 154 152 150 154 147 142 143 150 151 144
255 255 255 255 255 255 255 255 255 255 255 255 255 255 255 255 255 255 255 255 255 255 255 255 255 255 255 255 255 255 255 255 255 255 255 255 255 255 255 255 255 255 255 255 255 255 157 155 144 140 150 154 151 147 135 140 148 146 147 150 150 143 135 138 152 156 152 156 158 153 157 156 152 159 161 154 161 160 156 157 154 146 145 148 152 148 152 156 146 141 142 145 146 139
255 255 255 255 255 255 255 255 255 255 255 255 255 255 255 255 255 255 255 255 255 255 255 255 255 255 255 255 255 255 255 255 255 255 255 255 255 255 255 255 255 255 255 255 255 255 156 154 151 143 146 151 151 152 147 144 144 144 150 156 147 135 135 141 148 156 151 150 157 155 156 161 155 156 165 155 158 161 157 153 152 150 144 147 150 143 146 155 147 143 140 138 138 138
255 255 255 255 255 255 255 255 255 255 255 255 255 255 255 255 255 255 255 255 255 255 255 255 255 255 255 255 255 255 255 255 255 255 255 255 255 255 255 255 255 255 255 255 255 151 153 152 147 141 141 147 146 144 149 150 146 145 148 156 151 137 136 146 150 155 154 152 154 151 149 160 160 159 165 158 155 156 152 148 151 147 144 145 142 135 136 145 142 139 141 142 140 146
255 255 255 255 255 255 255 255 255 255 255 255 255 255 255 255 255 255 255 255 255 255 255 255 255 255 255 255 255 255 255 255 255 255 255 255 255 255 255 255 255 255 255 255 153 148 150 149 142 143 143 142 147 143 145 148 144 146 146 150 147 132 129 145 152 146 148 149 149 150 144 150 160 165 167 164 160 152 148 153 154 143 141 150 145 137 134 135 135 133 134 140 140 146
255 255 255 255 255 255 255 255 255 255 255 255 255 255 255 255 255 255 255 255 255 255 255 255 255 255 255 255 255 255 255 255 255 255 255 255 255 255 255 255 255 255 255 156 150 150 153 149 140 143 149 144 145 144 145 146 140 140 146 149 149 142 132 142 152 142 137 139 140 147 145 144 149 161 168 163 158 154 149 151 152 141 133 141 147 138 131 133 133 130 129 135 144 147
255 255 255 255 255 255 255 255 255 255 255 255 255 255 255 255 255 255 255 255 255 255 255 255 255 255 255 255 255 255 255 255 255 255 255 255 255 255 255 255 255 255 157 161 159 154 155 153 144 146 153 149 148 148 146 143 137 141 149 147 151 152 142 143 147 140 136 142 141 137 136 132 134 152 161 155 156 160 151 144 148 146 135 133 142 143 135 136 134 129 130 136 149 151
255 255 255 255 255 255 255 255 255 255 255 255 255 255 255 255 255 255 255 255 255 255 255 255 255 255 255 255 255 255 255 255 255 255 255 255 255 255 255 255 255 157 152 157 157 153 158 162 154 148 152 147 144 147 147 145 146 149 155 151 153 153 146 144 142 136 138 150 151 143 136 132 135 146 155 151 150 151 150 145 144 142 133 125 127 136 139 138 137 134 135 137 149 153
255 255 255 255 255 255 255 255 255 255 255 255 255 255 255 255 255 255 255 255 255 255 255 255 255 255 255 255 255 255 255 255 255 255 255 255 255 255 255 255 159 157 154 150 146 143 149 157 158 150 149 150 146 142 143 140 149 154 158 156 156 157 153 146 142 139 141 153 155 150 144 138 135 139 154 156 152 151 151 149 148 143 135 132 128 127 135 133 130 132 143 148 150 150
255 255 255 255 255 255 255 255 255 255 255 255 255 255 255 255 255 255 255 255 255 255 255 255 255 255 255 255 255 255 255 255 255 255 255 255 255 255 255 255 151 150 153 152 140 131 141 151 149 144 142 146 143 134 131 131 142 148 158 163 156 154 157 151 145 143 144 151 154 152 147 142 141 141 144 148 150 150 149 147 150 147 143 138 134 131 136 131 117 121 146 153 153 154
255 255 255 255 255 255 255 255 255 255 255 255 255 255 255 255 255 255 255 255 255 255 255 255 255 255 255 255 255 255 255 255 255 255 255 255 255 255 255 125 137 139 136 145 136 121 131 139 130 130 133 130 128 125 122 130 143 143 155 165 161 154 154 152 145 144 151 154 153 152 145 143 146 149 136 130 138 144 149 147 150 147 144 137 130 126 135 141 125 121 147 154 153 150
255 255 255 255 255 255 255 255 255 255 255 255 255 255 255 255 255 255 255 255 255 255 255 255 255 255 255 255 255 255 255 255 255 255 255 255 255 255 75 73 114 138 135 141 143 135 138 142 139 141 141 130 121 124 127 133 141 136 147 158 158 159 155 150 137 139 151 151 149 150 141 139 142 148 139 130 135 140 146 145 150 150 148 142 134 127 129 137 138 137 148 146 146 145
255 255 255 255 255 255 255 255 255 255 255 255 255 255 255 255 255 255 255 255 255 255 255 255 255 255 255 255 255 255 255 255 255 255 255 255 255 93 55 61 110 144 147 148 151 145 144 148 149 133 134 140 130 134 143 143 143 140 149 152 146 158 156 148 140 146 152 152 150 146 144 149 147 145 142 135 133 132 139 137 143 147 146 145 137 135 133 133 141 140 143 138 133 133
255 255 255 255 255 255 255 255 255 255 255 255 255 255 255 255 255 255 255 255 255 255 255 255 255 255 255 255 255 255 255 255 255 255 255 255 255 118 104 116 137 148 155 157 155 146 134 129 127 108 117 147 148 145 149 140 143 148 148 146 143 158 158 155 148 149 144 151 154 140 132 139 137 135 139 136 137 132 130 131 139 143 139 145 140 137 138 137 145 137 134 129 130 133
255 255 255 255 255 255 255 255 255 255 255 255 255 255 255 255 255 255 255 255 255 255 255 255 255 255 255 255 255 255 255 255 255 255 255 255 154 148 146 155 157 157 158 157 152 147 130 109 104 101 111 140 153 151 148 133 136 147 144 139 143 161 164 163 154 151 147 151 153 140 131 127 118 125 142 138 131 126 129 132 136 141 143 142 142 137 139 142 144 133 129 123 132 147
255 255 255 255 255 255 255 255 255 255 255 255 255 255 255 255 255 255 255 255 255 255 255 255 255 255 255 255 255 255 255 255 255 255 255 159 161 158 155 161 161 157 152 156 156 148 138 120 115 120 130 140 150 154 147 127 127 136 139 134 133 153 160 159 157 156 158 159 153 138 131 131 123 123 138 136 131 137 141 145 141 140 146 142 146 140 143 150 149 138 139 132 139 153
255 255 255 255 255 255 255 255 255 255 255 255 255 255 255 255 255 255 255 255 255 255 255 255 255 255 255 255 255 255 255 255 255 255 165 163 164 163 161 163 164 163 159 156 158 154 149 142 139 142 147 146 146 155 151 134 128 125 133 138 133 146 161 160 158 159 160 159 155 150 134 129 134 125 125 128 135 147 150 157 151 140 140 142 149 147 147 143 147 145 141 136 147 154
255 255 255 255 255 255 255 255 255 255 255 255 255 255 255 255 255 255 255 255 255 255 255 255 255 255 255 255 255 255 255 255 255 255 167 170 168 164 167 167 165 167 166 162 160 157 152 149 150 149 147 144 145 149 154 148 144 129 126 135 136 142 154 164 160 166 164 158 159 162 149 137 136 129 121 134 145 149 150 154 152 143 140 143 145 147 146 136 143 151 144 135 145 149
255 255 255 255 255 255 255 255 255 255 255 255 255 255 255 255 255 255 255 255 255 255 255 255 255 255 255 255 255 255 255 255 255 165 169 174 171 162 164 168 166 168 169 168 167 161 151 147 154 149 147 143 146 142 145 146 144 139 133 134 137 138 145 162 161 165 166 165 162 160 155 147 137 128 128 144 148 143 148 146 148 148 140 141 148 147 145 141 143 146 148 136 135 144
255 255 255 255 255 255 255 255 255 255 255 255 255 255 255 255 255 255 255 255 255 255 255 255 255 255 255 255 255 255 255 255 151 156 161 166 173 168 163 164 166 168 170 173 171 164 160 160 157 139 139 147 154 149 142 146 138 134 139 138 137 139 142 158 164 162 163 168 166 160 152 139 135 134 137 148 152 139 143 146 147 148 142 134 145 151 146 142 135 133 144 137 132 135
255 255 255 255 255 255 255 255 255 255 255 255 255 255 255 255 255 255 255 255 255 255 255 255 255 255 255 255 255 255 255 159 157 160 165 166 171 171 168 167 170 171 167 169 170 171 167 166 157 138 143 150 160 157 143 148 143 132 136 137 135 135 141 149 160 168 167 164 163 159 152 137 131 140 143 138 142 139 140 140 144 144 145 138 142 151 144 142 131 129 139 134 132 124
255 255 255 255 255 255 255 255 255 255 255 255 255 255 255 255 255 255 255 255 255 255 255 255 255 255 255 255 255 255 255 158 161 164 169 171 171 167 169 168 167 170 168 170 166 171 167 164 159 152 156 151 152 147 132 138 143 133 130 132 129 123 134 145 148 154 156 158 157 153 145 138 127 135 144 138 132 135 138 136 135 131 136 140 136 138 133 134 132 139 137 127 134 128
255 255 255 255 255 255 255 255 255 255 255 255 255 255 255 255 255 255 255 255 255 255 255 255 255 255 255 255 255 255 163 161 162 164 166 172 172 168 168 169 164 166 169 174 168 169 168 163 158 153 151 141 141 144 142 140 138 132 131 137 137 131 133 143 145 140 134 145 149 144 138 134 128 119 120 133 131 126 130 140 132 121 127 139 136 126 128 137 135 140 140 126 133 137
255 255 255 255 255 255 255 255 255 255 255 255 255 255 255 255 255 255 255 255 255 255 255 255 255 255 255 255 255 160 165 165 164 167 162 167 170 167 168 172 170 165 166 173 169 169 171 164 154 148 145 139 133 133 145 149 142 137 134 136 141 142 131 133 143 146 135 136 142 136 136 132 135 128 117 127 129 124 133 151 145 133 127 130 138 125 123 141 141 134 143 138 137 137
255 255 255 255 255 255 255 255 255 255 255 255 255 255 255 255 255 255 255 255 255 255 255 255 255 255 255 255 255 159 168 170 171 174 168 165 168 166 164 170 177 176 173 175 175 171 167 164 152 143 142 140 131 123 134 141 142 138 126 122 118 111 111 120 133 146 141 136 138 126 133 139 141 140 132 136 139 132 134 146 148 140 120 108 126 129 128 141 148 137 137 140 138 141
255 255 255 255 255 255 255 255 255 255 255 255 255 255 255 255 255 255 255 255 255 255 255 255 255 255 255 255 151 151 161 167 173 175 174 170 169 170 167 169 175 176 180 174 174 177 169 161 145 140 150 153 137 120 124 128 135 135 131 125 101 82 99 118 126 142 139 130 130 109 121 146 149 149 139 138 142 137 136 137 139 131 122 110 112 122 133 138 148 147 138 136 135 135
255 255 255 255 255 255 255 255 255 255 255 255 255 255 255 255 255 255 255 255 255 255 255 255 255 255 255 255 155 155 161 162 169 170 171 175 175 171 166 167 173 173 179 175 168 169 161 150 139 135 150 155 141 128 123 124 135 137 138 135 109 93 112 130 135 142 140 134 130 111 121 148 154 150 144 137 136 137 135 131 135 131 131 132 125 125 138 138 145 154 139 126 128 129
