example/E5 - XRays/X-ray-tomography/rastert_juap08.txt
ncols         356
nrows         356
xllcorner     -0.5
yllcorner     -355.5
cellsize      1
NODATA_value  -9999
[rows 252 to 293 of 356, columns 0 to 93 of 356]
255 255 255 255 255 255 255 255 255 255 255 255 255 255 255 255 255 158 154 150 152 153 150 150 151 153 150 151 159 164 159 161 163 152 140 146 156 155 143 122 116 138 155 162 161 155 156 156 158 160 160 157 161 168 170 168 164 165 157 151 134 108 112 133 152 159 153 150 152 149 148 150 151 153 150 149 149 149 144 147 145 149 143 116 94 101 128 145 143 145 139 140 141 142
255 255 255 255 255 255 255 255 255 255 255 255 255 255 255 255 255 255 153 148 148 150 148 144 147 149 143 147 162 166 164 163 158 143 142 152 160 166 152 128 131 149 162 163 155 156 157 159 161 157 158 154 158 165 164 164 164 162 154 151 140 128 140 150 150 151 156 156 150 148 146 147 154 153 147 149 148 145 140 139 132 140 129 98 80 95 128 149 132 131 126 120 125 130
255 255 255 255 255 255 255 255 255 255 255 255 255 255 255 255 255 255 160 155 155 155 154 150 147 147 143 151 165 161 158 161 154 136 140 146 152 154 140 127 142 151 151 147 147 153 155 158 155 151 157 158 159 160 155 156 156 154 153 150 137 134 145 149 151 150 155 156 151 152 143 136 148 149 146 154 152 144 132 128 136 141 121 103 108 123 142 145 127 129 126 123 124 139
255 255 255 255 255 255 255 255 255 255 255 255 255 255 255 255 255 255 255 156 157 151 149 155 152 150 149 156 162 158 156 155 146 131 136 148 152 144 140 140 148 152 154 147 148 152 152 153 155 158 160 157 156 151 139 144 158 164 152 148 139 134 143 150 151 150 150 153 151 148 142 143 151 155 159 162 149 136 112 110 137 138 120 121 138 144 146 142 130 139 130 128 138 155
255 255 255 255 255 255 255 255 255 255 255 255 255 255 255 255 255 255 255 155 158 151 149 157 156 153 151 152 155 158 155 150 146 138 138 147 151 149 152 150 146 149 153 148 151 151 149 151 154 155 152 150 146 135 126 134 151 153 144 146 146 146 155 160 159 151 143 145 145 149 149 153 156 162 165 158 147 138 119 117 135 137 128 137 154 145 139 142 141 143 131 134 151 164
255 255 255 255 255 255 255 255 255 255 255 255 255 255 255 255 255 255 255 255 159 154 159 162 156 155 155 151 148 153 148 145 147 148 151 148 148 155 151 148 150 151 145 140 137 134 149 159 159 154 148 145 136 131 123 122 141 148 148 145 146 153 158 153 153 155 148 143 146 155 149 152 153 159 163 161 155 152 125 109 126 142 142 146 155 147 140 142 142 136 129 138 156 162
255 255 255 255 255 255 255 255 255 255 255 255 255 255 255 255 255 255 255 255 163 160 158 153 149 150 151 147 146 154 152 152 153 146 145 145 149 155 148 148 146 142 141 147 139 134 149 154 156 151 141 135 133 132 125 130 148 152 151 149 151 151 146 142 145 140 128 132 150 160 151 159 167 164 164 167 161 163 141 116 130 148 156 152 159 156 136 137 140 131 125 138 155 164
255 255 255 255 255 255 255 255 255 255 255 255 255 255 255 255 255 255 255 255 255 154 152 153 160 158 154 150 157 162 156 153 151 145 146 149 151 155 153 147 129 130 145 157 147 142 151 157 160 156 146 138 135 133 139 151 155 154 150 154 159 161 151 139 133 118 114 134 158 159 149 155 163 161 162 162 156 162 159 139 142 155 158 155 161 158 143 139 145 141 140 146 154 165
255 255 255 255 255 255 255 255 255 255 255 255 255 255 255 255 255 255 255 255 255 158 163 164 161 154 153 154 159 159 153 152 150 146 146 149 153 159 156 137 113 127 146 152 149 151 152 156 159 160 155 145 141 146 149 152 153 151 143 153 165 162 155 147 134 123 138 147 148 150 152 154 155 156 160 159 158 167 162 145 143 151 151 150 156 145 128 126 142 149 146 139 147 158
255 255 255 255 255 255 255 255 255 255 255 255 255 255 255 255 255 255 255 255 255 255 157 155 152 153 155 156 153 152 150 151 151 149 150 154 157 157 157 146 130 144 154 155 153 147 153 154 143 145 150 143 141 148 147 151 149 140 145 160 165 167 164 154 142 136 157 153 148 157 162 159 154 152 157 166 163 167 154 146 146 151 147 146 155 127 97 111 149 160 155 151 159 164
255 255 255 255 255 255 255 255 255 255 255 255 255 255 255 255 255 255 255 255 255 255 155 156 159 164 158 154 150 147 148 152 154 152 156 158 150 147 157 160 157 156 155 156 151 145 154 150 143 152 150 142 141 146 153 155 141 134 148 161 164 166 161 155 150 143 150 151 150 145 140 144 147 143 143 153 151 153 145 141 138 143 146 141 143 139 129 122 140 153 153 154 155 157
255 255 255 255 255 255 255 255 255 255 255 255 255 255 255 255 255 255 255 255 255 255 255 160 157 158 156 160 162 160 160 162 158 154 160 157 148 149 161 163 166 165 156 152 150 151 152 149 151 157 147 142 144 149 154 149 141 141 147 157 165 164 160 161 150 137 139 149 152 136 121 131 142 141 136 137 144 150 141 139 142 140 130 115 127 149 150 137 133 140 147 149 148 152
255 255 255 255 255 255 255 255 255 255 255 255 255 255 255 255 255 255 255 255 255 255 255 158 154 156 159 162 164 163 160 156 152 151 155 151 151 154 159 160 162 162 153 151 153 157 156 153 151 150 147 146 142 144 149 151 149 147 147 154 163 165 161 159 135 112 108 123 136 121 109 127 131 134 136 132 130 135 138 145 147 143 127 116 139 155 153 151 147 142 145 153 152 151
255 255 255 255 255 255 255 255 255 255 255 255 255 255 255 255 255 255 255 255 255 255 255 255 157 158 158 159 164 165 158 149 149 152 154 153 152 146 143 145 152 151 152 152 149 154 154 152 151 146 143 144 142 146 150 154 145 141 148 154 165 169 157 151 124 94 82 92 113 110 115 135 134 135 133 122 113 124 141 153 149 152 143 134 152 159 157 157 150 140 142 147 149 151
255 255 255 255 255 255 255 255 255 255 255 255 255 255 255 255 255 255 255 255 255 255 255 255 255 163 164 164 163 160 151 145 149 154 156 155 152 147 139 134 139 139 147 144 138 148 151 147 152 150 142 135 137 141 145 152 145 147 154 153 159 160 152 143 121 107 104 113 132 128 122 129 128 124 122 127 127 131 145 150 143 149 150 148 156 153 148 154 149 145 148 147 150 148
255 255 255 255 255 255 255 255 255 255 255 255 255 255 255 255 255 255 255 255 255 255 255 255 255 159 162 158 154 155 150 149 157 159 150 141 144 150 143 144 145 142 146 147 148 155 151 142 141 142 139 134 138 138 142 153 158 160 151 143 145 143 140 135 130 134 130 141 150 137 125 118 120 128 128 135 137 138 144 146 139 133 137 149 157 156 148 149 150 154 151 146 153 147
255 255 255 255 255 255 255 255 255 255 255 255 255 255 255 255 255 255 255 255 255 255 255 255 255 255 153 149 151 152 149 156 163 153 145 139 142 149 148 153 149 150 151 147 147 154 151 142 137 134 139 143 144 138 138 145 155 152 137 136 142 143 142 139 138 141 129 133 135 130 126 122 129 144 146 144 141 143 151 155 150 140 138 151 156 149 144 150 152 153 151 146 144 140
255 255 255 255 255 255 255 255 255 255 255 255 255 255 255 255 255 255 255 255 255 255 255 255 255 255 154 152 153 151 154 160 157 151 149 142 145 152 156 153 146 148 145 134 135 143 143 142 142 144 146 151 149 141 143 141 135 132 131 140 145 139 138 137 137 132 118 102 97 106 124 136 147 157 160 161 159 161 166 158 157 161 154 156 157 147 140 144 151 154 150 143 135 144
255 255 255 255 255 255 255 255 255 255 255 255 255 255 255 255 255 255 255 255 255 255 255 255 255 255 255 157 157 155 156 156 149 147 143 141 150 155 156 149 149 152 150 141 138 140 140 139 146 154 150 149 144 143 149 143 130 128 136 146 150 144 138 135 136 133 114 90 89 105 136 158 166 169 168 164 162 159 159 156 165 170 162 158 155 143 139 143 148 144 141 137 138 149
255 255 255 255 255 255 255 255 255 255 255 255 255 255 255 255 255 255 255 255 255 255 255 255 255 255 255 255 153 154 151 149 147 144 151 156 160 162 160 159 160 153 147 144 141 134 132 138 151 152 147 150 149 145 146 142 137 141 143 145 149 148 139 139 144 138 121 120 133 139 150 161 158 160 166 160 149 147 153 163 170 170 164 164 162 148 139 140 140 136 145 144 145 153
255 255 255 255 255 255 255 255 255 255 255 255 255 255 255 255 255 255 255 255 255 255 255 255 255 255 255 255 151 154 150 147 150 150 158 161 163 163 161 163 159 148 139 142 141 137 137 143 143 142 140 147 153 151 150 146 148 152 147 151 151 142 133 144 143 135 140 148 152 153 157 151 134 137 155 157 148 151 154 155 158 162 167 172 168 157 144 139 139 138 145 151 158 162
255 255 255 255 255 255 255 255 255 255 255 255 255 255 255 255 255 255 255 255 255 255 255 255 255 255 255 255 255 151 148 151 154 153 160 164 167 163 158 156 149 142 139 140 140 148 149 148 143 145 147 152 156 148 144 144 152 157 153 156 150 136 133 141 135 130 139 144 151 152 155 141 123 133 155 156 153 157 155 157 161 162 160 161 162 161 154 150 143 143 144 153 164 168
255 255 255 255 255 255 255 255 255 255 255 255 255 255 255 255 255 255 255 255 255 255 255 255 255 255 255 255 255 152 157 158 156 154 156 160 161 156 150 142 135 139 144 145 146 157 154 153 149 149 151 151 151 146 140 139 148 152 150 154 148 140 139 146 153 148 142 140 145 150 157 154 145 145 153 150 155 158 154 155 153 152 156 162 167 164 158 156 150 151 146 151 155 158
255 255 255 255 255 255 255 255 255 255 255 255 255 255 255 255 255 255 255 255 255 255 255 255 255 255 255 255 255 255 166 160 156 153 157 157 151 145 141 135 133 139 147 149 153 161 155 151 145 145 145 143 148 151 144 144 154 153 148 150 146 150 158 161 163 156 149 148 151 155 163 164 161 155 154 157 154 150 162 167 153 151 159 166 163 157 161 156 154 149 145 150 147 143
255 255 255 255 255 255 255 255 255 255 255 255 255 255 255 255 255 255 255 255 255 255 255 255 255 255 255 255 255 255 255 157 153 153 158 150 138 135 137 140 142 145 150 148 155 162 163 156 147 147 144 141 145 145 141 146 152 150 149 145 143 151 159 158 156 155 156 153 151 155 160 161 163 156 158 157 143 148 169 175 164 160 159 165 164 164 166 160 157 145 144 146 141 140
255 255 255 255 255 255 255 255 255 255 255 255 255 255 255 255 255 255 255 255 255 255 255 255 255 255 255 255 255 255 255 156 149 152 151 141 138 140 140 142 146 150 153 154 157 156 159 156 148 149 144 141 146 147 143 145 146 147 145 140 147 159 159 159 154 153 157 155 152 156 154 159 169 167 164 159 154 163 171 167 162 167 168 172 169 168 156 151 155 150 147 155 155 153
255 255 255 255 255 255 255 255 255 255 255 255 255 255 255 255 255 255 255 255 255 255 255 255 255 255 255 255 255 255 255 255 152 155 148 145 148 147 145 147 153 159 156 157 156 151 153 154 147 150 149 152 155 154 153 153 151 144 137 134 141 147 144 152 153 151 155 157 155 158 158 166 171 174 167 159 159 161 166 161 159 169 174 174 166 160 155 155 158 155 159 169 161 163
255 255 255 255 255 255 255 255 255 255 255 255 255 255 255 255 255 255 255 255 255 255 255 255 255 255 255 255 255 255 255 255 255 153 142 145 146 145 148 153 159 159 154 151 144 145 146 143 142 147 146 151 150 150 155 155 158 147 137 128 129 136 146 156 150 151 158 162 160 160 161 167 165 168 171 160 146 149 154 146 146 165 174 168 159 152 160 165 160 156 165 171 163 166
255 255 255 255 255 255 255 255 255 255 255 255 255 255 255 255 255 255 255 255 255 255 255 255 255 255 255 255 255 255 255 255 255 255 144 141 147 151 153 154 152 148 145 144 140 145 145 140 148 149 147 151 147 147 158 161 153 147 142 134 134 143 153 152 143 153 160 167 163 153 156 165 170 174 171 147 122 119 129 137 150 162 165 162 158 153 159 165 158 153 158 164 161 161
255 255 255 255 255 255 255 255 255 255 255 255 255 255 255 255 255 255 255 255 255 255 255 255 255 255 255 255 255 255 255 255 255 255 151 147 156 157 155 153 152 150 149 152 151 152 146 142 144 140 151 157 148 146 157 154 146 146 145 137 139 147 150 154 154 164 164 164 159 149 154 159 168 172 157 137 112 102 118 132 150 156 157 161 159 155 156 163 163 166 164 160 161 166
255 255 255 255 255 255 255 255 255 255 255 255 255 255 255 255 255 255 255 255 255 255 255 255 255 255 255 255 255 255 255 255 255 255 255 152 151 150 153 155 160 160 156 153 149 150 144 139 139 143 154 156 148 148 151 144 146 151 151 148 149 151 155 156 155 161 162 158 156 156 157 153 156 160 148 142 122 112 133 144 151 150 151 154 153 160 162 163 166 173 166 162 160 159
255 255 255 255 255 255 255 255 255 255 255 255 255 255 255 255 255 255 255 255 255 255 255 255 255 255 255 255 255 255 255 255 255 255 255 255 152 155 159 160 157 151 149 144 145 154 153 146 144 152 155 151 144 147 144 141 147 158 156 150 152 155 153 150 152 152 153 149 144 143 149 154 149 151 144 142 141 144 152 151 152 146 156 163 157 161 159 161 171 172 164 157 152 150
255 255 255 255 255 255 255 255 255 255 255 255 255 255 255 255 255 255 255 255 255 255 255 255 255 255 255 255 255 255 255 255 255 255 255 255 255 160 159 158 151 148 147 138 145 160 161 152 146 155 153 144 138 144 147 150 152 154 155 155 158 156 148 153 158 154 155 150 142 140 150 151 138 145 142 136 147 154 148 151 157 149 155 164 157 157 160 159 165 163 160 151 150 153
255 255 255 255 255 255 255 255 255 255 255 255 255 255 255 255 255 255 255 255 255 255 255 255 255 255 255 255 255 255 255 255 255 255 255 255 255 157 155 154 153 153 149 132 137 153 157 149 148 153 148 141 135 139 149 161 158 154 157 157 153 150 146 151 148 146 155 156 152 151 152 144 141 153 150 143 149 152 147 151 156 149 152 163 165 166 170 165 165 164 163 158 159 160
255 255 255 255 255 255 255 255 255 255 255 255 255 255 255 255 255 255 255 255 255 255 255 255 255 255 255 255 255 255 255 255 255 255 255 255 255 255 157 153 149 149 143 128 136 155 161 151 151 149 139 136 139 138 144 153 153 156 156 151 147 148 149 154 148 145 150 151 154 155 154 151 154 160 153 145 142 149 148 150 155 153 155 165 174 178 172 167 170 167 162 161 165 167
255 255 255 255 255 255 255 255 255 255 255 255 255 255 255 255 255 255 255 255 255 255 255 255 255 255 255 255 255 255 255 255 255 255 255 255 255 255 255 156 154 151 140 126 135 152 155 149 147 140 136 148 155 140 135 140 149 153 149 149 153 154 156 160 156 154 150 154 163 159 159 158 158 156 155 151 149 157 160 157 163 167 169 171 171 171 162 162 162 157 160 166 163 165
255 255 255 255 255 255 255 255 255 255 255 255 255 255 255 255 255 255 255 255 255 255 255 255 255 255 255 255 255 255 255 255 255 255 255 255 255 255 255 255 161 150 136 125 133 146 151 149 145 144 147 160 160 153 149 146 150 150 149 156 167 164 162 160 157 158 160 164 166 154 152 154 157 155 162 161 155 161 169 166 171 174 166 167 166 159 155 164 163 159 165 161 157 164
255 255 255 255 255 255 255 255 255 255 255 255 255 255 255 255 255 255 255 255 255 255 255 255 255 255 255 255 255 255 255 255 255 255 255 255 255 255 255 255 154 143 134 129 139 152 157 150 144 149 157 166 164 163 158 149 154 161 162 166 169 163 158 157 153 156 165 164 160 157 156 160 165 164 159 157 156 167 173 170 167 165 166 174 172 164 161 167 170 173 168 157 160 168
255 255 255 255 255 255 255 255 255 255 255 255 255 255 255 255 255 255 255 255 255 255 255 255 255 255 255 255 255 255 255 255 255 255 255 255 255 255 255 255 255 152 148 142 150 161 164 159 155 155 158 161 159 150 150 152 159 166 164 160 156 154 159 160 155 158 162 159 161 166 162 162 166 166 155 154 158 167 169 171 169 167 172 172 168 163 159 161 164 167 163 161 166 167
255 255 255 255 255 255 255 255 255 255 255 255 255 255 255 255 255 255 255 255 255 255 255 255 255 255 255 255 255 255 255 255 255 255 255 255 255 255 255 255 255 255 157 152 157 163 165 162 155 154 157 158 154 145 152 160 157 158 157 158 156 159 168 170 165 163 162 165 170 168 161 165 168 160 160 162 154 155 159 162 169 169 169 164 162 159 158 159 157 159 162 160 168 170
255 255 255 255 255 255 255 255 255 255 255 255 255 255 255 255 255 255 255 255 255 255 255 255 255 255 255 255 255 255 255 255 255 255 255 255 255 255 255 255 255 255 255 158 158 159 163 159 152 154 154 151 151 150 154 155 151 155 160 161 156 154 161 165 163 164 165 168 174 167 166 171 164 156 161 159 152 153 155 159 172 173 169 167 161 158 158 160 160 163 163 161 170 174
255 255 255 255 255 255 255 255 255 255 255 255 255 255 255 255 255 255 255 255 255 255 255 255 255 255 255 255 255 255 255 255 255 255 255 255 255 255 255 255 255 255 255 255 156 156 155 156 158 157 152 149 147 148 155 154 150 153 162 158 148 148 158 167 168 169 171 171 171 167 173 169 156 160 163 157 156 158 159 165 173 169 168 165 161 160 161 161 161 163 161 161 167 169
