example/E5 - XRays/X-ray-tomography/rastert_juap27.txt
ncols         356
nrows         356
xllcorner     -0.5
yllcorner     -355.5
cellsize      1
NODATA_value  -9999
[rows 252 to 293 of 356, columns 94 to 187 of 356]
129 131 133 122 122 135 144 162 147 126 140 146 144 130 132 138 143 149 142 142 150 163 160 165 163 157 149 141 145 152 150 145 150 148 142 127 133 146 134 149 150 146 150 159 165 169 158 143 141 142 146 154 149 142 142 121 113 146 169 150 144 146 148 147 148 138 144 146 140 152 151 143 136 125 150 161 156 162 165 161 149 154 152 148 163 157 152 148 154 155 147 149 148 144
121 129 133 137 141 144 146 164 166 146 142 148 144 124 131 143 150 150 147 149 150 156 154 155 150 149 149 140 145 160 158 147 155 157 147 134 145 148 128 139 142 147 147 149 159 162 157 149 155 145 138 140 141 137 143 136 131 144 157 148 136 126 131 138 141 138 144 143 144 158 158 158 143 128 142 152 164 171 172 172 161 159 160 155 151 138 143 152 159 161 158 160 158 153
106 127 134 135 140 146 147 154 146 138 136 143 146 131 132 142 148 146 150 156 150 143 142 142 141 141 143 146 156 161 159 152 153 153 157 156 148 148 153 156 144 142 146 155 157 152 155 154 157 148 146 142 143 139 142 146 147 139 133 138 133 109 112 135 141 134 139 136 142 152 154 163 141 114 122 157 166 158 165 173 167 164 171 174 157 133 141 148 160 173 166 160 150 145
112 125 127 117 132 155 158 156 141 134 139 146 149 145 138 143 152 153 149 146 141 132 129 133 145 145 146 156 167 158 152 149 144 143 155 158 147 144 149 158 156 150 154 159 150 144 151 154 147 142 141 145 141 136 139 135 137 138 134 137 132 102 89 105 121 123 127 130 140 153 151 157 148 129 118 153 157 150 168 165 163 175 167 172 162 133 145 161 164 159 152 153 145 140
129 115 107 104 124 151 151 147 139 137 138 139 147 154 157 162 156 145 136 140 137 131 125 125 142 137 144 159 161 156 147 137 135 139 149 151 146 147 152 154 155 159 161 148 138 133 141 146 149 155 142 136 138 135 138 128 125 142 145 141 125 97 83 91 117 132 133 142 154 154 146 144 149 154 138 150 161 156 161 161 164 169 167 169 157 148 150 158 152 142 151 149 141 144
136 106 98 107 118 132 131 127 126 131 134 141 148 155 166 168 158 152 132 128 129 128 116 127 143 136 139 151 145 130 113 111 129 139 144 148 146 149 154 153 155 165 161 152 147 138 147 148 153 160 147 137 135 134 139 136 132 137 131 126 123 110 110 120 132 144 148 154 157 149 131 126 147 164 151 157 172 162 153 154 161 167 174 168 160 163 159 164 161 155 155 143 139 146
142 110 94 104 122 127 123 124 133 133 130 139 151 153 160 164 169 167 144 131 129 132 138 150 152 141 133 140 130 96 88 100 126 139 148 157 153 156 152 153 152 152 153 155 147 140 151 154 148 155 153 144 137 134 141 143 135 127 126 131 137 133 135 143 143 146 152 162 154 143 119 103 138 157 156 164 170 162 160 158 163 170 164 157 164 166 164 168 156 152 149 137 139 137
151 133 109 101 115 111 113 132 137 122 119 131 161 170 166 166 176 169 155 143 126 130 142 150 148 137 139 147 135 110 105 109 121 129 149 157 150 165 157 148 148 143 148 152 147 140 144 157 156 159 146 141 139 135 137 145 144 137 144 139 138 142 138 134 143 153 155 160 149 129 97 77 124 153 158 162 166 162 163 159 164 173 163 155 161 160 155 150 136 146 155 146 141 134
156 142 127 114 109 101 107 135 136 127 133 142 163 172 165 165 169 166 157 145 130 137 141 146 153 150 150 136 128 129 122 122 131 137 149 151 145 158 156 148 151 150 152 148 152 145 143 159 160 150 132 136 145 145 139 143 140 138 145 139 144 153 150 142 152 155 155 155 139 104 73 72 123 156 157 163 163 161 168 161 160 170 170 163 160 159 155 154 147 154 158 149 145 141
161 153 151 146 116 95 106 132 131 122 129 146 160 169 165 171 167 159 160 155 135 141 153 150 148 151 148 137 133 129 121 121 131 149 158 152 143 144 154 146 140 148 148 148 156 150 153 158 152 143 138 144 144 146 144 146 143 140 143 141 152 156 152 154 156 155 159 155 132 93 77 95 128 155 160 160 153 152 159 155 145 159 163 159 162 156 146 150 151 153 153 151 149 141
162 159 162 159 121 96 110 132 137 132 133 148 161 164 162 171 163 160 162 152 139 147 150 137 134 141 145 149 141 131 119 118 138 154 156 144 143 145 147 136 136 138 139 143 146 152 162 148 139 142 143 138 137 140 142 140 142 140 145 152 157 160 165 164 160 163 159 155 137 114 113 123 131 148 160 161 148 145 153 147 130 152 167 164 163 155 149 151 152 147 146 136 135 140
158 153 154 150 128 120 129 129 136 141 138 141 145 156 157 165 160 160 153 138 133 144 156 147 140 141 144 146 137 138 131 126 142 155 156 143 140 133 128 130 142 139 147 146 142 147 146 136 124 125 129 131 141 139 139 135 141 141 139 147 150 155 167 170 166 164 157 150 144 133 126 133 140 144 155 162 151 149 152 143 127 151 168 165 158 151 154 159 145 131 135 125 133 147
157 155 148 143 145 144 138 132 140 140 141 144 142 153 162 165 157 152 141 129 127 139 153 148 133 133 144 148 143 146 146 138 139 145 144 142 137 129 134 136 132 129 139 130 134 146 143 129 112 121 130 136 142 142 147 136 138 146 133 132 146 145 146 158 156 152 155 140 128 135 133 136 134 143 156 166 158 155 155 152 144 154 157 160 155 147 151 147 129 120 129 135 143 149
152 152 147 145 149 141 132 130 138 141 143 151 159 159 163 164 150 148 143 137 141 152 147 140 131 126 134 148 148 149 148 146 145 140 133 138 138 141 142 127 123 123 127 128 141 148 141 129 112 122 131 127 133 144 146 136 141 142 133 133 140 137 127 124 133 141 147 134 123 137 135 134 134 144 159 171 164 159 161 161 158 154 154 161 163 157 146 133 127 120 119 134 152 154
153 145 141 138 135 139 135 134 153 157 146 157 169 166 172 168 157 158 155 155 152 152 151 149 139 126 127 142 140 140 143 147 153 141 131 141 143 138 137 127 129 128 127 140 146 142 143 151 128 120 128 124 133 145 143 149 153 140 135 132 140 140 126 114 129 138 148 148 147 150 138 138 146 149 157 166 158 157 159 160 165 163 162 163 153 138 124 115 125 126 123 137 155 158
149 142 147 148 141 147 146 146 161 156 146 158 171 174 178 169 162 162 157 165 162 154 158 161 139 126 128 133 133 147 153 151 150 139 139 151 151 146 137 134 138 133 142 151 144 136 141 150 136 124 129 139 140 138 134 151 153 142 139 139 148 141 127 121 127 125 138 149 151 151 145 143 148 155 159 157 152 155 158 155 163 166 165 163 140 116 116 122 129 132 125 112 128 144
152 138 144 156 155 152 150 146 149 151 156 165 173 174 172 170 175 175 170 170 165 159 159 154 141 140 150 150 151 156 155 149 145 140 142 145 149 149 142 141 140 138 147 151 152 151 144 139 135 134 140 155 154 144 134 155 160 152 154 147 143 137 132 130 125 126 142 151 153 148 151 147 150 155 154 149 153 153 149 146 154 167 164 146 128 109 115 137 143 143 120 84 95 115
145 131 134 146 156 152 149 148 154 161 167 164 162 163 168 177 181 178 176 174 169 158 148 146 152 150 152 149 156 155 150 145 141 139 138 128 139 147 149 150 139 141 149 146 150 148 133 130 134 147 157 161 158 150 146 156 162 165 159 152 149 139 139 139 129 137 147 148 153 152 150 144 144 152 160 158 162 156 143 133 139 157 153 133 127 120 121 136 147 149 122 79 68 96
143 139 139 146 155 151 147 152 161 165 167 165 169 165 167 176 175 171 172 173 170 151 144 145 148 146 138 134 141 136 141 149 150 149 140 119 124 127 137 149 145 158 162 155 151 143 136 143 147 157 159 151 144 137 148 149 151 164 155 159 162 143 144 142 143 148 145 147 152 154 148 148 154 156 161 161 163 164 157 141 131 141 142 138 140 143 138 130 142 153 141 105 80 108
148 146 149 159 159 146 143 155 168 165 162 167 170 167 173 168 165 174 173 171 170 159 153 140 139 141 135 140 141 129 143 158 159 163 144 124 120 104 115 136 147 170 166 162 162 147 136 140 148 150 143 144 143 136 154 162 157 165 163 164 158 154 156 146 155 153 149 148 138 135 146 157 155 150 156 157 157 161 163 149 138 138 135 138 142 145 131 126 138 151 149 130 121 138
145 150 151 147 148 145 139 149 162 166 160 160 162 171 178 170 164 171 167 166 166 157 147 133 128 132 133 132 137 135 143 158 159 161 147 136 135 128 123 137 153 169 163 162 169 156 143 136 143 148 134 138 144 136 147 161 165 167 165 161 157 159 156 150 161 154 148 146 139 125 136 152 144 143 146 150 154 154 152 145 144 142 134 143 144 143 125 121 133 143 139 125 130 152
150 158 153 135 136 146 144 150 164 175 166 162 170 171 170 172 168 168 161 162 162 160 140 117 122 133 133 125 130 134 133 150 159 154 143 131 138 145 132 149 171 173 166 170 171 163 157 150 152 159 143 144 150 137 149 160 160 165 165 166 164 163 158 162 163 151 144 150 156 142 143 152 143 145 149 158 159 149 144 142 144 141 132 147 139 134 130 123 128 137 141 129 122 140
162 153 138 126 126 140 150 147 158 172 168 163 173 171 165 171 170 163 150 146 140 137 110 83 105 125 131 129 132 132 138 145 149 139 122 115 131 146 151 168 176 171 175 185 181 175 181 174 154 149 145 148 146 136 147 152 153 160 158 161 163 164 162 166 159 145 145 151 154 152 158 161 155 148 151 161 158 150 153 153 149 142 134 137 119 119 133 134 137 138 141 144 117 108
156 143 124 126 131 130 144 155 160 164 164 165 170 170 164 166 159 138 117 101 88 83 68 62 87 113 129 125 128 131 134 137 144 126 106 110 132 147 161 165 169 178 182 181 176 173 175 173 157 148 146 144 133 131 137 147 152 151 145 154 165 166 165 164 162 153 156 154 151 149 157 161 158 153 161 166 158 155 155 155 154 147 142 133 115 120 133 127 127 134 137 149 116 78
150 149 139 141 142 130 139 158 158 157 158 156 150 155 159 153 137 106 82 68 60 51 52 65 78 93 121 129 131 129 123 131 142 133 125 128 134 154 167 165 173 179 177 178 177 170 168 170 176 176 168 161 145 141 137 137 134 133 138 142 156 168 164 159 160 151 153 148 148 150 158 162 157 156 162 164 163 162 153 156 155 142 131 130 125 128 141 131 124 133 136 146 117 60
156 152 148 146 146 140 136 151 164 165 156 146 131 138 151 145 134 112 84 71 62 60 73 96 93 82 104 122 130 135 142 136 127 133 140 135 137 154 164 175 180 172 171 178 181 176 173 174 184 183 174 179 167 153 136 124 108 105 121 121 144 162 160 155 143 136 143 135 143 147 150 158 158 164 171 171 164 164 165 167 159 137 115 115 128 129 132 126 127 136 139 148 123 75
146 147 147 150 157 152 151 162 166 167 157 145 127 127 136 137 147 148 124 107 105 106 116 134 132 116 123 133 131 137 146 135 115 125 141 136 143 153 168 177 177 171 174 178 175 181 176 178 181 174 173 181 171 164 159 141 116 99 105 113 136 155 155 141 128 137 149 145 155 159 154 160 164 168 165 168 162 168 172 167 163 146 124 121 134 133 128 123 127 140 145 145 133 110
123 130 137 150 152 150 159 161 154 159 162 150 125 122 138 149 151 159 150 136 137 136 145 153 154 145 145 146 142 151 146 135 121 116 130 135 139 146 163 170 174 179 179 173 171 182 178 179 178 175 175 177 171 173 169 157 141 106 103 118 132 155 157 149 148 157 164 149 155 161 148 157 176 177 161 166 164 171 169 165 167 156 138 131 136 138 135 130 134 142 139 138 138 128
138 148 148 147 146 152 151 148 148 154 154 141 119 126 151 162 162 171 168 153 147 143 152 155 151 152 144 134 140 150 154 150 135 127 137 139 146 155 164 169 167 176 180 174 170 174 176 176 178 182 177 176 173 173 166 163 146 107 108 119 127 148 152 153 161 165 160 141 144 157 158 167 172 174 166 167 161 163 159 160 165 154 141 132 136 143 136 128 129 135 128 135 141 134
152 156 148 139 141 146 145 148 148 139 127 123 119 133 158 165 171 168 167 163 153 148 155 157 152 155 145 136 137 135 149 151 142 144 150 142 148 161 163 174 175 174 181 178 172 169 171 173 172 168 168 183 175 172 164 166 155 129 132 138 139 142 142 139 153 159 153 142 141 157 168 160 157 165 163 164 158 157 150 143 141 142 138 134 140 138 130 122 134 144 125 127 137 139
161 165 153 147 147 146 145 146 141 128 106 98 115 137 151 163 168 159 165 168 163 159 158 155 154 161 145 126 126 128 143 148 150 154 154 149 152 164 168 179 182 173 176 178 184 173 173 179 176 173 179 185 176 177 175 176 159 142 149 154 144 142 149 144 145 154 160 153 138 147 156 148 153 162 163 158 151 153 147 141 140 143 144 139 137 130 128 126 133 143 136 131 135 143
157 160 158 155 155 149 141 148 151 142 102 69 101 133 143 159 163 155 166 173 162 152 148 157 162 164 145 131 140 137 138 139 148 156 155 159 165 162 165 176 180 182 180 175 178 172 180 176 171 181 185 177 176 171 169 169 141 138 150 146 138 139 150 146 131 150 172 166 142 144 150 150 158 157 159 151 140 149 148 149 149 138 143 145 138 128 125 123 117 123 140 143 140 143
145 148 148 146 153 152 142 144 142 124 89 66 94 127 144 158 160 161 169 170 163 158 156 161 160 163 156 148 142 130 127 133 146 153 157 163 163 156 164 173 172 176 168 169 175 178 183 172 171 181 182 179 181 170 164 156 140 145 151 138 132 140 145 141 135 145 160 161 154 153 146 149 158 156 158 152 140 151 151 153 158 139 134 137 139 144 133 112 105 115 142 142 124 129
147 146 141 143 148 145 141 137 132 123 110 97 101 124 148 161 166 170 175 166 158 161 159 156 155 163 164 151 133 119 118 129 147 152 157 160 159 158 159 155 162 170 168 175 176 175 179 174 176 177 174 181 180 169 162 148 145 147 151 144 138 136 137 131 133 140 153 158 158 153 148 151 157 149 151 150 147 153 150 151 157 145 132 128 133 152 147 129 117 123 145 146 123 120
140 136 133 141 147 146 142 138 143 137 128 125 122 133 152 161 168 171 171 166 160 146 133 146 155 159 157 139 125 124 126 129 147 149 155 163 165 171 167 163 171 173 177 184 174 169 176 178 180 178 170 175 172 169 164 150 144 143 149 145 147 141 138 132 130 140 148 151 157 152 151 153 156 140 132 140 151 153 145 149 153 146 139 133 130 145 153 153 139 131 140 149 138 127
129 128 139 154 152 147 142 136 134 121 123 135 138 148 160 158 164 165 161 165 156 128 114 132 143 148 152 136 126 137 131 119 141 152 156 164 169 179 175 174 177 175 177 182 179 176 178 176 174 179 177 178 166 160 157 137 132 142 147 149 151 146 143 138 137 143 139 140 144 139 139 151 157 146 129 134 154 151 141 139 145 148 148 146 143 148 150 161 152 141 142 146 143 141
112 114 138 156 145 134 130 124 120 117 120 124 134 156 165 156 155 147 148 155 144 131 127 131 138 140 137 128 131 146 139 127 141 153 161 170 168 166 170 172 176 182 179 173 172 174 177 172 171 181 173 173 162 159 162 142 136 148 148 153 146 142 145 141 139 136 140 146 137 131 140 149 150 144 139 141 151 151 148 142 137 133 139 145 144 140 145 156 149 140 137 136 141 146
107 124 143 148 131 116 108 106 118 130 115 107 125 146 148 141 134 126 132 135 132 137 133 127 141 144 132 126 129 139 134 136 146 153 159 168 166 168 176 172 175 179 171 167 170 170 174 172 170 176 173 175 164 158 161 146 133 133 139 147 146 148 147 139 133 133 146 144 127 127 138 142 149 145 139 139 146 151 145 143 137 127 133 144 143 141 149 156 149 142 140 135 142 144
130 142 146 145 126 113 110 111 120 128 110 102 126 143 135 131 133 127 125 134 136 135 129 134 150 151 139 130 127 131 139 150 154 157 158 163 164 167 172 172 177 173 169 171 172 169 173 175 174 171 174 179 171 155 149 148 133 121 127 132 141 140 140 138 132 137 139 130 132 144 148 144 152 151 142 140 143 151 146 142 133 123 130 140 138 143 146 147 144 140 139 135 144 147
152 147 141 141 133 122 127 130 129 126 112 101 126 146 135 133 132 130 136 142 138 134 138 143 148 148 143 137 139 139 147 156 158 161 158 164 171 171 168 177 180 171 174 178 177 172 173 179 179 176 175 171 160 146 147 154 144 134 130 126 131 130 136 145 142 139 141 140 144 160 156 145 150 147 141 144 142 151 150 143 130 124 127 129 133 140 139 134 130 131 134 137 141 142
154 146 139 142 147 146 144 139 139 133 120 110 129 149 139 130 117 113 124 136 128 123 138 150 154 148 148 146 145 136 130 136 155 157 153 164 175 173 173 181 172 166 172 179 172 167 172 174 169 171 164 161 145 127 135 145 151 143 127 120 125 136 145 155 153 146 149 144 142 154 156 143 142 139 139 141 137 144 143 143 139 132 133 131 141 140 142 141 134 139 143 145 140 132
135 131 133 142 146 147 143 140 139 127 115 116 132 145 131 118 115 108 109 128 124 126 141 157 155 143 147 152 139 121 115 125 149 156 150 158 168 168 174 179 166 167 172 174 170 166 160 161 168 171 155 155 138 115 125 132 141 134 114 120 141 156 161 160 155 152 155 149 140 144 146 132 131 130 138 143 143 144 142 153 152 143 140 133 141 145 157 168 162 156 156 146 135 130
