example/E5 - XRays/X-ray-tomography/rastert_juap21.txt
ncols         356
nrows         356
xllcorner     -0.5
yllcorner     -355.5
cellsize      1
NODATA_value  -9999
[rows 252 to 293 of 356, columns 94 to 187 of 356]
154 156 151 151 153 156 154 144 138 141 135 131 126 117 120 127 138 132 106 91 103 118 126 113 118 131 137 142 150 150 138 126 129 141 147 135 144 159 165 165 163 150 158 172 169 157 164 164 157 159 163 167 158 157 166 171 166 161 163 160 159 160 153 161 171 162 163 167 165 168 172 172 171 172 161 152 148 146 131 91 79 101 107 110 92 58 69 95 123 144 154 162 154 160
141 140 149 157 151 139 132 126 127 125 114 126 120 113 122 141 148 136 126 113 106 124 138 123 122 137 131 122 143 156 141 125 120 120 126 133 145 162 168 162 153 151 169 168 165 159 169 167 156 159 157 158 156 158 163 169 169 165 168 170 163 156 145 152 161 160 159 160 161 160 163 172 170 167 162 148 149 135 108 87 96 118 117 123 124 109 117 128 149 163 158 155 146 147
144 145 148 147 143 129 118 123 126 125 124 142 144 136 136 148 144 130 133 121 110 133 148 140 132 142 131 115 137 155 148 140 133 128 121 126 140 155 161 162 167 167 170 164 161 159 168 167 159 171 174 157 160 161 162 163 163 168 170 166 156 157 158 156 147 156 168 166 157 157 158 171 174 168 164 145 147 136 119 118 121 125 126 134 144 148 152 150 160 163 159 157 162 156
132 137 139 135 138 132 129 137 132 125 129 137 140 141 139 136 130 117 122 119 111 127 145 143 145 155 146 136 145 155 148 143 146 132 110 108 138 158 161 159 161 158 164 169 160 164 165 162 160 166 169 155 163 162 164 167 163 170 171 167 162 158 153 159 157 157 167 162 159 164 164 171 174 172 166 148 152 152 144 150 143 129 121 128 147 162 155 144 159 170 170 163 166 173
128 130 134 137 140 141 141 146 148 141 145 144 144 145 134 135 145 145 139 138 137 142 153 147 148 155 156 158 153 153 145 142 151 133 110 101 125 152 163 156 158 154 158 170 163 164 164 157 158 158 161 164 164 160 163 167 167 175 170 166 166 162 151 162 167 150 151 159 165 165 167 166 163 163 164 155 159 164 162 155 143 137 130 129 152 166 158 146 144 156 169 170 162 169
138 137 138 144 140 141 146 138 144 150 156 154 150 143 135 142 148 153 153 152 153 150 150 157 164 160 162 171 160 151 142 134 144 143 134 116 109 132 153 157 166 163 159 165 157 155 161 159 159 159 164 170 163 164 169 168 166 165 165 168 171 170 159 157 150 138 144 160 165 165 164 174 172 162 166 164 170 168 160 153 147 148 140 135 154 165 163 167 164 163 162 167 159 163
139 134 136 144 146 138 139 134 137 138 138 150 145 130 128 141 149 155 154 149 143 139 146 161 169 165 168 174 161 154 138 122 128 140 147 135 119 133 148 156 161 154 150 159 155 152 155 156 159 150 160 161 147 156 168 169 167 165 167 166 167 170 160 145 128 123 144 160 166 169 164 179 176 170 173 165 171 164 156 161 162 153 137 139 158 163 154 158 156 160 160 158 144 140
131 130 137 138 124 118 137 150 151 145 139 145 134 128 133 149 158 156 148 152 147 137 146 165 169 172 172 169 165 163 143 124 125 130 143 148 132 126 140 145 141 136 140 157 154 150 154 156 159 158 157 145 145 160 167 174 176 178 176 170 161 150 152 133 113 122 152 160 168 175 171 178 180 177 170 169 171 168 166 166 155 145 132 141 155 154 156 156 149 150 152 149 126 110
132 126 134 140 120 116 145 158 158 162 163 167 156 150 155 164 161 149 137 142 143 138 149 161 157 163 162 161 164 159 145 130 142 141 144 145 120 112 134 138 128 123 141 156 149 152 161 159 155 162 157 145 151 158 155 168 177 175 163 163 162 147 138 125 129 152 171 164 164 172 173 175 179 175 169 177 169 166 172 170 150 146 141 151 147 141 151 140 139 150 146 141 119 100
136 127 137 131 116 123 146 160 160 167 169 172 174 170 163 160 161 149 132 120 121 128 149 162 164 169 170 171 158 147 138 123 135 135 136 140 117 112 132 135 118 106 132 148 144 151 151 148 150 157 161 158 153 145 149 164 171 169 159 156 153 148 137 137 150 159 168 162 159 169 175 170 174 175 169 172 168 166 170 170 161 152 148 136 124 129 136 134 138 145 139 141 112 85
137 129 134 129 132 148 157 163 165 175 171 165 169 167 167 168 169 158 147 114 102 121 139 157 171 168 168 158 148 146 135 119 127 125 128 138 117 107 119 130 133 119 129 145 143 148 144 137 144 152 154 154 154 144 150 156 161 164 156 151 141 136 141 156 163 165 172 170 165 170 170 171 178 177 169 162 167 171 172 167 164 158 147 126 111 116 128 142 149 149 147 151 119 92
134 144 145 136 147 162 160 155 161 173 171 165 166 165 170 168 172 173 164 124 108 125 130 137 162 162 160 153 150 147 137 120 136 141 138 127 103 102 113 117 130 123 120 127 129 131 137 137 146 149 150 158 156 130 135 150 155 156 152 143 124 121 140 159 173 176 169 170 171 176 179 173 172 177 175 163 168 176 173 163 161 160 155 147 137 126 133 139 147 153 150 153 127 118
136 144 153 148 153 160 160 165 167 165 167 166 169 172 169 162 173 176 168 147 133 133 136 133 142 152 148 148 143 139 139 134 146 150 150 138 119 122 124 109 124 129 121 101 104 116 136 141 141 144 147 156 148 123 131 135 139 148 145 122 106 125 156 157 164 174 170 171 174 181 179 175 168 168 174 170 165 167 157 159 162 157 159 153 153 147 144 143 143 141 137 139 127 125
130 140 155 154 152 159 165 168 167 165 173 174 176 182 178 169 173 166 159 161 154 143 147 144 140 144 132 124 128 138 138 137 148 150 147 145 126 135 138 120 130 125 102 82 91 113 148 152 142 139 142 151 142 134 135 114 115 136 139 108 97 129 161 158 165 173 178 175 172 184 177 175 166 162 167 171 163 159 155 157 166 162 154 145 150 153 147 142 133 133 141 141 138 137
133 141 144 151 158 164 168 166 168 168 176 180 178 177 181 176 173 173 171 171 169 155 151 148 141 143 134 124 126 136 135 134 139 136 137 148 137 133 125 117 117 105 88 74 88 127 153 154 150 141 144 146 140 138 136 120 114 130 132 99 99 136 162 161 165 172 173 164 170 183 175 171 164 165 164 161 158 162 169 165 167 171 157 140 142 146 146 142 126 130 145 142 142 146
139 136 137 148 160 171 173 170 172 173 173 176 173 170 174 173 173 174 172 170 171 155 144 146 147 147 144 130 119 128 135 141 151 139 129 141 140 127 125 123 112 104 101 88 84 116 136 147 151 146 151 149 146 136 134 136 134 141 127 103 113 141 159 164 167 169 169 162 168 171 172 175 170 164 165 158 157 166 170 162 158 169 162 147 149 148 146 155 146 140 143 129 128 131
113 126 145 154 164 172 167 166 172 172 175 181 174 169 172 170 166 171 181 175 162 151 136 142 146 140 140 131 128 145 149 144 149 151 142 136 132 123 126 126 122 118 112 111 89 87 109 133 141 139 139 146 148 131 134 143 144 145 123 114 129 149 163 169 173 176 174 165 173 173 179 178 177 167 173 168 164 168 167 161 159 162 156 157 160 158 160 168 165 159 151 134 127 108
122 127 144 166 174 170 165 165 172 172 177 182 174 171 175 174 169 181 184 166 156 148 125 130 137 137 144 145 152 154 149 151 155 155 150 142 137 128 123 120 114 119 126 128 97 65 71 108 128 129 127 136 140 126 132 132 128 126 111 115 139 156 164 166 169 175 175 166 173 169 179 172 173 171 171 162 163 167 163 160 156 152 160 170 173 166 171 178 171 156 155 148 138 101
137 129 133 161 170 169 163 166 174 174 173 171 169 171 173 167 171 183 171 160 159 141 118 121 126 125 128 135 148 143 140 143 151 147 145 150 149 135 131 126 117 124 140 139 111 75 54 70 92 105 115 124 132 130 126 113 113 104 99 118 147 156 160 165 162 168 173 168 170 168 175 167 166 167 161 151 159 158 157 161 156 155 167 171 166 158 168 170 171 166 165 156 148 124
139 141 139 153 167 173 165 169 169 167 174 178 175 178 178 166 172 176 165 163 155 135 118 113 111 100 97 118 146 152 148 137 134 132 140 148 145 131 139 144 141 144 142 140 122 96 64 41 52 75 108 131 137 128 113 103 113 104 104 122 147 159 160 165 165 171 169 169 171 174 175 169 170 167 156 144 146 146 146 154 162 160 162 178 174 164 170 167 169 172 170 167 154 148
144 143 139 148 157 156 158 168 168 169 175 174 176 180 177 166 170 175 170 172 162 140 134 128 117 107 106 120 142 151 151 140 124 125 132 132 131 130 145 152 147 148 145 147 135 118 80 46 42 62 109 133 135 130 111 105 112 112 108 106 128 146 155 163 166 170 173 172 170 179 178 169 171 162 151 141 130 122 129 141 154 154 158 171 170 170 169 166 170 169 170 170 151 153
150 144 141 148 148 145 156 170 168 165 169 170 173 172 172 167 168 172 168 170 165 148 149 142 129 127 126 120 126 136 137 132 127 138 133 126 139 151 155 156 147 153 165 163 143 123 83 41 29 55 112 135 130 127 122 125 123 117 111 102 116 128 146 166 170 167 175 174 168 178 179 170 159 144 141 135 108 90 108 128 147 152 161 170 173 171 157 164 173 165 168 163 152 157
148 142 142 148 150 150 158 163 160 162 169 173 173 172 175 174 169 172 166 161 153 146 153 144 136 136 137 125 110 107 110 114 122 137 125 118 134 151 158 156 159 165 161 153 142 132 93 38 27 54 111 137 136 132 132 139 128 114 115 114 133 149 158 169 175 169 177 185 178 174 176 170 157 147 143 124 90 83 102 118 145 151 152 163 173 169 155 165 175 161 167 165 156 155
152 148 151 155 159 158 158 157 157 161 168 173 169 171 174 173 167 166 162 151 141 139 151 153 152 144 137 122 92 79 88 101 120 123 113 116 130 152 166 158 165 170 157 157 148 144 124 88 62 54 97 125 128 129 132 139 130 121 123 125 141 161 159 163 180 171 166 176 179 168 161 155 150 150 140 105 88 95 105 119 139 139 136 151 164 163 161 168 173 163 164 159 152 153
159 155 153 153 163 166 161 161 162 164 164 160 162 170 167 165 168 160 149 135 136 140 143 148 149 135 122 114 101 104 104 100 121 128 127 128 126 147 164 161 167 175 162 154 149 159 156 146 120 88 101 124 132 129 137 144 139 132 123 128 144 162 163 163 171 163 161 162 173 171 151 138 140 146 140 108 101 120 132 141 137 119 120 138 152 159 166 166 168 166 162 162 158 163
155 154 152 157 164 166 163 156 154 162 161 155 161 164 164 170 164 143 130 122 131 129 130 144 141 131 124 124 127 139 133 110 120 126 134 130 122 140 159 163 162 160 151 148 148 159 162 164 154 126 112 125 142 140 148 155 149 145 134 135 150 161 165 166 161 166 169 167 176 167 146 135 137 142 143 131 122 126 136 144 134 113 112 125 140 158 162 167 167 172 173 165 162 172
149 147 147 154 154 159 159 156 158 163 169 167 167 162 160 164 157 143 133 128 131 121 128 141 132 126 125 123 126 141 141 121 125 134 139 127 127 148 158 153 159 154 144 141 143 161 162 158 163 153 137 134 138 133 143 156 148 148 136 138 152 150 147 155 160 165 165 171 175 163 155 144 140 138 138 141 126 111 121 138 140 121 114 123 137 149 147 162 161 164 171 163 164 166
150 148 150 154 155 155 153 159 162 162 168 168 173 167 151 145 156 150 142 138 132 129 134 136 123 122 139 138 123 139 138 120 124 139 134 124 138 158 159 150 156 152 149 145 144 156 162 161 163 161 155 143 127 119 135 149 146 147 137 153 157 148 155 163 165 163 168 172 164 158 156 147 146 140 138 142 127 105 104 127 136 127 126 122 129 141 144 159 160 156 165 169 165 165
148 154 148 149 149 148 143 150 155 154 157 162 167 163 148 139 149 144 143 143 140 139 140 142 136 141 148 142 135 144 135 130 133 136 134 141 153 161 158 151 148 141 149 152 148 147 151 152 158 150 147 147 140 141 147 148 145 145 139 156 161 153 163 167 162 156 156 155 148 148 150 146 145 146 151 147 123 109 122 143 138 130 131 131 136 137 142 157 159 159 169 175 168 168
145 147 138 145 152 153 147 147 144 148 164 166 158 152 140 133 135 138 145 145 145 146 144 149 150 150 149 142 149 155 145 138 137 138 142 147 154 155 145 146 148 135 132 142 149 145 141 139 157 152 147 152 155 153 148 148 139 138 133 139 155 153 151 158 149 143 143 140 141 146 151 154 155 148 145 138 128 131 143 149 138 126 125 138 136 125 135 152 150 150 158 158 156 165
146 150 150 154 155 151 158 156 141 147 165 164 156 147 139 137 134 141 145 144 149 155 153 156 158 163 168 161 155 156 148 129 121 135 143 138 153 158 145 147 151 130 129 151 156 143 126 116 140 154 152 153 157 153 155 162 151 138 130 129 147 154 149 153 139 142 145 137 139 146 153 160 158 151 145 143 145 144 142 136 139 137 136 140 132 132 138 140 139 144 154 156 158 162
139 146 157 160 156 153 158 154 140 143 152 156 157 153 145 135 136 143 141 144 157 161 153 157 163 169 170 165 155 149 147 136 127 134 143 144 152 155 143 144 150 140 149 161 148 130 124 117 133 153 150 148 155 153 150 158 161 142 124 129 150 147 143 139 118 128 144 145 140 142 149 159 165 156 146 151 151 148 143 138 144 144 145 143 129 135 140 135 139 145 150 153 158 163
130 136 150 162 160 157 160 156 151 156 162 164 158 157 151 151 156 152 148 152 166 162 150 159 168 172 169 162 153 147 144 143 135 139 145 143 142 148 140 138 146 149 150 148 130 123 133 125 123 135 144 152 151 139 138 153 153 136 111 127 150 144 145 129 109 112 134 142 125 132 145 152 161 148 133 136 144 149 147 147 148 145 144 139 125 120 125 130 135 140 140 146 145 147
140 147 155 159 158 155 156 157 164 168 161 159 160 164 159 160 156 150 151 154 162 157 156 163 168 172 169 158 146 135 135 135 128 135 135 132 136 140 135 133 138 146 149 147 131 129 140 133 121 127 146 157 157 147 144 148 140 136 118 127 143 143 139 134 125 124 140 145 136 134 137 143 159 149 131 125 135 143 144 148 149 154 140 129 120 101 107 125 133 141 141 143 137 142
154 153 153 152 157 155 150 156 169 168 160 164 174 173 160 161 156 145 147 157 160 155 157 159 159 164 162 153 140 129 127 124 127 133 132 137 143 142 135 125 132 153 160 152 139 149 157 150 139 141 156 159 157 151 144 135 136 141 125 124 140 148 142 146 146 150 154 151 149 135 126 144 160 145 142 143 143 138 144 150 148 153 145 140 125 103 123 144 145 147 141 138 136 141
155 155 158 160 162 157 147 157 169 167 163 168 182 175 156 159 151 142 151 155 157 154 154 163 160 155 146 145 140 133 130 129 135 139 140 143 153 153 145 140 149 163 162 157 156 161 156 150 145 151 159 153 148 144 133 131 141 144 127 123 139 150 145 147 146 149 149 152 148 131 128 146 151 141 147 151 145 135 151 154 142 148 145 139 131 119 143 156 153 152 141 136 144 146
149 153 164 167 167 160 160 169 169 168 166 158 163 164 155 157 146 146 153 155 158 155 153 163 154 137 133 143 147 141 134 133 137 145 148 147 149 156 159 154 154 156 156 161 159 161 154 150 143 140 149 144 137 133 134 140 146 143 124 118 133 143 146 146 144 149 144 154 150 135 142 158 156 154 156 155 151 138 151 151 144 156 151 139 138 130 144 156 150 147 140 135 138 141
155 156 159 162 161 159 166 168 168 174 164 152 154 153 150 157 153 145 140 150 157 150 146 144 135 129 132 138 141 134 123 128 136 136 133 134 127 132 148 153 149 150 163 170 158 158 155 150 140 133 140 138 123 124 136 145 152 151 126 119 137 143 147 147 145 149 144 144 145 144 148 158 159 163 159 153 148 133 139 140 148 159 156 144 136 131 141 144 142 142 137 133 134 137
163 160 152 153 155 158 158 162 167 165 157 165 163 155 158 164 159 149 140 148 151 142 133 128 124 130 135 139 140 130 111 112 120 113 107 115 118 122 138 149 154 155 160 161 155 150 139 138 137 127 120 118 118 136 154 157 161 163 142 138 142 143 148 149 151 154 153 139 139 146 143 149 156 160 154 151 150 145 141 135 142 151 155 140 128 132 138 139 149 150 138 133 139 147
164 154 151 154 156 156 155 162 162 162 162 162 154 159 168 164 157 152 149 155 153 136 120 121 124 133 144 145 141 142 127 117 117 112 112 122 126 121 117 130 147 149 154 156 147 139 128 131 131 111 94 95 118 150 162 166 167 161 160 160 143 137 145 155 161 161 151 140 139 141 148 142 140 142 143 148 152 154 140 125 130 141 144 128 115 117 129 141 149 150 137 128 142 157
152 146 147 154 156 156 165 174 166 166 166 158 155 165 170 161 156 154 156 161 161 149 137 136 137 146 158 161 151 150 144 140 143 140 134 131 130 129 118 126 139 144 151 152 145 139 131 134 135 107 93 115 141 156 157 163 165 162 168 165 155 150 149 154 157 155 142 147 142 133 143 134 132 132 128 129 134 145 140 129 121 123 131 133 123 109 129 148 150 143 129 121 142 155
148 151 151 153 156 163 165 164 162 166 164 164 170 167 161 158 158 155 156 159 160 159 159 158 153 156 167 168 156 154 159 156 155 156 145 141 143 145 130 129 139 146 152 151 150 145 121 123 135 122 127 149 157 154 148 154 161 163 163 155 149 154 149 140 140 142 136 148 142 129 131 129 131 137 128 126 129 137 141 132 115 122 136 141 135 125 136 145 150 142 132 138 148 146
