example/E5 - XRays/X-ray-tomography/rastert_juap02.txt
ncols         356
nrows         356
xllcorner     -0.5
yllcorner     -355.5
cellsize      1
NODATA_value  -9999
[rows 210 to 251 of 356, columns 0 to 93 of 356]
255 255 255 255 167 166 168 169 165 163 165 168 169 164 167 169 166 168 166 164 167 165 166 167 165 169 170 166 160 158 159 159 160 160 168 177 167 164 161 162 163 161 165 169 167 161 154 153 158 154 164 157 156 165 162 158 158 169 163 170 177 166 160 158 162 162 163 160 169 174 162 152 163 163 170 155 155 154 152 149 155 145 139 139 138 143 161 162 159 166 165 176 162 161
255 255 255 255 163 162 167 165 164 168 171 171 164 158 159 164 163 161 160 161 168 171 173 171 165 168 164 168 171 170 168 156 159 167 175 177 170 165 160 164 163 165 171 167 159 147 146 146 160 162 169 178 177 173 163 155 155 158 165 175 170 167 170 168 165 153 159 166 169 164 156 152 157 169 169 148 156 160 150 141 136 135 143 144 146 150 165 164 152 167 160 165 161 160
255 255 255 255 168 171 173 166 167 165 167 163 157 157 157 159 162 166 169 163 161 167 173 175 174 169 163 160 161 165 166 158 165 165 161 157 157 160 165 163 156 156 164 169 169 165 164 162 165 166 171 175 170 164 150 148 155 157 162 162 156 161 171 169 172 160 157 159 163 164 167 161 153 159 157 144 159 167 156 134 132 145 143 143 151 149 152 169 166 173 177 184 178 170
255 255 255 255 168 171 164 160 161 161 164 162 168 168 168 168 164 166 164 158 163 172 176 176 173 168 169 166 164 166 161 156 160 160 158 151 154 165 168 161 162 161 160 162 160 157 161 171 169 159 153 160 166 167 152 153 150 156 171 159 153 155 163 168 172 169 163 159 155 160 157 160 167 160 151 151 153 153 151 130 128 134 130 139 148 159 169 168 169 191 196 201 195 180
255 255 255 255 157 161 158 158 159 159 158 159 163 163 168 167 160 163 160 160 168 172 171 160 154 160 166 165 168 167 170 169 165 163 168 172 172 172 169 163 169 168 163 158 156 156 166 171 176 170 158 164 170 161 157 166 154 154 163 154 147 152 168 163 150 158 159 155 158 168 151 152 159 164 163 162 153 145 146 141 138 133 146 158 155 157 166 164 181 207 204 204 201 180
255 255 255 255 255 161 162 162 161 162 159 162 164 165 163 157 151 155 161 161 163 165 166 161 161 164 159 159 166 163 166 168 169 171 171 165 166 167 165 164 163 169 166 163 165 158 163 162 167 170 164 163 164 150 155 172 164 155 153 157 158 159 160 160 155 161 154 155 174 173 157 157 153 161 168 167 162 161 156 154 138 133 144 142 143 150 157 169 191 206 197 189 188 176
255 255 255 255 255 167 166 161 157 161 167 164 160 167 165 161 159 165 169 169 168 166 170 172 173 164 157 167 170 169 175 172 172 170 170 164 168 172 166 170 170 165 153 154 165 158 150 153 157 161 157 160 164 154 153 154 157 161 154 152 165 166 162 170 161 160 155 166 175 156 152 164 157 162 161 161 168 167 161 160 145 131 110 106 135 164 174 171 181 191 191 185 185 181
255 255 255 255 255 159 162 160 162 170 170 160 164 173 167 170 171 169 169 168 168 167 169 172 165 160 168 173 168 172 182 183 175 157 153 165 172 178 174 178 180 166 152 161 169 166 153 157 161 166 166 174 170 159 158 157 152 150 158 159 162 156 153 164 154 160 163 172 176 160 158 165 157 167 168 162 170 167 171 166 155 144 139 146 148 164 181 172 176 179 182 175 171 173
255 255 255 255 255 158 160 162 162 168 165 164 172 175 170 174 168 165 165 157 162 166 165 164 164 165 169 165 170 165 157 164 167 161 161 164 158 166 170 182 182 175 172 178 170 166 163 169 164 166 159 165 168 166 167 165 153 150 159 155 161 159 151 156 159 162 159 157 168 165 166 165 152 160 166 168 168 166 168 159 160 157 160 164 154 157 164 164 166 175 181 166 165 172
255 255 255 255 255 255 159 158 156 159 164 163 162 165 174 180 169 168 166 162 174 174 172 170 175 174 169 160 165 163 162 169 167 161 158 158 158 163 161 163 160 165 173 176 177 174 165 165 158 163 158 165 167 163 164 163 151 153 156 149 158 159 161 163 157 154 159 160 173 177 175 164 163 179 183 181 166 165 168 153 158 165 173 168 153 149 159 165 154 162 170 164 166 163
255 255 255 255 255 255 152 151 157 163 166 164 157 154 162 170 173 179 175 174 177 172 173 175 177 173 170 174 177 171 163 160 156 153 153 158 162 165 157 152 156 166 172 170 172 172 169 170 164 160 164 178 177 168 158 167 158 155 162 152 155 150 157 169 160 160 172 173 169 165 163 157 162 173 173 170 169 173 161 153 172 172 170 165 150 152 166 169 165 158 162 162 166 168
255 255 255 255 255 255 158 160 163 161 160 160 165 171 168 171 179 187 185 181 173 164 168 174 170 165 171 179 170 161 161 159 165 174 168 163 162 160 162 164 165 164 170 172 168 177 170 163 164 154 157 164 165 167 166 176 166 161 164 162 155 144 158 158 157 164 160 161 158 160 167 169 169 164 161 159 162 172 161 160 175 178 171 162 155 170 175 166 169 165 173 171 168 173
255 255 255 255 255 255 168 166 168 165 164 166 175 174 164 162 163 172 177 173 163 165 167 165 165 169 177 173 164 165 167 167 168 174 170 169 166 159 165 172 171 163 160 168 171 172 160 158 163 156 153 157 167 173 171 166 161 167 163 156 147 149 163 154 158 164 159 167 173 172 168 161 159 156 162 168 174 177 162 153 160 176 174 163 157 167 159 155 163 168 170 168 171 178
255 255 255 255 255 255 255 163 160 159 164 164 168 165 166 166 161 170 173 176 179 182 180 174 175 175 173 165 165 173 175 167 166 171 164 161 158 158 159 160 162 159 163 167 171 165 151 159 165 166 168 176 173 156 153 151 153 160 163 160 157 157 154 157 157 158 164 165 161 158 157 157 154 160 177 174 172 166 167 166 169 162 168 171 165 176 171 164 175 180 167 157 164 167
255 255 255 255 255 255 255 170 163 160 162 162 166 164 173 178 177 173 165 169 178 174 174 182 188 178 169 165 165 170 174 175 177 177 173 168 162 168 162 163 175 164 166 167 168 168 163 166 162 164 166 174 174 166 165 158 145 144 157 166 166 163 153 157 160 163 165 164 155 157 164 169 163 154 156 154 164 163 170 173 172 165 171 164 160 170 166 158 164 163 161 161 162 161
255 255 255 255 255 255 255 164 171 175 169 167 168 168 173 172 173 169 167 168 170 169 175 181 179 168 171 171 170 176 176 174 166 161 178 182 172 176 165 161 165 157 165 161 157 159 173 172 161 161 159 161 167 173 169 158 148 148 161 169 162 165 166 160 169 172 168 173 167 163 166 168 168 145 146 149 157 171 169 163 167 170 173 165 163 162 161 160 157 158 168 163 162 172
255 255 255 255 255 255 255 164 173 173 166 166 168 169 168 168 167 167 172 172 164 166 168 168 164 163 176 174 175 178 176 173 164 168 179 171 164 170 168 160 155 159 170 173 176 175 179 172 167 167 170 164 158 167 172 165 166 175 173 163 155 155 163 162 166 162 162 163 159 157 156 145 149 152 161 157 165 180 172 166 168 164 169 166 162 168 171 169 162 163 176 169 169 170
255 255 255 255 255 255 255 255 173 170 170 170 169 172 170 167 161 161 167 166 164 166 167 174 171 171 172 170 174 171 173 179 183 183 173 161 166 169 169 164 165 169 169 178 177 172 171 164 163 159 165 170 175 176 168 155 162 169 164 161 166 157 159 157 163 166 167 156 151 154 156 142 141 156 159 153 157 173 172 171 168 165 162 157 165 174 172 164 166 160 163 169 177 172
255 255 255 255 255 255 255 255 173 172 171 171 171 170 170 167 170 174 172 167 174 175 178 182 171 168 166 164 168 173 178 178 184 178 162 165 179 173 163 162 171 176 172 171 163 159 158 161 170 170 173 175 181 172 162 154 160 164 163 162 165 160 163 148 149 152 156 156 161 156 155 155 157 150 139 149 153 170 163 157 170 179 178 165 160 158 158 155 165 173 176 167 174 169
255 255 255 255 255 255 255 255 174 170 168 172 172 171 171 174 175 171 169 171 173 174 185 184 176 176 174 170 175 174 168 169 170 166 160 168 175 168 167 172 170 170 170 167 166 162 161 167 176 176 167 159 165 165 164 166 176 174 162 154 146 145 151 152 158 152 150 152 157 155 157 162 165 166 151 146 155 172 156 149 164 176 167 157 153 153 156 153 162 174 175 160 162 164
255 255 255 255 255 255 255 255 255 166 166 166 169 176 175 173 170 165 170 174 174 178 186 178 173 172 170 170 176 174 174 177 172 172 175 175 169 165 173 172 167 167 163 165 172 174 179 177 163 163 163 162 167 170 166 166 179 177 163 161 160 156 153 158 162 155 160 157 158 168 173 174 169 178 173 163 157 152 146 156 164 167 151 157 163 170 166 157 158 162 166 147 152 167
255 255 255 255 255 255 255 255 255 169 167 169 177 183 184 180 169 165 171 169 170 175 168 169 174 171 169 172 170 168 171 167 165 170 176 173 170 175 177 162 157 164 164 168 169 166 173 167 161 173 172 165 154 155 161 165 165 160 159 161 156 161 168 160 153 157 164 155 158 160 171 180 174 179 172 164 160 156 158 160 159 153 154 168 174 179 166 163 163 155 172 164 161 156
255 255 255 255 255 255 255 255 255 159 164 174 180 174 171 171 167 173 179 170 166 170 166 170 173 167 166 173 168 165 170 171 175 178 174 168 171 173 167 164 170 173 171 167 168 165 162 162 165 158 155 175 174 165 164 170 162 154 157 160 157 168 169 166 163 158 153 146 149 146 160 169 176 179 174 177 181 166 154 151 152 145 157 169 169 177 172 159 157 160 171 162 162 153
255 255 255 255 255 255 255 255 255 255 165 174 169 159 164 171 169 173 173 168 175 179 174 172 174 172 172 170 166 166 173 179 183 180 170 173 175 175 170 173 178 173 171 169 167 164 166 169 161 151 166 185 186 183 169 160 157 156 155 157 159 165 162 161 160 164 156 155 156 143 146 163 175 165 169 181 182 166 155 150 159 158 157 163 164 163 163 159 163 164 155 158 172 157
255 255 255 255 255 255 255 255 255 255 172 173 170 167 168 169 171 171 165 163 167 165 170 169 163 160 162 166 175 175 170 170 170 170 166 164 161 168 172 171 169 161 162 164 161 163 171 178 179 184 202 199 186 186 165 149 153 152 153 165 166 166 171 168 157 163 153 160 165 157 164 175 166 155 163 171 167 164 162 154 161 160 155 164 161 152 153 154 150 154 153 164 165 146
255 255 255 255 255 255 255 255 255 255 171 169 170 171 169 165 169 165 162 157 154 155 161 158 159 157 162 173 180 174 167 161 158 162 162 164 164 169 168 165 165 165 162 163 164 169 165 159 169 187 200 198 192 184 152 144 162 155 146 157 164 160 167 159 158 166 160 168 164 157 167 172 160 159 166 171 168 171 168 163 163 161 162 165 163 161 152 149 155 158 152 150 145 154
255 255 255 255 255 255 255 255 255 255 255 173 171 175 175 174 171 162 162 157 157 166 167 162 169 169 168 168 159 165 173 166 168 172 166 170 170 167 167 167 172 173 169 176 171 169 167 160 164 182 194 188 179 170 157 160 165 153 145 149 160 162 164 158 160 166 169 170 164 162 166 161 150 163 167 163 167 164 169 173 161 165 170 162 161 156 148 149 164 171 164 158 157 171
255 255 255 255 255 255 255 255 255 255 255 168 174 177 172 169 167 166 168 167 170 172 169 167 170 168 167 170 165 170 168 162 171 171 170 175 169 164 165 166 173 177 175 172 164 166 168 163 163 174 185 178 172 168 168 171 163 154 152 151 161 171 168 159 158 162 163 157 155 154 157 162 165 176 165 152 166 172 175 173 173 176 178 167 160 146 150 160 168 162 158 171 171 170
255 255 255 255 255 255 255 255 255 255 255 172 175 170 167 164 162 167 170 173 174 170 170 173 166 170 174 174 167 162 161 165 168 166 171 176 163 158 160 162 164 167 175 171 167 168 164 163 163 173 170 164 173 170 166 168 164 163 161 151 151 165 164 149 141 143 151 158 161 154 153 167 167 170 177 173 174 177 172 167 169 167 173 158 154 160 165 167 173 170 165 171 155 154
255 255 255 255 255 255 255 255 255 255 255 255 176 172 169 170 173 177 174 171 169 167 175 175 169 176 179 174 170 170 174 170 170 174 169 167 163 170 171 171 168 164 169 164 165 166 164 170 174 180 170 170 174 159 159 165 167 167 167 161 160 168 162 155 159 157 164 173 175 164 154 162 158 162 175 184 185 177 170 176 172 162 165 157 160 175 178 176 171 162 169 169 156 158
255 255 255 255 255 255 255 255 255 255 255 255 163 167 168 172 174 170 164 166 171 170 173 174 172 169 169 165 169 174 182 178 176 175 166 162 168 178 166 165 165 162 169 169 166 161 164 171 183 181 169 172 173 167 165 166 166 156 149 154 156 154 161 164 162 159 161 164 167 162 160 169 168 174 175 178 177 169 170 174 170 172 169 165 168 178 172 175 167 157 165 158 160 170
255 255 255 255 255 255 255 255 255 255 255 255 169 166 169 172 165 162 162 164 171 170 171 170 168 171 175 170 170 170 170 172 173 173 167 161 164 164 160 171 168 157 159 159 158 163 163 167 184 181 178 179 176 175 168 168 166 156 148 152 147 154 167 163 163 162 155 143 145 150 162 179 175 171 167 167 170 166 168 169 172 176 167 167 175 183 164 162 165 158 151 146 157 158
255 255 255 255 255 255 255 255 255 255 255 255 255 165 170 168 164 163 166 171 180 176 175 167 166 172 174 170 172 173 171 173 173 173 168 164 169 166 168 172 164 158 160 158 163 175 172 168 176 176 177 178 174 172 164 165 168 165 162 160 151 165 164 160 166 158 156 151 156 161 171 183 165 166 182 169 163 160 168 171 173 167 162 166 173 176 163 157 157 157 162 164 171 152
255 255 255 255 255 255 255 255 255 255 255 255 255 160 161 161 162 162 166 175 179 167 164 164 168 166 163 163 167 170 172 172 166 164 167 168 170 167 168 167 169 170 162 170 178 174 172 175 171 173 172 168 171 172 162 158 160 161 157 156 165 176 159 157 162 157 162 162 164 163 166 172 160 163 175 168 162 163 175 172 168 165 179 183 166 164 171 170 168 169 164 167 180 157
255 255 255 255 255 255 255 255 255 255 255 255 255 255 166 168 164 161 169 172 164 162 163 163 162 161 161 164 171 176 175 166 163 168 173 171 171 166 161 157 158 158 156 168 166 165 170 169 165 168 169 160 165 160 162 170 166 161 156 167 180 169 154 156 158 147 152 167 176 171 176 179 174 173 170 170 164 165 174 172 164 162 174 173 158 166 174 162 164 174 167 167 170 159
255 255 255 255 255 255 255 255 255 255 255 255 255 255 168 168 168 170 174 170 163 168 164 159 161 161 162 167 171 172 173 167 168 174 171 168 168 166 161 154 146 148 153 157 159 166 170 163 153 157 159 161 171 169 176 171 164 169 176 180 168 152 154 154 152 151 161 166 169 175 185 185 176 176 170 172 164 163 170 162 154 161 167 166 163 171 170 155 160 167 160 165 171 166
255 255 255 255 255 255 255 255 255 255 255 255 255 255 255 163 165 171 174 176 173 167 164 165 168 167 171 172 168 159 158 161 165 167 168 169 157 158 160 150 141 142 150 161 170 174 178 177 170 172 171 170 169 171 172 159 167 180 175 166 158 162 174 165 164 165 169 164 161 172 182 183 178 177 164 165 168 169 171 161 159 170 169 165 165 165 163 162 168 171 172 159 154 162
255 255 255 255 255 255 255 255 255 255 255 255 255 255 255 164 170 171 164 162 167 171 175 172 166 165 163 163 159 154 159 164 168 168 167 164 167 176 170 155 151 156 159 162 166 170 169 168 174 179 174 170 172 176 172 168 169 168 163 167 179 180 174 161 162 163 164 160 162 162 162 175 180 170 153 161 162 166 171 174 172 170 167 168 167 164 159 158 163 163 174 165 160 167
255 255 255 255 255 255 255 255 255 255 255 255 255 255 255 163 161 161 155 152 166 173 172 160 157 156 156 156 154 153 160 165 170 169 169 166 173 178 165 156 159 160 164 163 168 169 163 164 169 171 173 172 175 179 172 170 168 166 166 172 182 169 158 158 162 166 168 155 158 157 159 171 160 155 160 171 158 152 162 166 165 156 158 166 163 167 162 160 165 167 174 164 158 165
255 255 255 255 255 255 255 255 255 255 255 255 255 255 255 255 153 157 154 158 167 167 163 159 159 151 153 161 164 161 164 162 163 159 159 166 171 174 162 156 163 167 176 171 166 162 165 170 179 178 183 183 173 171 167 164 163 168 166 165 167 154 154 164 168 165 166 158 163 160 162 160 152 162 169 170 156 153 159 153 151 154 156 162 166 170 169 174 175 178 168 167 161 165
255 255 255 255 255 255 255 255 255 255 255 255 255 255 255 255 157 165 164 168 166 164 169 173 168 155 155 158 161 165 165 162 167 166 165 173 168 166 158 149 159 167 176 171 164 167 174 177 182 175 172 168 166 170 171 172 168 169 162 159 161 165 165 160 161 161 168 167 163 156 160 153 155 161 155 165 162 160 162 150 146 157 163 173 166 164 172 166 161 172 164 172 163 157
255 255 255 255 255 255 255 255 255 255 255 255 255 255 255 255 255 160 165 167 162 158 161 165 167 161 159 162 170 171 161 162 174 173 171 176 168 162 156 149 156 157 164 173 171 175 180 178 175 172 169 163 164 164 176 183 185 188 179 172 172 169 158 153 163 173 166 164 170 166 160 153 156 158 160 170 169 165 166 164 160 166 168 175 174 167 171 165 158 169 172 171 163 158
