example/E5 - XRays/X-ray-tomography/rastert_juap18.txt
ncols         356
nrows         356
xllcorner     -0.5
yllcorner     -355.5
cellsize      1
NODATA_value  -9999
[rows 0 to 41 of 356, columns 94 to 187 of 356]
255 255 255 255 255 255 255 255 255 255 255 255 255 255 255 255 255 255 255 255 255 255 255 255 255 255 255 255 255 255 255 255 255 255 255 255 255 255 255 255 255 255 255 255 255 255 255 255 255 255 255 255 255 255 255 255 255 255 255 255 255 255 255 255 255 255 255 255 255 255 255 255 255 255 255 255 255 255 255 255 255 255 255 160 255 255 255 255 255 255 255 255 255 255
255 255 255 255 255 255 255 255 255 255 255 255 255 255 255 255 255 255 255 255 255 255 255 255 255 255 255 255 255 255 255 255 255 255 255 255 255 255 255 255 255 255 255 255 255 255 255 255 255 255 255 255 255 255 255 255 255 255 255 255 255 255 255 255 255 148 153 151 148 150 153 158 155 154 155 148 144 142 146 148 146 145 153 151 138 136 142 141 149 154 152 154 155 156
255 255 255 255 255 255 255 255 255 255 255 255 255 255 255 255 255 255 255 255 255 255 255 255 255 255 255 255 255 255 255 255 255 255 255 255 255 255 255 255 255 255 255 255 255 255 255 255 255 255 255 255 255 255 255 255 255 159 160 167 169 172 162 160 146 141 150 145 145 147 150 155 154 154 152 138 136 136 138 138 135 138 135 128 125 133 141 142 149 152 150 157 159 159
255 255 255 255 255 255 255 255 255 255 255 255 255 255 255 255 255 255 255 255 255 255 255 255 255 255 255 255 255 255 255 255 255 255 255 255 255 255 255 255 255 255 255 255 255 255 255 255 255 255 255 159 151 151 154 155 158 161 163 169 170 174 165 162 150 142 151 145 145 143 148 150 148 151 150 141 140 137 136 135 128 127 126 125 131 141 140 138 148 151 150 158 160 152
255 255 255 255 255 255 255 255 255 255 255 255 255 255 255 255 255 255 255 255 255 255 255 255 255 255 255 255 255 255 255 255 255 255 255 255 255 255 255 255 255 255 255 255 255 255 150 152 155 150 157 156 148 146 139 136 148 162 166 169 166 171 166 160 149 142 152 150 146 143 148 149 147 155 157 150 143 137 141 143 135 137 136 135 138 147 142 140 148 149 149 154 151 144
255 255 255 255 255 255 255 255 255 255 255 255 255 255 255 255 255 255 255 255 255 255 255 255 255 255 255 255 255 255 255 255 255 255 255 255 255 255 255 255 255 255 153 150 151 146 143 147 154 152 153 154 150 144 123 116 142 161 165 169 167 168 163 148 143 142 148 147 141 144 151 146 148 150 154 152 147 140 148 151 146 148 144 141 141 146 148 147 146 148 150 149 145 142
255 255 255 255 255 255 255 255 255 255 255 255 255 255 255 255 255 255 255 255 255 255 255 255 255 255 255 255 255 255 255 255 255 255 255 255 255 255 158 159 155 152 149 143 149 149 142 139 149 153 152 151 143 137 123 117 141 155 158 157 161 166 157 140 139 137 137 144 138 144 147 144 151 147 145 149 151 147 154 154 151 147 142 148 147 147 157 154 148 150 153 148 144 143
255 255 255 255 255 255 255 255 255 255 255 255 255 255 255 255 255 255 255 255 255 255 255 255 255 255 255 255 255 255 255 255 255 255 151 160 156 151 149 152 153 150 144 139 144 141 135 127 137 146 148 151 141 135 133 128 135 143 149 146 152 161 153 143 141 137 133 140 142 143 145 147 153 147 143 149 151 152 153 152 151 141 139 153 150 141 153 155 151 148 148 147 143 146
255 255 255 255 255 255 255 255 255 255 255 255 255 255 255 255 255 255 255 255 255 255 255 255 255 255 255 255 255 255 255 156 153 149 149 156 153 151 145 146 152 150 144 142 142 135 129 124 138 148 144 150 147 137 140 137 128 128 140 150 157 162 153 144 138 139 138 139 142 142 145 151 156 148 144 150 151 153 147 145 146 134 135 150 145 137 146 152 149 144 143 147 146 148
255 255 255 255 255 255 255 255 255 255 255 255 255 255 255 255 255 255 255 255 255 255 255 255 255 255 255 255 154 156 154 153 150 148 147 144 142 147 149 149 151 156 149 144 144 138 137 129 139 149 142 145 142 133 138 136 124 118 126 146 163 166 154 133 121 133 138 131 132 140 151 155 159 148 144 149 153 158 150 142 138 124 126 142 143 138 143 154 148 142 143 147 148 142
255 255 255 255 255 255 255 255 255 255 255 255 255 255 255 255 255 255 255 255 255 255 255 255 255 153 156 156 151 150 151 149 148 144 139 139 144 147 155 155 149 156 157 148 148 142 146 142 139 143 140 143 134 117 126 134 128 124 127 143 159 165 157 129 113 126 134 132 133 143 157 160 156 143 139 147 153 161 153 145 136 123 122 133 144 142 144 151 146 144 143 145 148 144
255 255 255 255 255 255 255 255 255 255 255 255 255 255 255 255 255 255 255 255 255 255 157 155 156 152 147 144 145 148 148 146 148 140 136 144 150 148 148 153 152 152 152 145 147 147 149 146 141 140 137 142 134 115 127 138 134 130 129 142 159 167 157 127 120 135 139 140 139 144 153 155 150 145 140 141 149 161 157 152 140 132 129 132 143 145 146 146 142 148 148 151 153 152
255 255 255 255 255 255 255 255 255 255 255 255 255 255 255 255 255 255 255 154 147 149 152 152 155 152 144 137 133 137 136 140 148 146 146 151 151 148 141 144 149 148 148 142 146 155 157 147 145 146 144 140 134 129 136 130 125 131 131 139 153 164 152 131 134 148 145 146 147 148 151 145 139 145 143 142 153 161 161 155 143 140 135 133 144 149 141 142 144 148 152 154 156 157
255 255 255 255 255 255 255 255 255 255 255 255 255 255 255 255 255 150 154 153 147 148 147 150 152 153 146 134 124 123 126 138 145 139 148 156 153 153 147 144 145 142 146 147 151 157 160 153 145 143 143 140 140 139 127 97 101 129 132 139 150 153 146 146 143 142 144 148 148 147 146 138 132 136 131 134 156 164 164 153 143 145 144 137 140 146 130 129 138 143 149 148 146 147
255 255 255 255 255 255 255 255 255 255 255 255 255 255 255 159 152 149 150 147 142 144 148 147 145 149 150 140 131 135 141 148 149 129 138 153 152 155 156 151 143 136 140 148 155 153 156 148 132 132 138 145 153 145 128 103 111 139 139 139 149 148 145 156 153 143 145 149 142 139 136 130 131 131 121 125 152 162 160 156 145 145 147 141 137 142 129 122 132 140 144 140 143 139
255 255 255 255 255 255 255 255 255 255 255 255 152 144 146 155 148 147 145 141 139 140 149 145 138 143 150 147 140 146 156 158 157 140 142 148 146 150 157 156 146 136 142 150 157 157 150 135 126 137 144 152 158 150 145 141 143 149 144 139 146 149 147 153 151 146 148 153 139 131 134 127 121 122 122 133 152 155 157 158 145 144 149 146 143 147 140 131 135 139 140 139 150 146
255 255 255 255 255 255 255 255 255 255 148 141 146 140 144 152 147 138 138 143 145 140 143 142 133 122 128 145 149 147 152 158 161 156 156 150 144 146 153 159 150 140 147 154 160 160 147 137 137 145 150 153 153 150 155 161 158 154 143 133 145 151 147 151 151 151 152 154 138 126 131 123 108 115 130 136 146 151 154 155 147 150 160 156 152 154 146 136 133 134 140 146 154 153
255 255 255 255 255 255 255 255 145 145 140 136 144 149 145 141 147 141 137 143 149 145 138 136 133 117 113 137 155 151 149 157 159 157 160 155 148 142 139 150 150 146 145 147 156 161 150 144 141 140 146 153 155 151 157 162 157 149 138 130 142 150 147 151 155 158 159 155 140 132 126 122 114 123 129 120 125 142 155 159 158 165 171 167 160 155 142 134 133 131 140 151 151 148
255 255 255 255 255 255 155 149 140 140 139 141 144 149 148 140 143 145 139 136 141 144 134 136 136 125 123 141 153 153 154 159 158 155 157 159 153 141 127 139 153 149 143 141 146 152 149 145 140 135 135 145 156 153 157 157 152 145 136 137 146 147 148 154 159 157 160 153 142 142 128 120 125 129 124 116 117 136 156 162 165 169 168 167 161 154 144 135 133 133 140 150 146 142
255 255 255 255 156 148 150 146 142 141 141 145 143 142 146 145 142 140 136 127 134 140 136 141 136 124 129 145 150 149 155 159 159 154 153 161 157 145 138 142 152 147 142 144 144 145 147 143 142 140 136 141 155 156 159 159 152 144 139 142 145 140 144 153 162 161 160 151 143 141 124 109 128 135 131 127 121 138 157 162 167 168 165 164 156 152 145 139 137 135 139 142 141 142
255 255 155 153 150 148 152 150 145 144 147 149 146 145 149 155 149 137 135 127 129 141 146 151 141 136 144 143 143 145 149 155 157 153 151 161 160 149 148 146 148 151 145 146 148 147 144 137 138 139 142 148 157 154 155 162 157 146 141 142 139 137 146 152 159 163 156 149 145 143 131 113 124 137 142 136 123 143 159 159 165 169 168 167 157 156 148 142 139 135 140 142 137 140
146 154 155 152 144 143 146 145 145 147 148 156 153 149 145 151 152 144 143 138 127 132 146 152 148 149 155 145 140 141 146 154 158 157 157 163 158 150 147 144 144 153 152 149 152 148 138 135 142 141 144 156 162 154 152 162 161 146 142 139 133 140 152 153 152 152 153 152 151 151 141 123 114 127 144 140 130 152 166 160 163 165 168 168 165 162 151 146 141 139 147 146 139 144
142 142 148 147 141 136 134 138 144 146 141 146 146 142 141 145 148 149 152 148 139 134 140 142 144 146 150 139 138 138 137 148 154 154 161 164 158 151 141 132 137 153 152 145 148 147 139 137 146 147 144 148 153 148 146 156 159 142 142 140 132 142 146 146 145 146 147 149 149 147 136 124 121 131 143 141 141 157 167 162 166 166 168 165 168 163 145 140 142 145 153 153 145 150
145 140 140 146 144 140 133 135 145 145 139 138 142 136 133 143 154 152 150 148 144 144 141 136 141 142 142 134 127 116 116 138 150 148 154 159 154 149 141 130 133 148 152 142 143 149 143 131 135 147 150 146 143 143 144 152 155 134 133 140 139 140 135 141 150 152 147 146 145 127 115 117 130 141 148 145 145 154 162 165 166 171 174 164 167 161 139 134 145 152 156 157 150 150
145 144 141 147 144 141 134 132 145 150 144 136 140 136 128 134 149 151 146 148 150 155 154 144 137 139 137 128 122 104 104 129 148 147 145 154 150 145 145 147 136 138 151 147 140 138 132 123 126 140 150 147 139 144 146 153 153 129 123 138 144 140 131 140 152 152 144 142 144 126 116 127 138 140 149 148 138 149 158 162 161 171 175 161 163 159 145 140 150 158 155 156 159 155
139 139 137 144 143 144 136 131 143 147 148 142 132 132 136 137 145 150 150 153 156 163 164 155 139 132 131 131 132 119 113 118 135 146 145 152 146 140 143 153 142 134 148 152 136 124 125 131 136 135 142 142 126 134 146 150 144 125 121 141 145 140 136 142 147 147 133 124 129 128 132 141 141 133 140 145 136 148 155 155 160 171 169 157 161 161 154 147 154 158 151 158 165 158
144 135 132 136 134 139 140 138 146 147 144 146 138 135 138 137 143 151 156 160 157 157 163 159 148 122 112 131 143 138 121 104 120 139 148 156 151 146 146 153 152 141 146 149 139 130 128 136 146 141 144 145 129 134 147 140 132 131 130 146 150 149 144 138 132 131 127 120 121 130 144 144 134 118 116 132 140 151 156 153 153 161 160 152 157 157 153 154 161 160 151 161 166 153
152 134 121 129 131 127 128 140 148 150 145 143 146 144 137 128 133 147 158 164 165 160 161 160 149 105 77 113 139 141 130 114 131 144 148 155 156 156 155 154 159 148 143 146 148 140 127 132 150 150 155 159 147 138 143 138 128 135 143 148 144 148 146 133 126 132 131 132 126 132 143 143 133 117 109 131 148 155 161 157 150 153 154 156 153 153 154 155 159 160 158 163 164 150
153 140 118 127 140 136 127 136 144 144 151 146 141 147 137 126 126 132 146 155 162 165 162 161 148 95 63 101 135 142 136 130 138 145 147 150 153 161 158 159 165 155 137 138 151 144 127 130 156 161 159 166 161 144 138 135 128 132 146 146 131 138 142 130 130 149 145 149 142 138 143 145 135 113 95 116 142 147 156 155 149 150 148 154 151 149 151 151 154 156 163 160 157 156
157 146 130 135 141 143 145 145 140 136 152 149 138 147 141 137 133 128 140 152 161 168 162 159 147 105 85 104 131 147 150 145 137 138 149 151 148 159 162 166 169 160 140 133 142 144 131 125 148 160 160 167 158 141 136 135 129 132 139 137 122 131 137 129 129 148 146 150 148 141 140 138 115 87 77 99 124 133 144 147 140 145 150 155 155 153 151 155 159 155 158 154 151 158
158 146 138 143 143 139 148 152 146 140 147 147 141 141 138 142 133 124 134 143 149 158 158 151 148 132 123 128 143 153 154 154 143 138 151 155 152 160 163 164 166 160 141 129 139 149 142 133 143 153 159 163 155 138 129 134 133 142 153 145 132 135 137 132 135 151 153 151 149 144 132 122 107 92 92 105 117 132 141 141 141 150 163 162 157 156 160 160 165 162 159 160 156 159
158 154 146 143 143 140 138 145 148 143 142 143 146 144 138 140 127 113 123 136 141 147 153 148 148 146 142 143 154 154 152 162 154 139 146 153 156 160 163 164 166 161 140 140 149 157 155 143 143 150 156 159 160 143 122 129 138 146 159 152 142 143 135 134 143 157 158 153 145 145 139 131 130 125 127 119 110 120 140 145 142 151 165 165 158 157 163 159 162 166 160 160 158 162
155 158 151 144 141 142 134 139 148 146 145 143 144 138 137 140 136 122 119 134 139 145 150 152 145 142 140 142 154 156 151 157 145 128 139 148 150 157 164 167 167 160 143 152 158 158 155 140 132 144 150 152 156 140 127 130 139 143 148 149 149 148 144 142 146 157 161 161 153 158 162 161 155 145 149 136 114 112 131 144 144 146 154 162 157 148 153 154 159 170 161 158 160 162
151 155 148 141 144 146 135 137 146 146 147 145 140 124 114 129 139 133 126 137 143 142 146 152 139 131 136 137 144 155 154 152 140 130 145 148 141 151 160 167 165 155 149 155 160 160 150 136 131 145 146 144 145 138 139 138 138 142 138 143 147 139 142 150 153 157 160 169 166 166 169 171 162 150 154 150 135 129 131 139 150 153 154 156 148 134 144 156 162 174 162 163 165 160
152 154 139 128 140 146 136 134 142 138 137 143 142 122 107 121 136 138 135 141 147 142 147 153 138 130 136 137 139 153 153 153 147 140 142 144 136 146 152 149 137 135 144 150 157 160 145 132 134 146 147 142 142 144 142 137 136 136 137 142 137 136 144 153 159 158 159 170 172 168 165 167 166 156 155 153 149 147 148 145 152 158 156 145 143 136 144 154 161 170 161 162 165 162
154 159 137 119 131 142 148 141 140 135 124 130 140 131 125 127 130 128 127 136 147 151 154 157 143 131 132 135 139 151 153 158 158 148 142 141 134 145 143 133 122 132 142 145 157 160 144 129 134 146 146 141 137 140 136 129 130 134 141 140 134 136 150 156 159 162 168 172 168 167 165 165 171 169 156 145 143 148 154 149 151 160 151 131 135 143 149 153 154 163 163 161 165 166
154 159 149 135 138 144 151 147 142 137 129 132 138 130 132 136 125 119 129 139 143 153 156 156 141 127 131 136 134 140 151 156 152 142 144 142 137 146 145 143 136 140 146 145 157 160 147 137 134 147 143 137 132 121 116 112 120 134 139 139 136 123 135 153 156 164 172 170 160 166 172 171 172 175 160 145 139 135 141 145 145 154 140 123 130 142 150 150 147 157 163 157 159 161
151 155 154 144 141 140 142 149 152 140 137 142 146 130 129 138 126 121 137 146 144 143 145 152 140 129 138 132 121 130 150 159 151 139 146 143 141 147 148 155 145 140 148 143 148 154 149 146 133 141 136 128 116 94 97 105 124 141 134 130 128 109 113 137 152 160 171 167 154 163 170 176 171 174 166 147 141 137 132 139 141 144 129 121 131 140 143 140 139 148 159 152 152 155
148 153 153 141 138 133 134 144 153 132 127 144 151 137 130 134 125 128 140 144 143 136 134 145 139 132 143 129 112 125 147 158 156 150 150 142 138 144 142 150 150 142 146 139 136 140 142 145 136 138 125 105 93 92 116 130 137 145 136 129 125 114 118 133 146 153 163 166 158 161 165 168 164 171 168 151 148 146 137 143 141 138 116 110 133 147 143 130 118 117 145 156 156 155
147 152 153 142 139 134 134 140 144 127 123 142 148 137 130 133 133 134 138 137 135 137 136 139 131 129 146 136 119 126 149 159 158 154 145 144 143 146 138 143 156 153 144 126 132 145 144 143 137 135 128 112 113 124 135 136 139 145 141 144 143 132 130 130 140 148 158 168 164 164 168 164 159 167 169 156 153 150 141 145 147 139 111 97 128 144 139 129 114 101 129 153 154 155
141 146 151 144 144 139 135 143 147 138 134 142 143 135 132 140 142 134 132 132 132 137 140 139 126 132 152 148 136 131 147 158 154 150 137 135 146 151 142 143 152 153 145 121 129 149 150 147 139 134 136 140 147 145 143 131 131 144 145 150 155 141 126 126 131 125 133 159 156 150 158 160 156 159 166 157 159 157 148 152 153 147 122 92 116 140 138 136 137 124 133 152 156 156
140 139 140 141 150 145 134 142 150 144 139 140 142 140 138 142 145 137 131 130 131 137 141 135 127 141 156 161 155 140 141 155 153 146 139 131 139 152 147 148 153 156 151 132 134 144 143 147 145 142 141 146 155 154 152 135 127 144 147 142 145 135 113 114 115 96 90 122 134 134 148 152 148 148 154 151 157 156 152 159 156 159 131 86 107 140 144 147 153 144 143 153 157 156
