example/E5 - XRays/X-ray-tomography/rastert_juap37.txt
ncols         356
nrows         356
xllcorner     -0.5
yllcorner     -355.5
cellsize      1
NODATA_value  -9999
[rows 210 to 251 of 356, columns 0 to 93 of 356]
255 255 255 255 153 147 146 146 146 154 159 150 149 151 147 146 146 147 149 148 148 152 146 138 143 146 142 145 145 141 136 138 146 148 156 158 151 147 149 146 137 136 145 145 143 148 148 145 154 161 150 141 143 145 137 142 154 148 139 136 140 143 145 143 148 147 134 127 132 139 148 157 150 153 147 139 143 150 161 165 167 164 172 175 170 178 180 177 172 171 173 165 168 172
255 255 255 255 153 153 153 152 152 154 155 151 151 152 149 150 151 150 151 153 156 151 143 143 147 139 132 133 138 140 137 142 155 153 157 157 148 147 145 146 142 138 135 135 141 138 137 141 151 160 149 139 144 153 147 150 159 152 146 144 152 157 149 139 143 140 135 128 129 137 146 153 151 156 151 154 154 147 152 156 164 167 173 171 169 171 168 169 171 180 182 170 164 167
255 255 255 255 147 152 156 153 151 153 153 152 150 153 156 152 152 150 147 152 157 149 138 142 146 135 124 125 134 134 139 150 146 137 146 142 131 139 148 142 137 136 134 139 142 127 123 136 149 153 152 145 135 148 148 153 158 153 149 145 149 152 143 134 134 134 139 131 136 148 146 152 154 156 154 159 149 136 143 162 167 173 182 177 170 164 165 166 175 176 174 177 164 159
255 255 255 255 143 145 153 154 153 154 155 155 147 144 149 153 150 148 154 157 153 147 141 139 144 139 131 129 137 135 131 143 139 129 131 128 132 137 144 141 136 137 146 149 142 130 124 126 135 147 158 157 141 140 142 153 158 154 153 154 151 151 151 150 145 140 143 139 143 150 150 155 155 154 149 149 143 137 146 161 171 182 177 167 165 165 167 171 178 173 167 172 166 167
255 255 255 255 136 139 149 154 151 151 154 150 141 141 150 155 154 154 155 149 141 141 144 139 143 148 146 138 132 130 124 129 132 129 128 128 133 140 144 142 142 145 150 151 143 136 130 123 127 140 145 152 152 143 145 151 149 153 159 162 158 161 162 156 144 136 138 144 143 147 155 154 150 153 148 141 139 144 155 158 169 171 161 152 157 161 169 172 171 167 171 168 162 162
255 255 255 255 255 136 145 148 149 151 157 154 144 141 143 143 149 156 150 143 140 144 147 146 145 142 133 127 118 126 139 148 146 144 138 138 136 132 135 134 137 141 145 142 132 122 113 118 130 143 149 154 151 145 147 150 146 154 157 158 162 157 150 146 147 141 143 148 142 143 147 152 158 155 143 140 147 157 155 150 157 159 162 167 169 166 166 167 176 174 170 164 160 148
255 255 255 255 255 128 135 143 148 152 155 160 154 147 135 134 143 152 152 153 153 152 148 145 142 140 133 119 111 132 153 156 148 148 145 137 137 132 129 125 125 126 131 121 113 113 109 132 152 160 162 162 155 147 144 143 144 149 150 148 151 144 143 149 156 150 148 141 136 145 148 149 150 149 140 146 153 152 147 144 149 155 162 174 175 170 161 162 174 176 171 163 160 138
255 255 255 255 255 114 132 138 139 144 149 155 158 158 147 144 147 149 154 157 151 152 147 139 143 157 154 131 125 146 157 153 148 152 150 144 139 129 123 129 137 138 138 125 112 113 122 144 156 164 162 159 155 155 156 148 143 137 146 155 155 147 150 154 154 149 144 136 134 145 146 139 131 141 142 142 141 143 144 137 141 149 153 160 167 174 172 162 162 162 162 161 154 140
255 255 255 255 255 110 139 144 146 152 153 153 155 155 152 150 152 150 148 144 141 146 141 137 147 160 164 148 146 158 159 155 154 152 148 150 148 136 135 149 158 162 163 151 130 128 143 156 156 159 160 163 159 157 157 144 140 139 150 156 153 145 151 149 139 140 148 145 136 138 145 149 146 150 146 147 141 138 139 131 137 151 153 157 156 158 172 168 155 155 163 166 155 140
255 255 255 255 255 255 133 144 147 149 150 151 155 153 154 155 159 158 149 145 144 148 146 150 154 159 157 148 149 157 159 160 155 144 145 147 147 145 151 159 160 164 162 155 146 147 153 151 145 152 156 155 147 145 149 140 137 143 146 146 145 146 150 140 124 127 143 147 140 136 136 144 149 150 144 138 136 136 140 140 148 156 153 157 155 157 172 167 155 165 167 157 149 129
255 255 255 255 255 255 130 140 144 147 149 151 149 149 155 160 157 154 152 152 147 149 146 150 149 148 140 134 147 156 157 156 154 146 145 142 135 143 153 154 154 157 156 157 158 158 154 145 138 146 143 134 137 138 138 136 137 143 147 155 154 144 139 142 140 136 137 144 140 138 136 142 147 146 136 133 140 143 147 153 160 158 154 154 155 164 167 157 161 172 167 149 141 127
255 255 255 255 255 255 132 141 148 152 150 150 149 149 150 153 152 151 150 146 148 153 150 147 144 144 143 138 143 154 155 153 152 149 148 142 128 131 145 148 152 157 160 161 158 156 152 143 136 138 132 134 148 149 139 139 144 142 152 160 149 135 130 134 143 147 136 141 137 134 135 136 143 141 136 145 150 154 151 149 153 154 153 148 156 167 161 151 153 151 146 143 147 138
255 255 255 255 255 255 132 141 148 144 140 147 152 156 155 152 150 155 157 153 159 154 143 140 138 139 143 148 143 143 147 150 156 152 148 141 129 129 147 153 150 154 159 160 153 148 147 141 130 128 138 150 146 139 134 135 136 130 145 153 140 125 126 130 132 138 134 136 131 136 142 141 145 143 146 150 145 148 147 142 141 141 150 152 154 153 156 154 143 135 139 146 145 134
255 255 255 255 255 255 255 144 151 139 132 137 146 157 160 157 155 154 154 153 151 142 140 146 143 139 143 152 144 137 141 136 137 140 140 137 136 137 149 154 149 150 151 152 153 151 141 138 136 136 143 145 131 118 117 121 119 115 133 143 136 123 130 135 131 134 136 134 133 139 144 144 135 134 140 140 130 132 143 143 141 136 139 143 145 142 142 136 129 127 135 144 142 135
255 255 255 255 255 255 255 142 148 146 141 137 142 147 152 156 154 152 153 153 145 142 152 162 158 150 147 152 149 145 146 128 124 138 140 132 136 140 140 142 143 148 152 160 161 154 125 127 146 147 138 129 130 131 127 127 124 116 121 133 138 140 145 145 139 131 136 135 134 140 146 143 132 137 143 146 133 126 131 133 132 131 136 146 149 147 141 127 123 122 135 141 143 139
255 255 255 255 255 255 255 146 148 153 156 153 152 151 151 156 158 158 153 150 150 147 150 159 161 160 150 151 151 143 136 124 123 134 138 134 140 143 142 148 147 149 156 162 153 142 116 120 140 149 149 143 145 145 136 131 133 126 123 130 134 135 134 136 132 116 129 137 139 144 145 139 131 138 138 143 138 132 128 125 125 132 145 155 154 147 146 139 135 131 140 137 137 135
255 255 255 255 255 255 255 157 154 157 157 152 151 156 157 157 157 158 153 153 150 142 147 159 160 153 144 145 149 146 131 116 122 136 142 142 141 137 134 138 143 150 150 143 137 138 132 133 149 158 161 156 145 140 140 137 138 142 144 137 132 129 121 126 129 125 135 139 140 145 147 140 133 143 141 141 137 139 138 123 125 143 146 146 146 136 132 136 135 130 135 136 147 151
255 255 255 255 255 255 255 255 152 154 151 142 138 149 161 162 157 159 158 157 154 142 147 165 162 147 139 142 148 147 135 112 121 138 137 137 135 128 128 132 141 148 144 140 145 139 132 138 163 166 162 161 151 141 135 135 143 159 166 156 148 141 125 128 132 136 143 138 139 145 138 133 137 141 135 139 140 139 139 128 126 138 140 142 141 139 139 140 130 128 138 150 156 160
255 255 255 255 255 255 255 255 148 149 144 136 127 137 157 161 161 164 161 162 160 139 143 162 161 147 139 145 140 129 129 115 121 128 126 128 129 129 136 146 152 153 148 145 143 130 126 138 155 155 153 152 147 137 132 137 144 158 163 156 151 143 137 138 128 126 136 135 136 136 126 130 146 146 135 137 137 134 140 135 120 120 133 137 135 140 146 140 137 140 144 161 158 154
255 255 255 255 255 255 255 255 156 152 146 136 124 135 158 161 161 163 161 166 158 131 140 160 165 157 145 142 129 117 127 123 120 123 130 136 135 134 139 152 158 158 146 137 141 134 135 146 146 141 143 141 133 128 141 146 133 141 154 156 152 142 140 138 129 125 136 142 143 135 128 136 141 143 137 133 138 144 143 138 140 137 136 128 129 141 147 136 137 136 145 166 164 159
255 255 255 255 255 255 255 255 255 149 149 144 135 143 158 160 163 166 165 164 151 127 141 162 168 164 148 138 128 125 138 131 124 136 140 139 138 132 130 138 146 145 136 131 143 146 146 148 140 133 134 132 131 125 139 149 134 143 163 164 152 140 138 136 127 119 132 134 140 142 133 140 145 142 134 130 131 140 132 132 148 145 135 131 134 139 141 140 136 131 148 160 160 164
255 255 255 255 255 255 255 255 255 151 147 147 140 142 155 161 165 166 165 161 150 129 131 151 160 159 142 130 127 131 141 130 124 136 142 138 134 129 130 137 141 139 136 134 142 152 150 142 135 131 126 114 112 107 123 144 138 141 151 161 153 134 138 141 130 122 132 122 125 133 128 129 134 132 129 138 137 136 132 130 137 140 139 138 138 137 143 149 147 150 155 157 161 156
255 255 255 255 255 255 255 255 255 150 148 149 145 148 159 162 162 162 162 160 157 135 119 141 157 157 146 134 129 134 146 145 136 138 145 138 130 130 132 135 140 144 148 151 151 150 143 142 144 133 117 101 90 88 108 137 136 132 132 147 150 132 128 133 136 137 135 122 114 118 126 136 138 135 127 126 130 132 136 137 136 134 134 137 144 145 151 150 147 148 147 151 162 161
255 255 255 255 255 255 255 255 255 255 150 146 149 154 158 158 162 164 157 155 158 144 125 136 151 152 148 142 140 146 154 149 142 143 146 133 125 129 128 132 140 138 144 158 159 153 152 150 147 131 117 113 113 113 118 123 121 122 132 144 150 140 129 133 135 138 135 124 116 115 118 132 138 136 133 127 127 132 127 128 140 133 124 127 140 137 140 141 142 142 149 155 153 160
255 255 255 255 255 255 255 255 255 255 149 150 153 156 158 161 163 165 163 160 157 148 128 126 150 154 140 134 137 144 141 130 130 132 136 124 120 131 129 131 144 139 139 152 156 153 152 150 141 119 110 130 147 153 148 125 105 114 142 148 147 144 142 143 147 157 154 147 142 130 116 120 128 132 144 143 135 137 126 130 137 132 127 125 129 119 115 125 128 139 153 151 148 158
255 255 255 255 255 255 255 255 255 255 151 153 157 161 163 163 163 165 163 156 152 151 141 129 143 152 143 137 138 142 137 129 122 122 126 114 116 139 141 135 144 140 139 153 153 146 142 147 136 104 105 140 157 158 149 133 112 121 139 136 143 148 150 146 158 171 163 160 155 148 136 126 130 135 144 136 129 139 139 142 138 127 117 109 114 113 111 130 136 147 152 139 144 152
255 255 255 255 255 255 255 255 255 255 255 153 156 156 154 157 166 166 159 150 144 150 152 138 136 147 151 141 135 135 135 128 122 125 128 125 131 152 156 149 148 127 115 134 144 137 135 135 108 74 91 129 139 135 133 143 135 126 131 139 152 162 166 164 165 165 159 163 159 155 147 140 140 139 143 140 138 145 150 145 140 136 132 119 118 127 137 139 138 146 148 130 120 121
255 255 255 255 255 255 255 255 255 255 255 151 156 156 155 157 164 169 165 157 150 154 160 156 150 154 150 130 125 129 132 132 144 143 137 143 148 154 154 157 155 133 120 125 130 126 116 107 86 69 93 117 118 110 116 140 138 125 129 143 162 172 170 169 171 165 161 161 152 153 139 132 143 149 145 139 140 143 147 136 135 140 141 127 131 146 148 138 140 144 136 114 113 129
255 255 255 255 255 255 255 255 255 255 255 153 159 160 159 160 168 172 166 158 156 162 166 164 158 154 142 123 124 131 134 141 144 131 130 144 149 150 149 158 156 149 139 126 120 125 113 89 76 90 117 135 138 132 138 141 134 127 129 139 159 167 161 163 165 167 169 157 142 140 122 114 132 143 136 132 141 143 137 134 138 135 131 123 133 149 143 133 137 132 128 125 138 147
255 255 255 255 255 255 255 255 255 255 255 255 157 152 152 159 166 166 162 162 168 170 167 160 155 153 141 124 122 124 132 136 119 98 111 137 147 146 149 160 156 152 139 127 127 133 115 79 80 115 139 153 158 155 158 147 133 127 130 142 156 160 163 170 165 170 173 153 136 131 112 100 121 133 132 134 134 137 135 139 136 138 140 137 143 154 151 146 139 123 133 143 143 139
255 255 255 255 255 255 255 255 255 255 255 255 151 143 141 149 154 158 164 169 171 165 160 159 161 156 138 126 123 124 134 137 128 106 112 135 150 153 154 159 159 160 145 135 130 131 109 91 124 157 164 169 173 171 170 160 143 121 108 123 142 155 165 171 168 172 169 158 150 136 119 113 121 128 136 144 137 139 140 139 135 140 140 129 130 150 155 146 139 129 137 149 151 153
255 255 255 255 255 255 255 255 255 255 255 255 148 140 143 152 157 157 158 157 158 163 162 162 161 150 129 128 137 130 130 136 136 127 134 147 155 156 157 159 160 161 148 139 134 133 119 115 149 165 171 176 175 174 168 158 136 117 108 119 141 155 163 166 168 167 162 164 162 146 134 129 125 132 138 143 139 139 140 141 139 142 144 140 139 136 122 118 135 142 147 158 163 161
255 255 255 255 255 255 255 255 255 255 255 255 255 143 150 155 155 149 147 149 156 162 162 162 155 148 137 135 140 123 119 125 126 132 145 146 142 137 141 151 155 152 147 143 140 145 140 137 151 163 171 168 162 164 160 149 143 139 127 122 143 155 160 158 160 158 152 152 149 143 138 135 125 133 138 134 132 136 144 147 150 152 145 143 141 133 126 132 147 153 155 158 160 159
255 255 255 255 255 255 255 255 255 255 255 255 255 151 149 151 151 148 148 150 155 160 161 159 153 149 140 129 127 121 127 132 135 142 143 141 143 141 134 142 147 143 146 145 142 147 148 148 149 153 158 162 161 165 158 147 147 147 138 133 148 152 151 144 141 143 148 151 147 150 145 135 128 139 143 138 133 139 151 155 154 157 147 139 139 139 140 137 141 154 155 157 164 163
255 255 255 255 255 255 255 255 255 255 255 255 255 255 149 149 151 146 148 152 158 164 161 155 149 147 146 132 128 135 145 151 149 145 139 139 138 130 128 136 137 143 152 151 145 140 145 150 123 99 109 142 151 151 144 145 156 158 144 135 142 141 137 128 127 131 141 147 148 152 146 142 147 153 148 144 140 146 158 164 160 165 156 145 143 142 139 128 139 159 167 167 165 154
255 255 255 255 255 255 255 255 255 255 255 255 255 255 150 148 151 144 145 158 171 174 165 152 148 146 155 153 148 150 155 159 157 151 146 143 127 112 122 133 137 145 148 149 150 144 148 147 113 86 90 116 128 133 132 142 164 164 143 135 137 129 127 119 123 132 136 132 130 142 146 145 151 153 147 146 144 148 158 164 160 162 156 143 135 137 143 139 148 161 160 159 159 157
255 255 255 255 255 255 255 255 255 255 255 255 255 255 255 148 150 147 147 157 173 182 174 161 150 147 157 161 159 161 160 157 160 157 148 144 135 120 117 124 135 144 153 154 148 146 150 145 126 117 115 118 126 127 120 121 137 141 134 124 129 127 131 129 131 140 142 133 132 144 153 152 149 150 145 147 150 153 155 158 151 152 152 146 138 140 144 143 148 160 163 167 165 166
255 255 255 255 255 255 255 255 255 255 255 255 255 255 255 151 151 150 152 158 172 180 170 157 149 151 160 159 159 162 160 155 156 153 144 147 149 142 130 128 129 135 150 151 149 152 150 141 125 125 140 142 139 138 130 121 125 133 133 119 123 127 130 127 131 136 135 127 131 139 148 154 149 153 158 156 153 151 150 150 141 136 140 146 146 149 150 144 148 160 172 175 161 158
255 255 255 255 255 255 255 255 255 255 255 255 255 255 255 157 153 153 157 159 164 162 153 146 151 158 163 160 160 164 160 160 162 158 149 144 143 141 131 125 125 131 143 142 145 142 130 121 111 115 139 152 149 149 150 145 142 144 141 138 139 133 130 128 133 135 136 127 125 137 143 144 146 156 159 155 155 153 150 148 136 130 136 138 144 153 150 146 153 152 159 169 161 153
255 255 255 255 255 255 255 255 255 255 255 255 255 255 255 255 150 154 159 159 156 151 149 150 160 165 165 165 166 162 159 165 167 162 155 149 146 141 132 130 129 133 144 141 138 132 127 122 116 113 130 150 148 151 158 150 151 148 146 151 150 147 146 132 128 133 141 139 136 144 136 138 148 156 151 147 153 150 150 149 142 145 142 140 141 147 141 143 150 150 157 163 157 158
255 255 255 255 255 255 255 255 255 255 255 255 255 255 255 255 152 157 155 152 152 155 158 153 154 156 158 162 161 161 164 164 161 162 161 151 144 140 138 140 141 143 148 137 132 132 134 127 120 120 133 143 142 153 162 159 157 148 147 147 144 154 156 138 124 129 137 134 138 141 129 133 144 149 150 149 150 151 156 159 155 152 144 149 152 152 148 147 146 149 154 150 152 163
255 255 255 255 255 255 255 255 255 255 255 255 255 255 255 255 255 151 146 149 151 153 151 145 150 154 162 165 159 164 167 158 160 167 157 144 134 129 134 142 142 143 142 132 125 126 128 131 133 144 154 151 152 162 162 161 157 159 158 154 150 150 143 138 131 135 133 125 137 147 144 142 137 130 141 143 142 147 153 162 154 140 134 136 137 144 149 149 142 134 139 138 151 164
