example/E5 - XRays/X-ray-tomography/rastert_juap53.txt
ncols         356
nrows         356
xllcorner     -0.5
yllcorner     -355.5
cellsize      1
NODATA_value  -9999
[rows 252 to 293 of 356, columns 94 to 187 of 356]
126 126 134 137 137 145 144 153 150 150 153 154 154 144 141 136 143 141 142 150 149 151 138 141 147 151 158 153 144 143 142 141 142 147 153 163 158 153 158 156 150 159 165 152 142 133 134 146 158 155 151 155 154 150 154 138 125 127 137 118 118 143 152 156 156 161 157 161 156 135 144 149 142 135 147 155 157 153 142 141 136 136 140 149 156 160 161 158 157 146 135 137 146 145
131 138 138 138 141 143 148 159 158 155 147 149 159 145 138 135 136 130 135 146 144 139 134 152 155 149 156 150 134 137 138 145 155 152 156 162 154 149 157 161 155 163 166 159 148 128 137 156 155 149 146 140 141 148 150 138 130 132 140 122 117 136 145 155 161 162 142 156 155 135 149 152 150 145 157 161 150 145 143 138 138 139 145 142 146 153 164 174 159 135 131 135 140 133
137 145 146 147 146 151 154 156 154 146 145 155 159 143 139 146 144 149 152 137 133 144 148 155 155 157 161 160 151 142 136 136 143 148 154 160 155 157 164 161 157 166 162 154 154 139 133 141 139 148 149 125 124 145 143 142 143 137 134 129 122 134 150 156 159 170 151 156 151 138 144 140 145 155 162 161 152 147 143 136 149 148 148 148 145 143 150 159 154 134 131 136 139 133
148 146 156 156 148 151 147 136 131 134 140 156 159 160 162 158 156 163 163 152 152 160 162 162 164 169 166 156 147 142 141 132 132 144 158 165 158 160 168 164 160 164 157 157 159 147 134 131 132 144 147 124 122 143 135 126 136 126 117 129 130 139 144 144 150 161 149 151 151 146 145 142 154 158 153 161 159 150 140 137 149 148 148 151 144 139 142 145 134 129 138 134 134 143
152 155 155 147 143 149 144 139 137 131 137 160 166 174 176 162 156 163 162 154 158 169 163 165 168 161 164 162 148 141 135 131 130 127 141 157 159 159 163 165 158 151 152 168 163 144 135 138 142 142 140 133 122 130 135 125 131 127 117 132 148 155 150 146 140 132 129 145 149 142 139 143 149 145 142 150 155 148 138 144 151 160 159 148 141 148 151 159 150 141 143 137 143 154
158 154 152 146 142 150 148 149 144 134 146 171 175 172 172 167 160 165 163 156 169 178 167 160 167 164 162 157 156 150 141 147 140 128 129 131 149 159 160 156 151 147 143 159 153 148 142 141 156 156 144 135 128 131 138 137 134 140 136 136 148 160 153 142 136 129 126 134 136 137 131 137 147 143 146 158 157 146 141 151 151 161 166 153 141 144 146 154 153 152 146 140 149 154
158 147 147 145 140 146 151 150 131 133 154 164 168 169 166 166 162 163 162 165 175 175 166 161 161 160 163 159 167 159 155 157 150 141 121 117 134 140 154 152 147 150 144 148 147 155 153 149 147 154 147 139 141 138 138 147 145 145 151 148 140 143 143 138 135 137 141 133 129 143 149 155 149 144 153 159 155 140 137 148 153 163 169 162 155 143 144 153 152 154 153 155 157 147
154 152 150 143 139 139 140 143 139 146 156 156 159 161 163 168 166 167 168 169 167 164 160 167 162 159 166 169 165 153 160 160 157 153 144 137 121 111 141 159 156 159 160 159 159 164 159 155 141 140 134 135 138 132 141 149 144 144 157 157 139 134 141 150 144 140 148 151 140 144 154 154 133 138 153 150 152 144 137 147 154 163 163 159 155 132 136 156 160 160 154 157 159 144
144 148 153 145 137 139 142 144 155 154 154 154 149 149 163 165 163 174 171 172 168 164 165 164 155 153 163 171 158 153 165 163 159 152 154 163 150 120 120 143 153 156 160 159 163 159 147 151 150 144 133 134 136 136 144 153 161 161 161 153 141 135 135 152 152 139 137 146 135 132 140 143 137 146 148 146 155 142 124 134 144 156 159 163 147 128 143 148 151 152 147 149 160 154
147 142 141 137 135 141 141 146 156 161 164 157 145 141 157 160 165 179 167 166 165 167 172 170 158 154 157 152 151 165 170 166 160 152 155 160 162 146 129 129 141 152 158 154 158 154 144 140 141 149 144 139 139 146 150 158 165 163 156 149 143 133 135 133 132 134 140 146 140 138 134 138 146 157 144 137 142 129 103 108 130 146 154 162 138 133 155 143 138 145 145 139 141 147
154 150 139 134 142 149 149 153 158 166 168 167 157 144 152 154 159 171 166 165 171 169 168 169 155 151 151 142 152 167 166 163 162 153 157 159 157 162 164 154 146 140 145 149 154 159 153 141 129 132 143 152 151 151 152 159 159 158 152 148 145 139 143 128 109 115 137 143 141 148 138 133 138 145 139 129 129 124 105 113 135 136 139 148 138 133 142 141 141 145 139 130 133 142
138 136 138 142 143 146 149 159 164 168 169 171 164 150 151 145 156 169 166 169 173 165 163 168 159 151 145 143 152 163 164 159 160 155 162 170 162 165 168 162 152 141 150 152 153 171 172 162 141 131 145 155 152 152 154 151 154 162 162 161 156 147 141 137 122 125 134 139 142 151 148 142 135 132 134 132 121 113 118 134 144 135 134 146 144 133 137 149 149 144 132 123 142 151
132 132 136 132 144 156 158 163 160 160 164 163 164 163 160 160 170 162 164 169 159 156 165 165 162 150 133 135 146 163 164 156 164 163 167 167 159 164 158 163 166 161 153 144 155 173 176 171 153 144 147 146 145 144 153 160 155 156 164 159 157 152 143 144 133 139 139 139 141 144 143 143 145 142 136 134 133 131 141 155 147 136 128 134 137 126 138 157 154 149 133 126 145 151
147 136 132 132 154 161 164 164 161 162 167 172 170 166 157 160 165 154 164 169 160 170 179 165 163 152 140 141 145 153 149 144 157 160 161 163 165 171 168 168 168 160 144 144 151 154 159 152 144 144 143 142 153 151 149 159 154 154 160 148 155 154 140 138 134 133 133 140 141 140 136 136 142 148 141 128 129 140 152 152 145 142 123 118 128 136 146 158 158 147 125 119 133 141
140 139 140 147 163 162 163 161 158 158 157 163 164 158 152 161 160 159 168 165 162 175 175 159 158 152 149 149 150 148 128 120 149 155 160 170 165 167 167 169 172 167 157 156 140 140 150 142 138 141 143 139 151 153 147 155 151 152 160 144 145 146 148 146 142 146 148 145 138 137 134 135 143 148 139 127 121 123 136 139 147 137 114 105 117 142 155 161 160 154 137 127 133 142
137 140 138 149 159 154 159 164 161 161 159 155 161 158 158 163 160 161 161 156 152 145 145 146 146 141 147 159 162 141 99 84 127 150 162 166 164 171 170 172 180 173 163 158 143 144 150 151 148 142 133 123 133 136 135 143 140 145 149 144 146 143 156 159 151 156 158 140 130 141 141 141 144 141 142 148 141 134 135 140 137 119 105 105 125 144 145 132 126 138 144 143 141 152
140 139 131 135 148 149 159 167 165 165 161 154 152 149 149 148 149 156 153 146 146 137 131 146 158 149 153 164 157 142 124 92 102 128 154 163 167 172 170 169 173 167 159 159 154 152 149 149 148 139 120 111 122 118 98 93 112 135 136 141 147 145 152 149 140 147 149 138 139 148 139 143 145 139 146 158 157 158 152 150 134 116 116 127 138 144 134 102 95 108 128 150 148 149
143 135 132 134 138 138 152 159 160 158 153 152 148 145 150 153 150 154 151 153 156 145 134 148 162 148 151 161 155 158 157 136 122 115 141 160 170 170 165 170 166 165 162 163 160 155 150 151 141 135 128 105 109 113 105 104 104 113 127 138 146 148 148 151 145 145 145 145 150 157 149 150 148 149 154 159 158 160 159 161 141 131 134 138 132 127 125 107 107 111 123 149 145 141
142 140 148 146 134 128 142 148 153 163 163 161 157 154 159 155 149 152 156 157 147 145 139 136 146 143 156 164 162 168 166 161 148 124 139 155 167 171 164 171 167 166 168 168 163 162 155 156 141 128 118 84 87 121 141 151 136 124 125 126 141 147 150 146 140 135 138 143 148 156 156 148 141 149 156 155 157 159 155 159 147 141 138 136 128 121 124 108 115 129 134 145 144 142
149 147 143 139 135 134 137 150 160 164 163 158 156 157 154 146 149 158 159 147 133 144 144 138 135 142 155 155 162 177 170 162 140 115 139 156 162 171 168 168 166 171 171 173 168 164 161 159 146 130 111 75 76 120 146 151 145 134 117 109 121 139 154 150 139 127 137 147 150 161 153 135 130 137 151 152 151 159 163 158 142 142 147 138 132 132 128 103 108 138 151 146 150 154
159 148 139 145 146 143 138 148 158 151 149 155 155 161 160 154 161 164 158 148 140 150 144 137 140 158 160 158 170 179 165 160 138 112 146 167 171 179 171 169 168 168 168 173 165 162 167 161 152 133 113 87 84 121 145 152 149 139 116 104 114 122 130 137 136 132 142 141 132 140 141 135 138 140 154 156 153 159 161 151 134 139 150 147 149 145 133 110 113 147 165 156 157 162
150 138 138 152 154 155 151 152 151 139 140 151 154 156 156 160 167 159 153 149 147 157 153 151 157 167 161 159 167 177 168 171 163 129 139 160 170 173 168 172 171 165 166 173 168 170 177 166 152 132 110 95 97 128 154 160 158 138 99 99 115 110 113 132 142 138 140 134 125 130 135 144 157 157 156 151 154 155 154 152 141 147 156 150 148 136 127 121 126 152 165 167 163 158
144 137 136 146 152 158 152 143 140 139 139 143 148 147 145 155 162 156 150 146 154 161 160 164 170 170 161 161 168 174 169 171 172 141 120 138 168 173 175 176 178 175 167 173 167 169 169 158 152 135 110 102 107 122 142 152 157 141 112 119 128 124 116 126 137 135 143 144 138 147 152 157 158 157 153 160 161 161 165 163 154 150 150 138 135 129 127 137 144 157 164 168 162 153
143 146 142 140 150 152 139 135 133 128 128 140 145 146 152 158 159 153 144 144 158 162 163 167 171 167 160 169 176 175 175 178 178 159 129 128 162 173 176 175 175 177 170 170 157 162 169 160 152 141 123 112 109 108 130 146 146 144 132 126 122 133 124 114 119 131 150 153 151 158 166 161 157 161 155 162 158 153 155 155 154 149 142 130 129 125 122 140 154 164 157 161 164 155
150 152 147 142 150 145 135 132 127 126 130 136 149 154 151 152 152 144 140 146 157 169 165 158 164 165 165 172 176 175 183 179 179 172 150 137 155 166 172 174 174 174 167 166 156 156 165 161 151 147 139 123 116 119 136 146 136 137 125 108 107 118 113 101 111 131 153 159 159 158 161 162 163 170 163 157 156 150 146 147 144 141 142 129 125 131 119 126 150 163 154 161 166 161
152 153 145 136 141 137 129 116 109 123 136 138 145 153 149 151 149 137 143 155 159 171 166 155 155 157 165 164 170 176 177 167 168 165 164 157 153 166 173 171 175 172 160 156 154 157 159 153 146 153 153 135 133 136 140 146 140 146 140 122 112 106 105 103 110 136 154 154 165 170 168 167 164 174 167 152 154 156 150 136 126 131 143 130 124 139 124 119 144 157 153 158 166 165
149 151 140 132 136 132 119 114 108 110 129 144 143 150 151 151 146 142 152 160 158 164 165 160 163 160 159 161 162 170 173 169 170 167 170 163 153 163 175 170 171 171 163 154 157 165 157 156 153 153 153 137 135 142 138 140 134 139 141 130 122 109 125 134 127 142 157 161 165 168 173 174 171 170 165 153 157 167 157 143 138 142 143 137 135 145 126 96 105 128 142 155 166 159
147 137 120 122 137 139 128 128 118 102 122 144 149 161 157 152 143 141 156 160 162 166 162 157 164 168 172 177 164 165 171 173 173 169 168 166 162 160 170 173 168 156 160 168 158 161 158 161 158 148 149 142 134 137 131 128 125 127 126 129 124 115 132 135 120 132 155 167 164 165 172 171 166 158 164 161 163 165 162 154 152 154 145 143 136 138 130 104 95 104 120 140 153 153
138 134 127 121 133 141 135 126 118 116 132 143 152 160 152 157 151 143 156 163 166 167 162 157 165 176 177 167 162 166 165 164 164 161 160 160 163 167 173 170 162 152 156 160 149 148 153 154 146 138 145 143 134 128 122 130 136 133 120 123 119 113 117 123 129 140 159 170 160 163 173 168 160 160 166 163 165 165 164 148 148 163 159 151 133 125 133 134 123 107 106 115 138 160
136 139 137 128 130 138 135 125 121 134 151 157 162 159 154 160 155 151 160 164 167 164 157 154 159 167 165 160 167 165 160 160 167 166 160 160 160 165 171 169 161 160 155 151 148 147 151 145 140 138 141 142 136 130 123 135 141 129 117 126 117 107 96 113 143 156 169 173 157 159 164 163 159 160 167 169 170 171 166 152 156 164 155 147 140 137 128 123 124 117 110 112 140 158
138 138 141 143 144 144 140 131 124 128 138 154 153 149 154 160 161 158 161 161 165 159 155 158 155 158 164 165 168 166 164 166 173 169 166 165 162 165 172 169 163 165 158 153 150 147 143 139 148 145 133 139 140 137 133 135 135 118 121 137 126 121 105 116 151 160 169 176 163 168 170 166 172 170 169 168 168 166 161 157 167 170 159 151 157 150 122 113 121 122 114 112 135 151
141 137 139 139 134 135 138 134 129 117 110 132 139 144 156 161 158 154 156 156 159 156 155 163 161 158 165 166 165 164 168 169 169 166 162 159 162 171 171 162 159 164 158 149 151 141 120 123 144 139 124 134 139 136 136 134 129 117 128 148 143 144 137 134 161 168 161 172 167 171 173 167 174 175 175 171 172 171 169 172 170 171 161 154 163 152 130 125 125 114 99 88 110 129
139 137 142 142 137 133 125 113 116 115 116 127 127 135 149 153 148 149 157 160 160 160 155 156 161 161 168 169 162 163 168 162 159 165 161 156 164 171 165 157 158 167 160 148 143 132 121 126 140 137 126 124 133 134 136 135 138 132 127 139 149 150 143 146 167 165 160 169 167 170 169 160 165 168 170 168 168 169 173 170 161 168 168 160 157 149 143 143 141 122 97 80 99 111
136 132 137 146 142 135 121 94 97 118 127 126 124 134 149 155 147 150 155 156 155 159 153 153 161 167 172 171 161 160 168 163 161 163 154 153 164 171 164 157 161 165 163 154 136 130 136 142 147 151 143 126 138 146 149 144 139 132 129 132 140 146 147 161 171 164 165 169 167 170 172 158 157 165 166 168 174 176 175 166 166 170 165 166 164 155 143 138 140 129 115 113 121 118
134 136 136 143 143 136 122 99 97 112 117 123 138 153 161 159 145 147 151 156 155 159 161 157 160 165 168 166 162 163 165 164 172 166 159 157 157 168 168 163 167 170 165 157 140 126 134 151 153 157 142 126 141 146 149 148 135 134 139 129 124 128 149 166 166 160 166 171 170 170 174 166 163 168 167 172 174 170 172 167 169 170 158 161 163 153 127 115 124 124 122 123 120 121
136 144 142 142 144 136 128 124 113 113 119 124 139 151 157 162 152 151 148 151 153 159 158 162 165 163 160 157 160 163 165 166 169 166 168 164 165 177 170 166 168 170 160 156 144 120 134 152 151 159 143 124 131 139 141 144 138 144 142 129 123 126 149 164 162 165 169 167 168 169 170 170 168 167 166 170 171 169 165 167 172 172 161 161 159 145 118 91 100 115 122 110 107 115
146 149 150 148 148 146 131 124 107 101 119 131 136 148 164 163 151 143 133 136 140 148 152 158 164 162 160 161 156 156 159 160 159 157 159 155 162 176 166 162 165 164 154 150 136 119 135 145 146 156 147 125 123 132 131 139 149 142 115 118 135 134 150 167 165 169 171 160 166 173 173 170 170 173 165 165 170 173 168 168 173 170 162 165 166 147 121 82 78 105 121 106 104 116
149 148 152 153 149 143 128 115 98 90 110 135 140 151 168 161 146 132 129 143 141 140 156 163 166 162 156 166 164 162 159 158 156 159 163 158 159 170 169 168 169 167 155 147 137 132 149 156 153 161 151 135 129 134 134 138 147 130 95 101 125 126 148 166 164 171 173 163 168 171 172 170 168 170 167 169 167 164 169 170 169 169 161 160 165 152 135 100 86 93 108 111 117 130
149 152 154 154 143 130 130 128 110 101 116 138 143 149 155 152 144 131 136 148 142 138 147 152 158 153 151 168 168 159 162 161 159 162 166 165 165 164 173 175 173 171 162 155 149 145 156 160 157 159 148 139 133 135 138 138 146 138 117 105 107 112 137 158 162 168 170 169 173 165 159 161 165 170 172 172 165 159 160 161 163 164 159 150 150 157 155 133 115 98 100 114 123 130
151 154 157 154 141 132 141 145 133 128 138 144 143 151 154 147 139 138 142 142 135 139 147 154 160 157 155 161 158 156 170 168 163 160 161 165 165 165 173 174 170 171 161 155 146 138 156 164 161 155 146 136 131 132 130 136 147 144 142 123 111 109 120 147 158 163 170 168 167 161 154 160 166 169 168 174 172 164 148 145 154 155 156 149 143 154 156 143 134 118 106 110 121 132
148 149 150 148 144 140 148 152 140 135 142 146 145 147 148 144 137 137 138 138 138 147 153 160 158 156 151 152 150 151 161 158 160 159 161 169 168 164 165 169 166 164 159 163 157 147 154 154 150 143 137 143 148 141 130 135 148 141 142 136 123 114 111 133 150 157 162 155 153 156 156 164 169 170 163 170 175 171 154 141 138 141 150 155 150 148 137 133 139 131 121 112 126 146
140 137 138 139 142 143 148 148 143 139 139 148 145 140 142 142 138 131 132 134 140 147 150 152 148 146 148 148 141 137 140 143 157 160 161 170 168 162 167 171 169 167 166 162 156 146 141 147 147 143 132 130 140 141 138 136 144 138 137 137 128 125 121 128 139 152 156 151 152 153 153 151 155 163 159 172 173 171 164 141 125 130 146 157 153 137 111 121 135 131 122 111 121 133
