example/E5 - XRays/X-ray-tomography/rastert_juap35.txt
ncols         356
nrows         356
xllcorner     -0.5
yllcorner     -355.5
cellsize      1
NODATA_value  -9999
[rows 84 to 125 of 356, columns 94 to 187 of 356]
118 117 123 132 142 156 145 133 140 130 112 94 107 140 142 147 151 149 151 152 144 145 143 148 149 139 131 131 133 126 131 142 138 143 150 147 142 140 151 157 148 135 136 134 121 132 141 147 135 124 139 132 128 144 143 152 174 175 169 168 166 161 158 156 144 131 141 140 137 148 157 151 146 146 154 147 136 136 121 120 127 131 123 125 141 146 150 150 141 135 141 154 165 162
119 123 123 127 139 155 149 134 132 116 109 114 122 137 137 143 142 146 150 150 146 148 135 134 143 138 140 142 138 126 135 142 142 153 156 150 150 145 147 152 144 138 142 138 126 135 139 138 133 138 153 146 142 145 149 159 163 167 174 180 174 169 158 153 149 139 145 138 128 144 154 146 145 135 144 152 140 125 118 117 123 135 123 128 139 140 147 142 134 132 138 151 159 163
119 119 120 125 135 139 130 116 120 115 114 126 128 128 132 138 130 133 143 143 146 144 132 132 137 141 137 138 136 126 123 125 137 148 148 151 154 149 152 152 146 145 140 134 137 139 139 137 134 140 142 149 155 142 148 165 160 162 169 172 164 163 156 155 159 147 135 134 140 153 152 145 144 141 144 154 150 141 134 115 114 128 120 140 151 153 154 146 138 126 125 143 156 162
110 120 125 126 134 132 116 107 122 133 129 124 114 116 140 147 130 134 136 137 142 140 129 129 134 133 124 131 133 123 115 121 138 135 142 156 154 154 161 157 144 145 138 134 147 142 130 134 136 134 136 147 147 143 157 168 167 169 166 166 161 164 166 170 163 151 131 130 144 156 157 150 133 140 146 147 147 149 141 112 118 124 116 147 156 161 162 152 144 116 120 144 157 164
102 132 137 131 135 143 141 135 139 138 141 134 121 120 143 156 139 141 137 137 142 145 136 128 133 130 124 137 141 133 127 133 144 129 138 155 157 159 157 157 152 149 140 139 142 144 132 130 134 131 134 142 137 141 150 156 162 169 162 160 163 170 169 171 161 143 125 128 147 159 161 149 129 132 132 128 136 145 145 126 130 130 131 156 164 167 162 156 153 124 130 154 157 165
131 153 140 138 138 131 134 138 139 132 142 140 130 128 137 144 130 121 124 135 147 150 141 129 122 122 123 136 146 145 140 139 142 136 139 147 153 156 147 140 153 141 123 137 138 145 137 135 138 133 139 145 145 146 139 144 155 161 155 154 161 167 163 163 160 145 127 132 142 152 151 142 133 133 123 125 127 135 146 138 137 136 141 153 171 173 164 157 149 129 136 160 166 172
154 159 145 142 142 128 123 131 138 135 131 130 133 136 133 132 123 114 119 129 147 159 143 129 120 121 129 142 146 140 137 143 145 149 150 141 142 156 153 135 143 136 126 137 137 143 139 134 140 142 146 147 150 162 150 142 149 147 148 154 162 166 157 150 151 147 135 129 122 137 137 139 142 135 131 138 133 127 123 126 135 141 140 141 160 163 165 152 134 126 138 161 164 169
156 143 135 141 140 136 124 118 123 132 126 131 140 141 134 129 129 136 143 138 141 141 134 135 135 131 134 141 150 149 138 138 137 138 147 142 141 154 148 138 141 140 137 149 142 146 140 135 144 146 151 145 142 157 151 143 144 146 154 160 162 170 159 147 142 149 148 129 119 137 138 127 131 131 135 141 140 137 124 130 134 132 128 131 145 149 147 135 133 146 156 164 151 152
144 131 132 141 138 139 132 121 125 141 140 141 148 146 139 137 141 145 153 154 149 140 138 148 148 141 140 138 145 150 144 139 141 133 131 142 148 151 148 143 144 145 137 146 147 147 148 147 154 148 153 144 137 148 145 144 144 147 155 159 165 168 153 143 141 145 148 141 137 142 144 124 128 140 145 143 143 148 137 129 134 137 132 132 132 127 132 129 141 154 151 153 146 147
149 142 141 149 142 134 132 135 142 148 142 141 146 136 132 139 139 138 154 156 150 156 150 149 147 138 135 140 147 143 144 153 156 144 130 136 140 140 149 150 149 147 143 141 137 138 151 154 157 154 154 143 137 145 145 146 151 153 159 158 161 167 153 141 139 141 141 136 131 135 140 130 136 143 144 154 151 150 148 135 129 140 149 150 137 124 136 135 140 144 137 150 147 141
156 152 140 145 142 137 130 140 157 156 143 131 129 122 118 130 135 138 156 159 152 156 152 150 149 139 128 140 153 148 152 158 155 139 131 127 135 135 133 136 144 150 149 142 141 139 146 147 145 140 142 148 136 128 132 142 150 157 163 160 155 160 149 146 139 142 148 136 130 125 136 142 139 139 133 150 149 143 142 141 140 148 154 156 147 140 139 131 129 138 136 150 156 145
160 160 150 154 150 143 123 122 150 162 142 115 119 128 124 127 140 144 147 155 158 153 147 145 143 137 135 142 152 159 159 161 162 149 149 132 130 138 137 135 136 148 154 143 138 137 132 133 140 134 132 139 128 122 126 139 151 161 165 161 151 154 145 142 136 140 144 136 135 126 137 142 128 133 132 143 145 137 135 145 140 148 153 146 140 144 136 136 130 137 143 145 148 147
163 163 157 158 152 144 121 109 131 146 126 108 125 137 125 125 139 135 138 144 154 153 151 147 149 147 145 142 144 159 162 163 156 152 160 144 137 142 146 145 144 140 138 134 133 145 139 131 137 135 138 139 125 131 139 143 145 149 163 157 148 156 145 128 129 137 137 141 135 129 138 140 130 132 133 138 140 132 131 138 115 103 128 142 141 148 149 153 139 141 144 135 134 151
165 165 155 153 147 140 121 94 109 139 138 127 133 135 126 133 144 139 145 139 143 149 152 138 142 149 144 140 146 157 158 169 159 155 154 153 151 150 154 149 146 138 133 134 139 145 138 128 134 132 140 151 140 133 152 151 139 139 156 158 148 156 143 122 125 138 137 142 135 139 149 150 145 130 133 140 144 135 125 120 107 85 109 141 149 148 148 154 142 139 139 131 139 157
156 156 149 148 139 127 120 103 107 133 135 136 146 144 131 133 138 142 144 138 133 142 150 140 140 143 146 142 145 154 157 160 163 163 156 161 154 142 156 156 150 147 149 147 139 135 136 134 131 131 142 151 150 130 139 146 140 133 138 152 147 150 150 142 136 144 145 140 130 143 148 143 137 125 137 139 138 139 132 125 119 104 121 144 145 147 150 150 143 132 139 147 148 141
161 155 138 126 118 117 121 122 128 137 132 132 140 145 140 132 126 138 144 147 132 129 143 146 148 143 142 135 135 149 160 161 161 162 157 156 155 143 149 161 155 141 141 140 132 141 141 137 136 140 151 158 156 139 127 134 146 137 136 150 150 143 142 147 142 144 145 141 140 143 143 132 136 133 137 136 129 139 147 143 134 123 125 138 138 150 160 150 141 126 137 156 144 127
158 148 121 104 109 123 130 135 147 151 150 150 138 137 141 144 140 141 137 134 122 118 137 140 146 149 144 138 143 152 151 152 153 155 151 144 146 146 142 152 153 129 132 137 130 149 146 135 141 139 148 163 152 137 131 127 138 140 144 148 152 143 139 142 147 149 143 131 141 137 135 128 139 136 133 137 130 134 143 146 146 145 133 136 144 150 155 147 136 121 133 149 138 133
133 127 124 118 120 126 146 156 152 147 146 146 138 136 133 143 148 142 130 123 129 124 132 135 143 149 153 152 148 147 131 127 123 122 138 141 132 133 137 145 145 134 130 132 127 137 139 136 144 139 138 144 129 122 128 125 128 131 148 146 147 146 148 146 147 138 133 128 138 138 135 136 144 140 139 138 136 126 124 132 147 157 131 126 143 146 149 138 134 131 145 146 140 137
126 129 133 136 148 156 162 162 155 158 154 137 137 144 139 140 142 141 136 137 145 137 136 145 145 141 144 153 152 145 135 135 125 117 139 147 129 131 141 137 129 142 138 134 136 137 138 140 152 154 148 143 135 128 124 122 133 136 148 143 142 140 144 143 139 140 142 135 131 134 136 140 144 139 147 140 132 129 133 129 135 154 136 129 140 139 145 140 141 140 143 140 143 140
131 138 139 144 159 167 162 159 158 162 153 137 136 144 144 139 136 144 142 143 151 148 137 146 148 130 125 129 130 143 143 140 140 135 133 139 136 133 137 130 127 140 142 138 136 139 149 144 149 157 148 144 143 120 107 112 139 149 153 149 147 140 138 133 132 149 152 136 129 133 137 134 133 134 145 139 132 134 141 133 136 146 138 140 141 141 140 140 140 130 137 137 148 155
131 133 141 151 157 155 159 158 148 139 130 127 135 142 138 137 144 147 140 134 130 128 126 125 139 132 129 122 121 142 145 141 130 133 134 134 142 134 127 133 139 141 141 139 135 138 157 151 140 150 149 139 133 103 89 111 142 153 145 148 147 141 135 127 125 143 159 142 135 136 140 130 126 136 140 141 140 137 136 130 137 143 136 135 132 132 137 137 136 125 125 123 141 153
141 131 136 146 145 141 144 146 136 133 127 123 124 130 138 149 155 146 135 127 122 122 129 138 145 136 136 139 136 144 156 162 142 129 119 120 139 144 132 147 151 147 138 130 135 131 143 154 147 153 156 134 130 105 90 117 137 150 145 150 142 134 132 129 129 138 147 138 132 134 147 134 125 138 136 134 131 126 125 132 132 138 142 134 138 131 136 141 131 122 128 130 139 145
148 142 138 136 125 126 129 126 118 131 136 128 127 134 140 153 158 156 151 149 147 151 153 155 150 135 130 138 138 150 157 162 160 130 96 115 147 151 139 141 147 149 143 133 148 155 154 161 153 151 147 133 132 123 113 126 138 149 157 151 141 135 133 123 137 143 128 128 141 150 148 129 122 136 142 135 131 133 134 143 143 137 138 138 145 133 136 143 138 131 139 146 148 139
136 147 144 137 128 117 117 122 115 122 128 126 131 147 142 142 162 170 165 165 157 150 150 150 146 141 139 142 145 151 150 148 154 120 98 130 150 140 125 113 125 145 150 143 144 154 160 154 141 145 138 135 130 138 143 145 146 139 153 140 139 136 135 122 136 141 131 136 134 137 134 127 125 128 135 137 142 142 143 144 144 136 137 141 135 134 140 139 146 138 136 141 149 135
136 143 142 132 139 134 131 136 134 140 139 137 132 141 145 143 161 165 166 170 162 155 145 144 139 140 145 145 156 145 137 132 136 127 130 149 141 125 128 128 132 143 151 144 144 148 148 152 145 144 146 141 129 138 145 142 138 128 134 126 136 139 142 139 131 129 140 145 132 129 126 130 139 140 139 135 136 137 145 153 148 144 147 139 130 136 143 133 136 135 134 128 135 134
150 146 141 134 142 141 140 145 147 152 143 136 137 137 147 153 164 163 168 172 161 157 143 142 138 135 141 135 151 142 131 129 131 137 139 141 140 135 138 137 147 150 148 148 155 156 147 145 140 134 141 144 143 145 146 144 137 137 123 100 117 138 143 140 137 139 135 132 131 130 136 139 146 152 153 141 136 141 145 154 157 157 147 134 130 130 127 123 130 133 145 139 134 145
142 146 141 141 146 146 143 145 145 147 147 133 131 138 146 153 163 164 163 165 162 156 138 142 141 137 141 130 144 144 138 135 136 142 132 134 138 131 131 130 140 145 147 151 143 141 145 134 122 134 144 150 152 146 140 142 143 139 125 103 111 140 146 138 144 148 139 136 133 120 137 143 147 148 148 143 140 142 145 157 166 158 139 140 144 148 138 133 134 136 148 149 142 149
137 145 148 147 147 146 141 139 141 135 144 142 128 137 146 145 160 166 165 167 163 152 145 147 135 128 141 138 136 145 152 140 134 138 134 144 150 138 137 135 130 139 147 136 118 125 142 137 131 138 150 161 152 141 141 142 145 141 136 128 125 138 145 138 139 140 139 141 147 134 134 142 154 151 145 153 146 143 154 157 156 144 140 142 141 146 148 140 127 138 145 151 146 138
153 149 149 145 142 142 145 148 146 131 134 134 122 126 137 136 156 170 164 160 162 149 147 146 128 123 140 145 126 127 142 139 135 138 141 149 145 139 140 139 127 128 137 125 123 128 135 131 134 132 139 147 132 135 141 126 123 129 138 135 127 135 139 136 145 147 138 139 149 132 119 129 143 140 140 144 146 145 152 151 144 137 137 137 132 134 140 132 130 138 143 147 139 134
155 150 147 142 137 138 142 148 149 137 138 130 121 122 127 140 156 170 168 159 166 162 148 146 139 137 140 141 139 133 130 134 134 135 143 148 140 146 154 156 144 132 125 126 141 139 134 139 133 131 137 131 125 143 138 120 119 119 125 127 121 134 136 136 149 154 143 137 144 129 111 124 142 134 137 138 143 140 145 156 144 118 123 134 127 132 139 135 143 142 139 139 126 132
155 155 156 154 146 141 137 145 148 129 131 134 129 131 126 142 157 157 158 154 150 149 146 149 153 142 137 133 142 142 135 136 133 134 145 151 152 158 160 161 155 143 122 122 133 131 143 159 145 137 138 128 126 144 148 133 130 127 127 125 128 150 147 146 155 154 143 131 142 135 130 129 128 121 127 140 148 148 149 154 148 120 120 129 123 131 137 136 137 146 139 129 129 137
156 155 157 163 162 150 139 138 144 139 135 131 124 130 134 133 143 137 137 143 135 132 145 148 147 136 133 126 127 134 137 139 138 132 131 139 145 154 152 153 156 143 128 121 125 130 140 147 141 135 131 132 127 131 144 139 144 144 139 138 133 150 162 159 160 153 151 146 147 136 144 139 121 121 135 135 144 155 156 150 142 134 132 125 122 132 126 121 126 144 133 120 140 145
155 159 155 149 158 153 148 139 144 143 135 128 123 128 134 131 133 128 131 139 141 138 145 139 146 152 145 128 135 141 138 143 142 128 123 121 129 142 141 148 144 132 131 132 134 137 139 143 137 131 129 136 128 119 128 144 150 140 135 143 141 151 156 147 153 146 145 146 151 149 148 143 129 131 144 132 138 143 146 147 135 134 138 140 130 134 126 127 135 141 133 135 145 139
139 155 155 145 149 148 147 143 148 133 125 129 138 142 137 132 148 147 139 139 137 136 132 123 135 145 146 140 142 142 134 139 136 136 140 133 134 140 139 152 141 129 134 132 128 129 134 135 137 143 137 138 138 133 133 137 143 134 129 133 137 158 152 139 148 151 142 142 154 155 141 140 135 134 140 133 131 139 142 136 135 139 141 139 132 134 130 138 149 144 133 136 142 144
121 141 147 149 144 139 142 139 147 126 122 137 143 142 127 115 131 147 142 137 133 135 132 136 133 124 139 155 145 144 144 136 128 142 149 145 137 135 141 150 137 123 131 134 125 131 133 123 132 151 150 132 135 141 133 130 138 142 139 121 112 136 149 153 152 153 149 152 155 149 138 143 137 135 136 132 128 136 137 131 141 142 141 132 133 132 125 129 131 133 133 140 143 139
126 145 153 155 151 146 141 138 142 125 120 133 134 132 114 96 105 122 135 140 131 134 134 141 140 134 139 147 141 141 155 147 133 140 142 142 141 136 140 141 127 120 133 142 137 142 139 130 135 144 145 133 135 143 135 134 137 146 152 115 86 108 140 151 150 152 148 150 155 151 144 138 136 132 125 131 141 137 135 140 144 144 143 132 138 133 133 139 132 139 144 146 141 134
134 135 143 155 156 161 153 140 132 114 117 132 128 132 123 108 116 123 134 144 138 139 136 135 137 138 135 137 140 135 134 143 145 147 136 134 140 134 133 137 134 134 146 145 141 149 141 132 139 144 143 142 139 143 147 141 135 147 146 102 76 99 124 130 138 144 145 141 146 141 142 134 131 130 123 129 141 142 138 146 136 141 151 140 142 136 144 151 133 140 144 142 139 138
146 143 135 145 150 152 153 143 135 119 123 137 138 143 135 123 131 141 142 139 135 142 157 148 137 148 141 141 154 153 139 144 143 141 141 147 143 134 129 137 150 144 151 149 140 148 143 134 144 146 143 141 142 142 143 140 136 140 142 122 110 114 108 109 129 148 149 139 141 135 130 132 127 124 129 138 133 141 142 143 132 138 149 138 138 142 148 153 129 138 141 143 142 143
142 151 147 148 153 140 138 148 152 141 139 135 138 147 143 140 146 150 142 140 149 149 152 140 128 140 138 130 140 153 155 148 137 136 135 140 146 135 130 138 143 145 149 151 127 124 127 129 140 140 137 140 136 136 147 147 135 131 138 150 148 144 139 133 133 145 145 137 145 132 117 126 133 130 139 140 139 148 132 128 134 142 142 126 136 149 146 147 136 131 126 136 142 152
139 147 145 140 144 142 136 149 156 151 151 141 137 149 155 148 149 160 162 155 149 140 139 128 130 138 140 138 139 149 149 143 147 149 135 128 144 146 140 145 149 148 142 146 133 129 134 134 136 143 132 130 127 133 142 139 136 142 143 147 154 160 156 154 137 130 147 143 140 131 126 132 136 130 133 126 136 144 126 128 141 137 129 133 142 145 142 138 138 133 115 123 145 162
139 142 144 141 136 142 148 155 157 149 154 148 141 151 157 143 145 161 163 153 142 131 133 128 137 146 149 153 160 155 141 139 148 146 136 135 148 154 143 151 151 134 142 148 142 141 149 141 138 153 135 123 129 135 136 134 136 145 142 141 147 161 152 146 139 128 145 140 133 135 136 140 142 132 134 129 128 142 140 135 143 138 135 144 147 149 152 139 135 135 117 122 148 153
137 135 143 152 145 142 147 148 155 148 143 144 141 148 154 156 161 154 154 140 136 135 133 137 146 147 153 150 151 144 143 144 142 148 153 148 143 146 137 139 138 125 142 153 137 132 149 146 138 142 142 140 139 141 135 136 137 140 136 135 135 140 145 139 139 142 144 137 128 133 133 137 141 138 138 136 132 142 143 139 143 144 150 139 137 141 145 138 130 132 125 134 154 152
