example/E5 - XRays/X-ray-tomography/rastert_juap36.txt
ncols         356
nrows         356
xllcorner     -0.5
yllcorner     -355.5
cellsize      1
NODATA_value  -9999
[rows 252 to 293 of 356, columns 94 to 187 of 356]
156 162 161 156 149 148 152 153 159 156 145 149 158 159 143 135 134 136 140 149 155 150 145 141 139 151 150 145 145 138 143 150 147 144 155 154 149 155 142 139 156 143 134 141 143 152 159 157 148 133 126 133 138 136 136 134 127 123 116 120 126 126 136 140 145 154 142 135 132 141 149 151 139 147 138 138 147 145 139 128 139 145 151 147 154 157 158 160 160 157 155 168 175 171
156 158 154 146 147 152 158 161 166 165 154 150 152 154 149 142 142 153 153 149 152 148 142 150 151 150 148 153 155 142 151 149 147 147 148 150 147 144 141 145 155 148 142 150 149 151 147 146 142 136 132 134 135 128 130 128 130 136 127 121 133 130 128 130 147 153 140 146 141 144 148 142 132 136 134 133 139 144 141 130 144 148 147 150 156 161 157 155 165 159 148 160 174 168
156 152 153 149 154 160 158 154 162 158 152 155 150 151 153 155 154 155 153 142 140 137 142 149 147 152 156 153 155 163 170 159 147 140 144 146 143 138 143 147 148 145 148 153 147 144 139 141 144 143 138 137 138 131 130 131 130 125 124 125 123 121 121 135 147 142 139 154 143 130 129 133 140 140 133 133 138 137 143 143 136 139 144 152 154 154 145 137 152 148 150 165 169 167
155 155 158 157 160 160 150 140 148 145 150 153 146 152 155 158 155 149 146 143 140 141 150 147 143 148 152 153 155 160 161 158 141 130 144 155 143 131 141 149 151 148 153 149 139 143 140 133 146 156 144 136 134 127 133 141 129 114 121 137 133 131 135 151 146 140 140 147 146 145 133 140 147 142 139 148 142 139 144 146 134 135 138 141 147 147 131 127 150 150 156 170 169 161
150 152 153 159 159 148 141 137 134 133 139 139 133 136 137 139 144 147 147 147 151 145 139 137 142 144 148 156 152 148 148 149 150 140 143 144 138 139 150 158 154 145 147 149 139 144 149 142 142 142 139 139 135 130 139 149 139 131 135 145 141 137 140 153 148 144 137 135 141 155 149 152 152 143 145 152 139 145 139 129 129 119 121 128 141 135 116 114 139 157 155 155 148 141
153 155 146 145 145 134 133 135 128 134 141 136 129 132 138 139 137 137 141 140 149 142 141 144 145 145 146 150 150 158 162 157 162 151 151 149 147 151 161 159 153 152 148 151 140 135 144 142 133 129 129 137 146 125 123 144 141 146 147 142 138 136 137 144 134 133 137 140 142 150 146 144 155 158 149 140 145 161 138 126 129 117 129 136 148 147 129 115 130 152 149 138 123 122
155 145 143 142 135 136 138 139 140 150 147 139 133 131 143 142 140 136 140 146 152 146 144 146 139 131 139 147 152 156 156 147 149 141 141 149 154 158 161 152 155 157 152 148 134 131 136 138 130 126 124 134 141 124 125 143 136 141 142 139 133 134 141 142 127 111 118 137 144 142 136 137 157 160 147 147 155 157 141 136 132 130 148 157 158 151 145 134 140 150 137 128 118 111
144 135 144 141 129 141 142 144 137 146 153 147 140 138 151 150 145 143 152 156 153 147 145 154 143 122 137 147 145 146 146 136 139 138 136 140 154 165 159 150 159 160 159 150 138 146 145 143 136 121 121 122 129 136 135 141 142 141 141 135 117 119 132 136 137 123 121 134 148 140 131 138 152 154 151 155 153 154 144 133 136 143 151 154 154 154 155 141 137 129 110 111 115 124
129 137 143 126 126 139 131 136 136 149 155 142 138 141 152 151 145 145 150 153 154 163 161 162 149 134 144 152 148 148 140 136 132 123 136 147 156 164 164 160 164 163 163 159 147 145 144 144 143 134 127 116 130 144 134 141 146 143 143 137 128 122 117 111 132 136 134 133 146 138 125 129 144 145 141 148 154 149 135 136 147 154 157 153 152 160 147 132 137 112 102 119 140 150
130 141 134 124 137 132 126 137 143 147 150 139 133 146 156 153 156 151 146 153 155 161 158 162 151 143 146 147 149 146 144 144 133 126 143 154 151 150 155 163 160 157 159 147 141 141 148 161 164 154 144 136 141 144 138 140 146 148 147 144 139 129 116 87 93 116 125 128 138 136 134 135 136 130 130 135 150 148 144 150 150 157 159 153 152 153 136 132 148 136 128 142 159 164
139 145 135 132 127 113 119 134 143 140 141 145 140 138 142 147 153 145 139 148 162 161 149 154 149 148 159 155 153 148 156 158 148 146 159 162 154 155 161 166 157 157 152 130 131 149 166 174 171 160 150 145 137 143 140 136 151 143 138 141 150 158 149 117 94 90 98 114 120 134 150 145 129 118 122 130 136 144 157 153 146 159 157 155 158 149 141 137 150 148 139 143 160 171
137 142 144 138 117 112 127 132 134 135 138 145 149 143 140 148 148 140 139 143 159 160 156 161 150 147 159 156 156 150 151 148 146 155 166 165 158 161 167 165 160 158 136 125 134 150 174 179 171 167 156 145 134 135 135 136 153 142 141 148 160 170 167 161 139 113 98 99 117 140 148 144 129 124 130 137 125 128 150 155 149 153 153 150 150 149 142 132 138 144 138 145 165 171
132 137 142 142 130 131 140 139 142 142 141 142 149 149 144 153 155 149 145 137 144 154 161 166 153 149 160 157 155 155 149 143 151 159 161 162 162 162 160 154 152 149 126 132 137 149 166 166 166 165 159 152 143 138 137 138 143 133 144 151 157 174 176 170 154 141 123 107 118 128 136 142 133 139 142 140 121 120 135 135 136 137 142 140 143 150 155 138 127 132 128 140 164 167
137 140 144 153 152 150 144 144 148 145 153 157 154 155 159 160 160 164 159 139 140 148 151 155 149 151 163 157 151 155 154 155 155 165 164 163 162 159 150 149 145 141 132 141 144 155 163 162 169 167 163 157 148 148 144 137 135 134 147 147 154 176 180 165 152 143 137 133 127 125 134 136 133 139 136 136 122 128 137 126 126 132 144 146 142 142 155 145 136 134 131 146 158 156
144 146 145 148 148 146 147 159 159 146 151 160 158 158 163 166 166 167 158 141 150 158 154 152 150 155 162 153 154 160 150 154 149 148 149 148 146 141 130 141 144 142 136 135 138 146 151 156 159 158 163 158 149 148 141 139 138 130 139 146 158 173 174 169 161 147 133 131 142 139 128 124 134 139 131 120 113 128 130 128 130 135 142 151 150 146 144 142 141 141 142 153 154 159
150 145 138 137 141 151 159 167 164 152 146 146 148 149 150 157 159 157 147 140 146 150 149 152 164 167 160 147 160 164 147 152 150 140 143 142 137 138 134 135 146 145 131 137 148 150 151 152 148 153 162 153 140 134 125 135 141 126 127 140 156 167 168 173 161 144 129 127 146 145 123 110 131 137 127 120 112 119 118 123 133 141 146 151 150 151 148 150 151 153 144 146 157 163
150 149 146 143 139 150 163 171 168 160 150 136 138 142 142 149 154 149 141 151 153 147 151 154 156 156 153 149 152 151 141 139 143 149 154 149 138 138 137 139 151 149 133 137 142 144 146 146 149 150 140 128 125 119 114 137 147 149 142 143 149 160 165 159 143 131 123 122 134 139 122 107 119 125 124 127 122 125 122 126 137 144 156 162 156 157 156 152 156 163 155 144 151 148
150 151 144 142 144 149 157 168 166 163 160 145 139 144 140 141 148 144 144 154 156 153 151 151 158 162 159 161 156 147 144 138 140 150 152 141 128 134 137 143 156 149 143 144 136 144 145 144 151 152 133 125 120 114 119 144 156 167 155 146 136 137 147 137 124 119 114 105 112 135 137 132 124 116 104 106 121 129 121 137 144 142 156 164 155 151 153 157 157 163 160 148 145 135
149 149 138 135 142 144 145 151 153 159 160 153 143 143 136 137 145 144 147 149 150 147 153 152 153 155 156 158 155 156 157 150 139 141 148 141 134 132 134 141 152 143 130 126 127 136 143 142 138 147 147 145 137 132 121 129 151 160 149 136 123 119 132 133 119 108 102 107 115 129 139 146 132 117 83 85 126 130 116 132 141 143 143 146 148 154 152 155 153 157 153 154 152 143
132 142 139 131 131 124 115 121 135 154 160 154 142 146 145 135 137 141 148 148 141 134 148 148 145 149 159 159 153 157 154 147 133 128 140 146 137 135 146 149 146 128 112 121 130 130 139 136 126 146 160 152 150 143 115 118 140 146 139 132 132 121 129 141 130 115 109 117 124 125 132 146 143 134 96 89 130 137 121 128 136 141 137 135 143 157 155 152 147 158 157 155 150 144
129 146 142 127 122 114 103 112 130 147 146 141 143 151 145 134 144 144 143 146 143 136 144 142 142 155 168 165 160 158 155 143 128 122 134 148 151 158 159 159 151 126 116 129 136 129 131 130 133 147 159 154 153 137 103 96 113 125 121 121 139 139 140 139 127 124 131 126 129 133 132 141 138 136 129 114 122 130 132 132 125 127 134 139 147 155 155 156 153 153 152 144 133 134
127 144 141 138 135 118 107 118 126 140 141 140 142 144 150 152 150 146 142 139 137 131 136 142 144 149 152 150 150 155 152 137 129 128 140 158 162 166 164 165 158 142 140 145 144 135 130 130 135 139 148 147 147 137 96 66 84 104 104 112 141 143 135 126 127 134 141 141 137 145 143 135 127 118 115 111 111 125 136 136 128 128 135 140 152 162 161 153 145 143 150 135 125 134
125 142 152 154 142 118 111 124 139 143 138 144 146 147 153 153 138 133 134 122 121 127 135 147 148 141 143 148 148 147 139 126 111 112 144 165 168 168 164 162 158 154 153 150 137 131 132 136 139 134 133 132 125 105 66 41 70 100 110 132 154 149 136 119 124 139 145 146 138 148 141 130 133 122 108 117 126 132 139 147 144 138 138 144 158 161 151 147 144 147 156 140 143 146
136 142 160 161 146 132 130 133 142 137 133 140 144 148 149 146 136 130 132 133 138 141 154 158 150 149 153 159 153 140 133 127 107 100 128 150 162 157 154 160 163 157 153 146 125 126 133 127 112 106 114 114 82 52 38 40 86 113 128 152 162 150 130 102 104 132 161 159 150 160 140 123 128 135 128 139 144 145 149 151 149 147 146 148 154 156 143 145 144 146 149 137 143 143
147 141 149 151 143 132 131 130 135 138 140 145 145 143 140 141 133 129 132 139 151 152 165 164 154 160 160 159 151 144 136 129 121 118 133 154 157 152 160 165 154 150 157 146 124 124 115 91 71 80 114 114 71 55 56 64 105 127 131 135 144 142 120 101 105 125 156 164 163 165 149 131 129 144 153 166 162 158 158 156 156 154 148 145 151 154 147 149 144 147 148 132 128 125
151 150 145 137 136 133 136 131 130 143 148 147 150 144 134 141 139 137 139 143 154 159 166 168 161 160 162 162 151 149 141 131 124 121 133 150 153 163 162 153 149 154 159 145 128 120 97 72 68 77 108 116 94 86 87 83 99 121 124 128 136 131 119 123 135 140 147 149 154 151 141 123 128 148 161 173 168 164 166 165 163 163 152 143 143 143 148 148 149 152 154 141 121 110
158 160 148 137 127 120 130 131 126 137 143 140 144 146 138 144 143 142 142 141 147 150 155 158 156 156 157 155 141 134 123 119 118 118 128 143 155 171 157 145 143 151 157 152 140 129 125 122 115 102 124 142 139 130 129 108 107 126 145 150 135 124 119 131 140 143 143 130 138 137 118 103 118 139 152 160 161 157 161 161 156 160 154 144 144 143 141 136 152 158 154 144 120 103
158 155 145 140 130 118 131 135 125 133 144 143 143 140 134 145 152 152 143 136 149 152 155 159 158 159 157 149 132 126 122 121 124 119 126 145 162 168 160 147 139 154 155 147 148 154 164 165 146 135 153 150 148 150 151 138 140 146 152 143 126 120 122 130 129 134 133 129 143 137 109 116 131 134 145 153 157 155 157 157 157 165 160 155 150 146 139 129 146 161 158 143 132 123
153 152 148 145 139 131 136 134 127 127 132 143 144 140 140 148 157 151 117 112 149 164 160 164 162 156 152 144 123 112 116 123 133 128 136 153 161 158 154 141 135 150 153 147 159 178 172 157 143 149 161 149 159 158 156 163 166 155 144 133 122 117 126 124 120 130 137 136 138 130 110 135 149 130 133 143 144 141 136 139 157 170 160 158 150 146 142 128 136 159 157 136 136 136
142 151 156 152 142 130 133 142 133 117 129 146 142 135 133 137 152 149 99 85 131 158 156 156 154 148 144 145 126 106 112 125 137 136 148 159 159 154 150 141 136 140 152 147 154 174 170 156 144 152 165 166 168 158 161 171 169 158 150 140 128 129 135 124 132 144 134 126 135 136 126 143 146 125 127 139 142 134 124 130 147 155 144 142 142 143 140 130 139 149 142 131 141 139
142 147 153 151 141 133 141 148 132 121 136 139 133 130 130 127 139 139 116 104 121 134 140 146 146 143 141 145 133 120 123 129 134 137 148 164 155 151 151 149 146 146 149 140 144 162 163 154 150 160 164 165 166 161 164 161 158 155 157 149 140 142 139 135 154 160 141 135 144 138 132 146 143 134 128 134 142 135 124 131 141 144 136 135 141 140 137 133 144 144 137 139 145 144
140 141 148 149 146 136 132 140 132 121 132 136 131 131 137 130 131 132 129 127 130 127 133 146 148 143 145 148 139 134 134 126 125 134 149 162 148 150 155 147 138 137 140 136 145 153 145 140 144 150 159 168 166 164 172 163 157 158 154 137 138 144 146 152 150 144 139 140 145 146 143 145 138 140 139 139 141 134 125 131 137 134 136 137 138 146 140 132 144 147 143 143 143 142
145 147 144 145 141 121 116 132 136 132 140 130 120 126 135 134 124 122 129 136 145 144 142 148 158 155 149 149 140 136 132 124 127 138 150 153 143 142 146 142 139 143 147 143 149 151 148 150 153 153 163 171 161 159 168 158 152 150 129 116 129 141 156 160 141 126 129 129 132 144 145 136 132 145 150 147 148 150 138 134 138 134 138 140 141 145 129 121 142 149 145 145 136 137
149 148 142 145 138 117 115 130 138 144 147 127 119 127 137 141 131 137 142 137 139 142 141 139 147 153 150 147 141 137 136 140 150 151 145 136 129 126 140 151 148 147 145 139 141 143 147 155 153 153 153 154 154 153 155 154 147 143 122 107 119 140 151 150 141 131 133 137 137 136 138 138 141 147 147 148 154 161 149 138 141 138 139 140 144 151 135 126 137 140 141 137 126 138
144 145 143 144 141 134 131 133 141 142 136 133 136 134 139 146 141 149 144 137 134 125 126 125 132 149 146 146 147 138 139 140 142 131 124 124 122 127 141 155 152 143 140 140 148 150 140 148 148 145 145 149 159 152 150 161 154 153 134 112 123 137 143 147 143 140 138 142 139 134 137 144 148 146 154 166 163 165 149 127 138 147 146 139 144 154 145 128 129 132 132 130 130 147
138 143 147 144 136 132 132 135 145 142 132 140 149 142 143 151 139 136 139 144 134 113 114 121 129 140 132 134 144 144 144 140 137 125 130 131 129 145 151 158 156 148 144 143 154 154 148 159 156 146 148 157 161 148 149 163 157 157 142 135 142 135 141 150 149 145 136 130 132 145 145 142 148 158 169 175 162 157 149 135 142 153 153 147 148 146 140 125 130 127 127 137 149 169
132 137 140 142 135 132 138 144 146 142 133 141 149 142 138 136 128 130 143 148 137 127 121 124 136 145 141 130 134 140 143 147 138 124 137 145 152 167 159 153 155 150 139 135 151 158 155 160 156 140 135 145 157 148 150 167 163 153 142 144 148 144 147 143 138 145 137 129 135 146 147 142 152 166 176 173 164 160 158 148 151 155 152 152 149 139 134 123 126 128 129 134 145 163
141 140 137 139 136 145 153 147 146 151 148 149 141 136 137 130 126 132 146 144 136 141 138 139 140 133 129 127 131 134 138 136 129 124 133 153 163 167 159 152 154 155 145 136 147 151 150 154 154 147 138 137 150 148 150 162 156 146 144 143 142 146 156 144 138 149 140 139 147 142 140 146 150 156 168 162 165 166 158 151 149 151 159 155 144 139 140 125 123 140 146 139 133 140
147 139 135 142 146 156 155 139 138 147 147 140 128 120 127 131 128 141 153 138 132 143 147 146 142 132 126 126 134 139 137 135 143 147 144 154 160 165 172 167 164 160 148 144 140 143 151 151 154 157 142 137 143 139 134 138 136 139 139 135 137 146 151 139 143 146 138 150 151 139 143 149 146 151 157 158 169 164 148 147 147 143 149 143 134 133 139 127 131 145 154 151 140 130
138 132 129 136 145 148 141 134 133 133 139 135 128 113 117 134 144 158 154 143 148 152 147 137 140 145 134 127 142 145 140 145 153 151 155 164 167 171 176 166 163 159 154 148 142 149 144 143 150 155 142 140 142 136 127 124 127 134 124 112 129 143 141 136 144 148 140 152 152 150 156 155 156 156 151 155 159 151 146 144 139 136 139 138 135 133 125 121 140 148 147 153 153 134
134 129 131 133 140 140 135 140 134 128 133 129 132 128 131 147 156 151 140 142 149 146 135 129 137 140 132 131 137 124 129 142 141 145 158 166 170 175 171 163 165 159 149 142 147 147 138 142 143 146 141 137 140 145 134 124 135 143 123 117 135 136 136 138 140 147 146 149 148 154 157 153 144 136 140 148 148 146 151 155 144 137 135 137 135 128 114 120 141 139 124 122 128 114
134 137 141 141 142 140 139 150 144 129 126 121 127 137 143 148 143 140 138 141 144 141 132 133 139 133 128 128 117 107 126 138 139 149 156 165 172 168 163 169 173 157 145 145 152 148 144 148 142 140 141 133 134 137 129 127 135 138 136 138 141 135 134 132 134 145 154 153 152 157 149 144 135 124 129 141 146 150 153 158 158 147 134 136 141 138 133 139 143 138 121 113 111 95
