example/E5 - XRays/X-ray-tomography/rastert_juap25.txt
ncols         356
nrows         356
xllcorner     -0.5
yllcorner     -355.5
cellsize      1
NODATA_value  -9999
[rows 84 to 125 of 356, columns 0 to 93 of 356]
255 255 255 255 255 255 255 255 255 255 255 255 255 255 255 255 255 255 255 255 255 255 255 255 255 255 255 152 147 149 152 151 148 149 150 147 149 147 136 134 140 150 152 153 150 145 140 138 137 135 135 136 132 126 130 138 139 134 129 133 135 126 135 138 129 132 137 142 149 147 141 140 135 140 143 138 140 142 145 137 129 127 133 134 137 141 138 130 133 142 140 133 134 152
255 255 255 255 255 255 255 255 255 255 255 255 255 255 255 255 255 255 255 255 255 255 255 255 255 255 155 149 146 145 149 153 150 149 149 149 152 146 135 129 129 147 156 149 139 134 131 133 136 131 131 140 139 136 132 135 138 136 132 133 135 135 137 136 131 139 141 137 139 135 134 145 142 132 133 132 144 160 170 152 128 122 121 134 140 139 136 131 133 130 126 125 138 159
255 255 255 255 255 255 255 255 255 255 255 255 255 255 255 255 255 255 255 255 255 255 255 255 255 255 152 152 150 149 151 151 147 145 149 148 144 144 142 138 129 136 147 140 132 129 125 120 122 129 130 135 142 147 137 130 133 137 133 125 132 143 144 140 139 140 140 140 141 137 131 138 141 137 136 138 155 170 169 150 127 121 118 133 142 144 145 137 130 134 127 118 131 154
255 255 255 255 255 255 255 255 255 255 255 255 255 255 255 255 255 255 255 255 255 255 255 255 255 149 146 149 150 146 143 146 144 142 147 152 142 141 134 121 123 132 141 140 137 133 124 110 105 120 133 130 135 141 133 129 134 138 127 117 133 144 142 139 139 135 132 138 144 140 134 138 143 144 150 148 143 149 148 143 133 132 136 142 145 144 147 147 141 143 139 130 132 145
255 255 255 255 255 255 255 255 255 255 255 255 255 255 255 255 255 255 255 255 255 255 255 255 255 151 143 142 148 149 141 142 148 148 146 151 148 140 116 94 111 130 135 136 138 133 126 114 98 101 119 127 137 147 143 137 134 129 122 123 137 141 133 122 118 124 132 132 132 136 137 143 152 151 156 155 133 126 127 134 140 145 146 146 145 144 143 150 147 134 129 134 136 140
255 255 255 255 255 255 255 255 255 255 255 255 255 255 255 255 255 255 255 255 255 255 255 255 156 151 143 144 148 151 148 142 144 145 142 139 144 141 124 110 120 134 137 138 136 132 127 122 114 108 114 135 149 148 146 145 136 125 122 128 137 129 104 96 109 120 135 139 131 135 133 133 151 160 161 160 134 122 124 121 132 144 145 145 144 148 153 151 147 134 128 133 136 141
255 255 255 255 255 255 255 255 255 255 255 255 255 255 255 255 255 255 255 255 255 255 255 150 147 144 144 154 154 148 150 148 147 145 142 140 142 142 137 134 135 136 137 136 132 130 124 127 132 128 123 132 143 140 138 139 139 138 135 135 135 117 97 109 133 137 130 128 129 135 132 133 142 152 153 151 134 129 136 116 119 136 146 153 151 145 154 151 147 139 134 134 130 135
255 255 255 255 255 255 255 255 255 255 255 255 255 255 255 255 255 255 255 255 255 255 255 150 148 143 135 145 154 150 150 150 145 143 142 145 148 144 143 142 139 135 137 138 133 118 106 120 135 136 134 127 130 144 147 143 145 146 148 137 130 121 120 134 143 137 120 108 113 127 138 138 126 130 144 146 135 121 130 123 132 140 147 157 154 146 148 155 150 139 142 145 139 133
255 255 255 255 255 255 255 255 255 255 255 255 255 255 255 255 255 255 255 255 255 255 149 147 145 143 129 134 144 144 147 147 140 140 145 147 150 145 144 147 139 136 142 143 139 129 123 125 136 144 147 138 130 140 146 144 145 150 156 148 144 142 138 141 142 132 128 129 125 131 133 129 124 132 144 140 134 126 129 136 147 148 146 155 153 147 145 146 142 137 143 143 141 138
255 255 255 255 255 255 255 255 255 255 255 255 255 255 255 255 255 255 255 255 255 255 151 152 147 141 130 135 145 139 133 138 140 140 146 145 146 144 142 146 136 135 139 133 129 134 143 139 139 140 145 144 136 138 141 144 143 142 150 155 161 162 151 143 140 132 137 136 124 130 130 126 125 139 155 147 137 135 132 133 135 137 132 142 149 148 146 136 134 135 139 140 139 140
255 255 255 255 255 255 255 255 255 255 255 255 255 255 255 255 255 255 255 255 255 148 146 151 143 130 123 135 146 141 129 128 138 140 141 141 139 134 132 132 127 143 141 121 121 129 139 142 143 138 143 141 130 132 136 136 136 131 144 156 159 156 148 142 140 131 132 134 129 127 133 135 130 138 153 152 142 135 129 130 138 133 118 126 144 141 146 147 141 131 132 133 136 142
255 255 255 255 255 255 255 255 255 255 255 255 255 255 255 255 255 255 255 255 255 144 138 140 139 127 117 127 143 145 135 132 137 134 130 131 129 131 132 122 123 141 143 128 128 133 136 140 141 142 145 138 119 124 129 128 132 133 143 153 159 153 139 139 148 143 134 134 137 130 131 130 131 142 143 142 137 132 134 137 145 142 128 122 131 124 127 148 144 134 143 145 143 150
255 255 255 255 255 255 255 255 255 255 255 255 255 255 255 255 255 255 255 255 146 140 135 135 140 133 122 122 136 143 144 146 144 139 136 135 133 139 135 123 131 136 134 132 135 140 142 142 136 138 135 135 129 138 133 131 142 141 151 152 157 153 138 134 137 139 138 139 143 141 140 132 130 136 131 135 138 133 133 136 142 145 136 120 120 116 114 136 144 142 145 147 146 149
255 255 255 255 255 255 255 255 255 255 255 255 255 255 255 255 255 255 255 255 141 136 133 133 139 141 132 125 135 145 146 142 142 142 144 149 143 136 130 122 135 134 127 137 147 144 141 145 138 130 128 137 137 142 135 131 139 137 147 148 147 145 140 134 131 131 139 143 144 142 145 143 140 126 123 130 136 135 137 141 149 151 137 128 130 121 124 133 137 141 144 150 154 152
255 255 255 255 255 255 255 255 255 255 255 255 255 255 255 255 255 255 255 147 140 142 143 139 138 140 135 123 126 142 146 142 145 151 149 152 152 143 139 132 133 131 128 138 150 142 133 143 144 133 130 135 135 144 139 133 136 126 132 137 129 129 135 136 132 127 129 125 127 128 143 151 146 126 126 129 129 131 135 138 146 147 139 137 130 117 123 123 110 124 146 154 155 146
255 255 255 255 255 255 255 255 255 255 255 255 255 255 255 255 255 255 255 154 141 133 141 146 138 134 134 124 118 130 137 138 143 155 161 156 149 141 136 136 136 137 135 137 144 143 132 128 135 141 143 141 139 149 146 134 132 121 125 135 134 131 131 130 117 103 100 95 99 111 133 142 141 135 131 132 128 127 125 130 136 136 133 136 133 125 127 118 104 122 147 149 151 143
255 255 255 255 255 255 255 255 255 255 255 255 255 255 255 255 255 255 145 149 143 135 142 146 137 130 127 123 119 127 134 140 143 144 147 150 145 134 126 131 133 136 138 135 139 140 133 119 121 141 152 146 137 138 138 136 137 131 131 138 145 139 135 133 123 111 107 103 104 113 129 133 136 132 128 131 132 136 128 133 136 131 117 120 136 139 140 132 118 120 137 144 145 137
255 255 255 255 255 255 255 255 255 255 255 255 255 255 255 255 255 255 138 136 133 142 152 155 147 135 128 124 121 121 128 140 146 141 132 139 144 138 130 135 137 137 136 132 128 132 137 131 127 135 149 144 138 137 138 137 139 141 140 137 140 140 139 140 144 140 135 132 130 126 126 128 138 145 138 132 130 131 129 134 142 148 134 120 130 139 136 131 122 111 110 121 131 128
255 255 255 255 255 255 255 255 255 255 255 255 255 255 255 255 255 131 131 132 126 138 150 156 156 142 130 131 132 127 129 137 144 145 135 137 143 139 134 139 145 142 131 136 136 135 143 137 130 133 134 132 144 149 147 134 127 131 135 132 134 142 136 132 143 145 143 145 147 136 136 131 137 150 145 139 137 130 127 132 141 150 146 148 157 150 133 126 123 111 95 103 118 119
255 255 255 255 255 255 255 255 255 255 255 255 255 255 255 255 255 119 122 134 134 144 153 152 151 141 132 135 136 130 130 130 134 137 134 138 144 138 136 137 138 142 136 139 145 137 142 142 133 137 129 125 144 155 158 146 133 128 128 129 129 133 127 117 127 139 140 149 151 141 143 140 143 147 147 147 146 139 132 134 146 149 141 153 172 161 129 116 116 111 96 99 111 118
255 255 255 255 255 255 255 255 255 255 255 255 255 255 255 255 138 121 123 132 132 137 149 150 142 136 138 140 140 138 140 136 134 137 127 129 137 135 141 147 140 139 139 140 142 137 144 154 146 140 131 126 140 145 146 146 137 134 135 134 133 131 129 127 128 134 140 151 147 141 140 141 145 142 144 148 148 146 139 141 153 156 144 140 139 132 119 115 117 119 114 113 114 120
255 255 255 255 255 255 255 255 255 255 255 255 255 255 255 255 126 111 116 122 124 125 136 148 142 136 140 144 145 146 148 145 145 146 134 129 127 128 140 156 150 138 135 135 139 136 138 147 151 147 141 132 141 137 126 133 139 136 138 133 130 126 133 140 139 137 143 152 146 136 136 137 142 149 152 153 148 140 141 146 152 161 147 132 124 120 127 127 119 119 124 128 135 133
255 255 255 255 255 255 255 255 255 255 255 255 255 255 255 146 120 102 116 128 132 129 135 148 142 136 143 145 144 145 142 131 132 139 140 135 125 133 140 146 144 136 134 127 128 128 130 138 144 142 139 127 134 141 133 133 143 138 133 129 131 134 139 145 147 140 139 146 138 125 130 136 143 152 149 151 149 140 148 154 147 148 145 133 127 116 121 125 117 122 126 120 135 139
255 255 255 255 255 255 255 255 255 255 255 255 255 255 255 127 114 119 132 134 131 134 141 145 137 137 142 144 145 138 133 124 129 134 132 129 116 131 145 145 133 124 135 130 124 128 137 136 137 137 133 120 126 147 147 137 138 132 128 136 138 139 143 146 143 139 139 140 132 126 132 138 143 146 138 138 143 138 144 158 145 128 135 137 134 120 119 126 128 132 122 114 134 140
255 255 255 255 255 255 255 255 255 255 255 255 255 255 255 115 112 125 134 133 128 131 141 141 135 131 134 140 145 137 135 132 138 137 130 130 121 132 145 147 134 122 133 140 134 134 141 137 133 132 127 121 138 159 158 144 133 123 122 131 138 137 138 137 133 131 138 147 146 146 146 143 136 136 136 139 145 140 131 138 142 133 137 135 133 129 131 128 134 144 136 132 143 142
255 255 255 255 255 255 255 255 255 255 255 255 255 255 140 136 131 126 130 136 139 133 131 134 135 129 129 133 131 132 141 138 140 138 131 135 136 142 144 146 142 135 131 137 138 133 136 140 139 118 107 119 140 154 158 152 139 135 139 134 141 139 136 133 127 123 132 146 145 146 137 132 134 137 137 141 141 137 137 138 143 145 144 137 138 130 133 136 130 138 142 140 143 144
255 255 255 255 255 255 255 255 255 255 255 255 255 255 156 156 147 133 135 139 145 136 125 123 125 132 134 126 114 126 144 141 139 138 137 140 142 142 139 144 143 143 135 127 130 128 129 132 130 113 109 129 139 135 142 147 137 140 151 140 137 133 135 137 133 131 126 133 141 145 137 128 134 138 136 139 134 127 133 138 149 149 141 136 138 131 128 137 136 138 141 140 139 144
255 255 255 255 255 255 255 255 255 255 255 255 255 155 156 161 160 147 142 138 139 140 136 128 125 130 132 129 121 130 143 140 135 133 134 138 142 148 151 154 148 143 141 131 129 126 129 132 124 121 129 133 130 116 116 125 125 131 140 135 131 128 132 134 132 134 126 126 137 148 149 137 135 132 134 131 129 125 129 133 146 151 137 137 145 145 136 133 128 130 140 145 146 144
255 255 255 255 255 255 255 255 255 255 255 255 255 152 148 153 158 148 142 140 136 140 147 147 143 135 131 141 140 137 137 127 127 134 136 129 130 144 153 153 149 145 143 138 136 129 128 133 131 125 136 138 136 121 110 119 130 133 133 132 134 136 138 135 134 132 130 127 132 140 144 143 149 144 141 131 132 137 137 134 132 139 144 142 143 147 140 139 141 144 150 144 148 152
255 255 255 255 255 255 255 255 255 255 255 255 157 155 146 145 147 144 140 142 135 134 148 155 149 142 139 145 146 147 145 123 115 131 137 124 121 134 151 153 152 151 143 138 134 125 131 137 136 129 132 144 156 143 124 128 128 122 133 138 134 142 153 145 142 136 135 135 137 137 140 144 148 137 134 136 133 138 149 148 136 130 143 146 142 145 141 142 147 151 155 140 142 144
255 255 255 255 255 255 255 255 255 255 255 255 151 150 145 139 139 147 143 134 134 140 146 146 142 141 136 141 148 150 144 127 113 124 125 112 116 130 142 147 148 145 143 139 139 134 137 142 145 142 141 143 151 152 141 137 130 123 134 141 140 140 143 137 138 139 143 151 144 135 141 142 141 135 133 143 139 133 141 138 137 143 153 158 144 139 141 140 142 144 144 135 142 143
255 255 255 255 255 255 255 255 255 255 255 255 146 138 140 138 143 151 143 126 127 142 150 150 144 135 124 134 146 148 135 129 123 130 126 115 121 133 139 135 139 141 144 142 144 148 145 144 139 134 137 138 140 147 145 139 138 140 143 145 142 140 125 124 132 139 147 162 155 140 139 142 138 138 145 144 135 132 136 138 141 147 153 157 145 134 137 139 139 147 149 134 139 140
255 255 255 255 255 255 255 255 255 255 255 151 149 143 141 131 134 142 142 137 132 138 147 148 143 132 118 128 130 131 135 135 131 136 140 139 138 140 142 138 141 145 144 145 146 149 143 137 130 127 129 135 138 139 144 143 141 140 148 153 142 138 123 128 132 135 138 153 157 143 134 137 137 137 146 136 118 125 128 134 137 136 141 146 134 118 110 121 129 141 143 126 136 148
255 255 255 255 255 255 255 255 255 255 255 150 147 148 146 130 133 136 145 150 142 139 143 146 145 144 130 122 116 115 131 137 133 133 139 146 145 140 141 137 135 136 139 142 140 142 136 129 132 138 142 151 147 137 139 143 139 135 142 150 140 135 128 136 136 128 116 121 141 144 135 135 144 145 142 133 120 118 108 105 101 101 117 127 124 112 102 117 130 136 143 138 141 147
255 255 255 255 255 255 255 255 255 255 255 149 147 145 142 129 134 139 141 144 140 138 136 133 133 137 134 126 125 127 134 140 140 137 142 145 142 136 136 136 134 133 139 142 137 137 140 137 134 137 140 147 148 146 140 132 137 136 133 143 144 135 128 130 133 134 128 127 135 145 140 135 139 138 134 134 135 120 118 122 109 109 119 116 125 119 120 132 145 137 143 138 130 130
255 255 255 255 255 255 255 255 255 255 159 152 147 147 138 119 126 142 139 135 140 142 138 136 136 136 135 138 139 134 136 142 145 139 134 136 142 143 139 133 134 135 145 145 134 142 149 148 148 144 140 140 142 147 142 129 135 142 132 138 151 144 132 124 127 131 133 141 143 147 139 128 127 124 124 124 128 119 120 128 127 139 122 92 109 125 132 132 142 142 147 137 137 138
255 255 255 255 255 255 255 255 255 255 155 151 148 147 140 121 125 141 141 134 142 150 151 148 142 139 133 140 148 140 138 139 144 147 144 142 140 147 151 145 145 143 147 142 135 151 156 153 156 150 145 140 141 143 137 131 143 150 141 152 161 158 146 133 125 117 122 140 148 146 138 136 138 133 130 132 135 131 129 133 134 142 128 105 118 133 130 134 142 137 137 131 150 156
255 255 255 255 255 255 255 255 255 255 150 151 149 147 147 143 141 141 135 134 144 151 153 142 131 133 133 138 143 140 141 139 137 142 144 137 127 133 140 143 150 146 142 140 139 150 155 150 150 145 143 143 144 145 137 129 145 153 154 169 165 163 158 147 127 111 118 132 138 132 130 134 133 134 140 137 137 143 147 148 150 146 139 136 134 138 144 149 146 139 138 134 151 161
255 255 255 255 255 255 255 255 255 158 151 148 145 141 147 149 148 147 135 129 145 155 153 134 122 134 146 147 139 137 141 140 132 130 136 138 136 135 138 135 130 133 133 136 143 148 155 157 151 149 146 146 148 142 129 124 145 153 158 167 166 168 164 158 139 126 134 142 136 123 118 139 139 137 143 136 132 136 139 141 149 150 143 142 138 135 144 140 135 138 140 140 144 158
255 255 255 255 255 255 255 255 255 154 151 148 147 138 143 150 148 144 141 136 145 148 140 130 131 146 153 149 141 139 143 144 139 136 144 145 141 135 139 141 130 132 131 128 143 150 149 157 153 153 152 144 143 142 135 130 146 157 161 165 168 166 165 167 153 140 145 150 137 129 127 153 159 153 148 142 136 131 127 129 135 142 134 130 133 134 131 128 131 132 136 138 144 156
255 255 255 255 255 255 255 255 255 148 147 147 148 145 140 141 147 147 148 143 144 143 129 127 145 158 158 152 145 140 142 144 147 148 149 150 146 139 137 141 138 137 133 121 136 142 133 143 152 152 153 142 135 139 138 136 141 153 165 168 169 170 168 170 165 155 145 142 136 136 143 153 155 155 149 145 145 144 127 129 139 138 135 140 145 143 130 130 132 134 141 135 139 151
255 255 255 255 255 255 255 255 157 149 146 150 144 143 141 135 139 146 148 142 136 140 143 140 146 157 162 157 152 147 143 150 156 155 156 155 150 147 142 142 145 135 130 128 140 144 137 142 152 144 146 149 148 153 149 144 138 146 158 163 167 169 167 169 167 164 146 141 145 141 142 149 152 155 154 153 154 158 138 128 138 133 136 141 138 132 128 132 134 127 141 146 142 151
