example/E5 - XRays/X-ray-tomography/rastert_juap25.txt
ncols         356
nrows         356
xllcorner     -0.5
yllcorner     -355.5
cellsize      1
NODATA_value  -9999
[rows 0 to 41 of 356, columns 94 to 187 of 356]
255 255 255 255 255 255 255 255 255 255 255 255 255 255 255 255 255 255 255 255 255 255 255 255 255 255 255 255 255 255 255 255 255 255 255 255 255 255 255 255 255 255 255 255 255 255 255 255 255 255 255 255 255 255 255 255 255 255 255 255 255 255 255 255 255 255 255 255 255 255 255 255 255 255 255 255 255 255 255 255 255 255 255 144 255 255 255 255 255 255 255 255 255 255
255 255 255 255 255 255 255 255 255 255 255 255 255 255 255 255 255 255 255 255 255 255 255 255 255 255 255 255 255 255 255 255 255 255 255 255 255 255 255 255 255 255 255 255 255 255 255 255 255 255 255 255 255 255 255 255 255 255 255 255 255 255 255 255 255 161 157 159 158 159 146 148 148 147 148 154 148 137 138 148 142 141 144 138 139 136 129 125 130 134 132 139 137 138
255 255 255 255 255 255 255 255 255 255 255 255 255 255 255 255 255 255 255 255 255 255 255 255 255 255 255 255 255 255 255 255 255 255 255 255 255 255 255 255 255 255 255 255 255 255 255 255 255 255 255 255 255 255 255 255 255 161 161 162 158 162 163 156 155 159 160 160 159 154 143 149 153 155 155 157 149 140 145 150 142 141 140 135 139 142 140 139 141 140 134 130 125 129
255 255 255 255 255 255 255 255 255 255 255 255 255 255 255 255 255 255 255 255 255 255 255 255 255 255 255 255 255 255 255 255 255 255 255 255 255 255 255 255 255 255 255 255 255 255 255 255 255 255 255 144 157 157 146 151 161 165 166 164 160 162 165 165 157 160 166 164 165 154 148 159 163 163 161 159 153 143 151 152 142 135 129 123 138 155 167 170 165 161 155 145 136 135
255 255 255 255 255 255 255 255 255 255 255 255 255 255 255 255 255 255 255 255 255 255 255 255 255 255 255 255 255 255 255 255 255 255 255 255 255 255 255 255 255 255 255 255 255 255 154 153 148 143 135 139 155 161 156 157 164 166 167 166 163 167 164 164 157 161 166 166 168 162 159 164 166 166 163 162 155 146 150 152 142 130 121 120 140 164 186 186 183 182 174 163 146 142
255 255 255 255 255 255 255 255 255 255 255 255 255 255 255 255 255 255 255 255 255 255 255 255 255 255 255 255 255 255 255 255 255 255 255 255 255 255 255 255 255 255 159 155 153 153 148 146 145 138 136 144 156 165 167 162 164 166 168 164 162 169 165 160 158 162 164 167 170 169 169 165 166 168 165 165 160 153 145 148 143 131 123 122 140 164 190 194 190 190 178 165 148 150
255 255 255 255 255 255 255 255 255 255 255 255 255 255 255 255 255 255 255 255 255 255 255 255 255 255 255 255 255 255 255 255 255 255 255 255 255 255 156 155 147 145 155 154 148 149 145 148 148 139 138 141 148 163 168 163 165 169 167 163 163 164 160 157 160 165 168 169 171 169 169 164 168 170 166 164 156 150 139 143 144 133 125 118 134 163 187 193 190 183 170 153 143 149
255 255 255 255 255 255 255 255 255 255 255 255 255 255 255 255 255 255 255 255 255 255 255 255 255 255 255 255 255 255 255 255 255 255 162 158 159 155 149 151 142 141 149 151 146 144 148 156 157 147 142 139 143 157 164 164 168 172 165 160 165 159 156 159 161 165 171 174 175 172 165 166 173 169 162 161 149 141 138 143 144 142 130 120 138 165 186 190 182 164 151 140 138 143
255 255 255 255 255 255 255 255 255 255 255 255 255 255 255 255 255 255 255 255 255 255 255 255 255 255 255 255 255 255 255 155 155 155 156 155 154 154 147 144 141 142 145 147 144 141 154 159 155 151 143 141 138 147 159 164 167 169 163 156 163 156 156 163 160 162 171 175 172 171 163 163 172 165 160 159 152 140 139 147 144 148 138 134 143 155 172 177 160 138 126 133 143 145
255 255 255 255 255 255 255 255 255 255 255 255 255 255 255 255 255 255 255 255 255 255 255 255 255 255 255 255 159 157 155 150 153 156 154 147 148 153 147 140 143 145 143 144 143 138 146 153 145 142 136 137 134 139 151 151 156 158 157 153 157 155 157 166 162 165 171 175 169 168 165 162 167 165 164 155 154 146 141 145 141 142 139 140 144 144 147 153 145 131 125 140 153 159
255 255 255 255 255 255 255 255 255 255 255 255 255 255 255 255 255 255 255 255 255 255 255 255 255 151 154 154 148 153 154 146 152 157 153 144 145 153 144 133 136 147 150 149 146 144 145 141 134 131 130 134 134 135 141 136 144 145 142 141 146 148 151 158 158 162 165 170 166 162 162 162 163 165 163 151 152 148 141 145 143 137 137 140 145 139 132 138 147 139 140 151 157 164
255 255 255 255 255 255 255 255 255 255 255 255 255 255 255 255 255 255 255 255 255 255 154 156 154 147 149 148 143 147 152 152 150 150 150 147 143 147 139 126 131 150 155 152 147 147 146 139 137 136 136 133 131 131 136 136 146 144 129 119 125 132 138 145 144 149 155 163 160 155 152 148 150 159 156 148 150 149 142 143 144 135 128 137 146 144 138 136 145 134 137 150 158 161
255 255 255 255 255 255 255 255 255 255 255 255 255 255 255 255 255 255 255 157 156 153 154 154 153 148 147 148 143 144 147 150 149 143 145 147 142 143 139 133 136 150 155 147 139 140 142 136 131 131 136 129 128 135 141 141 147 150 139 121 119 129 133 138 136 141 148 154 152 150 143 135 140 150 148 147 150 146 141 140 141 134 126 136 145 147 150 141 138 127 123 138 154 151
255 255 255 255 255 255 255 255 255 255 255 255 255 255 255 255 255 146 152 153 155 154 155 152 146 145 142 143 146 145 146 145 151 146 144 147 145 143 143 140 134 144 152 148 138 138 137 123 119 125 132 130 130 137 146 150 151 154 152 139 133 138 135 136 136 138 143 145 145 145 143 135 138 140 139 142 146 143 140 142 138 136 136 138 138 145 155 148 142 138 127 135 146 133
255 255 255 255 255 255 255 255 255 255 255 255 255 255 255 147 143 144 150 155 158 152 153 148 139 139 136 133 142 145 146 142 150 150 141 147 146 143 147 148 137 141 148 148 141 134 124 116 127 134 135 136 140 144 149 156 164 162 160 156 152 154 143 135 134 133 140 140 135 139 148 140 139 136 132 131 139 144 140 136 131 130 138 138 134 139 152 150 149 150 138 140 147 131
255 255 255 255 255 255 255 255 255 255 255 255 158 152 144 142 140 141 147 156 162 153 145 133 126 134 139 137 137 137 141 140 142 150 147 147 142 140 143 151 144 135 137 140 140 129 113 118 145 147 144 148 151 150 154 157 166 167 160 163 158 162 158 142 134 133 136 134 127 134 146 139 137 135 136 132 132 140 138 135 136 133 135 136 130 133 143 140 143 150 141 144 154 142
255 255 255 255 255 255 255 255 255 255 160 155 153 153 143 138 139 143 151 150 153 154 143 130 128 138 144 142 132 128 134 141 144 148 149 150 141 135 137 146 145 135 128 130 135 130 124 129 154 159 157 155 158 153 160 162 163 167 159 162 163 165 163 152 152 145 135 133 129 133 141 138 137 137 140 140 132 137 142 140 139 133 132 133 126 135 144 142 141 140 142 148 152 144
255 255 255 255 255 255 255 255 154 153 154 149 145 152 144 135 137 148 161 150 138 149 146 139 139 142 141 140 136 131 136 140 151 155 154 153 143 134 139 145 146 141 126 123 129 123 130 141 154 162 161 155 157 155 162 166 162 166 164 164 166 166 163 157 160 159 145 138 130 129 137 142 140 136 139 141 136 137 141 141 137 133 135 139 134 137 145 153 146 137 147 150 142 137
255 255 255 255 255 255 156 152 151 152 147 143 138 146 148 141 146 155 157 150 138 146 147 142 146 145 133 136 141 140 144 142 150 155 158 156 143 136 146 154 152 149 137 128 131 124 132 148 155 160 161 155 153 153 161 166 162 163 167 165 166 167 163 161 161 160 152 145 135 126 131 139 137 132 143 143 137 139 141 145 145 143 144 142 140 134 138 150 141 139 152 145 136 138
255 255 255 255 156 152 155 153 150 154 151 145 138 140 146 141 147 158 150 146 142 145 143 140 143 139 132 141 146 142 145 149 150 151 155 154 144 136 143 159 158 155 140 127 131 131 134 146 159 161 163 161 156 154 163 164 161 163 165 163 166 166 161 168 166 159 157 152 144 130 127 134 133 128 144 147 136 136 141 150 154 152 152 140 133 137 143 144 134 135 147 142 141 143
255 255 151 154 154 148 151 152 148 149 153 148 143 144 146 142 138 139 135 141 145 146 141 140 140 132 135 143 147 142 144 150 151 151 153 153 149 141 145 162 163 160 136 116 121 129 132 137 154 159 160 162 161 160 163 165 161 161 166 165 167 165 161 170 168 159 163 155 142 137 128 132 134 134 144 145 133 131 136 148 155 154 150 139 131 139 142 132 129 129 133 140 142 144
155 153 148 148 150 148 146 148 150 148 147 149 145 144 145 143 141 137 131 130 141 142 139 145 145 134 137 141 143 143 146 152 151 152 148 151 153 151 146 160 165 158 136 124 135 135 121 125 147 160 162 160 162 165 162 164 168 161 165 167 162 164 168 170 165 162 161 152 137 139 129 127 133 141 150 148 133 131 128 136 146 145 145 137 132 133 127 113 123 132 124 137 140 141
148 151 143 144 148 144 139 139 147 148 144 147 139 132 142 139 134 141 141 132 131 131 134 147 142 130 132 136 139 142 147 151 153 153 142 144 149 152 147 154 151 147 138 141 156 140 110 118 146 157 160 158 161 167 163 164 171 162 163 169 161 160 168 171 165 163 160 149 136 141 131 123 133 142 148 147 136 137 136 135 136 136 139 132 128 131 127 119 131 138 131 141 142 142
144 148 141 144 148 141 133 133 140 141 142 142 128 124 142 138 126 130 141 144 137 129 127 141 147 135 130 131 134 141 146 142 149 152 140 136 141 149 148 150 137 135 137 134 142 125 112 129 150 157 155 152 154 163 167 166 172 169 163 169 167 164 166 172 168 163 161 152 137 139 138 123 129 138 137 138 141 145 147 142 135 135 136 132 130 135 133 129 137 136 132 141 141 143
136 138 138 141 146 147 142 139 138 135 138 139 124 124 141 137 130 126 135 150 157 148 129 129 140 143 135 132 135 142 145 140 147 151 146 142 144 144 143 147 134 136 140 133 136 126 130 148 152 153 151 150 154 161 166 165 170 166 157 161 163 165 167 170 165 160 155 150 139 138 139 132 133 139 135 134 144 148 154 153 146 142 143 142 138 135 130 127 132 127 120 131 141 148
132 127 121 125 141 145 144 144 143 133 130 136 133 126 136 139 136 134 141 155 164 165 148 135 127 137 143 135 130 136 143 136 138 150 150 149 148 134 137 153 139 133 145 149 152 144 146 150 146 143 144 150 157 159 160 164 167 163 159 163 166 169 165 165 163 154 145 144 139 139 143 141 141 145 138 130 135 143 151 157 154 149 154 153 146 138 131 127 130 132 126 137 149 151
140 137 128 129 142 146 144 144 141 137 138 140 142 128 128 145 140 135 144 158 161 165 158 148 133 126 136 138 129 133 139 130 134 151 156 153 142 127 136 152 141 132 140 149 155 152 146 141 137 135 138 144 149 146 149 162 163 160 160 163 161 161 165 163 159 146 136 139 140 137 149 151 147 147 140 129 129 141 150 156 155 152 159 157 147 148 140 133 134 134 131 145 157 154
146 146 145 147 146 144 143 144 137 134 134 134 138 132 128 141 137 129 141 156 161 165 159 149 136 113 123 136 133 133 137 133 139 145 145 147 142 138 147 148 144 139 137 146 152 151 144 139 142 143 139 142 143 138 143 151 152 147 145 150 150 150 156 158 148 136 129 127 130 132 144 144 141 140 136 130 134 144 151 156 154 150 159 163 154 153 147 135 128 115 118 146 157 155
150 136 138 150 147 140 143 146 142 136 125 114 115 124 137 142 138 132 143 155 158 165 161 154 143 112 114 129 136 135 137 135 128 113 111 128 144 147 149 142 144 147 147 151 149 144 146 146 144 145 140 138 140 137 143 143 138 140 136 140 144 140 145 152 140 136 138 128 123 128 139 138 136 138 137 134 139 145 152 156 148 142 157 163 154 151 146 136 123 107 118 142 155 157
153 133 135 149 150 142 139 140 143 143 125 101 105 119 137 142 134 132 143 155 158 167 164 160 151 124 117 120 132 138 130 112 97 92 104 124 141 139 136 142 146 152 151 149 146 145 146 148 143 144 142 144 148 140 142 146 138 143 135 134 136 138 142 146 134 135 149 136 125 123 130 137 139 145 143 138 143 145 149 157 152 143 151 151 148 148 140 130 131 127 134 141 149 162
158 149 150 156 153 143 133 131 134 134 121 110 132 141 140 141 136 129 129 136 151 168 166 160 144 126 129 123 122 126 113 95 97 114 128 136 138 136 134 142 146 149 148 146 146 148 149 148 142 142 141 142 146 140 138 143 141 142 136 135 132 140 147 140 127 132 147 139 133 126 124 135 140 144 144 143 147 141 141 150 152 146 140 132 139 144 134 113 118 125 135 144 150 163
157 162 160 158 155 149 140 133 129 124 122 126 145 154 141 134 138 134 125 119 136 160 160 157 144 126 129 123 115 109 98 99 124 139 140 143 145 145 141 141 143 142 146 149 149 148 153 151 140 138 133 128 141 142 133 136 140 142 137 134 136 144 150 145 126 127 134 133 135 132 129 138 144 135 132 144 144 130 131 143 144 139 125 122 131 132 116 93 85 88 115 137 148 162
156 157 159 156 152 146 141 134 124 114 122 135 145 146 135 133 140 134 130 125 130 146 151 143 134 111 100 98 97 90 88 107 142 146 143 146 144 146 140 137 136 136 141 150 152 143 145 150 142 142 133 122 135 142 135 132 130 139 135 128 136 139 139 146 138 125 123 122 119 121 136 152 153 136 130 138 133 121 129 141 141 136 129 121 124 118 104 84 62 66 108 130 135 144
156 151 151 147 146 144 141 138 132 127 132 138 143 139 133 134 137 127 132 135 132 138 135 115 107 87 68 74 87 94 108 118 143 151 143 141 135 137 143 142 138 139 136 143 152 148 143 143 139 144 147 138 135 140 142 135 124 134 131 126 139 145 142 141 141 134 129 124 113 120 147 163 153 144 138 135 137 129 132 136 133 129 122 100 109 117 106 84 58 66 115 139 144 142
149 149 145 140 134 137 140 142 142 135 134 131 131 135 135 131 133 135 141 146 137 131 119 107 110 101 86 94 110 119 134 133 136 147 145 143 134 133 144 149 142 139 136 141 145 147 144 136 134 144 155 154 146 137 136 139 136 143 143 138 148 152 147 128 109 118 133 138 132 129 149 164 151 152 153 146 151 148 138 129 114 95 88 85 105 121 113 89 65 75 115 144 157 157
136 145 144 139 137 137 132 135 142 137 134 126 122 130 131 129 136 145 141 138 138 132 117 118 123 113 116 125 131 130 139 143 140 139 141 149 141 131 141 151 143 141 139 139 138 136 137 138 142 145 150 152 150 134 125 131 143 152 155 156 151 146 146 117 82 99 135 147 149 147 155 162 149 152 159 154 154 152 134 125 108 80 73 97 116 119 110 95 82 97 121 139 156 163
125 127 118 122 142 148 138 133 137 138 135 128 126 129 129 126 125 137 139 141 143 138 131 131 133 126 132 132 136 143 144 142 145 133 129 144 146 135 137 147 148 144 136 132 136 133 131 139 147 140 134 143 151 136 118 114 134 150 154 164 160 145 142 128 107 116 142 151 151 153 158 156 148 151 152 153 154 151 140 134 126 103 92 107 121 120 111 109 102 111 129 140 156 169
118 110 87 98 135 147 143 135 121 115 113 123 133 129 127 130 123 123 131 142 146 140 136 136 143 141 150 147 144 151 146 136 140 135 126 136 146 137 133 139 151 148 136 133 138 142 137 137 145 136 130 141 147 139 125 121 140 156 158 166 169 153 142 140 138 134 149 156 154 151 152 151 147 147 141 152 154 150 150 144 134 119 114 117 117 114 106 113 106 95 118 139 159 168
127 127 115 117 133 139 143 140 116 92 96 120 139 136 132 139 133 120 123 132 138 134 130 129 142 149 153 151 145 147 145 140 138 141 133 130 143 145 143 144 151 149 139 133 139 145 140 135 144 141 137 140 139 140 139 141 154 159 157 160 166 158 154 141 133 136 149 157 158 159 156 151 141 138 137 151 153 154 154 148 139 135 133 119 98 95 101 104 96 67 85 126 156 167
133 131 135 141 138 137 145 147 123 90 100 123 134 136 137 144 142 128 130 131 132 137 133 121 132 152 151 148 142 139 142 144 139 138 137 134 140 147 147 147 147 145 139 131 134 139 142 133 137 143 140 133 129 133 141 150 160 160 162 164 166 160 156 137 122 129 145 161 162 161 160 152 140 137 146 152 146 152 157 147 139 143 141 131 106 91 96 102 96 61 63 110 147 166
133 133 135 136 141 147 151 151 134 101 102 119 126 129 132 141 145 136 129 126 128 141 142 120 125 147 149 150 142 125 128 144 143 137 139 139 138 145 144 144 146 146 144 138 134 136 146 137 133 143 140 132 126 126 139 151 158 168 164 159 163 161 160 147 131 125 137 160 164 157 156 143 135 134 145 149 150 146 151 149 144 148 149 144 115 94 98 115 110 75 76 117 146 161
132 141 141 139 139 153 159 154 138 102 88 106 117 124 131 132 126 122 121 131 141 149 148 131 127 142 147 144 130 114 129 148 144 140 142 132 121 135 143 145 150 145 146 142 139 142 145 142 137 138 136 133 129 133 143 149 160 172 165 158 167 167 167 162 148 137 144 154 160 154 152 135 122 128 146 151 155 148 142 145 152 154 152 144 112 101 111 129 123 89 86 127 151 158
