example/E5 - XRays/X-ray-tomography/rastert_juap34.txt
ncols         356
nrows         356
xllcorner     -0.5
yllcorner     -355.5
cellsize      1
NODATA_value  -9999
[rows 294 to 335 of 356, columns 94 to 187 of 356]
141 134 131 116 101 114 123 135 138 130 142 151 147 148 141 133 147 155 152 154 153 147 148 146 136 134 127 114 101 92 96 117 134 148 157 166 162 164 170 161 152 164 153 150 155 153 159 167 163 156 159 150 142 142 130 113 94 90 115 136 140 139 139 140 148 153 149 147 148 143 149 149 141 139 152 152 142 139 142 137 130 116 105 111 136 143 142 147 137 133 115 89 75 95
144 147 148 129 110 106 105 122 131 133 147 155 156 157 145 143 158 159 154 158 152 146 144 143 136 134 134 126 117 110 117 125 144 165 167 165 160 162 169 162 158 164 146 137 141 144 161 171 167 162 159 157 151 142 127 105 89 94 115 119 132 144 141 141 147 147 136 136 142 136 146 149 141 132 138 150 143 137 131 120 123 122 112 109 131 147 144 143 130 120 113 107 109 131
140 153 159 154 146 130 119 127 134 134 145 156 154 144 131 137 153 153 153 159 154 147 142 140 135 127 123 120 111 92 91 111 141 154 157 152 153 158 158 158 159 162 156 150 144 141 164 168 164 163 160 159 150 153 154 138 122 122 130 120 125 136 144 147 144 134 133 148 146 135 145 153 148 139 141 150 139 138 134 127 133 131 121 122 138 157 158 148 128 112 112 120 136 149
137 148 154 158 153 142 137 140 141 134 145 156 150 134 118 132 152 157 157 160 160 153 141 135 123 114 104 98 87 64 66 101 140 149 151 154 155 160 157 152 153 161 159 156 152 147 161 162 159 161 157 157 154 161 166 162 151 147 146 136 129 131 138 144 136 125 131 147 143 140 149 152 141 135 145 145 138 143 142 142 147 145 132 137 144 158 165 156 133 109 99 114 148 158
129 142 151 151 144 139 141 149 148 151 158 155 146 135 130 140 152 160 161 160 162 158 140 129 116 101 91 81 69 61 82 109 143 155 147 151 155 157 157 156 157 159 154 151 150 153 163 164 157 153 154 160 158 150 150 153 151 153 151 140 132 132 133 136 136 126 126 135 139 142 146 143 137 135 136 132 131 132 130 135 140 141 136 145 148 155 163 161 139 96 76 103 149 155
133 146 143 136 135 134 141 154 158 165 163 149 135 128 137 147 152 159 159 156 160 159 150 146 125 98 92 79 59 59 94 121 146 154 142 146 152 153 149 159 166 164 161 151 145 149 159 163 160 153 152 148 144 135 135 141 147 156 148 142 141 141 136 139 145 135 120 122 141 151 143 130 136 144 135 126 126 133 127 124 126 126 131 141 147 151 157 154 135 89 75 105 144 149
144 147 135 130 127 117 130 155 160 163 159 140 127 126 135 145 149 155 160 160 157 157 156 157 142 118 96 66 48 57 100 134 153 159 150 151 154 152 145 155 161 162 163 157 151 150 154 164 162 153 146 133 126 111 110 127 142 150 143 145 149 150 151 154 156 155 140 132 140 149 139 123 133 149 143 134 131 138 134 128 134 126 125 134 138 142 144 138 128 106 100 119 143 146
149 145 134 133 126 110 118 151 162 162 156 136 124 134 146 145 145 157 161 160 157 160 156 154 152 137 98 61 54 75 115 139 157 162 156 155 152 155 155 155 156 166 166 160 162 159 156 165 158 148 142 133 120 88 86 113 137 141 138 143 150 153 162 167 167 163 153 140 133 134 135 130 136 153 152 142 134 135 136 133 143 137 126 133 140 148 141 131 130 123 123 125 135 142
143 141 140 148 148 130 123 145 156 148 132 118 118 133 148 149 145 151 153 156 157 161 153 150 148 136 107 85 82 100 125 137 150 154 152 142 136 146 154 157 163 173 165 156 160 158 155 159 154 146 132 132 127 83 67 90 125 131 133 138 150 160 166 171 171 163 152 140 133 129 134 133 142 156 155 151 140 131 130 126 132 138 135 143 150 158 146 133 134 126 130 128 130 140
137 140 148 152 150 133 120 133 144 128 109 106 114 129 142 143 138 137 135 138 144 149 146 152 149 134 120 116 113 113 120 131 139 143 142 134 135 149 154 158 161 163 158 151 152 154 146 145 146 142 126 131 124 88 88 103 118 127 137 141 148 161 170 167 159 164 160 141 136 128 133 137 144 147 150 160 148 138 128 113 116 131 143 156 148 145 148 144 138 133 137 137 138 144
133 137 140 139 142 131 125 140 146 123 106 113 115 121 134 137 135 129 117 111 120 133 137 143 144 139 137 146 148 134 129 132 137 143 145 143 148 158 162 159 154 155 155 153 154 153 139 142 144 137 126 134 123 98 122 136 135 137 142 138 141 160 169 168 162 167 163 144 135 128 133 139 144 146 148 152 145 150 142 110 112 141 156 162 148 143 147 146 138 142 141 140 149 153
129 127 133 140 145 139 138 148 149 136 121 123 126 125 128 127 127 129 123 113 116 129 130 134 146 150 152 160 163 153 147 142 139 144 152 148 148 161 162 157 155 153 151 151 157 157 142 142 146 139 129 130 131 123 131 137 139 136 136 134 141 155 156 164 167 165 155 143 138 132 133 135 137 147 145 145 149 160 157 132 130 151 160 158 149 151 152 147 146 152 148 141 151 153
129 126 139 146 141 139 141 148 151 144 133 132 135 130 127 128 130 138 136 131 133 135 133 140 156 165 164 166 162 158 155 154 149 146 151 148 146 159 153 153 158 146 140 146 158 156 145 147 147 138 132 137 142 144 140 138 141 135 131 128 138 145 143 158 160 160 150 139 143 144 139 128 125 134 138 147 158 168 160 146 141 149 156 154 147 151 157 156 154 151 148 142 148 150
130 139 149 151 147 148 153 158 152 138 134 141 137 132 137 137 135 138 134 132 136 140 144 148 157 168 174 172 158 159 156 157 154 144 151 151 143 143 145 146 150 148 137 136 146 143 139 151 154 136 136 145 141 145 142 142 149 141 132 128 138 139 137 151 149 147 145 140 139 142 135 127 129 133 139 150 160 172 159 148 143 144 146 144 145 147 153 159 155 151 147 143 145 146
125 137 144 147 151 151 149 149 146 143 145 147 138 138 148 148 141 143 141 138 144 144 151 160 167 175 178 171 157 159 158 155 150 141 150 155 145 134 144 150 152 153 140 131 133 135 137 145 135 120 135 146 147 149 138 133 141 142 134 134 138 137 135 138 139 141 140 141 137 136 135 138 142 141 141 146 156 172 160 151 145 139 130 123 135 144 146 147 145 151 149 148 145 147
116 120 130 137 141 138 136 135 138 148 150 147 144 143 148 155 153 154 151 146 144 144 161 171 165 165 169 167 155 150 147 137 134 140 149 158 157 150 149 148 151 148 146 146 140 137 143 146 127 112 123 134 139 142 138 124 131 138 133 135 136 134 129 128 139 143 141 140 131 131 131 133 144 137 125 138 154 163 157 156 151 140 127 110 120 142 146 140 140 156 158 155 149 148
130 120 126 130 131 132 128 127 133 140 141 146 145 141 144 152 157 158 154 150 147 150 162 161 149 144 147 150 148 132 122 123 130 142 149 154 160 162 150 141 144 143 149 155 141 127 138 144 131 113 113 121 124 127 132 128 129 130 131 128 128 136 139 142 153 157 150 144 131 125 127 134 147 138 120 129 140 144 143 149 148 142 138 125 129 146 148 145 144 153 161 157 151 149
136 129 134 130 129 137 138 137 134 135 138 149 144 139 140 141 144 147 147 150 154 155 155 155 145 133 122 123 135 129 113 119 136 144 143 142 150 154 145 138 142 149 158 157 135 113 122 137 136 114 109 122 131 125 125 135 139 137 137 138 137 148 155 153 159 159 148 147 132 122 130 141 155 149 132 130 132 138 141 151 148 147 149 145 143 146 149 154 152 151 154 152 156 156
130 136 141 138 136 136 140 138 138 142 139 140 141 143 145 140 143 147 150 151 154 153 154 160 151 138 131 131 137 139 123 127 139 142 144 131 132 141 140 140 149 158 164 160 140 121 128 145 140 120 113 121 139 135 127 136 144 145 150 155 156 159 158 153 152 145 148 150 136 129 128 135 149 152 144 137 134 135 140 146 147 152 154 152 150 151 154 154 156 153 152 154 160 159
129 138 145 145 137 127 129 133 141 146 142 139 141 140 141 140 150 154 154 153 156 157 157 158 147 139 147 158 152 137 133 140 136 133 146 140 134 135 143 151 156 162 164 166 156 143 141 144 126 112 110 110 132 135 125 133 138 140 154 162 161 162 154 146 143 142 154 152 140 136 128 123 132 148 151 145 137 129 126 135 148 155 154 150 147 149 149 150 154 148 148 156 164 162
126 139 148 147 139 129 131 138 145 150 147 147 144 132 132 143 157 161 159 153 152 154 157 156 146 141 146 153 148 138 139 144 135 132 144 146 141 132 144 155 157 167 164 160 153 144 135 130 109 89 86 97 123 138 137 135 133 136 152 157 154 158 147 139 144 152 150 144 142 132 123 110 114 140 149 143 139 135 122 127 146 154 157 151 147 145 143 142 151 147 142 152 162 161
131 144 147 144 135 134 140 139 136 138 136 148 151 138 140 150 160 161 159 155 150 154 158 149 143 144 147 135 129 140 146 145 140 138 144 152 142 132 143 149 150 160 156 148 146 143 135 123 96 68 68 91 120 144 144 134 132 138 147 151 152 153 144 143 146 148 140 142 142 122 114 106 114 137 143 141 144 150 134 129 142 149 154 151 151 147 143 141 147 146 143 151 157 160
141 143 140 142 137 139 144 137 132 131 137 152 153 147 148 144 147 151 153 152 148 151 150 148 148 149 152 132 128 143 145 141 139 139 144 152 140 138 145 146 145 149 145 130 130 135 126 114 99 81 82 105 123 140 144 135 128 133 139 149 158 152 150 156 145 130 130 144 148 130 121 114 116 125 132 140 148 155 145 140 145 150 155 152 149 146 142 142 144 148 147 147 151 159
141 137 137 141 139 141 141 137 136 137 144 150 152 157 159 146 140 144 145 144 147 146 145 150 150 149 146 139 151 159 154 148 145 139 140 142 140 148 145 142 136 132 127 116 122 126 112 115 124 113 103 110 112 124 138 132 114 115 127 139 147 148 151 164 151 130 125 136 143 136 130 121 110 108 119 134 141 147 148 146 150 157 155 151 147 148 144 143 138 145 149 147 150 157
142 139 140 142 139 141 144 143 135 135 150 153 157 154 153 150 141 142 143 144 144 136 138 146 154 150 144 153 172 177 162 153 155 146 141 141 141 142 142 145 142 132 128 129 135 129 112 125 139 135 121 122 122 128 138 130 109 102 115 129 132 135 139 153 152 146 132 125 133 140 130 120 111 113 126 132 131 133 141 147 149 154 151 143 137 147 150 145 139 142 149 150 155 163
148 143 146 148 144 143 143 142 133 130 143 150 154 150 153 151 137 141 144 143 139 131 137 148 157 148 144 158 170 173 159 153 154 147 144 140 136 133 141 149 152 142 133 137 141 134 126 141 147 142 137 136 136 136 136 133 125 120 123 127 134 135 130 137 142 146 139 125 131 137 123 114 114 117 127 130 130 129 134 144 146 148 147 129 121 143 152 147 146 142 146 153 159 168
145 144 145 143 135 131 130 132 132 128 137 143 145 143 140 136 135 147 147 147 144 135 135 140 147 144 143 150 156 158 154 153 147 145 141 135 133 138 145 153 156 147 140 134 133 135 138 143 139 136 133 137 142 145 146 148 150 152 146 143 148 149 141 133 128 125 128 126 131 133 124 120 124 123 122 122 130 133 136 147 150 153 145 120 115 139 151 153 152 144 143 146 161 170
139 138 141 138 130 119 116 128 140 138 140 140 133 127 123 123 136 151 147 145 143 131 127 134 143 148 145 149 152 148 152 154 148 142 138 133 133 146 146 148 147 143 142 135 134 136 138 134 128 127 131 144 150 153 154 157 163 159 148 143 150 154 148 145 141 126 122 118 125 134 128 122 128 131 126 125 139 139 142 150 151 154 143 131 136 141 153 155 153 149 144 144 160 168
133 137 142 138 136 128 127 142 150 144 135 126 114 113 120 127 137 146 141 143 147 143 137 138 144 151 147 153 155 147 151 150 144 133 137 134 136 145 147 144 140 139 140 141 142 136 133 132 126 129 142 149 147 152 152 148 151 147 144 136 135 137 136 146 149 136 128 121 125 142 140 128 128 131 130 135 146 139 142 148 149 148 140 146 154 146 154 153 155 158 150 149 152 159
130 140 146 146 147 147 152 158 156 150 131 109 95 96 113 131 134 133 136 143 146 147 145 144 144 146 147 150 150 143 144 139 131 126 136 139 140 142 146 146 143 137 139 146 144 134 131 134 134 136 141 145 147 149 147 138 139 144 144 132 129 132 128 129 131 129 127 126 133 148 146 133 128 134 140 146 146 137 134 136 142 144 139 145 152 149 157 156 156 157 152 152 149 152
127 138 147 148 145 140 146 151 151 142 120 105 100 103 120 140 136 127 138 144 142 142 143 143 139 141 146 146 138 130 133 133 131 128 132 143 145 140 141 152 148 135 142 146 137 128 126 127 127 130 135 139 141 140 134 131 133 138 138 138 143 139 126 121 130 135 134 131 139 147 145 137 134 140 147 151 145 139 134 133 143 146 139 138 148 150 153 154 156 157 151 147 146 150
128 137 139 138 133 120 113 120 132 127 122 116 109 120 137 150 138 129 139 145 146 145 139 138 143 147 145 143 131 124 131 138 142 134 126 137 141 143 146 148 139 134 144 144 135 124 114 107 112 125 139 141 140 138 130 122 124 129 132 142 150 150 143 137 143 149 146 139 140 143 140 135 136 147 156 154 147 141 140 140 148 147 138 133 147 151 149 153 157 159 154 148 146 147
137 139 124 119 122 104 86 95 107 108 119 114 108 128 142 144 141 140 140 142 142 141 141 150 156 159 152 142 137 139 144 149 152 142 130 135 139 150 153 142 135 136 133 133 134 126 117 109 115 131 141 139 138 142 133 123 122 122 126 138 150 157 158 153 153 156 149 142 144 145 144 137 137 149 155 151 150 148 147 148 155 150 140 133 146 150 145 153 157 158 159 152 148 145
144 138 116 110 120 110 95 93 95 99 105 106 106 124 132 137 139 140 142 142 137 140 148 161 166 168 158 144 141 146 145 142 148 153 143 139 137 136 142 137 132 132 126 124 131 133 137 134 132 140 138 130 134 145 139 135 129 122 129 141 153 159 163 161 157 158 152 142 141 143 152 143 138 142 144 147 150 151 151 148 157 155 151 149 153 149 142 150 152 151 156 154 150 149
144 139 124 117 124 128 115 109 113 113 108 107 106 109 118 132 137 141 146 141 136 141 155 165 163 162 154 146 143 143 139 136 144 158 150 142 126 115 125 133 129 124 124 129 137 134 139 144 139 139 123 109 126 145 148 145 133 130 138 146 156 160 161 159 156 159 157 145 135 135 140 128 122 121 126 139 147 150 148 143 153 156 153 154 156 148 146 152 147 147 155 162 161 152
143 141 134 125 125 131 126 123 132 137 132 126 116 97 96 117 136 150 151 142 136 144 160 166 158 157 153 149 147 141 139 140 144 151 149 141 123 112 122 132 129 120 122 133 138 136 138 144 145 140 114 98 122 140 145 142 135 140 148 154 159 162 161 158 156 157 153 144 138 135 131 118 110 99 105 127 142 150 149 138 142 147 144 146 153 151 154 155 149 151 155 163 163 156
142 142 139 134 133 136 141 142 149 157 156 150 131 102 86 105 138 154 152 143 139 153 164 164 155 158 154 155 152 144 148 149 146 149 147 139 130 124 127 131 134 128 126 133 137 137 134 141 146 140 118 108 125 134 137 138 136 141 148 154 163 164 160 156 156 147 139 137 141 145 138 126 120 103 105 122 136 147 146 133 127 128 132 135 149 151 156 156 151 154 155 156 158 158
145 144 140 141 137 136 145 154 163 167 162 154 134 115 94 90 115 140 149 147 149 158 162 160 157 158 156 156 151 148 156 156 153 155 148 134 132 133 134 134 140 140 141 138 134 135 134 143 144 135 119 116 131 138 141 142 141 139 145 153 158 155 154 152 151 139 131 130 140 141 139 139 136 121 117 120 132 142 143 133 125 121 126 131 147 151 155 160 156 158 159 155 155 155
146 146 143 138 129 132 143 153 156 160 152 148 141 137 117 88 89 119 142 145 151 155 159 162 160 158 159 154 145 147 154 153 155 155 150 141 143 145 144 139 138 142 149 147 137 137 134 139 140 134 123 121 132 142 152 156 151 140 140 144 145 144 147 144 141 134 126 129 140 136 139 143 140 129 127 120 125 137 142 136 136 136 138 140 152 159 162 165 160 160 161 153 153 149
149 154 149 138 136 141 146 147 149 148 144 150 150 155 142 112 92 99 117 130 146 152 156 163 160 157 159 153 145 148 149 150 156 154 149 151 158 155 150 140 130 135 146 144 140 138 133 136 141 139 132 133 137 143 156 164 159 138 126 129 138 144 144 137 133 134 122 123 134 135 141 145 143 134 129 122 120 126 135 131 137 145 146 146 153 160 165 164 161 164 163 150 150 146
255 255 140 137 143 148 148 146 148 139 142 149 150 153 145 136 115 87 87 110 132 144 152 159 158 154 154 152 147 149 150 153 156 154 149 156 160 160 157 143 131 134 135 132 136 136 140 143 140 138 138 138 133 143 154 158 148 118 107 124 140 149 145 138 133 140 130 126 135 143 146 146 146 142 136 134 127 122 124 123 131 139 143 146 147 150 159 161 163 165 161 146 150 149
255 255 255 255 146 153 149 149 147 140 144 142 138 138 138 140 122 88 82 98 120 132 133 142 151 150 149 150 147 151 153 156 155 154 151 156 156 156 155 147 142 145 137 133 134 133 138 137 131 130 133 134 132 143 144 141 127 105 111 132 145 154 154 140 131 141 142 141 146 151 148 142 145 148 142 143 134 127 121 113 120 125 134 145 149 149 156 160 165 166 160 147 151 153
