example/E5 - XRays/X-ray-tomography/rastert_juap30.txt
ncols         356
nrows         356
xllcorner     -0.5
yllcorner     -355.5
cellsize      1
NODATA_value  -9999
[rows 42 to 83 of 356, columns 190 to 284 of 356]
140 135 131 131 146 156 151 144 134 138 140 136 141 145 144 147 149 140 144 146 148 150 147 145 143 139 142 148 147 147 150 149 150 146 147 146 147 146 145 144 139 143 148 152 144 138 147 142 136 146 149 148 157 155 136 112 98 96 113 125 140 147 149 152 145 130 125 127 128 132 133 129 124 125 132 141 143 140 138 135 134 137 144 140 139 146 150 147 149 157 161 160 154 152 149
144 142 142 134 131 139 145 145 138 139 141 135 141 144 141 141 141 135 139 144 149 154 152 142 130 129 130 144 144 145 150 147 149 140 143 143 144 144 144 146 137 136 141 143 141 140 147 148 144 151 153 156 161 160 141 119 106 96 93 108 142 157 157 155 146 137 133 135 134 130 130 129 125 124 131 141 141 139 136 134 137 140 145 143 145 152 155 154 158 163 161 160 157 150 147
151 151 148 142 136 133 136 144 143 137 136 133 142 143 138 141 143 135 131 139 145 149 149 141 133 130 128 143 147 149 148 144 144 140 145 146 151 151 150 151 140 137 140 137 137 140 149 147 143 152 157 159 159 155 141 131 119 104 94 111 146 159 160 159 151 145 140 138 135 133 127 131 131 127 129 135 137 141 137 139 142 142 146 143 146 155 158 160 163 163 161 162 157 153 152
151 149 147 144 141 145 147 150 144 136 132 137 143 135 132 142 148 141 136 141 144 140 143 142 140 137 135 146 148 149 144 143 138 141 150 152 155 156 157 151 139 138 143 143 141 141 146 133 136 153 156 156 160 152 145 136 125 120 119 129 145 158 159 156 154 153 146 136 131 134 131 133 133 129 129 132 139 146 139 138 143 140 140 137 147 157 156 161 167 164 161 157 154 156 156
142 144 142 145 143 154 159 148 136 141 143 150 145 130 133 144 149 144 139 136 140 140 140 135 138 144 143 146 147 151 146 141 138 145 150 146 143 151 156 146 138 143 145 144 141 142 142 133 133 143 148 158 161 154 149 136 129 131 133 136 145 162 162 159 155 159 149 134 135 139 137 131 130 132 131 127 135 146 142 138 139 139 138 142 154 157 149 159 168 164 158 153 153 156 159
138 145 142 147 143 151 153 141 136 147 146 146 142 131 136 147 148 148 140 131 141 144 141 136 133 147 150 141 141 148 143 131 137 147 148 139 135 143 148 143 141 145 142 144 136 138 140 133 131 136 145 158 163 159 152 141 136 133 135 136 148 167 165 163 158 156 145 137 137 136 137 128 124 129 128 126 132 145 146 139 139 142 143 148 160 161 151 157 162 164 158 156 156 159 160
138 144 147 147 143 150 146 131 131 139 135 134 134 134 138 146 147 140 128 128 145 154 154 146 128 137 147 142 144 151 142 131 135 141 146 144 141 137 135 134 137 142 144 147 139 143 142 131 135 141 145 156 161 154 151 148 145 141 143 140 147 159 161 161 152 142 134 132 131 131 132 131 130 131 130 128 132 143 143 138 138 141 143 153 166 163 151 155 156 158 158 159 158 160 162
142 144 145 143 134 135 132 117 120 126 131 132 128 132 137 142 141 134 125 131 149 162 156 148 132 131 145 151 151 157 148 134 135 142 147 146 144 138 126 123 137 149 151 151 145 151 152 140 146 153 152 153 155 151 153 153 151 151 152 146 143 146 151 153 141 134 130 126 127 130 128 138 138 134 131 123 125 130 127 129 134 134 141 154 163 163 159 158 152 156 161 159 155 157 157
142 147 139 141 130 124 128 116 116 127 137 138 134 139 138 135 135 136 133 136 150 153 140 146 144 140 146 154 147 145 146 138 139 142 147 146 147 144 129 125 142 156 160 154 148 151 153 143 144 151 153 153 152 151 149 150 156 154 151 146 143 142 144 146 145 141 130 123 130 128 126 139 137 137 131 119 121 124 116 123 134 133 140 150 159 162 161 157 154 154 156 153 152 153 150
137 146 141 145 139 124 118 102 108 125 133 139 138 137 134 134 139 140 136 137 147 150 137 145 148 144 145 154 146 143 145 144 141 135 134 142 143 139 125 127 141 156 164 158 151 152 149 143 146 151 149 153 152 150 145 146 153 151 149 145 145 138 138 142 151 147 131 130 139 127 125 129 129 138 132 122 126 129 121 126 131 128 138 149 157 163 163 161 158 152 155 151 147 146 148
145 150 145 136 136 127 114 93 99 119 124 132 139 137 140 144 140 134 135 139 140 146 143 146 148 144 150 160 147 149 150 143 138 124 119 134 139 136 129 135 143 153 168 159 147 149 149 149 153 155 150 150 145 145 146 147 153 148 143 146 144 130 132 142 152 149 138 136 137 127 129 127 126 137 132 126 129 132 130 126 126 126 136 147 157 160 160 163 158 155 154 144 141 144 147
148 153 145 125 120 124 124 112 108 109 112 122 134 139 144 148 138 135 140 143 138 141 152 153 147 145 156 160 151 152 145 143 138 121 124 138 137 128 129 134 143 153 164 156 145 153 156 149 145 150 152 149 141 147 152 153 153 146 142 146 144 135 133 143 150 146 142 141 140 134 134 130 132 141 136 129 124 130 131 123 128 128 132 141 146 152 161 167 161 155 152 146 143 141 145
142 150 140 128 127 133 134 131 132 126 114 116 125 134 136 143 142 141 143 144 134 141 155 153 144 147 153 148 149 152 145 144 135 127 141 148 138 122 119 127 144 152 146 141 144 161 163 150 140 146 153 147 141 145 154 156 147 143 148 151 150 144 138 144 134 127 138 140 142 142 140 139 141 144 140 128 119 128 125 122 128 129 133 137 141 153 160 163 158 155 157 150 147 146 148
145 151 141 143 140 143 140 140 146 147 129 123 122 128 137 148 147 145 148 145 136 149 152 149 143 148 154 144 149 153 152 147 137 139 152 148 138 126 121 128 144 149 137 137 148 166 161 144 131 138 147 145 137 144 159 155 148 148 154 158 156 146 146 144 124 125 137 138 145 151 153 151 142 138 133 124 123 130 124 120 120 126 136 143 151 154 156 158 155 156 155 150 151 154 157
127 138 139 145 143 144 143 144 145 145 134 132 123 125 139 145 150 143 140 143 150 157 147 150 150 151 153 151 154 148 150 147 141 145 146 134 125 125 124 127 137 140 139 140 149 166 154 136 127 131 141 142 139 147 155 152 151 152 153 157 155 147 148 148 137 136 128 122 140 156 158 155 145 143 132 129 133 128 121 119 118 122 131 144 150 150 156 158 154 155 156 154 155 154 159
114 131 139 139 140 141 138 144 148 140 131 143 133 126 137 142 152 143 145 156 160 154 143 150 152 147 149 156 155 143 144 143 138 138 137 127 125 133 135 128 133 133 142 146 146 156 147 138 133 135 142 144 147 145 146 147 151 150 149 152 150 143 149 153 146 132 107 101 129 154 161 162 157 156 135 128 131 125 116 114 119 127 130 139 141 149 162 160 154 156 157 156 154 154 163
111 126 134 135 136 137 129 142 150 143 138 148 139 127 138 146 149 146 152 164 162 151 144 149 150 148 151 158 152 144 142 139 134 136 141 135 140 148 146 141 145 142 143 147 139 142 142 143 138 143 144 149 152 144 146 153 151 152 152 147 140 136 140 143 136 113 98 106 131 151 158 158 157 154 130 120 126 127 116 113 116 123 130 141 142 150 161 161 156 158 158 156 155 154 161
113 126 136 139 133 129 132 151 152 141 138 148 146 128 131 138 139 153 156 165 159 152 153 147 149 155 155 160 160 151 145 143 140 143 142 130 140 148 148 147 144 146 148 144 137 137 141 142 134 145 147 146 149 145 147 157 153 150 146 142 133 131 136 129 111 88 96 116 133 150 154 153 155 149 136 126 126 130 126 123 121 122 132 148 150 153 156 146 144 155 157 157 156 158 162
121 132 140 138 135 129 133 149 150 142 139 144 149 132 133 139 138 158 157 156 150 148 163 157 151 154 155 160 163 155 148 145 145 148 138 124 130 141 148 144 141 147 143 131 135 138 144 143 132 142 143 140 145 143 151 161 156 150 141 141 136 138 137 119 98 87 98 110 125 142 148 149 152 149 141 133 129 126 131 133 134 133 140 157 158 154 142 129 139 152 156 160 157 160 161
128 132 138 138 141 136 135 144 137 134 144 146 146 135 143 146 148 157 153 154 152 151 169 165 153 147 146 156 158 153 144 141 146 147 139 132 140 149 146 143 148 149 136 126 137 140 141 139 134 140 141 139 139 137 153 157 156 153 143 140 141 143 131 119 112 110 118 115 120 132 143 148 147 145 134 128 127 119 121 133 143 144 143 151 155 144 132 137 146 147 152 159 159 157 153
134 136 137 140 144 144 127 119 124 135 155 151 142 129 137 144 150 153 152 153 151 147 161 158 147 136 134 149 150 144 149 150 146 140 145 148 155 159 144 140 151 148 132 128 142 142 139 137 130 128 135 142 139 138 148 148 155 155 149 149 150 144 134 134 131 129 132 120 112 115 124 132 135 141 129 124 126 112 116 136 148 148 138 141 146 140 142 155 154 146 143 149 158 157 156
144 142 139 146 143 152 134 110 126 141 152 149 138 122 132 145 147 147 146 145 150 151 156 145 140 138 143 147 150 149 152 157 146 139 145 149 156 160 142 142 149 146 138 135 143 144 141 140 137 126 128 136 140 140 137 137 146 148 154 157 151 136 128 136 133 135 135 124 117 119 122 124 128 139 131 124 122 111 118 135 143 140 136 144 142 136 142 154 150 143 143 142 152 162 162
145 141 134 149 145 149 148 132 132 138 144 146 141 125 133 145 144 151 143 137 153 156 152 145 141 143 153 156 164 164 157 161 150 142 148 145 147 148 143 147 145 140 142 138 140 140 140 141 144 133 134 139 143 143 134 138 144 144 156 158 144 130 124 127 123 134 136 121 118 129 133 131 134 143 137 129 125 124 125 125 126 126 134 143 137 133 137 149 148 149 150 143 152 162 160
141 142 138 145 144 149 151 140 134 139 145 147 153 140 138 140 145 161 159 152 155 150 142 141 144 149 156 163 167 164 162 165 146 140 152 157 151 147 153 154 139 126 139 135 129 131 140 139 132 121 130 140 143 142 140 146 148 150 155 151 140 135 129 121 112 129 131 105 102 122 130 135 140 138 138 131 130 138 137 125 121 123 137 147 136 132 140 154 155 159 151 143 152 160 157
136 133 133 134 142 147 150 143 133 136 147 152 155 150 150 142 147 160 165 167 156 146 147 140 146 157 164 165 163 161 165 160 142 146 156 159 147 146 158 157 142 130 140 134 127 139 152 147 130 120 130 140 143 138 144 151 151 152 149 143 143 136 122 112 104 117 121 97 97 121 135 141 140 130 135 130 135 145 144 137 133 138 151 154 140 141 147 152 160 161 148 143 151 158 157
133 129 130 131 140 137 144 150 138 136 148 150 152 152 150 145 153 159 167 172 159 147 148 140 145 154 161 164 161 162 164 157 146 146 150 142 133 141 149 150 144 137 138 131 125 146 152 152 148 137 136 147 154 145 145 146 148 150 145 143 142 131 115 107 107 117 121 108 105 125 139 144 143 134 134 136 138 142 140 138 137 145 157 154 147 146 145 150 159 153 147 150 157 154 150
134 135 134 135 134 132 142 150 145 141 144 146 149 156 144 145 154 158 169 170 157 149 145 142 141 145 153 162 156 157 155 155 149 140 146 135 128 139 141 145 150 142 138 139 135 149 148 149 154 143 142 159 158 147 143 139 148 150 135 132 137 137 121 112 115 111 112 119 122 129 135 142 140 136 134 137 136 136 137 141 135 138 154 155 154 150 145 149 149 145 147 156 156 151 149
138 144 139 137 138 146 153 155 152 144 145 144 145 160 149 144 147 151 159 156 148 149 148 141 135 136 145 157 153 161 163 159 149 143 148 136 134 141 147 157 155 148 139 144 144 147 142 142 146 147 150 160 152 142 146 143 147 150 130 126 133 136 127 119 110 90 89 117 129 128 136 142 139 137 137 139 134 127 136 143 131 132 154 162 162 158 149 145 143 141 142 146 143 146 145
141 139 138 132 139 151 150 153 154 148 148 150 150 155 145 145 148 144 142 135 140 153 152 141 127 119 120 144 153 157 155 148 140 143 137 122 137 148 156 168 159 156 144 135 136 142 142 136 136 148 155 158 149 147 152 140 137 142 133 131 126 122 126 130 118 103 102 116 121 120 135 144 146 140 138 138 138 132 139 140 125 123 141 161 166 159 148 141 136 134 142 140 140 143 141
143 130 135 129 144 153 145 157 157 156 160 157 145 156 152 150 152 139 135 137 149 155 153 147 132 115 118 138 144 142 143 143 136 139 121 107 134 148 153 165 158 160 158 146 139 135 138 140 131 137 149 151 150 157 156 137 129 136 135 131 113 107 116 133 133 131 121 110 116 134 142 149 152 142 137 139 138 134 142 138 127 129 141 153 155 144 141 134 126 133 141 137 140 141 140
150 138 135 131 147 154 145 161 156 156 164 155 147 161 158 155 153 141 137 143 154 155 152 146 136 124 132 146 140 136 138 146 144 138 113 105 139 149 153 163 159 156 160 160 147 129 119 133 126 129 140 140 143 146 142 134 128 134 135 132 113 106 104 111 129 136 121 110 112 133 140 148 149 139 135 139 134 136 142 132 136 146 144 145 142 136 141 137 131 135 137 141 146 145 144
147 144 138 138 150 153 145 157 159 153 160 153 148 151 151 157 150 148 150 147 145 149 147 138 137 137 141 145 141 132 131 143 144 139 116 113 149 155 158 165 162 158 159 160 147 126 109 129 139 135 135 133 137 138 136 138 131 125 126 122 114 106 91 90 117 129 120 123 118 119 134 150 149 141 133 132 130 137 141 129 134 143 136 136 132 141 147 142 133 132 142 150 151 152 149
144 145 147 146 153 155 148 153 156 150 159 159 156 155 157 164 152 148 151 150 145 146 148 141 139 139 142 137 138 135 137 141 141 140 124 128 155 158 161 164 161 165 158 155 151 137 121 128 148 145 131 133 134 129 132 136 119 98 93 95 110 113 99 96 120 135 134 133 119 110 127 148 151 143 128 124 129 138 136 124 130 139 139 130 126 146 153 142 130 130 147 153 153 159 152
142 146 152 151 153 154 150 148 154 148 156 159 158 163 165 168 158 137 129 146 147 147 148 142 144 139 134 126 130 142 151 152 142 140 136 143 161 161 163 163 164 162 152 151 147 134 121 116 135 143 138 134 111 99 106 105 81 67 77 93 114 127 118 112 125 144 149 145 130 119 120 133 144 143 128 122 127 136 134 132 137 146 145 131 120 136 148 133 125 126 142 158 162 164 150
146 150 150 152 156 156 158 145 154 150 149 161 166 160 160 163 163 145 133 143 147 148 154 154 152 142 132 129 129 139 151 148 135 132 133 142 157 157 156 157 160 151 143 142 133 124 126 124 133 141 139 125 91 72 80 80 59 59 94 114 125 131 133 129 125 139 142 142 133 123 122 132 138 140 135 129 129 135 132 134 134 147 148 135 120 130 136 125 123 126 141 157 164 162 145
156 153 152 155 161 161 157 145 157 156 153 161 167 159 157 160 156 148 142 141 149 156 164 165 153 144 133 132 134 131 141 142 138 129 128 139 145 146 153 157 145 139 147 151 144 134 138 141 145 142 122 103 78 61 84 98 82 77 103 115 125 129 138 133 125 132 142 136 121 117 128 138 136 139 143 138 133 132 129 131 136 144 146 139 130 138 139 130 134 137 147 155 155 150 143
152 148 147 155 161 152 148 155 158 154 156 155 160 162 157 159 151 148 153 151 153 151 152 157 153 149 141 144 153 142 142 145 145 135 128 139 139 134 148 152 136 138 151 154 154 144 146 150 145 144 123 100 85 79 98 115 107 96 101 104 119 129 136 125 113 114 129 127 118 123 130 135 137 137 141 138 129 131 130 134 142 144 144 144 144 148 150 146 145 143 145 143 143 149 146
143 156 166 172 167 147 138 145 143 144 149 152 155 157 146 152 151 146 149 151 154 151 147 150 156 153 145 150 156 146 145 139 136 135 136 144 141 126 135 142 141 148 151 149 150 143 151 159 149 148 135 117 111 107 107 116 108 90 90 98 117 130 135 129 120 105 97 95 103 117 120 128 136 133 133 142 139 140 145 147 148 144 147 153 153 158 159 154 144 137 136 138 147 154 150
142 160 187 188 168 150 142 130 125 133 138 151 154 153 144 147 152 154 148 147 150 156 152 148 149 152 144 145 150 146 152 143 135 139 144 148 141 125 129 137 142 148 147 151 146 139 156 163 152 146 140 131 125 112 99 97 95 86 90 101 111 125 138 146 138 117 100 98 106 118 124 134 133 129 134 146 145 146 149 146 151 149 150 155 155 159 158 152 143 136 134 143 153 155 156
143 145 163 167 152 146 151 129 120 115 120 141 143 144 149 147 151 155 148 143 143 153 156 156 148 149 147 152 160 158 153 147 144 145 145 148 143 128 123 131 139 140 147 155 149 143 156 163 152 145 145 134 125 112 95 82 80 89 105 111 111 115 136 152 147 140 133 124 124 128 133 138 127 129 142 147 144 145 150 149 156 153 155 158 156 158 156 148 145 140 135 138 142 148 156
142 140 148 153 144 141 146 130 126 121 125 140 138 138 147 148 157 158 147 146 148 156 153 155 143 143 155 155 160 161 154 150 142 143 148 153 148 130 123 136 142 131 134 137 142 155 160 160 150 148 139 124 127 127 113 99 89 104 131 128 123 118 126 133 137 145 149 135 126 126 133 134 121 133 145 150 153 155 163 164 162 160 160 157 155 158 154 149 153 146 138 134 138 142 149
142 144 143 145 143 147 148 136 136 137 138 139 141 139 145 150 156 157 149 148 149 155 149 148 141 138 152 157 159 157 153 144 137 142 149 150 141 124 124 144 143 128 115 114 132 154 152 139 137 144 127 112 121 120 117 115 104 114 144 137 129 125 120 115 119 136 149 134 121 115 111 117 129 142 143 151 157 164 170 164 162 158 153 155 155 156 154 155 155 151 140 136 137 135 135
