example/E5 - XRays/X-ray-tomography/rastert_juap25.txt
ncols         356
nrows         356
xllcorner     -0.5
yllcorner     -355.5
cellsize      1
NODATA_value  -9999
[rows 84 to 125 of 356, columns 94 to 187 of 356]
151 150 148 146 144 137 131 142 148 145 128 109 77 56 46 40 40 37 44 58 65 91 117 123 138 137 127 125 128 130 130 132 125 124 146 153 142 144 149 144 141 132 133 144 145 114 131 156 159 164 159 164 162 165 165 159 159 149 138 146 147 146 131 116 109 116 130 125 125 143 157 168 167 160 162 164 158 148 137 138 121 87 97 110 105 130 132 132 144 140 145 150 148 134
149 140 147 143 139 133 127 133 135 137 119 86 72 64 52 52 53 49 51 69 90 113 127 125 135 133 120 125 138 136 131 133 142 138 143 154 143 143 148 141 143 144 146 145 142 119 135 152 154 157 155 162 168 171 167 158 149 137 131 140 142 138 130 127 126 119 107 105 125 138 150 172 167 153 159 160 160 154 137 120 101 87 88 87 94 126 142 141 137 130 143 158 143 126
148 136 141 144 140 131 124 131 127 121 106 82 76 68 57 65 68 71 80 98 120 133 132 135 141 139 127 132 148 144 140 137 148 146 138 148 144 141 137 135 131 135 139 136 146 142 145 148 154 167 161 163 161 159 162 154 138 128 132 140 144 138 136 124 128 129 110 109 140 146 150 168 170 158 162 163 166 155 138 113 96 90 91 87 108 131 144 141 135 135 140 154 144 140
152 151 146 155 147 136 128 134 132 118 97 80 80 78 78 83 87 93 102 122 130 135 133 140 145 147 138 137 154 149 148 139 144 148 140 144 145 143 140 137 131 123 127 135 148 155 151 152 154 163 168 162 155 154 143 121 111 126 136 138 142 138 133 115 121 128 114 117 140 144 156 170 170 164 164 161 163 160 150 116 94 93 112 115 122 130 138 142 143 146 142 146 143 153
148 158 150 156 147 138 128 124 127 119 106 90 90 82 94 108 114 115 115 127 134 134 135 143 142 152 152 146 151 144 146 144 146 150 148 144 141 142 139 136 136 135 141 149 149 147 143 149 153 157 170 161 153 141 100 81 95 132 143 138 142 139 132 122 126 122 108 116 120 127 152 166 163 169 170 162 159 161 156 134 116 111 113 123 140 137 126 133 140 139 140 138 136 152
143 147 150 156 142 130 111 108 123 120 119 110 104 96 108 120 130 129 133 137 142 143 147 147 143 146 147 153 148 146 145 137 139 149 157 146 138 150 151 141 141 144 147 147 146 142 148 147 141 137 142 130 117 113 86 88 106 133 143 136 133 141 141 137 138 128 108 119 131 131 149 162 158 174 172 164 166 159 144 140 140 139 122 119 144 139 127 134 139 135 129 118 127 148
144 139 142 148 132 111 96 105 115 116 130 125 117 126 127 125 128 123 130 135 133 143 152 152 151 143 132 150 155 157 149 144 143 144 153 149 146 150 150 142 146 144 139 137 148 144 150 143 124 109 100 93 85 98 109 125 127 132 142 142 134 142 148 145 146 134 113 121 145 138 142 161 157 171 168 164 168 156 140 136 142 143 142 131 135 138 141 140 133 134 132 122 123 127
137 135 135 134 124 116 106 109 116 118 132 130 117 131 141 136 127 112 123 138 132 141 147 144 150 146 146 157 161 159 140 143 152 147 150 150 136 134 146 149 150 144 143 133 140 142 145 145 125 112 110 107 105 111 119 140 142 135 144 148 137 135 142 141 150 148 133 134 147 143 140 154 155 164 165 161 158 154 154 147 145 141 149 146 137 140 141 138 127 124 134 128 113 114
136 129 131 132 125 121 119 110 114 123 134 137 128 132 142 135 126 114 127 148 141 140 146 148 147 145 152 149 154 159 145 144 144 142 152 158 140 133 145 144 142 138 146 138 139 140 149 149 136 131 136 135 128 129 133 144 147 140 138 141 140 132 132 132 140 152 146 134 137 137 142 158 163 163 161 155 150 156 157 146 142 135 134 137 137 133 133 141 133 121 122 126 126 130
145 132 125 127 124 116 126 123 111 117 133 145 141 133 143 140 126 122 120 136 141 141 151 157 152 147 150 143 154 161 142 149 153 147 146 149 143 140 140 141 146 140 142 136 134 126 137 143 142 134 134 140 139 144 147 141 141 138 133 137 148 147 143 143 139 142 132 126 138 133 130 148 164 164 162 161 153 154 147 138 141 137 132 136 136 134 143 145 134 129 121 127 141 149
137 129 125 118 120 118 129 130 123 125 133 146 145 140 144 139 126 128 121 134 141 141 150 157 147 139 149 144 144 153 139 144 151 152 147 144 140 141 141 145 147 144 147 143 133 119 129 139 145 136 133 141 140 141 144 143 135 117 111 124 146 158 151 147 136 132 126 128 142 130 123 135 149 158 161 166 164 153 141 130 124 129 131 131 129 132 138 124 118 128 127 120 127 153
133 119 124 120 117 117 125 127 129 125 134 147 147 155 150 133 120 120 121 135 141 143 148 152 139 136 152 148 140 143 143 145 144 149 151 146 147 148 152 147 142 135 136 139 141 127 133 137 141 140 135 140 142 148 144 138 131 108 103 118 146 159 146 135 133 141 141 136 135 121 129 137 141 155 157 159 158 150 144 135 133 134 132 131 135 138 135 120 117 136 138 124 123 145
135 108 116 119 104 112 129 133 139 127 133 143 142 157 155 134 122 128 134 137 142 145 143 146 145 142 150 148 145 144 141 145 146 145 147 142 142 149 152 145 143 131 128 139 145 132 135 135 137 143 134 136 144 151 142 130 136 115 103 108 135 149 143 141 134 142 149 135 132 136 141 135 140 154 157 154 148 142 141 144 142 136 132 130 136 146 137 139 136 139 136 145 147 147
139 104 110 124 113 112 120 130 142 130 133 150 146 147 149 144 142 144 144 142 148 148 142 144 145 135 146 146 143 144 140 145 146 142 142 143 140 142 144 144 146 137 134 140 140 136 133 133 139 143 133 135 140 144 146 131 133 119 109 106 131 147 142 153 145 142 136 123 130 140 140 130 138 146 150 147 143 136 138 144 130 120 126 133 131 137 135 139 132 137 145 153 141 147
135 113 117 125 129 114 110 128 134 128 134 146 153 150 144 146 149 147 145 143 147 146 143 150 148 134 146 146 142 142 139 143 144 144 140 142 144 142 150 153 148 137 136 143 139 141 136 133 140 135 129 131 139 140 145 128 129 134 136 124 127 133 136 152 153 141 127 125 135 134 130 135 146 142 140 141 142 134 139 149 143 137 130 138 130 126 134 141 128 126 146 155 141 154
133 111 114 111 124 126 122 140 137 134 146 137 146 152 142 140 146 146 147 144 145 147 151 150 146 139 137 146 147 146 138 133 140 148 145 147 159 149 148 154 142 127 129 147 146 140 138 130 125 123 129 127 133 135 138 130 131 144 147 140 124 113 123 138 146 138 131 124 128 135 128 126 140 135 136 147 143 136 143 151 143 139 133 134 126 121 133 140 136 134 145 155 149 151
130 110 116 123 124 125 123 140 139 141 144 141 139 138 130 124 129 137 143 149 148 143 150 149 151 144 133 142 141 140 139 138 150 156 150 140 149 145 144 146 140 127 129 146 138 132 124 121 127 132 136 132 135 129 120 118 134 149 149 152 135 117 115 110 118 127 133 126 124 134 130 125 128 130 137 144 139 143 140 142 135 125 129 135 134 131 137 135 132 137 137 147 154 153
127 121 125 129 119 120 123 138 136 138 130 142 142 137 136 117 109 122 143 143 140 141 147 145 149 142 127 125 131 137 133 130 145 163 157 138 137 139 141 138 142 139 135 139 126 128 133 128 128 138 137 140 148 130 110 107 135 146 145 157 146 130 120 112 119 126 125 123 136 145 138 126 123 135 141 139 139 148 143 149 139 135 138 144 140 120 122 130 129 130 135 149 160 152
129 132 134 130 115 126 134 133 134 142 138 147 156 148 143 138 129 120 126 134 138 140 140 134 127 123 118 107 112 129 127 130 144 157 155 147 139 132 137 140 141 143 138 129 131 141 146 127 123 134 121 117 130 122 101 98 134 150 143 150 146 146 143 130 132 143 139 125 136 147 143 126 129 140 136 131 129 138 141 152 141 137 136 138 134 110 111 127 135 125 134 144 150 150
132 141 140 133 127 135 138 131 138 141 152 150 154 148 143 150 149 129 114 129 145 142 142 132 119 113 105 97 107 123 121 130 136 147 153 147 144 131 134 145 141 141 135 133 147 148 153 134 118 115 101 111 132 131 107 99 120 133 129 137 137 141 145 129 132 141 138 134 139 134 136 138 134 134 133 132 126 132 137 146 142 129 137 140 140 135 127 119 120 124 137 145 144 150
132 137 136 132 132 127 130 144 153 141 149 146 147 146 149 150 147 147 136 135 144 142 146 135 125 120 105 103 114 120 118 126 118 130 143 132 136 135 134 148 140 142 140 143 152 151 161 149 123 119 117 126 141 146 130 118 122 125 123 137 142 137 130 117 134 140 132 143 138 112 111 134 140 138 133 132 122 127 143 142 138 134 136 132 143 147 134 123 122 133 146 144 134 137
141 145 136 137 144 129 124 145 155 152 151 134 135 136 142 148 141 152 150 140 137 127 130 132 128 120 116 120 120 119 121 134 127 124 134 134 129 126 133 150 150 154 144 143 152 153 154 150 137 133 135 139 147 156 149 137 134 125 118 126 135 137 125 114 134 140 136 151 126 100 119 148 144 138 132 128 132 133 144 137 136 140 137 135 144 147 136 132 138 140 148 151 139 128
140 146 146 140 141 140 141 151 150 148 150 135 134 133 142 147 137 147 147 143 142 130 122 120 118 114 127 133 115 109 110 120 124 119 121 132 128 121 136 158 160 159 141 140 148 153 154 153 152 147 153 155 160 167 159 154 151 132 123 127 131 135 139 132 131 137 136 143 118 100 129 141 126 116 122 128 131 121 126 136 136 135 130 131 145 154 142 126 137 143 140 143 139 135
138 140 145 138 137 132 129 143 142 135 144 146 144 143 144 143 135 136 133 132 135 142 123 102 102 104 124 132 119 109 98 95 102 106 105 122 126 123 140 156 158 152 139 139 148 152 155 153 158 160 161 160 160 160 157 162 166 140 128 135 134 131 144 143 128 131 128 120 119 127 132 118 111 114 127 130 113 95 106 127 130 136 127 117 138 144 148 135 136 137 128 136 140 137
138 144 146 140 140 140 128 136 138 134 144 147 138 133 137 143 146 146 134 128 116 129 120 103 112 115 121 117 108 92 74 69 82 105 110 111 117 129 149 147 151 160 146 138 150 148 150 157 161 170 167 161 168 166 165 166 165 146 134 139 126 116 134 144 134 142 141 122 123 140 132 120 123 123 127 127 111 102 111 130 137 139 136 130 147 144 147 142 138 135 130 135 140 122
140 142 148 150 143 139 132 127 127 137 150 139 123 128 145 145 142 149 138 129 126 131 120 102 107 108 108 98 85 70 69 73 92 118 123 125 128 130 152 155 152 154 142 139 149 147 156 163 164 171 170 168 169 169 166 165 165 149 134 126 118 118 128 146 141 141 152 145 130 136 130 124 133 128 127 129 122 125 123 134 138 133 135 136 151 152 141 141 150 144 138 130 133 126
146 144 144 151 146 134 127 118 126 144 143 134 127 132 140 134 137 146 122 111 131 135 115 95 101 99 96 94 89 82 93 113 127 144 139 128 124 120 143 156 151 148 138 132 144 150 154 154 159 169 167 168 164 166 167 166 166 152 140 123 123 136 134 141 140 132 138 152 146 137 136 128 136 133 126 125 130 141 134 132 136 139 136 128 134 140 139 132 148 143 130 118 115 127
143 144 144 149 147 144 144 140 143 145 131 125 136 138 127 118 127 141 120 120 128 121 108 99 108 111 98 99 106 107 118 139 145 154 146 126 120 120 141 143 145 146 141 134 145 153 155 152 154 167 163 164 168 169 175 175 167 155 151 130 118 138 145 146 141 140 141 140 148 141 133 122 128 136 124 125 133 131 125 135 145 148 138 137 130 122 137 130 140 138 129 127 131 132
143 143 148 154 151 141 143 152 151 142 130 130 136 140 133 116 115 134 122 129 124 107 110 118 122 129 126 125 129 126 138 151 155 158 149 135 127 130 142 129 136 147 144 128 139 142 143 145 155 169 173 176 174 172 183 173 162 156 155 140 118 121 129 145 136 131 139 131 131 134 131 123 125 143 137 129 136 130 118 128 143 149 145 148 142 125 130 128 137 142 136 128 138 145
138 138 145 146 141 136 132 139 143 135 136 146 140 142 146 132 126 138 128 121 110 107 120 138 138 136 141 143 134 131 147 152 155 153 146 145 130 125 143 138 140 147 137 123 135 136 148 155 155 165 179 179 174 173 176 166 165 153 149 142 124 116 124 144 130 116 131 131 120 124 131 135 134 144 149 136 134 136 124 125 134 145 155 154 142 134 128 125 126 132 137 127 122 140
142 139 143 136 126 131 135 133 141 140 141 148 146 143 143 144 148 155 152 141 124 127 136 144 146 147 146 148 133 127 135 125 129 144 141 143 134 129 139 134 138 145 140 137 141 125 144 157 157 167 170 177 178 172 172 165 161 153 143 132 130 131 137 142 139 130 134 142 127 120 121 128 128 131 141 138 132 134 129 121 121 137 144 147 137 140 141 133 131 136 138 131 117 133
143 145 144 138 140 138 141 137 144 148 146 147 154 147 149 154 156 161 154 147 138 140 145 147 148 152 149 147 142 129 123 113 121 140 140 140 137 135 134 122 133 143 142 135 138 130 141 150 163 175 168 178 171 173 174 168 160 151 140 130 138 146 145 135 140 145 150 153 145 135 139 134 126 128 129 133 131 129 122 104 114 135 132 139 139 145 145 144 147 149 144 132 125 134
145 151 145 137 134 126 134 142 145 151 153 147 157 155 163 173 172 166 155 153 153 151 147 143 145 147 146 148 151 137 126 122 132 141 142 148 146 134 128 125 137 153 150 128 130 133 133 144 162 167 162 172 166 170 167 166 158 145 144 137 137 140 137 136 143 152 165 156 141 137 145 142 127 118 96 102 111 114 104 94 125 154 151 154 146 148 141 145 153 152 150 137 131 136
146 154 147 136 128 125 138 150 152 154 159 160 163 162 170 172 171 171 160 155 159 157 146 145 142 138 141 153 150 134 129 127 132 139 150 154 142 131 130 131 135 144 149 134 136 145 141 138 148 161 163 172 172 168 169 165 147 132 135 132 133 135 131 141 154 162 160 151 137 131 135 138 133 125 106 94 82 78 78 95 132 157 158 165 158 158 150 147 150 152 146 141 128 127
146 159 154 151 151 144 136 141 159 159 160 169 178 179 185 176 165 174 170 157 155 148 142 143 133 134 144 152 150 127 114 134 142 138 148 154 144 146 145 136 137 131 141 142 146 154 157 154 150 161 160 163 164 159 162 151 144 137 126 128 140 144 140 150 154 154 149 150 144 134 134 129 125 131 130 108 88 85 100 127 148 156 161 176 175 173 155 155 153 149 141 144 133 133
144 162 163 161 154 146 137 139 157 156 163 171 176 175 181 179 169 169 175 163 149 138 142 149 136 139 153 151 151 143 125 137 142 132 146 156 148 152 147 138 133 130 136 142 156 157 157 155 157 156 153 158 154 149 153 132 134 140 125 133 142 140 151 154 146 142 148 146 130 123 132 136 138 135 131 119 114 119 127 135 151 156 165 177 174 171 157 168 161 141 142 144 141 151
151 164 162 156 150 150 152 140 148 154 165 164 168 181 183 174 166 168 172 160 150 147 149 147 146 141 147 150 151 148 131 128 128 137 159 161 153 152 143 132 129 133 128 136 161 165 156 156 161 153 143 146 142 140 138 128 140 145 123 132 136 121 138 148 141 134 138 133 127 126 136 151 152 142 129 125 125 128 130 140 158 161 165 168 168 169 161 164 155 141 151 150 137 141
162 171 162 158 151 154 159 141 138 146 162 164 168 183 180 169 171 178 173 152 147 158 150 134 142 138 142 146 150 146 131 126 120 142 158 162 158 155 151 138 129 130 128 142 159 163 156 156 161 152 135 130 132 137 130 126 142 153 137 132 139 132 125 132 134 138 138 134 132 141 142 141 141 140 132 127 130 137 142 160 169 166 159 163 177 176 167 160 153 154 162 158 147 148
160 163 164 160 161 162 153 138 130 126 145 164 166 173 175 170 168 169 165 154 145 146 142 130 131 134 137 143 148 149 143 126 116 136 149 156 164 164 159 142 131 138 152 152 155 148 146 143 149 155 146 145 145 137 121 117 129 148 143 122 124 136 118 124 132 141 133 118 114 130 133 129 129 137 141 131 135 150 156 162 166 167 162 164 175 168 168 165 151 152 159 144 144 152
155 157 163 163 165 166 139 128 133 127 133 151 160 167 175 176 174 169 162 150 136 134 134 131 138 140 133 143 150 146 130 119 119 146 162 155 153 158 152 143 136 139 153 141 142 136 139 142 135 141 145 146 144 138 134 130 131 146 138 126 123 121 124 139 134 119 105 85 97 125 132 137 126 130 136 134 148 163 166 160 150 154 169 173 168 159 169 174 157 151 162 150 149 146
152 153 160 174 169 160 123 99 115 127 130 144 156 158 166 169 171 160 158 148 135 139 134 127 134 140 140 152 153 152 136 123 112 135 160 145 145 152 142 149 144 138 143 135 140 134 132 136 136 128 133 137 140 135 135 141 141 146 138 143 145 136 134 138 128 116 117 99 101 127 138 140 128 130 121 124 153 164 163 161 147 152 172 176 176 169 173 178 162 155 165 162 149 137
153 159 163 167 158 151 117 83 90 116 133 142 162 162 159 158 163 158 152 153 144 137 130 128 136 147 157 159 144 147 143 138 127 128 143 139 144 147 142 142 138 137 136 131 143 137 128 120 130 138 138 140 141 137 128 135 142 143 138 133 138 145 138 127 136 142 139 120 112 125 131 133 128 135 139 137 154 164 154 162 166 167 171 167 177 176 170 170 166 161 163 160 146 144
