example/E5 - XRays/X-ray-tomography/rastert_juap01.txt
ncols         356
nrows         356
xllcorner     -0.5
yllcorner     -355.5
cellsize      1
NODATA_value  -9999
[rows 42 to 83 of 356, columns 188 to 281 of 356]
169 172 160 156 143 145 153 164 160 156 155 163 168 157 156 169 165 158 159 161 158 164 172 164 160 168 173 162 160 165 167 167 165 170 168 163 168 173 170 174 175 166 162 163 169 163 174 180 176 177 176 177 174 161 164 168 163 169 169 173 177 171 174 181 182 172 164 165 171 164 159 164 159 157 153 165 163 151 150 148 147 150 153 158 157 149 141 140 148 149 143 148 148 133
168 160 156 163 145 145 154 159 158 162 159 160 161 153 155 167 164 162 162 160 157 165 171 167 161 162 167 166 162 159 164 165 171 174 168 162 168 171 170 170 167 159 154 159 169 172 175 175 177 175 177 178 173 163 168 170 168 169 171 173 172 174 177 180 178 173 169 172 169 160 159 163 161 157 156 167 163 157 148 140 142 140 141 147 154 157 149 148 152 149 145 151 140 127
165 158 156 168 148 140 153 159 157 164 165 157 153 151 156 163 160 163 159 162 158 159 171 174 165 155 157 159 156 161 168 168 170 169 163 159 164 171 164 161 160 161 157 165 171 177 176 173 177 174 175 174 168 167 171 166 165 169 168 172 171 180 180 171 170 169 171 172 160 154 159 167 163 156 163 164 161 162 153 146 146 137 132 139 158 168 156 150 148 141 142 142 128 124
155 150 148 166 157 141 158 164 159 161 162 160 161 154 156 156 155 168 157 158 159 163 170 163 154 150 155 159 156 165 168 170 165 160 161 162 167 170 157 157 162 164 166 170 171 182 179 168 172 168 163 161 165 171 169 162 164 170 165 175 178 186 179 166 170 167 167 163 156 157 166 171 166 164 167 162 160 160 157 161 153 142 135 144 159 161 160 157 145 132 134 134 134 131
149 145 147 164 162 149 162 164 155 153 156 160 163 157 150 149 150 169 160 155 164 163 163 160 154 151 162 171 164 169 171 165 157 165 165 161 164 163 155 160 170 168 169 164 169 183 176 164 172 169 164 158 165 166 162 163 165 167 167 174 179 180 172 169 171 171 172 164 157 163 168 169 165 160 166 169 159 156 159 163 159 153 151 154 153 149 151 150 145 137 139 141 145 146
147 141 145 160 159 155 161 161 153 151 154 160 159 160 146 144 149 164 166 161 169 156 153 159 153 155 168 167 161 167 168 163 164 173 165 163 163 163 164 173 175 165 170 165 173 177 173 170 175 174 171 165 167 164 163 164 166 171 174 175 176 173 169 172 171 177 175 167 166 165 165 167 163 159 162 172 165 160 163 168 169 163 161 160 151 144 143 144 141 136 140 145 150 157
141 136 148 157 161 157 158 158 156 148 148 154 156 162 149 152 158 160 165 160 160 151 153 163 153 154 167 167 161 163 164 165 168 165 160 167 166 164 164 176 173 163 172 170 177 172 168 166 161 168 171 170 166 164 161 160 167 175 178 175 168 164 167 170 169 175 170 165 167 163 169 168 165 161 162 171 169 167 174 174 172 161 156 157 156 153 150 140 135 136 148 150 151 151
136 135 157 148 154 157 157 161 155 140 139 147 150 155 156 164 159 151 153 155 159 159 152 154 160 161 165 167 162 167 167 161 160 154 157 163 158 156 161 173 165 158 168 167 174 169 160 165 162 169 170 171 168 164 167 162 164 167 170 172 164 163 165 167 172 170 163 163 165 159 163 163 167 167 166 169 166 173 179 170 165 161 164 164 162 156 148 140 140 145 154 155 156 146
139 143 161 154 155 154 160 155 141 139 144 154 156 154 155 161 155 145 149 158 161 158 151 150 160 162 163 159 154 164 166 158 155 149 156 158 157 158 160 169 161 162 172 169 167 162 158 167 166 173 172 171 167 158 162 158 161 164 165 167 167 168 165 172 172 165 166 168 169 158 154 163 167 171 168 164 166 171 170 165 168 165 163 165 158 150 145 152 148 148 148 141 144 144
140 143 150 152 159 151 156 145 133 144 147 147 153 161 156 154 150 145 144 155 165 158 156 153 153 162 166 156 152 157 163 162 162 152 152 155 160 162 157 166 163 167 173 171 164 161 166 167 165 172 169 169 161 156 151 152 161 164 165 162 165 168 169 174 167 163 171 168 168 161 162 170 165 170 168 165 171 169 163 162 164 155 157 161 150 146 154 158 149 146 138 130 132 133
146 147 148 146 158 163 158 139 131 144 143 144 152 156 152 152 152 152 148 148 160 160 159 148 150 158 157 148 152 152 155 160 166 157 152 158 167 168 160 161 165 167 164 165 165 169 173 166 162 165 162 164 158 157 151 148 157 161 161 158 169 171 168 173 166 164 173 164 161 161 163 168 163 165 169 166 168 165 160 161 156 150 159 157 148 155 163 160 149 141 142 144 138 129
147 154 155 146 148 157 152 142 141 144 134 145 152 149 150 150 150 150 156 156 157 157 160 148 152 150 141 143 154 149 149 157 160 158 155 165 171 167 157 156 164 160 157 165 170 169 168 165 165 163 158 161 153 149 153 155 159 162 166 161 169 174 169 172 163 165 167 156 154 153 155 163 162 163 168 160 164 166 165 164 154 152 155 152 156 162 161 156 151 150 156 153 142 130
142 156 165 160 151 153 140 148 156 150 133 138 153 143 144 141 140 148 157 164 156 153 162 154 149 153 145 145 155 149 154 157 153 159 158 165 174 162 151 159 162 155 159 167 172 168 165 168 172 166 155 154 149 148 153 152 153 155 162 161 168 177 168 169 165 162 152 154 157 151 157 162 165 164 163 156 155 161 170 165 149 145 151 153 158 161 156 155 158 160 156 150 150 150
143 161 171 161 151 154 140 149 156 149 135 136 152 142 137 138 139 152 158 162 153 148 157 151 142 148 148 148 145 140 148 153 145 154 162 169 163 150 155 168 164 162 166 162 164 163 164 171 169 163 156 156 152 156 155 148 153 158 156 150 161 172 163 167 168 157 144 153 159 159 162 163 165 161 159 155 156 161 167 151 137 143 157 150 142 145 147 154 163 158 153 157 160 159
148 159 166 155 145 149 134 137 141 138 136 147 153 135 134 140 145 157 157 158 165 164 165 155 143 144 153 153 146 138 146 154 157 162 170 173 159 150 160 167 158 157 160 162 166 165 172 168 168 163 159 157 152 152 151 146 154 156 150 146 153 160 158 159 162 152 150 154 158 163 163 164 159 152 152 151 156 157 156 142 140 153 159 141 129 134 142 154 163 155 157 162 163 158
156 161 161 156 146 151 139 133 135 136 141 149 136 117 123 131 139 150 151 150 162 166 164 157 145 140 149 147 149 145 150 159 169 167 166 169 160 150 153 157 151 151 153 159 162 166 177 168 174 170 161 158 153 152 147 138 146 146 142 152 156 156 156 159 157 151 159 159 163 163 163 166 157 150 150 151 150 146 143 145 155 167 158 142 143 149 148 152 159 158 168 167 162 159
156 155 150 149 142 147 146 140 142 144 147 142 123 108 117 132 142 143 147 156 159 152 148 151 143 133 145 148 153 156 158 158 161 165 173 173 159 147 142 152 146 148 152 160 158 162 178 165 169 165 165 166 156 160 155 142 137 137 140 156 151 144 151 164 160 155 158 154 159 157 157 159 162 161 154 155 150 144 142 145 159 169 159 153 160 159 143 147 157 163 170 164 159 166
154 152 143 149 149 153 156 148 141 145 148 138 128 118 125 140 147 144 149 166 155 143 143 143 134 133 150 158 157 152 163 158 152 155 170 170 158 160 147 150 139 143 151 160 152 156 172 161 165 165 169 164 152 156 155 148 141 134 137 141 134 136 149 160 155 145 150 149 155 157 153 155 163 161 151 154 148 150 148 146 147 149 153 156 159 152 143 146 155 161 163 156 156 167
158 162 148 149 150 151 161 154 142 145 145 139 139 133 130 136 140 148 155 165 154 151 151 142 132 137 155 160 153 151 165 161 154 148 161 164 155 159 147 150 139 145 160 156 142 150 161 161 168 170 168 164 163 156 150 145 147 137 137 141 138 140 150 152 147 144 150 150 155 159 155 161 160 152 151 159 156 152 148 146 140 139 147 148 153 150 151 146 149 159 163 152 159 162
140 148 147 146 139 139 151 143 136 145 146 147 145 137 132 135 140 152 154 153 157 158 150 139 139 150 157 144 142 148 160 166 158 151 158 159 159 159 149 157 147 145 157 148 145 158 156 161 161 163 167 168 166 160 150 143 138 135 145 152 147 138 141 144 149 152 150 156 160 152 153 167 163 154 154 158 155 149 147 143 139 142 142 135 144 147 150 145 150 162 166 160 166 158
137 143 150 143 134 138 148 142 141 155 151 151 142 149 143 134 150 156 149 139 145 148 147 147 140 144 150 132 145 156 157 161 156 155 155 143 141 152 148 148 140 147 153 147 151 158 158 166 162 163 167 164 155 150 146 139 129 137 156 149 144 140 138 143 147 152 152 154 160 151 151 165 167 157 157 154 149 149 147 140 133 137 136 131 145 155 152 148 157 165 165 159 161 155
153 150 152 140 137 146 151 142 138 152 159 159 144 151 145 141 161 160 154 136 131 143 148 145 136 136 146 133 144 163 156 154 154 144 146 129 121 138 137 132 127 143 149 151 156 158 162 170 165 164 161 163 153 150 148 145 141 147 157 147 136 144 154 152 154 160 158 160 169 159 151 160 167 162 161 156 153 147 139 132 127 140 144 139 154 162 158 156 163 167 163 152 154 147
160 149 150 142 132 141 147 147 137 140 155 161 149 152 144 142 152 146 144 133 127 140 146 145 144 146 149 142 140 153 152 155 152 132 132 128 128 137 134 130 126 141 146 154 154 154 162 168 157 152 154 158 149 150 147 145 151 155 152 148 145 146 155 159 165 161 155 161 171 166 149 151 163 164 162 160 156 144 137 132 139 153 151 146 155 157 157 159 160 159 158 154 151 143
166 162 150 136 139 146 138 150 148 145 153 159 154 160 159 154 143 136 134 133 126 138 142 148 154 152 149 152 144 144 150 153 149 130 127 133 138 146 136 130 134 143 145 147 145 145 153 161 157 153 154 155 148 146 149 138 150 160 157 156 162 155 151 155 157 156 151 160 164 162 152 147 155 157 160 163 156 145 134 132 145 158 152 149 156 156 157 164 160 154 154 153 144 148
164 165 155 148 160 152 137 140 146 145 153 157 151 159 159 147 140 145 144 148 142 145 149 148 149 147 147 156 155 151 151 144 146 145 143 144 143 150 144 140 149 150 152 156 152 147 148 153 152 153 152 154 155 150 150 144 159 159 155 159 156 148 144 143 142 152 157 166 161 164 160 152 159 161 161 167 155 144 131 133 149 159 150 149 158 157 155 159 153 145 150 150 140 145
158 164 162 160 164 152 140 134 152 167 161 153 145 146 142 141 144 153 151 150 144 145 151 147 141 135 132 144 153 149 152 150 152 156 155 152 147 154 150 141 141 138 153 159 153 158 151 153 153 149 152 155 159 151 152 150 156 153 151 151 151 152 150 144 146 152 163 173 166 170 167 158 162 158 162 170 160 146 136 144 156 163 153 154 159 153 151 157 148 142 147 145 136 141
153 167 164 161 160 155 149 145 149 156 153 153 147 141 137 140 149 152 157 154 143 152 144 143 149 137 133 142 153 147 157 158 157 154 143 139 140 152 153 140 131 125 133 142 135 154 148 149 153 143 146 155 168 155 155 157 151 150 146 136 152 158 142 133 146 159 165 168 161 162 162 155 158 154 161 171 160 143 136 143 154 157 152 150 155 151 152 159 149 142 141 139 139 140
156 167 163 161 166 162 157 151 139 146 156 158 140 127 134 135 152 153 163 167 155 160 153 150 147 137 136 146 154 152 161 167 165 165 147 143 147 151 153 148 145 142 135 132 127 149 142 140 142 141 149 148 149 140 146 166 153 145 138 130 150 153 143 144 155 164 162 160 157 159 155 151 160 159 155 155 155 157 148 141 149 151 151 152 153 143 148 154 142 135 141 142 137 139
162 164 163 166 175 169 161 155 149 160 158 150 137 125 131 138 150 158 170 172 163 159 157 154 145 134 141 155 157 149 155 160 157 166 153 149 156 151 148 147 148 155 148 133 123 141 144 139 141 143 155 147 145 145 146 160 150 148 143 137 149 152 158 166 166 169 163 156 155 153 148 155 163 157 146 145 158 169 155 145 152 151 151 158 155 145 150 151 141 146 148 138 141 140
165 173 168 168 166 163 161 159 162 164 163 153 149 145 132 128 142 160 165 164 160 157 152 148 150 142 148 164 162 145 149 151 148 149 144 148 156 150 147 143 146 160 161 148 128 135 143 140 146 146 155 151 150 149 152 154 151 153 145 141 145 146 158 165 166 172 160 153 160 156 154 159 159 150 143 151 161 163 149 140 144 146 152 157 153 149 151 147 145 151 143 143 144 131
166 172 167 164 153 158 159 162 160 147 159 151 133 135 139 138 134 138 143 154 151 151 159 152 154 147 153 164 165 154 149 154 155 141 136 141 145 150 155 147 152 157 158 159 136 129 143 150 147 151 156 160 156 147 148 150 151 154 158 160 154 155 158 159 165 169 155 156 166 163 161 166 158 152 151 154 162 159 148 141 145 146 150 151 150 150 151 143 145 147 147 147 143 146
160 159 154 152 160 166 162 170 160 147 160 154 128 123 139 145 130 129 141 154 144 142 155 151 150 142 149 166 167 165 153 155 152 147 147 150 150 144 149 143 151 151 144 151 146 149 165 161 155 162 157 165 163 144 142 148 152 158 164 160 149 158 161 161 165 167 159 158 158 157 164 170 157 159 158 159 157 150 150 151 152 144 145 151 148 150 154 149 148 154 156 151 154 159
161 155 157 154 158 159 154 152 148 152 163 167 141 129 137 138 133 134 139 149 145 148 155 151 148 142 145 162 157 164 159 153 145 146 152 158 155 147 151 148 153 152 150 150 151 154 162 163 163 165 154 165 160 147 154 160 154 156 158 147 144 145 156 170 167 163 156 157 158 160 162 165 159 163 159 156 156 157 159 156 149 141 143 155 153 152 151 150 156 159 162 158 155 153
155 147 156 161 160 152 152 152 149 150 154 158 145 140 149 143 138 135 134 146 147 144 153 152 146 146 150 156 149 160 156 150 146 147 161 168 154 151 145 144 155 147 147 146 158 156 154 168 167 161 149 153 157 163 169 168 160 154 148 143 145 144 159 169 161 161 155 153 160 164 160 163 165 161 155 155 160 165 164 157 150 148 147 158 144 134 147 157 164 165 164 156 148 151
143 143 153 153 157 151 157 159 150 148 149 153 156 153 160 156 147 143 138 150 148 135 142 149 146 151 162 160 165 162 148 154 152 144 153 157 143 146 140 144 151 138 137 143 157 163 160 168 163 162 153 149 164 169 165 164 158 145 143 153 156 154 164 162 154 161 156 153 163 162 158 163 163 155 156 163 165 163 160 155 156 156 154 156 133 131 150 155 157 159 161 150 138 142
143 142 153 150 153 161 168 163 154 153 152 155 152 152 153 156 153 152 148 143 136 136 142 145 153 152 158 159 171 157 147 161 151 138 138 141 141 152 153 150 146 139 148 155 160 163 161 162 157 157 162 162 166 161 151 152 153 147 154 162 157 155 158 157 156 158 158 165 172 166 162 159 153 153 159 167 173 172 159 151 160 156 151 151 140 145 151 155 153 152 160 153 140 133
150 141 144 140 153 169 168 160 159 157 149 148 148 147 142 153 153 150 153 155 144 139 149 151 154 151 156 156 163 158 150 161 152 153 154 152 157 160 163 162 159 150 157 159 163 157 152 160 165 160 160 164 165 161 152 151 160 163 160 160 155 155 158 159 159 153 157 169 171 167 161 164 167 169 166 166 166 172 168 160 161 156 147 144 148 147 145 153 146 146 154 152 149 143
148 138 150 142 157 165 157 167 168 152 150 151 158 148 139 161 163 157 155 156 141 137 151 161 157 144 138 143 160 170 162 158 151 154 157 160 172 159 155 158 159 154 157 154 159 153 147 163 165 157 152 162 165 159 149 149 159 157 158 163 163 159 157 161 158 152 163 164 161 162 163 176 179 174 169 169 164 169 163 155 157 155 144 138 142 145 145 149 144 143 151 153 154 145
137 126 139 142 156 161 152 165 165 150 151 153 155 154 144 155 157 155 157 159 147 148 149 162 166 147 129 137 167 175 163 158 156 149 151 158 164 159 161 162 154 154 164 160 157 151 145 159 159 160 151 162 169 162 157 152 158 153 161 171 165 164 167 165 163 165 173 160 162 168 172 178 170 168 170 173 168 165 155 151 156 151 145 144 146 151 145 140 140 148 154 153 144 132
129 128 127 137 146 155 161 167 151 150 148 144 153 164 150 144 139 153 164 162 152 154 153 165 165 160 156 156 161 156 155 163 156 142 149 164 155 152 165 162 152 160 167 166 158 151 154 155 150 161 157 162 167 170 169 158 158 155 166 172 157 158 164 165 174 171 169 158 161 165 173 173 167 170 171 166 158 158 155 154 159 150 151 154 149 150 149 144 145 148 155 153 144 135
129 132 132 139 134 153 163 164 153 152 147 142 148 158 160 155 146 158 167 162 164 174 180 169 154 160 163 163 149 145 149 157 158 148 151 165 160 149 159 159 146 155 161 167 170 158 157 157 154 158 162 166 170 172 168 160 156 156 162 162 152 161 166 166 182 172 169 163 157 163 168 170 162 156 166 157 148 156 160 159 161 156 155 153 145 150 157 154 147 150 156 152 150 145
121 120 128 141 141 153 156 154 156 152 142 147 153 161 170 164 158 162 168 171 178 177 178 170 159 164 164 167 150 140 151 151 166 163 153 162 166 158 153 151 148 149 155 162 171 167 167 165 165 164 170 166 166 163 161 150 145 161 162 153 155 165 167 170 171 169 172 166 159 162 165 170 164 154 159 154 156 164 165 166 162 159 159 158 150 147 157 152 152 155 154 150 152 150
