example/E5 - XRays/X-ray-tomography/rastert_juap09.txt
ncols         356
nrows         356
xllcorner     -0.5
yllcorner     -355.5
cellsize      1
NODATA_value  -9999
[rows 42 to 83 of 356, columns 0 to 93 of 356]
255 255 255 255 255 255 255 255 255 255 255 255 255 255 255 255 255 255 255 255 255 255 255 255 255 255 255 255 255 255 255 255 255 255 255 255 255 255 255 255 255 255 255 255 255 255 255 255 255 255 255 255 255 255 255 255 255 255 255 255 255 255 255 162 154 150 150 146 149 156 155 154 147 151 153 144 142 147 146 151 153 149 150 152 146 143 143 143 151 152 135 133 143 145
255 255 255 255 255 255 255 255 255 255 255 255 255 255 255 255 255 255 255 255 255 255 255 255 255 255 255 255 255 255 255 255 255 255 255 255 255 255 255 255 255 255 255 255 255 255 255 255 255 255 255 255 255 255 255 255 255 255 255 255 255 255 157 157 155 151 150 145 142 155 161 152 147 148 146 135 139 149 151 151 154 152 144 140 142 141 145 151 145 136 129 136 139 144
255 255 255 255 255 255 255 255 255 255 255 255 255 255 255 255 255 255 255 255 255 255 255 255 255 255 255 255 255 255 255 255 255 255 255 255 255 255 255 255 255 255 255 255 255 255 255 255 255 255 255 255 255 255 255 255 255 255 255 255 255 158 153 154 156 153 156 157 148 153 163 156 145 145 143 138 142 149 158 158 151 153 148 143 148 150 146 136 122 124 127 137 139 138
255 255 255 255 255 255 255 255 255 255 255 255 255 255 255 255 255 255 255 255 255 255 255 255 255 255 255 255 255 255 255 255 255 255 255 255 255 255 255 255 255 255 255 255 255 255 255 255 255 255 255 255 255 255 255 255 255 255 255 255 155 156 152 152 157 154 152 159 154 151 159 158 148 147 141 135 147 150 153 159 154 153 157 155 152 144 131 111 103 125 136 140 147 144
255 255 255 255 255 255 255 255 255 255 255 255 255 255 255 255 255 255 255 255 255 255 255 255 255 255 255 255 255 255 255 255 255 255 255 255 255 255 255 255 255 255 255 255 255 255 255 255 255 255 255 255 255 255 255 255 255 255 160 153 152 155 154 150 156 156 152 157 154 148 152 152 145 143 138 124 144 154 151 159 158 154 157 159 153 131 114 114 117 135 148 143 147 151
255 255 255 255 255 255 255 255 255 255 255 255 255 255 255 255 255 255 255 255 255 255 255 255 255 255 255 255 255 255 255 255 255 255 255 255 255 255 255 255 255 255 255 255 255 255 255 255 255 255 255 255 255 255 255 255 255 155 157 157 155 152 154 155 153 153 151 149 149 151 151 148 140 137 132 120 137 157 157 160 159 156 155 158 155 138 129 139 146 142 148 146 148 150
255 255 255 255 255 255 255 255 255 255 255 255 255 255 255 255 255 255 255 255 255 255 255 255 255 255 255 255 255 255 255 255 255 255 255 255 255 255 255 255 255 255 255 255 255 255 255 255 255 255 255 255 255 255 255 255 161 156 153 150 152 153 151 155 154 153 153 148 140 143 149 145 137 137 133 130 138 156 159 157 156 154 150 152 150 154 159 153 151 142 142 143 143 147
255 255 255 255 255 255 255 255 255 255 255 255 255 255 255 255 255 255 255 255 255 255 255 255 255 255 255 255 255 255 255 255 255 255 255 255 255 255 255 255 255 255 255 255 255 255 255 255 255 255 255 255 255 255 255 155 157 154 153 148 143 151 155 152 151 155 158 156 142 134 141 141 138 143 140 143 144 151 161 157 143 141 145 150 149 155 165 157 143 142 147 150 143 140
255 255 255 255 255 255 255 255 255 255 255 255 255 255 255 255 255 255 255 255 255 255 255 255 255 255 255 255 255 255 255 255 255 255 255 255 255 255 255 255 255 255 255 255 255 255 255 255 255 255 255 255 255 255 154 148 144 136 138 143 135 139 150 148 150 156 153 152 147 144 144 141 141 148 147 148 151 146 157 154 140 139 148 150 150 142 143 146 139 141 145 150 148 133
255 255 255 255 255 255 255 255 255 255 255 255 255 255 255 255 255 255 255 255 255 255 255 255 255 255 255 255 255 255 255 255 255 255 255 255 255 255 255 255 255 255 255 255 255 255 255 255 255 255 255 255 255 158 151 149 145 131 125 133 133 139 147 144 150 154 152 153 143 139 146 148 146 150 154 147 150 146 149 153 146 143 154 154 157 150 143 154 150 146 147 148 144 130
255 255 255 255 255 255 255 255 255 255 255 255 255 255 255 255 255 255 255 255 255 255 255 255 255 255 255 255 255 255 255 255 255 255 255 255 255 255 255 255 255 255 255 255 255 255 255 255 255 255 255 255 160 155 145 144 153 146 130 135 138 143 141 131 142 155 155 159 146 128 132 143 148 150 152 148 141 142 146 151 149 144 152 156 159 157 150 162 157 147 150 151 143 137
255 255 255 255 255 255 255 255 255 255 255 255 255 255 255 255 255 255 255 255 255 255 255 255 255 255 255 255 255 255 255 255 255 255 255 255 255 255 255 255 255 255 255 255 255 255 255 255 255 255 255 157 159 158 142 132 148 149 132 138 143 139 141 137 143 159 161 166 159 138 132 134 141 147 148 148 142 143 147 149 153 150 150 154 155 154 149 151 151 146 147 144 145 146
255 255 255 255 255 255 255 255 255 255 255 255 255 255 255 255 255 255 255 255 255 255 255 255 255 255 255 255 255 255 255 255 255 255 255 255 255 255 255 255 255 255 255 255 255 255 255 255 255 255 148 153 156 158 145 134 144 144 133 138 148 142 144 151 154 162 162 161 150 143 146 134 132 142 149 151 148 151 150 150 155 158 157 150 148 149 144 135 140 144 144 143 148 142
255 255 255 255 255 255 255 255 255 255 255 255 255 255 255 255 255 255 255 255 255 255 255 255 255 255 255 255 255 255 255 255 255 255 255 255 255 255 255 255 255 255 255 255 255 255 255 255 255 143 140 148 152 152 142 136 144 146 142 143 143 144 148 154 159 164 157 149 134 139 148 136 129 143 151 151 154 157 147 145 150 153 159 149 145 149 147 138 140 146 143 142 147 137
255 255 255 255 255 255 255 255 255 255 255 255 255 255 255 255 255 255 255 255 255 255 255 255 255 255 255 255 255 255 255 255 255 255 255 255 255 255 255 255 255 255 255 255 255 255 255 255 136 126 128 137 143 145 136 138 140 137 145 150 147 146 151 155 161 158 140 138 128 141 150 140 136 147 155 150 150 157 146 140 149 148 149 149 143 149 148 138 142 154 152 145 146 144
255 255 255 255 255 255 255 255 255 255 255 255 255 255 255 255 255 255 255 255 255 255 255 255 255 255 255 255 255 255 255 255 255 255 255 255 255 255 255 255 255 255 255 255 255 255 255 142 121 107 109 123 138 140 134 141 142 133 141 147 148 151 155 155 153 143 123 129 127 135 145 145 148 148 150 147 144 152 144 136 148 148 142 148 143 149 146 130 137 146 145 141 135 141
255 255 255 255 255 255 255 255 255 255 255 255 255 255 255 255 255 255 255 255 255 255 255 255 255 255 255 255 255 255 255 255 255 255 255 255 255 255 255 255 255 255 255 255 255 255 151 137 116 104 105 116 134 142 139 142 145 145 144 143 145 148 147 153 151 139 121 126 136 142 142 143 150 147 145 149 148 156 152 140 139 142 147 151 142 151 153 137 141 144 142 147 140 141
255 255 255 255 255 255 255 255 255 255 255 255 255 255 255 255 255 255 255 255 255 255 255 255 255 255 255 255 255 255 255 255 255 255 255 255 255 255 255 255 255 255 255 255 255 255 140 125 107 106 117 121 133 146 149 151 148 147 141 139 145 147 145 144 146 148 134 131 141 144 142 144 148 138 138 147 145 153 156 135 122 135 147 150 143 142 145 137 144 146 138 143 151 150
255 255 255 255 255 255 255 255 255 255 255 255 255 255 255 255 255 255 255 255 255 255 255 255 255 255 255 255 255 255 255 255 255 255 255 255 255 255 255 255 255 255 255 255 255 146 133 112 102 110 124 122 129 139 145 152 148 141 135 136 144 150 148 147 144 150 147 143 147 143 139 144 142 131 131 133 135 147 150 136 126 137 144 149 152 141 134 137 140 142 135 130 146 153
255 255 255 255 255 255 255 255 255 255 255 255 255 255 255 255 255 255 255 255 255 255 255 255 255 255 255 255 255 255 255 255 255 255 255 255 255 255 255 255 255 255 255 255 147 146 128 109 102 112 121 118 127 138 147 151 150 146 143 140 141 145 149 148 142 145 147 144 146 146 140 142 141 137 135 132 129 132 141 146 147 152 149 149 154 148 144 153 149 142 133 126 141 149
255 255 255 255 255 255 255 255 255 255 255 255 255 255 255 255 255 255 255 255 255 255 255 255 255 255 255 255 255 255 255 255 255 255 255 255 255 255 255 255 255 255 255 137 142 138 114 101 95 105 118 126 136 140 142 149 150 150 146 140 142 143 149 149 141 143 151 139 131 143 147 144 145 147 140 133 130 125 138 147 148 152 144 142 151 150 145 151 160 162 147 140 145 145
255 255 255 255 255 255 255 255 255 255 255 255 255 255 255 255 255 255 255 255 255 255 255 255 255 255 255 255 255 255 255 255 255 255 255 255 255 255 255 255 255 255 138 134 130 108 86 84 89 100 120 130 138 134 130 145 151 155 147 136 137 137 144 150 148 148 152 125 108 132 146 145 142 143 139 134 138 133 141 146 144 148 146 142 152 153 150 151 154 161 159 152 148 148
255 255 255 255 255 255 255 255 255 255 255 255 255 255 255 255 255 255 255 255 255 255 255 255 255 255 255 255 255 255 255 255 255 255 255 255 255 255 255 255 255 159 147 139 118 74 58 63 72 84 106 123 133 133 129 140 151 157 149 139 133 128 136 143 149 152 149 130 121 135 141 143 143 144 145 144 149 144 142 150 149 145 149 147 154 152 152 150 148 151 153 147 144 148
255 255 255 255 255 255 255 255 255 255 255 255 255 255 255 255 255 255 255 255 255 255 255 255 255 255 255 255 255 255 255 255 255 255 255 255 255 255 255 255 156 158 153 141 97 46 36 45 54 70 88 106 123 138 141 144 153 160 153 140 131 126 131 133 142 148 144 146 144 145 143 138 140 135 138 148 154 152 142 146 148 142 144 150 156 153 153 145 145 148 147 143 144 139
255 255 255 255 255 255 255 255 255 255 255 255 255 255 255 255 255 255 255 255 255 255 255 255 255 255 255 255 255 255 255 255 255 255 255 255 255 255 255 255 151 157 156 150 101 45 37 47 57 73 87 96 110 130 141 143 149 156 153 140 136 132 131 129 134 139 138 146 151 144 132 127 137 135 131 140 151 157 143 139 143 142 140 145 152 151 155 148 143 148 148 148 158 147
255 255 255 255 255 255 255 255 255 255 255 255 255 255 255 255 255 255 255 255 255 255 255 255 255 255 255 255 255 255 255 255 255 255 255 255 255 255 255 143 144 153 156 156 124 82 68 65 73 89 95 95 110 122 133 131 129 140 149 150 151 148 147 137 136 137 141 145 153 144 125 121 132 137 134 135 141 153 147 143 147 144 139 141 144 139 150 155 145 143 145 150 158 153
255 255 255 255 255 255 255 255 255 255 255 255 255 255 255 255 255 255 255 255 255 255 255 255 255 255 255 255 255 255 255 255 255 255 255 255 255 255 126 130 143 150 154 152 140 126 118 106 94 96 95 100 123 131 138 133 122 136 147 154 157 154 152 145 148 149 151 145 148 151 140 130 133 137 136 137 131 137 141 140 146 145 135 136 142 136 145 155 149 142 146 150 153 154
255 255 255 255 255 255 255 255 255 255 255 255 255 255 255 255 255 255 255 255 255 255 255 255 255 255 255 255 255 255 255 255 255 255 255 255 255 123 96 113 148 159 159 153 144 145 144 131 101 84 84 99 126 133 138 138 136 150 154 151 151 154 151 150 157 158 162 160 147 145 139 135 137 136 137 144 134 131 133 135 142 144 141 141 146 141 143 146 154 154 147 145 147 147
255 255 255 255 255 255 255 255 255 255 255 255 255 255 255 255 255 255 255 255 255 255 255 255 255 255 255 255 255 255 255 255 255 255 255 255 255 122 98 110 140 155 153 154 151 150 147 133 97 74 81 107 131 130 133 140 144 156 161 154 152 162 160 155 158 158 163 165 150 142 130 131 143 144 137 141 138 129 129 133 142 144 143 144 141 145 148 138 148 157 142 141 145 143
255 255 255 255 255 255 255 255 255 255 255 255 255 255 255 255 255 255 255 255 255 255 255 255 255 255 255 255 255 255 255 255 255 255 255 255 144 133 124 122 133 145 143 146 155 156 147 127 97 90 104 123 138 134 135 141 156 163 164 164 160 163 166 161 161 162 159 156 149 142 135 135 148 148 141 139 137 127 133 139 147 153 145 130 118 126 135 130 135 157 155 150 145 143
255 255 255 255 255 255 255 255 255 255 255 255 255 255 255 255 255 255 255 255 255 255 255 255 255 255 255 255 255 255 255 255 255 255 255 155 148 145 143 142 141 143 145 148 145 136 122 106 105 126 134 135 141 136 138 144 158 165 167 172 165 158 165 162 161 163 156 145 138 136 141 137 137 140 141 144 142 136 141 135 143 153 141 119 112 123 136 134 125 144 153 148 145 145
255 255 255 255 255 255 255 255 255 255 255 255 255 255 255 255 255 255 255 255 255 255 255 255 255 255 255 255 255 255 255 255 255 255 162 159 154 149 148 147 149 147 144 146 136 114 104 105 119 143 149 139 141 138 140 145 157 164 164 168 169 164 166 163 163 170 163 146 135 132 141 146 141 137 131 132 134 132 140 136 140 146 141 130 131 137 145 135 125 140 142 142 146 150
255 255 255 255 255 255 255 255 255 255 255 255 255 255 255 255 255 255 255 255 255 255 255 255 255 255 255 255 255 255 255 255 255 255 155 154 151 147 148 147 148 151 141 135 125 106 109 126 136 142 149 145 141 136 139 150 157 159 164 167 164 163 161 161 161 165 162 154 147 134 134 144 144 135 125 119 129 132 124 127 141 151 150 148 146 147 154 136 137 155 153 144 141 146
255 255 255 255 255 255 255 255 255 255 255 255 255 255 255 255 255 255 255 255 255 255 255 255 255 255 255 255 255 255 255 255 255 153 153 156 152 146 147 152 144 141 134 127 120 113 124 138 147 147 148 145 149 149 143 149 161 161 163 167 161 160 158 155 157 156 155 154 149 135 127 131 134 131 130 129 127 134 124 126 141 152 146 148 156 157 164 152 143 155 159 152 145 146
255 255 255 255 255 255 255 255 255 255 255 255 255 255 255 255 255 255 255 255 255 255 255 255 255 255 255 255 255 255 255 255 161 157 155 157 155 149 144 148 144 143 138 130 125 126 136 144 150 149 147 142 150 163 150 143 155 161 157 161 154 150 153 147 146 148 152 156 153 144 126 112 122 135 141 142 134 136 138 141 146 148 143 145 147 143 147 151 152 154 156 152 150 152
255 255 255 255 255 255 255 255 255 255 255 255 255 255 255 255 255 255 255 255 255 255 255 255 255 255 255 255 255 255 255 153 155 154 151 152 156 155 145 141 152 157 149 134 132 131 131 139 148 150 152 153 150 151 148 144 146 149 147 151 148 141 140 133 132 143 148 157 158 148 130 119 129 146 150 150 144 145 152 149 145 140 132 141 140 135 134 136 150 156 154 150 155 160
255 255 255 255 255 255 255 255 255 255 255 255 255 255 255 255 255 255 255 255 255 255 255 255 255 255 255 255 255 255 255 147 145 148 148 150 155 156 142 131 145 159 155 138 132 130 132 141 145 148 153 150 150 147 143 143 143 147 147 145 142 138 133 128 135 147 146 144 145 143 136 135 141 146 150 155 151 148 146 146 143 135 120 129 141 137 133 139 149 156 155 155 156 166
255 255 255 255 255 255 255 255 255 255 255 255 255 255 255 255 255 255 255 255 255 255 255 255 255 255 255 255 255 255 157 151 145 146 148 152 153 151 137 129 139 156 154 138 129 132 138 141 142 148 151 148 153 156 149 142 142 147 146 141 139 137 135 134 138 146 148 139 132 142 146 141 141 143 146 150 149 151 145 148 150 145 129 121 137 143 142 147 150 153 154 155 154 161
255 255 255 255 255 255 255 255 255 255 255 255 255 255 255 255 255 255 255 255 255 255 255 255 255 255 255 255 255 154 153 153 153 153 151 155 157 155 149 141 140 144 142 136 129 137 144 138 137 146 152 154 159 160 154 146 145 146 141 139 142 141 133 133 134 139 144 144 135 133 136 136 137 143 145 146 150 147 144 147 150 151 141 129 146 156 159 149 148 155 161 157 153 154
255 255 255 255 255 255 255 255 255 255 255 255 255 255 255 255 255 255 255 255 255 255 255 255 255 255 255 255 255 157 158 156 161 163 157 158 157 152 151 151 151 143 135 136 135 142 147 144 147 149 150 151 152 152 150 151 151 154 143 134 144 153 139 128 134 138 140 142 138 132 130 134 138 141 142 140 148 149 141 144 143 145 147 145 150 155 168 153 144 145 155 155 153 156
255 255 255 255 255 255 255 255 255 255 255 255 255 255 255 255 255 255 255 255 255 255 255 255 255 255 255 255 155 159 162 157 160 165 158 155 152 144 147 154 155 151 141 136 138 145 148 146 149 150 152 149 139 135 140 148 150 149 142 139 147 163 157 141 141 137 129 132 130 129 131 140 138 130 142 149 144 147 144 149 142 136 151 156 148 150 154 142 134 134 142 154 152 152
255 255 255 255 255 255 255 255 255 255 255 255 255 255 255 255 255 255 255 255 255 255 255 255 255 255 255 255 151 154 160 158 157 160 160 159 160 150 148 157 157 152 144 134 131 139 145 148 151 152 150 147 135 129 136 141 141 137 140 154 155 159 163 155 143 140 134 135 138 137 136 141 141 130 137 154 150 142 134 141 148 142 147 154 154 155 145 131 125 131 138 147 135 134
