example/E5 - XRays/X-ray-tomography/rastert_juap03.txt
ncols         356
nrows         356
xllcorner     -0.5
yllcorner     -355.5
cellsize      1
NODATA_value  -9999
[rows 0 to 41 of 356, columns 94 to 187 of 356]
255 255 255 255 255 255 255 255 255 255 255 255 255 255 255 255 255 255 255 255 255 255 255 255 255 255 255 255 255 255 255 255 255 255 255 255 255 255 255 255 255 255 255 255 255 255 255 255 255 255 255 255 255 255 255 255 255 255 255 255 255 255 255 255 255 255 255 255 255 255 255 255 255 255 255 255 255 255 255 255 255 255 255 132 255 255 255 255 255 255 255 255 255 255
255 255 255 255 255 255 255 255 255 255 255 255 255 255 255 255 255 255 255 255 255 255 255 255 255 255 255 255 255 255 255 255 255 255 255 255 255 255 255 255 255 255 255 255 255 255 255 255 255 255 255 255 255 255 255 255 255 255 255 255 255 255 255 255 255 151 148 146 150 158 153 149 148 145 144 142 143 140 141 140 132 119 130 125 121 126 137 145 150 151 154 155 157 158
255 255 255 255 255 255 255 255 255 255 255 255 255 255 255 255 255 255 255 255 255 255 255 255 255 255 255 255 255 255 255 255 255 255 255 255 255 255 255 255 255 255 255 255 255 255 255 255 255 255 255 255 255 255 255 255 255 150 141 135 139 145 141 131 134 145 151 150 153 157 153 146 151 147 147 147 149 143 141 140 135 125 128 126 125 127 144 154 153 154 155 151 158 164
255 255 255 255 255 255 255 255 255 255 255 255 255 255 255 255 255 255 255 255 255 255 255 255 255 255 255 255 255 255 255 255 255 255 255 255 255 255 255 255 255 255 255 255 255 255 255 255 255 255 255 164 159 159 161 151 150 144 140 138 139 144 143 129 130 144 150 154 158 158 151 146 150 149 148 147 147 147 142 146 140 131 128 127 129 134 151 157 156 159 157 150 155 165
255 255 255 255 255 255 255 255 255 255 255 255 255 255 255 255 255 255 255 255 255 255 255 255 255 255 255 255 255 255 255 255 255 255 255 255 255 255 255 255 255 255 255 255 255 255 166 156 154 162 166 169 164 156 154 151 154 147 140 141 140 137 142 136 131 142 152 156 157 156 150 149 151 149 150 153 147 150 145 144 139 134 135 134 139 148 148 154 160 163 156 152 156 166
255 255 255 255 255 255 255 255 255 255 255 255 255 255 255 255 255 255 255 255 255 255 255 255 255 255 255 255 255 255 255 255 255 255 255 255 255 255 255 255 255 255 157 170 168 163 167 163 155 158 164 167 167 158 149 148 153 147 132 136 137 137 139 137 131 140 152 157 156 155 149 150 151 150 152 155 150 145 142 144 140 139 148 145 147 156 141 142 157 168 161 155 161 167
255 255 255 255 255 255 255 255 255 255 255 255 255 255 255 255 255 255 255 255 255 255 255 255 255 255 255 255 255 255 255 255 255 255 255 255 255 255 171 169 173 172 161 171 173 159 163 167 163 158 163 165 167 163 154 148 149 148 130 133 136 134 136 132 126 139 146 156 156 152 147 145 140 142 149 155 155 145 144 153 145 143 157 150 152 157 144 140 160 174 166 160 165 163
255 255 255 255 255 255 255 255 255 255 255 255 255 255 255 255 255 255 255 255 255 255 255 255 255 255 255 255 255 255 255 255 255 255 161 165 169 172 168 176 189 194 169 167 176 162 157 165 168 159 160 163 161 163 157 152 154 147 133 133 139 135 133 132 128 138 147 154 158 153 146 140 135 136 141 148 154 147 145 158 153 144 157 159 161 157 158 160 170 174 166 163 165 159
255 255 255 255 255 255 255 255 255 255 255 255 255 255 255 255 255 255 255 255 255 255 255 255 255 255 255 255 255 255 255 146 156 167 165 164 169 171 161 172 186 192 174 166 170 166 160 163 165 159 158 161 157 162 160 153 158 150 142 140 142 140 132 131 129 130 146 156 162 157 146 140 134 137 137 142 149 149 149 156 162 146 148 157 162 166 172 178 175 171 163 162 161 158
255 255 255 255 255 255 255 255 255 255 255 255 255 255 255 255 255 255 255 255 255 255 255 255 255 255 255 255 165 170 156 145 149 161 165 167 168 167 159 161 177 181 167 166 166 169 164 160 160 163 155 161 164 162 159 155 160 157 147 147 144 143 135 128 123 118 138 154 162 156 148 146 138 141 144 142 146 151 153 153 167 153 143 147 163 176 179 185 173 168 168 160 161 165
255 255 255 255 255 255 255 255 255 255 255 255 255 255 255 255 255 255 255 255 255 255 255 255 255 159 158 157 161 167 159 150 153 167 168 163 167 170 163 159 168 171 164 162 165 168 162 158 161 166 153 161 168 160 158 157 161 160 150 152 149 143 133 124 114 113 131 145 156 157 146 142 140 144 149 141 145 153 154 151 161 151 148 150 162 175 184 185 169 164 170 163 162 168
255 255 255 255 255 255 255 255 255 255 255 255 255 255 255 255 255 255 255 255 255 255 160 156 156 160 160 153 160 164 160 157 155 170 167 159 169 174 168 166 166 163 167 165 166 166 163 156 161 162 153 160 163 155 160 157 157 157 155 158 156 149 137 128 116 120 133 142 149 149 142 133 134 145 149 144 147 161 155 146 150 142 150 156 159 173 183 188 172 164 166 160 158 162
255 255 255 255 255 255 255 255 255 255 255 255 255 255 255 255 255 255 255 165 160 156 158 160 161 163 158 150 158 165 166 165 158 170 166 156 169 172 168 168 166 162 165 161 166 163 160 148 154 160 158 164 161 155 160 153 159 159 156 160 156 151 146 143 136 138 138 147 150 132 138 138 138 147 145 149 149 164 155 145 151 146 150 155 154 159 168 179 166 161 162 164 161 161
255 255 255 255 255 255 255 255 255 255 255 255 255 255 255 255 255 164 166 165 165 157 155 158 165 170 161 153 157 166 170 169 162 168 166 157 167 172 173 169 163 164 166 161 169 165 156 143 150 153 154 164 158 157 162 150 159 164 157 163 155 153 150 150 152 148 143 154 151 127 139 142 138 145 143 150 154 163 152 147 155 153 148 154 147 142 146 158 155 156 158 165 166 163
255 255 255 255 255 255 255 255 255 255 255 255 255 255 255 164 156 156 167 166 166 158 158 155 162 170 163 158 161 164 170 171 162 162 166 162 165 169 174 168 162 168 169 164 165 168 158 147 153 152 154 160 154 154 162 152 155 161 161 165 156 152 154 150 152 153 151 154 153 136 141 145 130 138 151 153 155 160 158 156 160 155 153 160 148 133 130 135 143 151 160 165 166 167
255 255 255 255 255 255 255 255 255 255 255 255 168 165 166 171 166 154 164 161 158 159 162 161 162 165 162 162 163 162 165 170 169 164 162 167 166 170 172 166 163 170 169 163 161 168 161 155 157 156 154 150 157 159 152 154 156 155 160 159 158 156 155 153 155 159 156 154 156 149 143 145 136 133 153 156 155 160 164 158 159 155 153 160 151 131 128 125 135 146 162 166 168 168
255 255 255 255 255 255 255 255 255 255 161 161 163 159 167 170 167 154 156 153 159 168 164 165 164 163 164 163 161 169 162 160 174 171 159 166 168 170 171 165 167 170 171 167 162 166 166 159 160 163 155 146 153 158 149 157 158 149 154 159 158 158 156 157 162 165 166 164 157 163 156 143 141 139 148 157 156 159 165 161 161 160 155 157 154 132 127 126 134 146 166 163 160 168
255 255 255 255 255 255 255 255 174 171 166 165 158 154 166 168 162 158 155 149 162 177 172 163 157 161 167 163 159 173 169 157 166 172 165 166 171 168 168 165 165 167 173 170 160 162 166 162 161 163 158 150 152 153 153 164 164 149 151 162 163 156 156 158 162 160 168 174 159 165 163 145 139 147 153 156 158 160 166 166 171 167 162 158 152 138 130 128 131 149 168 163 153 162
255 255 255 255 255 255 163 160 170 175 169 164 155 150 161 162 157 160 159 149 152 171 180 166 158 162 167 167 162 167 172 168 165 168 165 162 169 166 169 168 160 166 173 168 156 159 167 167 162 158 162 158 152 154 156 162 165 154 156 167 164 155 163 161 163 162 164 168 162 164 165 145 139 151 156 154 159 162 167 167 181 177 170 166 159 146 131 126 133 146 157 159 156 164
255 255 255 255 156 157 165 162 162 167 164 158 153 157 161 162 158 155 163 159 157 166 176 165 155 161 166 167 168 167 169 168 170 167 164 161 166 165 168 169 161 166 169 173 163 158 169 170 167 162 164 164 158 158 163 161 162 163 171 169 161 158 170 168 157 161 164 163 165 165 167 150 146 155 153 150 159 160 168 173 183 181 176 172 159 147 130 124 138 141 146 155 164 168
255 255 164 157 160 162 160 157 153 153 154 154 157 164 165 165 166 158 159 159 162 160 165 165 158 158 166 165 169 168 166 167 172 165 160 163 166 167 169 173 171 168 163 170 167 163 172 172 170 165 160 164 161 157 163 162 159 163 174 169 162 160 170 171 159 157 162 166 164 157 165 153 152 161 156 152 159 156 161 170 170 168 168 170 156 151 140 129 139 137 143 151 163 167
156 167 168 160 161 164 162 153 150 148 146 154 160 158 163 169 169 166 162 157 159 154 154 163 168 164 171 167 168 167 162 164 170 167 157 159 167 174 170 175 178 170 161 166 168 166 170 173 165 163 159 163 166 158 157 161 159 158 170 172 164 157 158 164 165 158 157 164 162 156 162 160 159 164 161 155 159 159 157 163 165 164 158 158 159 157 146 135 137 130 137 146 157 165
155 163 167 160 161 165 170 167 156 146 142 151 162 155 157 167 165 162 161 163 164 158 155 164 171 161 166 167 167 163 163 163 162 168 165 154 160 175 171 168 174 169 164 165 167 164 164 171 165 159 156 159 165 162 162 161 157 156 164 174 168 156 158 165 170 164 160 162 162 162 158 161 160 158 162 161 152 152 155 159 166 163 154 159 168 160 145 144 144 128 132 148 153 159
156 158 164 162 161 172 178 178 167 146 142 144 156 158 157 163 161 160 159 162 166 161 159 166 169 161 164 167 165 163 169 167 159 159 170 161 158 173 169 165 172 173 168 165 167 164 163 172 168 159 159 159 168 168 161 164 164 160 158 169 170 159 159 164 165 164 164 161 159 162 155 156 162 154 159 166 153 152 160 157 165 162 155 161 174 158 148 151 153 144 143 156 153 152
149 160 164 164 161 176 183 177 166 148 149 149 154 157 156 164 162 158 157 159 163 166 166 164 165 162 169 172 164 164 164 165 166 156 166 168 158 174 177 165 167 168 165 164 167 171 166 170 168 161 168 166 168 167 158 163 167 165 161 167 168 164 158 158 163 167 165 162 164 161 155 157 162 156 157 159 162 160 157 151 162 163 160 158 170 156 153 158 151 154 154 160 158 145
156 161 165 168 164 167 171 168 159 150 152 153 157 163 157 157 161 157 156 160 160 166 173 167 168 163 169 175 168 168 165 156 164 160 163 163 161 169 178 169 160 156 160 167 167 167 164 166 167 164 168 169 174 172 164 164 162 163 166 162 161 166 157 155 165 166 160 164 170 160 153 160 157 153 160 155 161 159 155 158 165 162 165 164 165 155 152 161 156 156 159 155 160 147
166 166 166 166 162 158 164 163 158 156 152 153 153 164 166 152 150 155 161 162 160 163 165 166 169 171 176 175 167 169 167 152 160 167 164 160 166 168 171 171 165 158 155 165 167 163 163 161 165 167 166 168 178 176 167 163 157 158 163 160 157 165 165 160 161 158 164 166 158 161 156 155 154 153 163 157 158 155 160 162 155 156 163 162 162 157 154 166 159 153 159 155 161 159
169 165 163 165 162 158 162 161 154 156 158 158 153 154 163 156 145 149 165 159 155 164 169 170 166 165 177 177 171 172 163 152 155 162 164 162 168 170 171 167 167 166 159 160 164 163 165 161 168 167 164 168 171 173 166 163 164 162 165 164 159 161 172 167 158 154 163 170 157 166 164 150 154 158 162 152 150 152 161 157 151 157 162 156 159 162 156 161 159 160 163 158 157 156
163 162 158 160 164 160 163 163 155 152 157 160 157 152 151 156 161 155 163 161 158 160 162 163 166 162 175 173 173 172 157 156 159 159 162 166 168 161 165 159 160 160 155 153 164 165 163 160 168 171 162 162 171 172 164 158 162 164 168 165 164 165 171 170 163 156 159 167 156 166 170 152 153 156 155 152 152 152 158 154 155 163 165 155 152 161 155 147 156 162 157 151 146 150
156 164 162 160 165 160 160 162 155 152 154 157 156 158 154 154 159 159 165 162 162 163 162 156 155 155 169 170 167 164 159 159 161 157 157 170 168 160 163 155 159 164 157 154 158 162 161 163 164 178 173 160 166 168 166 159 158 161 165 166 166 166 168 168 163 160 166 169 152 158 166 153 155 162 156 147 157 158 155 152 152 161 163 156 146 155 158 139 142 155 148 145 139 147
157 160 162 159 163 161 157 161 160 162 153 152 160 160 160 161 156 156 163 163 159 162 166 160 147 146 161 166 163 167 167 156 156 157 158 168 166 162 165 153 146 154 152 154 161 167 165 162 160 171 171 160 162 167 169 168 165 168 160 163 169 163 165 162 165 169 167 166 156 153 158 148 145 153 153 146 155 159 153 150 152 155 154 152 143 149 150 130 129 143 144 146 147 154
156 156 154 156 160 155 156 160 163 169 158 154 159 158 159 163 156 154 154 167 159 154 163 160 152 150 161 164 164 164 163 158 156 156 159 161 161 159 157 145 130 132 145 150 159 166 166 162 167 168 162 156 163 169 168 171 169 169 159 160 168 162 164 157 164 171 156 156 162 154 142 128 126 139 146 150 154 159 152 149 147 145 142 149 146 140 132 114 124 139 141 147 157 163
155 156 149 156 166 158 154 154 161 165 162 159 155 158 161 166 163 162 156 166 165 156 160 154 159 157 157 162 167 161 158 164 161 163 163 156 154 154 138 124 114 105 125 152 162 165 160 161 171 169 161 159 161 163 161 163 168 168 162 164 168 161 168 164 161 161 156 156 158 154 139 126 133 140 144 145 148 159 151 151 152 147 143 148 141 128 119 105 120 141 147 152 158 163
160 156 148 156 166 164 160 157 158 160 159 164 165 158 155 158 163 171 160 159 163 156 157 156 168 168 159 164 166 162 164 169 156 161 163 158 153 147 113 85 89 91 116 151 169 175 163 164 171 170 163 163 162 152 157 162 168 168 162 163 171 168 170 169 162 160 160 157 158 152 150 141 143 147 151 142 143 160 153 154 152 147 139 134 127 116 109 92 99 120 144 153 157 158
165 162 158 161 160 161 163 161 155 157 156 157 167 161 157 157 158 171 161 157 160 152 153 162 170 167 157 159 164 162 159 163 151 159 165 164 154 152 118 72 64 77 114 145 158 166 162 161 168 175 163 161 165 154 158 164 163 170 172 162 165 172 169 167 160 159 161 160 159 149 153 152 150 151 156 146 140 160 157 159 150 141 132 122 115 109 101 80 83 94 124 148 156 151
158 164 167 169 166 166 165 167 161 159 163 157 160 162 161 161 152 168 169 160 158 154 155 161 168 170 164 150 155 166 158 158 151 161 163 159 145 152 135 88 64 75 116 153 158 159 157 158 163 169 164 163 160 155 155 161 166 171 172 163 162 172 164 159 157 161 166 170 162 156 149 148 157 154 151 142 137 158 162 165 156 144 136 126 114 108 100 80 89 93 116 147 158 157
162 164 164 167 167 168 169 170 169 162 165 161 155 163 164 163 153 162 167 166 160 157 165 166 165 170 171 160 160 171 165 156 151 159 155 157 154 152 147 125 106 116 140 161 159 164 164 157 162 166 162 163 153 151 156 163 165 165 168 171 163 171 162 155 161 169 166 171 162 155 154 144 150 154 151 146 140 154 161 162 161 151 147 136 115 110 100 78 91 107 134 154 157 159
159 159 161 166 166 162 167 174 168 157 160 166 159 159 165 157 149 155 158 163 160 156 163 166 171 173 170 173 177 173 165 156 157 157 150 156 159 151 154 155 148 146 152 163 164 169 167 157 160 168 162 163 159 157 153 161 160 166 169 169 159 168 167 161 168 172 167 164 164 153 154 146 140 148 149 152 154 160 162 157 163 163 152 145 126 114 99 80 94 123 149 157 159 152
159 158 163 167 168 162 162 173 172 165 161 170 167 155 145 128 127 144 148 153 162 164 161 162 168 171 165 175 183 171 165 158 157 154 150 161 154 146 151 161 166 159 154 158 162 166 163 160 160 171 163 157 156 164 156 163 164 162 163 165 167 165 162 166 163 162 164 158 158 150 147 140 132 142 146 147 155 154 152 158 158 161 146 147 141 120 111 109 112 135 153 159 161 154
158 157 167 175 166 157 159 169 171 172 171 173 161 148 120 88 88 120 148 150 159 168 162 164 159 158 161 172 180 169 166 161 157 155 156 162 152 149 153 165 167 162 164 157 156 159 164 166 165 170 164 159 153 159 162 161 170 163 156 165 171 164 154 167 162 160 161 157 152 143 141 137 140 142 135 143 153 155 153 159 159 163 149 149 145 123 119 120 127 142 153 158 160 161
156 154 165 175 173 162 155 160 162 165 174 177 163 149 119 86 85 110 148 157 155 167 163 163 161 161 165 163 172 173 161 157 157 158 156 154 150 153 160 159 160 164 164 155 149 147 157 168 164 160 161 170 160 159 160 154 166 161 156 169 169 168 161 169 164 163 158 157 142 117 125 136 138 135 128 140 149 154 163 163 158 158 158 149 144 133 127 132 141 144 144 154 165 168
153 155 164 162 165 169 162 156 158 157 162 168 166 165 141 115 123 126 145 162 157 163 164 157 160 166 167 160 165 170 159 156 158 161 152 150 149 154 165 159 162 172 157 147 138 137 148 168 162 159 163 166 163 164 156 158 166 159 154 171 171 164 161 166 166 166 157 157 139 98 102 125 133 135 135 137 142 154 165 162 160 147 155 153 147 144 138 148 149 150 152 158 154 160
