example/E5 - XRays/X-ray-tomography/rastert_juap35.txt
ncols         356
nrows         356
xllcorner     -0.5
yllcorner     -355.5
cellsize      1
NODATA_value  -9999
[rows 252 to 293 of 356, columns 0 to 93 of 356]
255 255 255 255 255 255 255 255 255 255 255 255 255 255 255 255 255 150 147 148 146 144 147 147 148 148 146 147 152 157 162 164 163 159 153 152 149 134 117 120 135 136 131 130 130 132 133 140 154 160 159 155 138 129 135 136 147 150 147 150 150 148 136 134 136 134 130 134 158 168 165 160 153 148 143 139 146 147 140 143 148 142 144 150 146 143 152 154 150 150 144 149 150 144
255 255 255 255 255 255 255 255 255 255 255 255 255 255 255 255 255 255 151 153 149 146 150 146 139 139 142 141 147 154 154 156 158 155 148 145 137 123 106 99 97 97 103 117 131 145 151 149 153 153 154 147 132 132 139 136 144 145 149 160 159 149 133 131 138 142 131 124 147 163 162 154 147 146 155 145 147 148 140 138 142 137 137 143 138 142 151 152 150 151 148 146 145 148
255 255 255 255 255 255 255 255 255 255 255 255 255 255 255 255 255 255 158 156 151 148 150 144 135 137 142 143 146 151 145 146 153 153 143 138 133 119 98 86 78 89 110 124 139 153 155 147 143 141 133 134 135 142 146 147 144 143 153 157 148 140 132 131 140 143 138 129 132 143 145 137 139 149 160 147 143 142 139 141 143 141 144 145 144 151 155 158 156 151 149 150 152 153
255 255 255 255 255 255 255 255 255 255 255 255 255 255 255 255 255 255 255 154 150 152 147 140 136 139 141 146 149 149 137 137 146 149 153 156 152 136 121 110 100 114 133 135 140 144 142 141 139 127 114 119 133 138 139 149 145 140 151 150 141 137 130 130 140 142 133 126 126 126 126 133 146 154 160 147 140 138 137 142 143 139 139 135 144 148 145 146 148 152 155 149 146 140
255 255 255 255 255 255 255 255 255 255 255 255 255 255 255 255 255 255 255 153 148 146 138 136 138 142 143 143 145 144 127 114 121 141 155 163 158 148 143 143 141 144 145 140 136 129 131 146 146 127 108 119 145 151 145 148 144 134 134 140 147 151 151 142 143 140 128 126 123 124 127 132 136 134 145 149 150 147 142 142 137 131 128 125 130 131 137 140 143 146 144 145 147 151
255 255 255 255 255 255 255 255 255 255 255 255 255 255 255 255 255 255 255 255 147 146 135 128 136 144 143 144 148 142 122 103 112 141 154 156 153 155 155 158 154 146 141 146 147 131 129 144 142 135 134 143 156 156 150 154 142 122 109 117 136 143 147 147 147 143 133 133 133 136 139 133 122 118 133 144 148 143 146 147 136 131 131 129 128 121 124 131 143 142 141 155 158 165
255 255 255 255 255 255 255 255 255 255 255 255 255 255 255 255 255 255 255 255 148 146 138 133 139 146 142 141 139 127 109 107 122 145 158 160 157 157 155 156 158 154 154 158 153 138 130 141 140 136 143 144 148 147 142 150 147 133 119 112 113 123 136 145 149 147 143 149 148 142 146 141 132 133 140 142 140 133 138 143 137 134 131 133 136 125 110 114 136 142 153 167 169 165
255 255 255 255 255 255 255 255 255 255 255 255 255 255 255 255 255 255 255 255 255 147 147 147 144 145 143 139 130 109 89 104 132 151 155 155 157 159 159 158 157 154 154 156 150 140 128 135 134 130 133 125 136 145 137 132 138 142 133 119 102 111 128 139 146 143 142 146 147 149 157 148 146 149 148 143 137 132 131 140 140 135 132 136 141 140 133 129 133 142 157 164 162 157
255 255 255 255 255 255 255 255 255 255 255 255 255 255 255 255 255 255 255 255 255 146 145 146 143 141 140 140 129 102 81 99 136 153 154 158 160 161 163 165 158 152 149 148 146 139 121 125 133 131 125 104 118 140 139 135 140 143 138 132 119 121 125 126 134 133 139 141 140 145 148 142 142 145 144 142 141 135 135 142 139 135 138 140 149 149 141 136 135 142 151 158 159 154
255 255 255 255 255 255 255 255 255 255 255 255 255 255 255 255 255 255 255 255 255 255 152 149 144 141 140 143 136 105 82 102 140 153 157 161 163 166 169 167 159 155 152 153 150 136 114 116 127 121 110 83 93 121 134 139 136 134 130 128 126 124 121 118 126 133 139 136 137 142 143 147 143 141 143 149 150 141 147 150 141 138 146 155 158 153 144 130 125 133 145 148 153 151
255 255 255 255 255 255 255 255 255 255 255 255 255 255 255 255 255 255 255 255 255 255 157 154 149 142 141 150 148 129 107 116 140 150 158 162 166 164 165 163 158 158 155 155 144 125 116 122 128 116 101 86 100 117 128 133 126 122 116 117 121 120 119 121 129 130 125 132 146 146 142 146 145 148 148 155 158 148 149 150 146 142 144 150 151 156 151 128 121 132 135 128 136 142
255 255 255 255 255 255 255 255 255 255 255 255 255 255 255 255 255 255 255 255 255 255 255 152 149 143 145 152 148 141 128 130 138 143 155 161 161 160 164 163 160 160 156 150 134 123 133 140 139 122 103 107 120 124 132 137 131 124 121 130 129 128 122 122 135 134 130 143 154 149 144 147 148 150 153 155 158 148 144 146 147 142 135 138 146 149 143 135 137 133 118 108 116 132
255 255 255 255 255 255 255 255 255 255 255 255 255 255 255 255 255 255 255 255 255 255 255 151 151 140 136 137 133 135 140 147 146 146 153 158 160 166 169 164 163 163 155 143 141 148 158 152 146 143 131 129 129 131 142 143 139 137 136 139 129 134 132 128 138 138 143 147 147 144 140 144 143 143 150 154 155 151 146 142 136 127 127 134 137 130 129 138 139 131 125 118 110 117
255 255 255 255 255 255 255 255 255 255 255 255 255 255 255 255 255 255 255 255 255 255 255 255 147 133 126 120 118 126 141 147 150 150 150 156 161 166 166 163 163 162 153 147 150 158 160 152 151 152 140 129 120 133 148 149 149 147 142 133 128 133 135 133 136 136 133 132 136 142 142 138 137 138 145 150 154 162 150 136 133 127 134 140 142 133 126 136 141 136 135 134 126 119
255 255 255 255 255 255 255 255 255 255 255 255 255 255 255 255 255 255 255 255 255 255 255 255 255 140 133 125 127 131 139 143 147 148 148 154 158 161 163 160 162 162 162 153 151 157 160 156 155 153 137 123 114 127 144 151 150 136 132 129 127 128 136 143 144 140 128 128 139 146 150 143 137 137 145 154 159 162 154 143 133 136 144 146 155 149 138 140 145 141 142 142 136 129
255 255 255 255 255 255 255 255 255 255 255 255 255 255 255 255 255 255 255 255 255 255 255 255 255 145 141 136 134 123 128 140 145 146 148 154 158 160 157 157 159 160 160 149 148 157 161 162 157 150 144 136 122 123 138 139 135 134 137 133 128 128 145 156 149 140 133 140 147 144 144 141 135 134 146 162 161 157 156 147 126 127 143 151 152 147 141 136 144 149 149 149 149 140
255 255 255 255 255 255 255 255 255 255 255 255 255 255 255 255 255 255 255 255 255 255 255 255 255 255 142 147 142 129 136 150 149 148 146 153 157 154 153 151 156 157 153 145 142 150 152 155 152 147 148 146 134 131 136 130 132 140 142 136 140 143 145 148 145 139 135 143 143 136 135 138 140 138 144 156 159 158 159 153 137 128 138 146 146 147 149 139 137 143 150 157 160 148
255 255 255 255 255 255 255 255 255 255 255 255 255 255 255 255 255 255 255 255 255 255 255 255 255 255 147 151 146 145 150 153 147 143 145 150 151 150 153 155 159 153 149 148 141 143 144 147 145 143 144 146 144 146 142 130 133 138 144 146 150 151 143 146 148 143 143 142 134 133 140 143 144 142 147 147 152 159 159 164 161 135 126 140 141 135 138 131 127 147 160 162 159 152
255 255 255 255 255 255 255 255 255 255 255 255 255 255 255 255 255 255 255 255 255 255 255 255 255 255 255 145 141 150 148 145 135 131 142 152 155 150 151 157 155 143 146 151 145 141 137 139 136 136 140 145 147 149 144 130 133 145 152 151 147 150 149 152 148 146 147 138 128 131 138 136 134 140 152 153 157 165 158 161 154 129 123 130 123 111 114 119 129 155 166 168 158 152
255 255 255 255 255 255 255 255 255 255 255 255 255 255 255 255 255 255 255 255 255 255 255 255 255 255 255 255 140 146 146 148 146 140 140 148 144 134 135 139 140 137 148 152 139 135 137 141 141 143 143 144 144 145 147 148 144 142 142 141 144 154 153 151 147 150 147 139 137 134 135 136 136 144 154 158 158 162 161 156 148 139 130 122 128 117 113 123 138 158 163 163 151 140
255 255 255 255 255 255 255 255 255 255 255 255 255 255 255 255 255 255 255 255 255 255 255 255 255 255 255 255 146 150 153 156 157 146 135 132 128 129 129 127 125 125 138 143 139 137 140 144 147 146 140 138 139 140 146 151 146 145 143 142 147 152 149 144 143 145 140 141 139 134 134 137 143 147 148 152 156 160 160 157 153 149 138 126 139 131 129 132 132 147 149 145 137 131
255 255 255 255 255 255 255 255 255 255 255 255 255 255 255 255 255 255 255 255 255 255 255 255 255 255 255 255 255 154 157 156 151 137 127 123 127 129 128 129 121 115 123 134 137 137 137 136 137 140 135 131 131 137 144 145 146 149 148 149 147 147 151 143 139 134 136 143 143 139 135 135 140 147 152 153 158 160 155 158 154 149 150 146 143 132 140 142 133 136 133 129 132 127
255 255 255 255 255 255 255 255 255 255 255 255 255 255 255 255 255 255 255 255 255 255 255 255 255 255 255 255 255 150 147 142 137 132 131 127 125 119 122 132 121 113 119 123 127 132 129 124 129 137 135 130 127 128 135 138 140 144 146 153 149 147 152 145 138 130 133 139 141 139 137 138 137 142 148 149 154 157 157 160 153 144 149 149 133 126 137 146 142 136 128 129 136 130
255 255 255 255 255 255 255 255 255 255 255 255 255 255 255 255 255 255 255 255 255 255 255 255 255 255 255 255 255 255 141 139 141 142 143 132 124 113 116 128 122 115 120 115 119 124 118 120 134 145 147 139 125 116 120 128 140 148 148 157 149 148 148 139 141 139 137 138 138 137 141 145 142 138 142 151 158 158 159 157 142 129 147 155 143 138 137 138 136 132 133 136 141 147
255 255 255 255 255 255 255 255 255 255 255 255 255 255 255 255 255 255 255 255 255 255 255 255 255 255 255 255 255 255 255 145 145 142 139 128 126 120 127 138 138 135 131 123 119 109 103 121 147 160 161 155 137 119 117 124 134 143 152 158 150 149 146 136 146 146 139 140 138 138 140 141 139 138 139 149 154 157 162 159 136 132 155 156 149 137 131 129 120 124 135 136 139 152
255 255 255 255 255 255 255 255 255 255 255 255 255 255 255 255 255 255 255 255 255 255 255 255 255 255 255 255 255 255 255 149 139 136 131 121 124 132 139 150 153 148 139 134 126 116 115 126 147 163 166 164 146 134 132 128 126 133 145 150 147 149 150 143 142 136 134 136 140 143 141 140 141 145 139 140 147 157 158 153 144 149 151 143 144 142 122 100 95 108 128 143 151 159
255 255 255 255 255 255 255 255 255 255 255 255 255 255 255 255 255 255 255 255 255 255 255 255 255 255 255 255 255 255 255 255 143 137 133 128 131 142 145 148 149 143 138 136 130 126 125 132 156 174 167 159 154 158 150 139 127 118 129 137 137 149 149 139 133 136 140 138 143 146 142 144 151 153 148 137 137 153 152 146 149 156 152 149 150 152 119 83 97 116 132 158 164 163
255 255 255 255 255 255 255 255 255 255 255 255 255 255 255 255 255 255 255 255 255 255 255 255 255 255 255 255 255 255 255 255 255 134 136 136 138 149 146 147 148 143 134 130 136 136 132 133 155 169 163 162 165 172 162 147 127 116 132 143 141 146 141 129 124 133 144 146 149 151 148 151 155 152 151 135 130 146 147 144 153 156 149 152 153 154 132 95 107 128 133 151 160 160
255 255 255 255 255 255 255 255 255 255 255 255 255 255 255 255 255 255 255 255 255 255 255 255 255 255 255 255 255 255 255 255 255 255 147 139 135 141 141 144 141 130 120 125 136 132 129 132 152 165 163 165 163 167 156 137 130 135 138 137 138 133 126 126 122 125 142 151 152 154 151 148 144 146 152 137 126 141 143 145 157 152 144 152 154 154 142 109 113 126 124 143 160 158
255 255 255 255 255 255 255 255 255 255 255 255 255 255 255 255 255 255 255 255 255 255 255 255 255 255 255 255 255 255 255 255 255 255 147 140 131 132 133 134 131 122 117 127 130 123 124 136 159 168 170 170 169 171 160 142 138 134 125 126 133 128 120 129 127 115 130 144 143 148 149 147 139 142 152 135 124 143 148 153 156 148 150 158 163 154 140 127 124 121 118 142 157 150
255 255 255 255 255 255 255 255 255 255 255 255 255 255 255 255 255 255 255 255 255 255 255 255 255 255 255 255 255 255 255 255 255 255 255 137 128 121 125 129 133 132 129 132 134 134 138 154 163 166 169 170 171 170 165 156 143 128 121 136 143 134 120 118 115 117 127 129 141 155 152 151 148 149 147 135 132 144 150 156 148 150 160 160 157 151 151 142 133 133 135 141 146 144
255 255 255 255 255 255 255 255 255 255 255 255 255 255 255 255 255 255 255 255 255 255 255 255 255 255 255 255 255 255 255 255 255 255 255 255 135 122 131 140 140 137 134 136 136 138 149 160 161 170 174 169 167 166 167 159 142 127 122 139 143 131 121 123 120 127 128 123 137 147 146 148 155 156 147 149 152 154 155 157 149 156 157 151 153 152 150 135 131 137 138 139 147 146
255 255 255 255 255 255 255 255 255 255 255 255 255 255 255 255 255 255 255 255 255 255 255 255 255 255 255 255 255 255 255 255 255 255 255 255 255 130 138 141 134 133 131 131 133 135 143 155 161 171 168 164 164 167 165 160 149 131 121 134 136 128 126 132 128 127 125 120 131 143 149 145 149 148 150 159 156 146 146 156 157 156 155 151 157 151 146 138 123 112 117 131 144 135
255 255 255 255 255 255 255 255 255 255 255 255 255 255 255 255 255 255 255 255 255 255 255 255 255 255 255 255 255 255 255 255 255 255 255 255 255 132 139 142 134 126 115 118 138 143 142 150 161 166 164 168 166 168 167 162 156 137 124 127 127 129 131 133 137 133 118 114 129 137 133 122 132 144 154 159 156 144 143 155 159 156 154 154 155 155 156 146 124 105 108 127 144 135
255 255 255 255 255 255 255 255 255 255 255 255 255 255 255 255 255 255 255 255 255 255 255 255 255 255 255 255 255 255 255 255 255 255 255 255 255 255 142 138 136 126 114 118 138 143 138 147 164 171 171 174 169 169 164 160 154 139 131 129 131 135 133 132 140 135 113 100 102 95 92 100 117 137 151 155 154 151 152 159 157 154 155 157 153 156 152 145 140 115 107 128 141 138
255 255 255 255 255 255 255 255 255 255 255 255 255 255 255 255 255 255 255 255 255 255 255 255 255 255 255 255 255 255 255 255 255 255 255 255 255 255 255 129 133 131 124 120 127 137 143 156 166 169 170 172 166 158 155 158 155 142 134 134 146 143 131 125 130 132 110 77 58 51 67 99 121 132 142 152 156 155 157 160 152 152 150 146 146 146 140 143 142 121 117 127 129 129
255 255 255 255 255 255 255 255 255 255 255 255 255 255 255 255 255 255 255 255 255 255 255 255 255 255 255 255 255 255 255 255 255 255 255 255 255 255 255 255 140 140 135 127 128 139 153 160 161 166 171 172 160 151 156 161 157 145 140 150 156 150 135 117 120 131 117 85 63 61 79 115 139 133 136 150 157 152 151 160 158 150 141 141 141 134 125 124 127 132 132 129 127 126
255 255 255 255 255 255 255 255 255 255 255 255 255 255 255 255 255 255 255 255 255 255 255 255 255 255 255 255 255 255 255 255 255 255 255 255 255 255 255 255 144 147 146 140 133 133 145 152 159 169 168 165 157 151 152 154 155 150 144 148 148 150 138 106 98 112 110 101 95 95 106 129 139 137 145 150 149 145 145 154 154 148 142 140 140 143 137 119 118 136 142 141 129 124
255 255 255 255 255 255 255 255 255 255 255 255 255 255 255 255 255 255 255 255 255 255 255 255 255 255 255 255 255 255 255 255 255 255 255 255 255 255 255 255 255 147 150 150 131 114 126 141 153 163 163 167 164 157 151 152 156 148 141 134 141 151 142 114 102 102 106 117 126 127 131 133 132 137 143 147 147 149 147 152 156 155 148 145 145 152 150 134 133 145 143 139 120 120
255 255 255 255 255 255 255 255 255 255 255 255 255 255 255 255 255 255 255 255 255 255 255 255 255 255 255 255 255 255 255 255 255 255 255 255 255 255 255 255 255 255 150 152 140 114 119 133 143 154 159 168 170 168 163 159 155 145 137 126 131 139 134 133 128 107 108 122 134 140 140 140 140 136 136 145 151 155 150 153 158 160 163 157 146 142 138 134 135 142 143 141 118 117
255 255 255 255 255 255 255 255 255 255 255 255 255 255 255 255 255 255 255 255 255 255 255 255 255 255 255 255 255 255 255 255 255 255 255 255 255 255 255 255 255 255 255 150 147 133 133 132 137 148 157 166 173 174 169 162 153 145 138 132 131 130 130 141 145 128 121 129 145 150 146 142 139 133 137 150 155 152 150 154 155 159 164 150 137 140 142 138 132 140 147 148 130 127
255 255 255 255 255 255 255 255 255 255 255 255 255 255 255 255 255 255 255 255 255 255 255 255 255 255 255 255 255 255 255 255 255 255 255 255 255 255 255 255 255 255 255 255 142 136 139 140 142 148 156 164 173 174 167 156 147 145 140 139 145 135 132 138 138 132 127 133 145 147 133 130 142 150 152 154 157 152 149 151 154 158 158 142 133 142 142 140 139 150 155 152 138 136
