example/E5 - XRays/X-ray-tomography/rastert_juap31.txt
ncols         356
nrows         356
xllcorner     -0.5
yllcorner     -355.5
cellsize      1
NODATA_value  -9999
[rows 126 to 167 of 356, columns 95 to 189 of 356]
143 146 148 150 143 128 131 133 129 145 147 139 153 146 142 144 153 163 151 135 124 126 139 136 136 148 152 159 154 144 150 149 161 157 162 156 146 143 143 123 117 124 132 132 140 142 121 124 139 139 139 140 130 148 147 139 148 143 142 125 115 130 143 156 152 147 142 135 126 140 154 124 122 133 137 137 127 128 129 127 123 118 120 145 145 148 140 138 150 137 134 145 134 122 129
140 153 152 149 145 142 139 133 129 146 162 153 153 156 150 144 153 155 154 149 130 119 135 140 131 134 141 151 157 152 146 153 164 157 160 159 152 141 142 136 123 125 123 122 126 122 113 125 141 141 136 137 130 138 136 139 142 136 139 134 125 128 137 141 137 137 140 140 140 138 143 131 131 143 138 124 122 133 123 122 135 137 127 143 146 147 152 151 141 134 141 150 146 125 131
142 157 150 129 129 144 138 131 135 151 166 161 157 154 141 132 143 150 156 148 134 132 135 126 120 132 141 145 156 160 146 146 151 151 149 156 166 152 140 142 138 134 117 91 89 93 105 133 143 136 134 129 137 136 126 134 139 134 139 136 132 124 131 133 116 113 126 137 156 148 128 130 137 141 139 134 128 131 113 113 130 137 129 144 153 149 154 149 132 137 153 158 156 129 128
140 151 155 127 116 129 133 139 149 156 169 171 167 152 144 144 135 140 151 146 136 128 124 127 124 124 133 140 149 159 154 142 136 138 143 145 151 148 144 139 140 128 88 60 69 88 103 125 137 145 145 126 133 132 123 132 144 138 136 134 132 130 128 127 113 120 129 136 145 135 130 133 139 136 137 137 132 129 125 126 132 142 142 147 147 148 138 136 142 147 151 158 157 121 108
142 154 167 151 139 131 132 134 143 151 150 150 157 144 143 157 149 146 140 136 134 121 114 125 127 118 125 139 140 142 148 147 145 137 144 144 139 131 143 133 132 124 92 80 88 103 120 129 137 152 143 126 126 128 129 140 146 135 130 138 137 137 138 128 125 143 143 142 144 127 133 133 137 136 129 129 143 139 140 133 129 143 144 146 148 148 136 138 141 141 141 140 137 116 104
149 156 160 154 146 139 132 123 124 134 124 127 145 143 137 136 142 146 140 138 142 138 124 105 110 119 127 136 137 131 139 151 153 147 135 129 139 131 136 133 135 118 103 112 123 121 134 134 134 142 134 127 120 124 126 140 146 142 142 142 137 141 146 138 132 133 132 143 153 134 130 130 132 126 126 128 145 143 137 129 135 141 135 136 150 150 145 149 141 136 149 148 138 136 116
151 154 155 153 149 138 129 129 125 114 107 117 126 137 141 138 138 136 143 139 139 138 115 80 84 104 120 123 136 141 144 153 149 148 134 127 136 129 126 136 142 128 114 124 137 126 134 140 139 137 129 124 124 131 134 136 140 141 133 137 138 146 145 136 133 130 132 144 156 138 129 137 134 129 134 126 142 148 139 130 141 140 124 124 137 147 147 151 141 130 143 150 142 154 133
138 144 142 141 150 146 137 127 123 121 118 122 117 122 129 139 138 134 149 143 136 129 110 90 92 108 124 118 125 143 146 146 146 141 133 134 122 104 111 132 136 134 131 132 135 125 135 150 155 143 135 129 136 148 142 125 125 139 127 130 133 144 150 136 132 133 132 134 141 138 134 142 138 137 141 132 136 141 136 136 148 126 97 120 129 136 143 149 137 131 141 153 143 144 131
136 140 136 133 141 145 138 121 122 137 133 123 113 116 135 146 149 136 131 131 133 128 121 109 102 122 135 124 124 135 151 148 143 135 128 134 124 113 126 131 126 131 146 141 132 132 139 149 151 143 143 136 138 141 133 128 125 135 130 137 136 139 147 143 139 136 134 138 136 139 143 148 144 139 142 140 135 134 133 136 138 109 89 124 146 149 147 141 135 147 160 163 152 140 131
138 136 136 134 132 136 135 130 134 142 135 126 122 134 144 142 145 133 118 129 119 113 117 92 82 117 136 133 136 141 158 151 141 133 132 142 138 125 130 138 128 136 148 137 132 143 141 142 139 134 146 146 143 129 129 136 125 133 135 138 141 135 132 133 134 146 144 149 146 143 149 138 138 143 142 136 138 146 144 126 126 126 118 133 158 155 139 141 143 150 171 166 158 148 138
132 137 138 139 131 127 132 140 140 143 139 135 134 141 154 150 145 136 123 130 110 99 110 107 96 116 123 127 145 153 160 154 147 139 139 138 134 128 125 137 140 150 148 142 148 146 132 137 136 138 140 137 137 131 130 135 131 132 133 129 141 133 119 110 105 135 139 144 144 140 145 126 130 142 142 128 128 139 144 120 128 149 142 134 151 146 134 141 149 154 174 160 158 149 143
130 133 134 146 144 133 136 143 141 147 148 142 140 140 155 155 154 149 131 122 119 112 101 116 124 127 115 125 155 167 168 164 162 148 138 126 135 137 132 132 144 155 154 151 146 144 138 136 132 143 140 130 134 141 137 130 130 122 119 127 142 135 126 112 100 118 127 142 143 125 133 127 128 132 132 130 128 135 141 136 147 154 148 136 148 154 155 142 148 153 164 156 156 150 146
132 141 142 143 145 141 147 149 149 146 138 132 134 140 148 149 149 143 133 124 130 128 118 130 139 134 122 131 156 170 159 158 160 148 141 132 139 141 138 138 149 157 158 157 142 138 131 120 125 135 137 136 138 141 146 132 122 132 135 130 143 138 136 131 114 122 128 136 132 115 119 131 137 136 137 139 122 126 137 143 152 161 149 130 136 144 149 134 144 160 165 159 147 137 133
131 146 150 138 137 137 147 144 137 130 121 121 126 142 150 148 145 143 142 147 143 141 138 135 140 135 129 131 141 154 153 148 140 144 146 137 143 142 146 149 150 153 158 157 142 140 139 127 133 138 145 141 140 131 129 136 130 147 154 142 142 137 140 145 129 125 131 138 138 131 127 135 139 134 138 139 126 131 143 148 149 160 147 131 131 134 133 127 138 158 155 146 146 144 135
139 140 143 139 141 136 125 124 130 131 126 132 117 121 139 146 147 148 143 152 152 148 149 143 139 127 119 122 127 140 150 142 136 144 150 144 149 151 149 153 150 149 152 150 138 128 137 147 147 143 150 145 145 130 113 135 138 134 132 129 129 136 145 142 138 130 142 146 141 132 126 144 139 126 130 134 132 138 149 152 150 147 134 130 138 138 130 125 120 135 145 135 127 137 150
141 142 131 128 133 130 125 132 139 140 136 135 100 89 107 126 142 150 152 156 162 151 156 162 150 134 136 142 144 140 140 136 142 143 147 149 150 143 144 157 157 152 156 156 151 137 141 156 163 156 157 152 151 138 121 126 128 122 121 131 131 138 140 129 146 137 149 150 134 122 119 142 137 133 143 145 136 132 143 145 147 144 125 123 140 141 138 137 140 146 149 128 111 125 155
133 137 136 142 137 134 135 134 137 132 122 116 86 75 79 103 130 147 160 157 162 158 163 161 147 146 146 142 150 140 136 140 145 142 137 134 153 150 147 157 161 161 160 154 135 134 141 154 163 162 158 161 155 143 138 127 120 127 126 139 137 149 153 142 143 133 138 145 137 121 119 131 129 131 142 143 138 127 131 130 141 141 120 118 136 143 143 139 149 152 149 130 127 136 158
122 128 137 141 144 144 135 134 141 140 139 125 96 81 72 90 126 151 157 158 163 158 157 151 138 136 137 132 138 139 130 135 140 142 136 126 145 150 152 160 166 161 156 153 133 130 129 138 154 161 158 161 148 137 146 140 127 130 137 143 136 151 157 149 147 140 133 131 138 131 131 141 144 134 126 125 134 133 139 137 137 131 115 129 129 130 142 141 144 151 146 136 145 155 171
140 138 133 130 141 145 131 139 145 141 156 145 118 95 68 83 126 151 158 161 152 144 149 142 124 125 142 142 139 152 138 129 135 139 134 133 138 136 139 154 168 156 146 148 135 130 127 132 153 155 152 150 136 135 141 144 140 134 141 144 143 149 148 144 145 139 138 144 148 126 124 138 143 137 117 105 119 139 153 146 131 119 129 152 136 125 135 149 145 147 148 155 167 170 177
144 136 136 141 141 141 139 143 146 142 150 140 128 116 83 83 103 137 158 157 155 154 156 152 135 128 149 151 146 146 140 138 137 144 142 141 143 144 139 140 153 152 151 150 142 142 149 141 144 144 150 148 140 142 143 136 144 140 147 150 148 147 141 138 140 140 145 161 167 139 117 124 130 140 132 114 113 126 139 130 115 115 136 148 147 144 136 144 137 127 151 166 166 163 167
142 136 145 150 146 139 143 152 158 155 151 142 131 123 98 87 93 125 150 155 159 156 150 151 141 135 149 154 150 135 132 142 140 148 146 144 142 148 144 146 157 154 159 147 140 152 155 138 137 137 140 140 151 147 133 119 140 139 139 140 138 152 143 140 141 147 151 164 171 152 113 113 130 137 134 139 144 135 124 114 115 138 150 143 143 157 149 129 115 111 155 175 171 171 169
145 142 146 148 145 139 148 158 160 161 163 154 152 129 89 81 107 130 141 150 155 151 145 146 137 136 133 126 135 142 141 141 142 144 134 129 131 143 145 148 149 143 147 146 146 148 143 131 134 146 138 128 146 144 128 118 135 134 132 137 134 143 139 143 145 156 160 165 170 160 125 127 140 132 130 148 153 146 128 118 139 158 146 140 137 143 144 133 129 140 166 172 174 180 177
141 143 151 151 140 143 161 162 156 158 158 149 155 138 102 80 98 128 139 147 148 140 135 141 135 140 138 124 133 149 154 144 133 138 131 128 133 139 138 140 135 135 138 143 146 143 140 136 128 136 153 150 143 134 131 128 138 130 137 146 142 140 134 150 159 168 176 171 166 165 142 142 148 140 135 134 130 126 124 125 142 151 135 135 127 126 133 136 151 170 172 169 169 171 180
143 143 141 144 139 140 151 154 160 161 156 150 151 139 112 76 79 121 139 140 148 140 135 139 136 141 142 139 138 146 153 145 128 135 139 143 143 136 132 138 129 134 128 127 146 138 129 136 127 127 149 162 150 126 130 135 141 128 135 146 134 138 138 155 166 166 173 178 169 165 147 128 126 129 128 123 118 102 100 121 136 152 150 134 119 110 124 141 161 168 163 169 168 165 181
141 133 126 129 138 144 147 145 153 166 163 158 154 141 119 101 104 136 147 128 132 143 154 147 135 130 134 142 132 131 148 144 138 145 143 149 146 141 132 139 134 138 136 124 136 124 119 128 129 140 145 148 138 118 121 142 146 128 132 148 137 133 145 161 167 163 165 176 167 161 148 124 126 130 115 109 109 90 90 122 141 148 148 137 121 98 109 141 157 161 162 177 174 170 169
143 140 129 123 130 135 145 151 148 157 157 151 153 149 138 131 135 143 146 129 124 135 147 137 129 130 135 138 139 141 154 144 142 150 146 146 144 146 139 138 133 133 130 122 120 112 116 120 116 126 133 136 129 110 110 136 137 135 141 142 143 143 147 163 171 162 162 165 158 154 133 113 131 138 121 105 96 98 114 135 147 147 137 125 100 74 106 154 160 161 165 178 171 174 177
138 141 137 132 133 121 130 150 155 165 164 157 160 155 148 140 148 136 126 130 126 128 147 146 145 150 148 145 140 140 148 143 144 154 153 148 140 140 146 141 128 120 109 121 132 137 130 128 128 127 131 122 120 121 122 127 135 145 146 131 129 144 141 145 161 147 146 150 142 128 123 113 119 129 131 118 98 109 123 125 131 146 149 131 94 75 114 162 170 166 178 184 167 177 179
127 129 127 132 140 131 128 144 155 163 162 162 169 157 152 141 141 128 114 124 132 136 145 149 152 155 152 143 142 144 144 148 157 152 141 145 138 143 146 143 141 134 130 131 126 128 126 125 128 130 136 133 129 132 127 125 132 126 125 130 127 131 128 130 145 128 127 135 136 125 125 128 119 136 137 134 138 126 106 101 113 141 150 143 112 115 142 163 171 169 181 181 170 177 167
131 130 125 126 147 150 133 132 147 157 163 161 164 162 151 139 143 139 128 136 141 142 136 138 142 146 145 133 139 144 140 155 166 156 146 143 134 137 136 139 143 156 161 154 137 128 125 124 127 130 136 144 141 129 123 127 129 123 125 126 133 142 130 122 133 130 129 137 139 139 127 125 127 139 126 126 134 112 99 98 109 135 145 140 131 145 155 168 186 177 171 171 168 163 163
136 140 136 129 139 146 135 125 140 165 166 157 158 160 150 136 139 147 146 148 139 137 134 143 140 141 145 139 136 141 140 155 159 160 153 138 136 136 128 130 138 155 158 158 151 138 135 133 134 138 144 146 142 129 123 132 130 135 136 129 143 149 127 119 136 139 128 139 135 143 128 109 117 133 126 124 121 101 96 100 117 138 150 144 146 156 162 171 181 174 165 167 178 164 167
117 134 144 129 111 123 127 124 141 163 162 154 156 157 148 143 148 153 161 154 135 130 129 147 150 144 136 135 139 140 138 138 141 151 143 123 130 136 126 132 141 153 152 149 153 141 137 131 138 140 137 142 142 132 127 134 132 138 133 130 147 146 130 123 130 138 138 137 139 142 118 92 88 109 129 140 134 115 103 106 122 133 143 143 155 171 172 168 171 170 165 171 177 165 171
91 103 124 115 96 115 126 132 143 149 163 161 148 148 141 138 156 154 152 147 128 137 136 130 145 146 139 134 128 128 125 120 136 151 138 122 126 139 139 134 129 139 148 143 147 141 133 133 150 149 141 136 135 135 131 129 124 122 123 126 131 127 134 133 137 142 135 125 135 139 119 100 85 98 118 134 136 124 109 104 119 129 137 149 162 171 174 169 172 170 165 173 171 173 179
86 86 106 121 109 117 124 133 152 149 152 152 145 141 135 114 140 149 148 153 137 140 139 128 136 130 134 143 133 122 114 121 138 147 137 130 123 132 139 131 127 137 141 137 143 148 145 134 139 139 135 128 122 132 129 121 125 128 130 144 142 135 148 142 142 138 132 130 133 135 130 128 121 115 119 129 133 121 104 111 134 146 154 166 168 167 176 172 173 176 169 174 170 173 174
100 110 126 146 133 122 127 134 153 152 142 139 142 139 141 121 129 146 145 145 144 145 148 147 144 140 133 137 133 131 131 134 136 137 141 137 124 133 129 130 135 132 134 142 150 148 135 113 119 132 139 140 126 124 125 123 128 150 151 147 143 138 139 138 145 137 130 128 140 140 143 140 132 109 115 132 135 119 121 137 152 165 167 167 171 167 171 173 169 174 172 178 170 159 164
112 131 136 140 134 131 132 123 135 148 150 140 136 136 142 146 144 149 147 148 142 134 143 139 134 146 145 139 131 145 147 139 138 129 130 127 112 120 131 146 150 144 147 158 152 145 138 126 124 133 147 143 121 121 126 128 133 148 152 133 129 129 128 134 140 134 128 128 148 148 149 141 136 121 133 138 134 134 160 165 162 167 163 166 180 178 170 174 173 178 168 172 175 169 174
109 127 132 125 134 139 137 131 132 137 136 136 145 148 145 146 153 154 144 145 146 136 137 140 140 146 146 146 141 149 152 145 139 124 110 113 110 126 146 146 145 149 146 151 147 144 154 150 135 124 130 133 119 132 136 131 141 139 138 133 130 127 120 129 137 131 125 135 145 145 144 146 143 134 135 133 136 146 162 171 174 167 171 173 173 179 172 166 170 173 170 176 176 168 175
125 132 134 126 122 117 117 130 129 130 124 136 142 149 150 143 144 148 145 147 154 153 149 144 135 143 143 147 150 151 159 151 123 101 98 125 136 143 145 141 138 147 153 160 161 153 149 144 140 129 128 138 138 149 144 126 132 142 145 148 138 132 124 131 130 97 84 112 140 151 146 145 134 138 136 126 140 158 164 168 173 169 184 175 165 183 178 162 165 168 165 169 174 169 185
141 136 132 140 133 111 108 126 129 137 139 141 141 149 154 147 148 148 150 152 147 145 147 136 125 142 154 159 156 156 166 162 137 115 108 124 134 138 134 138 142 148 146 160 168 165 144 136 129 133 142 142 132 131 141 140 135 136 144 151 151 152 143 141 121 83 80 118 141 145 136 134 126 130 119 120 141 158 165 164 162 162 172 175 170 182 173 166 166 165 165 170 173 165 169
133 132 123 135 142 127 118 134 137 133 141 137 131 136 141 149 158 152 153 152 151 140 142 141 136 139 157 163 157 161 171 162 158 150 129 129 131 140 136 140 151 149 136 146 152 160 146 143 140 140 140 133 131 122 137 151 148 138 138 136 139 156 159 155 139 127 126 144 142 138 138 141 136 122 106 127 162 173 163 156 157 158 169 186 183 177 163 168 179 171 161 164 163 169 168
146 135 121 120 131 139 139 147 141 136 135 136 136 135 126 134 146 148 151 147 162 153 142 145 141 139 150 159 167 166 166 152 151 153 127 134 140 154 157 153 154 148 140 148 149 154 148 148 144 146 150 141 145 142 142 150 152 144 147 136 128 145 152 151 151 155 158 161 147 143 149 151 145 131 126 146 165 166 162 159 154 154 157 176 183 175 172 175 185 172 167 166 159 168 173
154 140 124 133 138 139 142 134 133 134 120 128 145 147 135 133 144 148 153 154 155 154 146 144 141 138 143 159 169 166 162 147 134 141 138 137 141 155 154 150 153 157 154 142 141 146 144 141 133 138 144 142 143 140 144 142 136 125 131 140 145 151 150 147 156 161 156 155 142 133 135 145 142 136 139 158 159 154 171 168 148 147 149 162 170 172 180 175 176 171 163 151 160 171 168
146 135 126 144 155 155 153 142 141 129 123 123 127 142 147 131 132 145 159 160 142 145 156 159 145 134 133 137 142 153 157 143 133 137 141 139 149 150 144 147 154 152 154 142 142 132 122 123 121 130 138 144 150 146 150 149 146 131 119 130 140 147 156 162 161 158 148 143 135 139 137 148 128 128 146 163 168 169 178 163 144 138 144 156 160 169 171 171 178 180 159 118 147 172 174
