example/E5 - XRays/X-ray-tomography/rastert_juap11.txt
ncols         356
nrows         356
xllcorner     -0.5
yllcorner     -355.5
cellsize      1
NODATA_value  -9999
[rows 84 to 125 of 356, columns 94 to 187 of 356]
148 147 152 153 145 144 131 113 121 151 154 162 152 151 161 160 163 163 161 162 151 132 101 103 133 142 151 149 132 142 159 154 151 152 140 143 154 147 136 147 157 142 139 144 139 154 158 158 141 120 118 125 134 134 143 140 143 141 141 125 122 136 116 112 128 131 135 126 125 116 115 134 138 123 109 111 120 128 121 96 73 58 54 68 104 126 138 135 126 131 144 152 149 147
156 154 156 159 152 147 141 114 118 148 153 163 154 153 158 155 158 159 161 163 148 120 85 104 141 150 154 150 143 150 161 155 154 150 135 137 157 154 142 142 156 145 139 147 150 157 158 151 138 127 137 142 152 150 152 148 151 151 144 129 135 145 124 126 141 140 141 133 139 133 120 128 132 120 111 120 123 125 120 99 68 36 22 43 91 115 123 128 119 126 147 156 153 151
147 149 151 156 149 145 147 127 127 142 153 166 155 152 156 153 149 148 151 154 145 120 98 121 143 150 154 150 146 148 154 155 155 157 141 142 150 143 144 142 154 150 137 148 158 154 147 137 126 132 148 152 167 165 160 156 154 158 144 127 146 151 142 142 146 148 141 139 144 145 141 137 134 133 127 132 130 131 120 97 66 29 17 38 60 74 94 110 118 136 152 155 149 147
146 145 152 158 148 140 140 135 135 142 151 158 158 152 149 148 145 141 139 141 141 133 130 140 136 138 149 154 147 138 148 157 149 153 149 147 147 142 144 144 152 157 145 146 154 147 142 138 134 143 155 165 173 164 158 161 155 160 140 117 127 139 154 156 148 145 135 142 149 156 153 147 142 139 135 140 137 140 122 105 84 41 33 51 48 57 99 111 123 145 146 141 139 147
140 147 147 153 151 145 143 142 145 146 151 150 154 149 137 141 151 150 141 142 148 144 144 143 141 145 143 145 144 138 152 160 150 142 150 153 143 142 148 146 150 156 148 138 146 146 143 135 140 159 163 167 174 172 164 156 147 151 134 110 115 131 152 160 154 153 150 151 154 167 161 153 151 137 132 142 143 139 121 111 112 82 61 55 55 58 99 121 128 134 135 135 137 149
137 146 137 142 151 148 141 143 143 140 146 143 142 139 135 140 150 147 135 132 149 145 145 142 133 135 146 150 152 151 152 151 150 142 151 146 134 143 154 153 156 160 150 133 139 137 137 137 137 154 163 167 172 175 179 167 146 145 141 127 126 136 146 156 149 155 162 163 162 164 162 158 155 150 137 137 137 135 127 120 125 107 82 57 61 64 78 107 117 120 130 135 144 150
148 147 137 139 147 145 139 144 143 150 152 145 144 144 141 140 148 142 132 126 142 149 147 139 126 134 148 153 159 161 157 159 152 135 147 146 135 139 147 150 153 143 144 145 141 136 136 142 141 154 166 178 173 167 181 178 152 144 150 148 140 144 153 161 155 158 164 159 156 160 162 157 155 157 143 138 127 121 129 130 127 119 116 94 89 96 85 99 112 116 135 142 148 146
149 151 139 134 138 135 136 153 156 158 151 152 152 143 138 133 141 144 141 137 147 153 145 135 126 145 154 157 161 160 151 166 160 146 147 144 141 141 142 149 155 138 138 142 136 141 143 151 153 164 165 175 167 167 172 160 144 146 159 150 140 146 152 155 154 159 168 157 158 173 168 157 155 152 142 135 124 114 116 116 121 125 130 122 117 132 117 113 128 126 128 143 153 146
138 143 140 124 122 129 128 145 155 152 150 156 149 143 146 139 142 152 152 145 147 151 144 138 140 145 148 158 165 166 149 150 152 154 146 139 143 143 143 143 143 142 140 137 131 142 145 151 158 169 164 167 166 160 154 147 139 140 149 146 140 139 143 149 151 162 169 162 167 168 162 169 157 149 148 129 124 121 117 119 133 134 124 119 124 144 134 124 135 129 126 140 149 148
132 141 141 114 105 115 120 134 148 149 143 146 152 147 150 146 139 138 143 140 141 151 149 147 155 148 144 156 161 161 151 141 154 155 144 143 134 120 133 141 135 141 144 149 136 144 151 151 149 164 170 163 165 159 144 146 149 144 143 149 151 151 150 154 158 159 166 164 165 158 150 161 150 148 139 109 113 130 129 126 133 142 138 127 138 150 138 128 138 134 137 138 137 142
127 134 140 114 112 122 129 139 143 151 145 137 147 147 146 147 139 135 140 133 138 152 144 140 146 151 148 151 152 148 153 142 138 144 144 159 140 125 143 145 144 144 145 152 146 147 153 154 143 153 165 155 160 162 150 145 148 152 146 142 145 147 154 157 166 160 163 167 169 165 159 161 150 151 130 97 101 128 146 140 132 144 147 130 136 143 140 135 142 144 135 125 128 134
103 96 131 134 136 142 140 143 141 145 147 141 146 152 145 141 143 149 150 142 152 161 145 136 136 146 146 150 152 150 148 143 138 139 137 152 149 141 151 149 144 144 154 151 140 146 150 150 147 147 153 152 157 154 145 147 146 142 140 134 123 128 149 149 155 159 163 165 169 170 161 158 155 147 129 109 110 131 149 145 134 140 144 127 132 142 145 143 133 137 126 116 128 138
116 97 131 154 148 143 140 143 149 146 144 145 144 149 150 143 143 157 158 154 154 152 148 138 132 144 150 153 154 154 149 145 151 137 131 135 138 143 147 151 148 147 158 152 144 146 145 152 156 151 154 154 152 146 139 140 141 131 130 123 111 108 125 136 141 154 161 164 165 165 158 161 159 149 140 129 127 138 141 140 140 133 126 111 122 141 146 146 131 131 129 123 129 141
146 130 134 150 147 139 143 148 156 151 143 144 144 142 148 145 148 158 157 160 156 147 147 142 134 138 147 150 154 155 152 145 143 134 141 141 141 141 140 151 156 149 149 151 149 150 150 157 156 159 163 151 145 142 150 144 141 144 132 112 105 92 101 131 141 148 160 156 163 170 162 160 155 153 143 139 146 146 136 145 152 132 117 113 122 134 139 143 141 138 138 138 126 131
141 138 139 147 153 145 141 149 157 152 149 149 140 135 138 141 149 155 152 154 148 150 146 133 132 134 138 152 155 154 154 142 140 145 148 149 145 134 125 147 163 162 155 158 156 157 161 164 161 157 154 142 142 146 157 156 160 168 149 127 117 101 104 113 124 137 162 162 164 172 163 157 156 156 143 135 148 145 139 142 145 141 134 138 140 145 140 143 139 131 130 143 130 132
137 150 152 143 152 153 138 142 152 145 148 143 129 130 135 139 146 155 157 157 146 140 143 141 138 142 138 150 153 147 151 140 132 146 151 154 147 139 136 145 163 165 162 168 163 162 160 162 166 161 149 136 138 151 161 162 161 168 158 149 136 124 123 107 113 135 157 158 156 161 161 158 155 153 148 138 142 136 146 149 149 146 140 141 141 145 142 143 137 134 137 146 140 145
141 151 149 136 143 150 139 137 146 147 156 151 138 134 139 141 142 149 148 149 143 132 136 143 147 149 150 156 151 143 153 149 134 139 148 143 139 149 152 144 157 162 165 170 164 165 169 165 165 162 150 140 149 160 160 160 169 173 157 154 145 137 143 126 121 126 133 149 154 154 156 149 143 138 140 145 146 130 143 150 153 147 139 129 135 142 143 148 139 139 150 149 148 151
143 148 146 139 136 148 141 139 149 157 156 151 142 143 146 149 142 146 145 141 143 133 129 139 152 149 156 161 154 150 153 154 148 145 149 138 135 148 145 142 155 164 172 168 162 161 164 163 163 157 153 145 160 171 164 162 170 172 162 160 153 152 146 124 113 103 108 139 149 146 139 131 139 146 142 137 135 119 128 145 156 150 147 130 135 142 141 147 140 142 152 150 144 148
141 154 153 147 134 137 134 130 140 154 150 150 148 151 155 159 151 148 146 142 139 124 120 129 147 156 159 157 157 145 148 154 146 146 151 145 143 145 147 151 157 159 172 168 171 156 152 155 158 156 160 158 169 169 165 173 169 169 162 160 156 157 139 111 95 89 108 136 140 137 132 135 136 142 142 138 139 137 139 150 151 144 155 134 129 135 134 132 123 130 145 142 138 149
131 137 147 144 137 137 133 131 140 147 146 147 149 155 158 157 158 153 138 140 139 121 125 139 148 164 167 166 165 149 148 155 144 135 147 156 154 150 156 160 154 153 161 159 167 161 162 165 157 154 161 167 167 161 167 173 161 164 161 162 155 156 146 128 119 118 131 133 110 108 121 134 135 142 139 140 145 148 146 147 141 137 149 131 133 136 133 138 130 137 149 134 143 164
136 138 148 144 142 139 134 138 147 145 146 144 154 163 156 154 158 160 145 142 141 126 130 157 159 157 159 166 166 160 155 148 136 131 145 145 145 149 152 160 162 156 157 157 155 155 162 161 160 161 165 170 162 157 168 175 164 153 156 165 161 159 156 143 141 147 142 130 98 87 112 124 125 143 143 144 146 148 146 142 139 134 145 141 140 136 135 146 142 154 160 137 145 164
146 136 142 144 137 142 143 143 150 141 150 146 150 157 151 151 155 151 150 146 143 132 128 154 167 162 160 161 168 172 160 144 134 146 149 146 148 142 149 162 165 160 156 155 148 149 162 162 155 158 165 167 166 161 160 163 164 157 158 159 158 162 157 148 150 158 145 132 120 108 129 135 125 137 145 145 148 151 150 136 141 144 138 134 133 124 130 140 142 155 157 143 148 152
150 138 134 146 146 147 147 152 146 131 142 148 144 146 142 145 148 138 140 149 155 148 144 151 158 162 174 169 164 170 167 154 136 146 141 139 140 134 140 157 162 162 157 152 149 147 160 164 154 154 165 163 167 164 160 151 160 168 168 164 151 149 153 150 155 153 139 132 141 148 168 171 163 151 142 141 145 152 143 136 145 142 132 136 136 121 128 140 141 151 152 144 149 149
139 143 142 149 152 157 151 148 141 140 139 149 151 140 135 133 133 139 139 140 145 143 149 164 167 162 175 169 154 166 167 155 137 131 133 139 131 140 157 165 160 156 156 153 150 140 158 168 162 162 163 163 160 160 160 158 157 154 154 163 160 154 155 143 146 141 121 133 157 167 173 172 158 132 132 148 148 152 136 130 135 139 148 148 135 131 133 141 147 154 151 146 151 154
137 141 150 152 139 148 147 149 145 142 139 143 153 147 142 138 139 145 144 143 142 146 147 163 165 161 164 165 164 161 159 147 139 140 144 154 136 143 158 154 161 162 155 150 133 121 145 164 166 165 157 165 162 158 154 164 164 158 159 161 160 156 157 143 144 144 129 133 142 141 146 141 109 93 124 145 143 145 140 135 142 151 152 148 134 138 134 141 149 156 155 149 142 139
140 136 139 145 129 136 145 140 139 135 141 145 142 148 146 142 140 134 140 146 140 146 140 138 153 168 166 163 162 159 163 141 130 140 145 154 139 140 147 151 164 162 154 154 125 101 127 157 159 161 163 158 164 162 149 161 163 158 156 151 153 151 144 141 148 144 135 130 134 130 141 131 94 94 123 138 132 130 135 143 150 153 152 151 146 146 146 151 145 146 148 146 128 119
139 142 136 137 143 147 152 137 137 135 131 146 147 153 153 147 141 135 134 144 148 143 126 111 139 157 156 165 167 163 162 144 138 147 155 160 145 142 145 152 160 157 150 149 137 109 119 148 156 162 170 158 164 160 150 164 158 151 154 162 156 143 129 132 142 142 138 129 133 134 136 132 123 126 126 137 142 142 143 143 143 153 149 153 157 154 148 154 154 145 135 132 130 116
132 141 141 135 145 146 152 140 135 136 138 139 142 144 145 148 147 151 142 135 147 136 127 117 142 149 155 166 174 171 157 150 154 158 150 152 144 141 146 149 153 162 152 141 149 138 132 136 152 148 152 151 158 158 158 162 158 150 147 157 148 133 125 136 140 138 123 116 124 124 123 132 133 130 123 133 138 141 137 140 146 161 152 147 148 142 138 152 160 161 155 144 146 127
129 130 141 143 149 141 136 136 136 132 137 135 138 146 142 147 151 160 159 144 138 127 142 136 146 153 159 162 165 168 159 154 160 159 138 143 148 138 146 153 149 157 145 135 141 143 148 140 143 140 152 149 158 156 152 154 155 149 148 155 144 131 121 130 136 137 124 124 131 119 126 144 139 140 132 140 135 126 131 152 154 160 160 154 150 142 144 152 157 167 163 153 156 140
130 127 133 150 160 150 128 126 142 135 131 128 137 152 146 152 156 149 150 151 135 124 141 147 151 151 151 161 164 163 160 155 160 155 145 146 151 141 144 151 146 153 154 146 148 145 144 137 137 140 153 148 152 149 138 136 147 151 157 159 140 136 120 108 114 127 131 134 127 121 123 135 131 136 138 150 140 124 128 151 142 142 148 149 150 151 151 150 153 159 157 154 158 148
132 135 138 146 156 160 146 128 137 139 136 132 134 139 146 151 157 144 141 148 144 140 145 156 154 152 154 162 162 155 155 155 158 150 153 150 146 143 144 154 147 151 156 148 161 163 149 138 143 144 150 150 149 146 133 131 147 151 145 136 122 128 122 103 107 123 127 123 113 113 120 130 129 134 140 153 142 133 133 141 134 140 149 144 139 153 153 146 149 157 154 151 155 152
124 143 146 146 153 156 151 138 136 144 140 138 140 137 151 145 142 144 144 150 150 141 144 157 152 158 161 161 152 159 161 151 155 159 156 147 148 146 143 156 145 142 152 149 157 155 144 140 151 148 145 146 145 148 140 136 143 148 138 137 117 113 127 110 111 126 115 96 83 92 107 122 134 135 131 143 136 123 121 135 137 143 146 147 144 143 139 144 149 159 152 145 153 162
110 133 147 148 143 151 154 149 153 162 154 153 156 151 155 151 154 144 140 143 139 147 153 148 137 154 157 158 157 163 160 150 152 153 149 141 147 148 151 158 145 146 148 148 148 147 138 142 151 144 141 140 141 150 153 147 148 149 141 144 126 123 134 114 125 144 112 70 59 86 105 117 138 145 138 138 130 107 92 119 135 140 144 150 145 135 138 158 158 144 145 156 152 151
123 136 153 158 146 154 164 152 149 158 160 168 170 156 154 164 173 147 140 145 136 145 151 147 141 152 145 144 158 154 156 154 150 146 147 151 147 149 152 157 149 149 156 154 145 141 130 134 146 132 138 146 141 139 147 147 140 138 146 136 126 134 133 115 123 137 107 54 55 95 120 116 128 146 152 148 137 120 109 130 145 147 143 144 151 147 149 156 153 146 151 168 154 150
149 148 162 160 162 164 163 156 153 157 161 171 179 167 163 169 173 151 137 133 137 149 147 152 156 155 153 155 163 157 157 146 150 153 149 156 154 146 145 150 151 144 154 159 144 135 136 138 149 132 129 132 142 142 140 145 140 132 134 115 109 112 106 106 116 122 97 55 59 80 102 123 135 147 158 161 145 137 135 136 146 146 142 145 155 146 152 146 150 154 152 160 151 155
149 141 162 162 158 160 165 157 152 156 162 166 174 176 172 171 176 157 127 117 132 163 155 148 153 153 152 158 163 152 155 138 137 153 156 164 162 143 145 145 150 149 145 149 137 131 144 143 140 127 120 124 136 136 132 141 143 139 128 109 95 91 101 110 123 127 98 68 60 63 75 123 147 151 159 158 148 134 128 130 147 146 144 149 156 140 150 148 155 152 147 154 165 173
145 143 157 162 163 163 169 158 154 154 164 170 173 176 171 167 172 162 147 135 140 160 157 151 148 158 151 150 157 154 157 148 150 152 151 156 149 139 153 151 147 152 145 146 139 134 149 141 124 125 125 121 119 128 135 140 141 138 135 120 92 83 111 121 130 134 120 93 65 73 97 141 152 157 160 148 145 135 121 118 132 136 135 133 135 132 151 153 151 153 152 154 162 165
139 151 160 159 159 157 166 166 168 165 173 173 176 181 177 164 163 166 170 159 155 163 159 162 154 158 152 140 149 164 156 142 143 141 148 157 155 150 150 153 150 144 135 147 154 150 156 131 112 122 135 116 97 115 139 145 149 144 139 127 106 94 121 133 130 120 110 84 71 87 119 148 151 165 164 161 150 142 131 123 126 132 134 137 134 123 139 154 157 155 149 145 150 147
127 147 164 159 156 154 169 173 169 166 170 167 166 177 175 164 170 172 168 170 166 170 160 159 157 157 151 152 154 160 145 132 135 145 153 159 160 156 143 138 142 134 130 147 158 153 153 139 129 128 136 114 87 105 135 143 148 142 128 123 114 104 120 141 142 136 124 85 85 119 136 146 160 167 159 155 137 136 136 125 129 133 137 143 138 118 130 147 148 146 146 149 157 153
137 147 159 164 161 161 169 171 175 175 170 172 163 165 171 168 177 177 167 169 169 174 163 163 165 161 151 163 161 156 144 142 147 154 152 153 147 146 147 133 133 137 148 150 152 153 150 140 140 137 133 109 83 106 135 143 135 128 125 133 125 114 115 134 139 139 141 120 126 149 150 156 165 148 142 140 123 118 123 118 124 137 137 142 144 136 144 151 147 146 152 155 158 154
142 148 159 174 168 166 166 165 173 173 163 166 169 164 164 172 176 172 170 170 176 176 167 176 174 168 162 167 168 162 156 155 152 152 143 142 149 147 151 135 128 126 143 156 150 153 151 126 124 137 126 100 69 84 118 131 102 108 129 141 133 126 129 136 129 110 104 112 135 152 160 160 152 131 135 128 121 115 115 126 138 142 135 138 141 148 157 151 156 155 153 149 149 151
145 151 160 165 163 163 168 164 166 168 162 166 175 171 168 182 179 174 177 178 180 176 170 178 175 171 165 165 167 158 161 159 151 151 149 141 148 145 149 145 136 130 140 160 157 148 146 132 128 146 133 97 69 75 101 130 103 96 118 139 135 134 140 136 118 97 101 128 144 153 158 156 148 139 136 132 129 126 126 140 150 146 136 128 132 150 163 156 155 146 154 153 148 153
