example/E5 - XRays/X-ray-tomography/rastert_juap39.txt
ncols         356
nrows         356
xllcorner     -0.5
yllcorner     -355.5
cellsize      1
NODATA_value  -9999
[rows 210 to 251 of 356, columns 188 to 281 of 356]
72 136 161 171 169 163 161 160 155 156 156 164 175 179 175 167 171 179 173 167 161 167 169 163 160 168 177 177 182 176 169 173 174 171 168 168 175 170 168 165 176 178 172 169 172 180 170 169 173 177 172 165 169 178 174 182 178 175 178 171 173 176 172 179 181 177 175 175 174 176 163 135 118 129 154 164 164 167 174 167 146 133 135 144 155 158 159 165 153 144 146 149 144 140
67 130 156 168 175 166 157 153 158 163 167 168 171 179 173 170 181 180 167 168 173 179 181 170 159 165 177 175 169 167 161 167 178 178 175 173 167 161 163 166 176 182 174 168 168 172 163 170 178 173 175 180 174 172 173 180 173 170 172 167 164 169 177 184 181 180 180 170 169 173 152 123 118 128 144 156 162 163 163 156 147 146 142 147 162 156 156 173 157 145 148 152 147 142
59 119 140 154 168 158 151 161 170 164 169 165 165 170 172 172 175 172 176 178 181 182 178 178 176 179 182 172 168 173 163 156 179 179 167 172 173 169 166 175 176 181 178 173 172 172 168 167 176 175 179 178 172 164 166 175 173 175 177 176 169 169 179 179 168 166 167 167 168 164 149 133 132 135 144 156 159 162 157 142 136 141 144 147 162 161 153 164 159 152 149 149 142 144
45 95 134 156 159 159 154 166 173 158 163 159 159 162 169 170 173 176 172 177 179 179 175 175 181 176 169 166 169 180 178 167 176 180 167 169 174 171 166 182 183 180 171 176 179 178 174 163 165 173 177 168 168 171 171 178 176 177 176 175 169 172 173 173 171 171 164 162 158 153 154 149 143 138 134 140 140 146 155 146 136 142 145 137 155 167 162 160 153 145 142 144 141 147
42 75 120 151 150 166 165 167 164 153 163 157 157 163 169 173 174 183 179 176 179 177 178 173 169 169 170 170 170 167 175 175 178 175 169 168 172 174 173 181 180 177 168 172 176 179 183 177 171 175 179 178 179 179 173 180 184 175 174 175 165 164 164 160 158 164 164 158 152 147 144 148 144 128 124 130 130 134 146 145 145 150 144 131 144 163 164 159 153 141 135 143 144 144
36 72 116 146 154 166 165 169 160 165 172 161 141 135 160 173 169 171 172 172 172 168 172 171 165 174 179 178 184 174 170 165 170 173 176 169 168 178 172 175 174 173 169 173 175 169 171 177 177 173 176 179 175 174 173 178 181 170 171 170 162 159 158 141 133 141 156 157 151 143 134 139 137 123 125 129 132 137 143 146 153 156 144 129 131 149 156 152 151 146 140 145 146 140
35 63 116 151 162 159 162 174 168 173 173 164 141 116 154 174 172 180 173 176 176 170 169 169 163 168 171 170 172 171 173 167 174 172 176 172 167 175 170 172 175 172 171 179 181 170 167 181 180 165 170 171 174 172 171 174 173 171 173 173 161 151 150 140 140 144 153 146 145 138 135 144 145 131 126 131 138 144 141 138 146 146 124 115 123 137 149 144 138 144 145 143 135 131
35 74 130 152 149 157 168 179 170 161 164 172 151 110 141 169 169 180 175 175 183 181 186 178 167 159 168 175 173 169 172 170 180 165 166 175 171 179 177 176 180 169 158 169 182 179 174 178 166 158 172 176 181 183 173 170 173 176 164 163 151 141 141 141 141 135 141 130 132 134 132 151 153 137 134 137 140 144 136 133 139 136 114 113 127 128 136 139 137 145 145 136 127 127
67 111 151 161 156 157 161 171 169 162 158 173 163 132 141 169 165 161 169 178 174 169 188 182 171 155 159 170 174 166 166 173 178 171 170 176 168 172 173 169 172 177 161 160 177 177 177 178 170 165 181 181 171 179 168 164 172 172 156 156 147 141 135 138 137 134 145 137 130 134 138 152 152 140 140 150 151 143 131 135 134 128 121 128 137 134 135 140 139 144 144 145 145 140
101 140 159 163 163 164 168 171 172 167 161 165 166 159 156 170 171 172 173 186 182 173 179 177 174 162 159 168 172 170 166 172 175 176 171 181 170 172 169 170 180 184 162 155 165 167 174 171 173 176 174 168 158 162 163 161 164 161 151 148 130 118 127 138 136 137 147 142 137 139 143 153 159 147 142 153 158 154 141 140 136 126 127 137 147 151 150 144 127 122 130 145 156 151
112 148 158 160 156 165 174 167 166 167 169 164 167 170 162 166 174 171 170 181 181 186 178 164 165 164 159 166 173 174 169 166 183 185 175 183 176 177 167 167 177 179 163 161 161 159 170 170 169 169 161 166 160 158 160 157 159 157 157 147 121 116 133 143 136 139 143 141 138 139 141 142 150 153 152 155 163 166 156 144 133 121 118 131 147 156 156 140 107 103 126 142 152 154
144 150 155 163 156 157 166 164 158 161 171 175 170 171 168 165 172 167 167 172 167 180 177 173 171 157 144 148 166 175 174 171 182 178 179 174 172 174 164 163 169 170 169 178 168 165 169 167 160 156 158 167 154 153 156 158 164 159 159 150 137 135 133 136 138 131 138 142 134 133 133 132 145 154 149 154 155 153 147 135 117 102 105 129 143 152 146 131 109 118 144 146 147 152
150 144 147 155 157 159 163 158 160 161 173 180 174 173 164 164 169 172 164 163 164 170 173 175 172 158 154 151 162 167 173 176 168 164 176 170 165 165 170 171 168 165 164 173 164 160 151 151 159 161 157 155 145 149 166 165 162 161 162 155 145 143 136 139 146 139 139 142 136 122 123 124 136 142 140 151 153 152 140 119 100 99 114 142 153 158 148 135 128 141 154 146 142 148
140 144 146 155 156 159 168 170 168 164 171 177 175 175 163 162 156 166 160 161 165 160 172 168 162 165 163 142 150 159 171 177 162 160 169 169 162 156 159 159 161 158 156 167 163 148 138 147 164 157 148 149 150 152 164 167 165 169 161 148 142 140 133 138 150 148 137 136 130 118 123 123 131 128 133 149 149 137 122 104 102 131 147 154 154 158 156 150 145 145 137 125 128 143
117 139 149 159 164 162 162 165 164 177 180 169 169 178 181 174 152 156 152 159 160 162 171 169 165 170 168 147 154 153 156 166 165 159 163 160 157 152 157 153 145 151 158 161 161 149 142 148 155 157 155 154 151 142 151 164 174 170 157 149 146 146 141 142 147 146 133 128 124 121 123 128 135 130 134 136 133 126 122 112 117 144 153 151 146 155 164 163 160 143 106 96 125 141
72 114 149 154 162 165 159 159 161 176 175 164 160 172 188 180 163 168 159 165 165 164 166 164 167 171 168 155 156 151 143 152 163 161 156 153 148 143 155 153 138 139 152 158 160 158 158 149 144 157 157 152 153 145 153 167 173 176 174 160 143 147 151 145 142 147 143 133 128 127 131 138 133 128 136 131 127 132 138 131 126 132 138 144 151 150 158 159 154 130 83 85 135 142
79 108 139 148 155 158 151 158 169 170 164 171 161 159 167 172 165 166 161 164 168 162 160 155 164 161 156 156 147 149 147 151 158 151 149 160 152 139 144 155 148 129 138 149 146 155 166 158 151 162 164 153 162 157 155 164 164 177 173 154 137 146 158 149 140 144 143 138 131 128 141 145 135 139 142 131 131 134 134 127 122 120 118 129 142 137 146 153 149 133 97 94 132 143
133 132 133 138 149 161 156 167 165 163 167 170 160 160 166 173 169 166 168 167 171 166 162 161 166 159 159 160 150 159 152 147 159 154 152 163 156 143 139 149 148 130 135 146 145 149 153 157 155 155 162 158 166 161 154 164 168 171 167 157 145 147 154 153 138 132 126 123 133 141 152 145 144 155 149 127 117 106 106 103 111 116 113 121 136 135 152 163 158 151 140 128 134 136
134 128 131 140 148 148 158 171 159 158 155 157 163 158 161 166 161 169 176 172 165 164 167 166 164 165 164 150 141 158 152 141 159 155 151 157 158 147 136 136 147 142 139 134 140 143 143 154 155 154 156 157 171 172 164 172 174 167 164 160 143 139 140 143 132 121 120 123 132 138 155 153 147 154 148 123 93 72 78 77 96 126 141 149 162 157 159 164 164 167 168 162 155 144
119 121 114 109 110 118 140 155 151 157 152 153 171 165 164 168 172 172 168 169 167 166 161 159 160 170 160 147 147 158 156 146 150 147 142 137 141 139 140 135 145 140 133 125 132 135 135 139 147 157 158 158 165 167 163 172 171 161 155 150 138 139 137 136 136 124 122 127 127 125 152 164 162 158 142 117 80 64 73 74 101 140 156 161 174 173 164 163 167 172 169 164 162 155
139 128 125 123 103 115 141 143 141 156 156 145 154 156 162 168 172 160 161 168 166 157 146 155 152 150 138 145 154 158 157 153 151 159 156 143 144 140 145 145 143 135 132 125 124 134 138 132 140 156 160 165 163 167 169 170 159 150 151 149 140 138 132 135 147 137 124 127 126 121 147 163 167 161 136 108 78 73 82 86 114 153 162 162 164 172 176 173 175 174 167 162 165 162
128 114 136 133 96 104 137 150 157 159 152 140 143 153 157 163 163 159 154 157 155 147 141 145 136 124 125 131 138 152 152 149 147 151 156 153 153 152 151 148 131 123 134 134 130 140 155 144 136 148 154 165 162 161 162 152 139 133 150 145 138 141 135 130 133 129 118 112 110 118 149 164 162 161 144 117 94 83 75 76 115 159 169 172 169 172 179 179 175 176 175 172 174 165
113 118 131 107 72 83 124 151 162 156 145 142 146 149 152 157 154 151 140 135 130 143 156 153 146 138 129 112 123 146 155 161 155 153 161 159 162 165 159 149 131 126 134 147 149 143 155 156 142 144 141 150 153 150 149 142 136 133 145 139 140 147 132 116 121 122 113 95 84 108 148 162 158 159 144 125 116 95 74 69 117 161 168 173 169 163 164 176 169 164 172 174 169 156
114 119 128 107 79 77 115 141 148 151 139 141 151 151 153 150 139 134 139 139 135 152 162 152 149 148 138 116 132 146 158 170 156 150 158 157 169 164 156 155 152 152 139 147 158 157 158 167 149 142 139 141 138 136 140 141 148 142 138 141 144 144 126 103 110 119 110 85 76 107 141 152 159 163 148 127 111 96 78 83 135 170 169 171 172 166 162 173 175 172 178 177 159 130
91 116 148 135 118 95 108 124 132 141 138 148 160 157 150 147 146 140 149 144 147 160 162 153 143 145 145 129 147 157 160 165 157 142 154 162 171 163 158 158 153 162 153 146 153 157 158 173 153 145 145 148 141 135 149 150 148 143 133 139 142 145 145 132 123 121 106 74 83 115 139 147 163 169 152 133 102 82 73 98 143 164 165 171 175 173 168 170 173 173 174 169 143 99
89 127 159 155 147 110 86 98 123 135 136 151 153 155 147 142 146 150 156 149 147 155 161 165 149 150 158 148 160 162 163 165 161 151 159 166 166 162 156 153 150 163 167 155 152 157 160 169 155 140 139 148 142 130 140 149 144 143 135 135 133 144 157 153 139 131 122 95 107 134 150 151 160 164 150 135 93 65 74 106 141 156 160 165 170 172 173 174 172 163 161 158 133 86
104 143 156 151 146 114 75 89 117 119 113 134 149 143 132 129 140 146 142 145 146 147 149 155 145 146 155 156 169 162 164 172 165 166 165 167 166 166 163 161 156 157 158 162 156 154 153 148 139 130 140 140 135 130 131 137 140 139 139 138 138 150 153 144 140 132 128 120 133 151 161 162 161 161 147 125 81 46 62 96 133 149 159 165 167 171 176 179 177 169 160 151 139 115
102 145 151 157 163 128 100 114 122 103 83 112 144 133 130 129 137 130 130 136 134 139 124 134 143 138 140 148 163 166 166 175 170 161 159 161 162 160 164 167 155 154 163 170 162 156 153 153 146 140 151 145 135 125 126 125 133 135 143 143 140 154 151 136 138 139 137 138 152 157 157 159 159 159 142 112 68 27 38 78 122 147 159 169 173 175 177 177 179 177 160 137 129 133
110 147 152 158 159 130 124 139 132 110 89 114 136 120 120 126 131 129 141 151 142 140 114 120 139 136 145 155 158 170 176 177 174 173 164 157 160 160 158 164 160 157 163 163 164 161 155 156 154 151 149 147 129 101 99 93 103 116 137 131 129 142 146 140 136 137 138 148 156 156 158 159 157 154 132 105 76 38 37 62 107 142 158 164 166 169 173 170 176 174 141 103 106 132
117 141 148 145 129 109 126 152 148 125 101 127 138 121 109 112 132 151 153 160 155 146 124 113 127 132 156 173 170 172 177 174 173 179 160 158 175 174 161 155 161 165 157 153 156 150 151 152 151 151 142 137 113 72 56 52 71 103 146 148 136 139 144 146 132 121 129 153 160 159 163 165 163 149 123 110 106 76 60 61 91 132 157 163 162 163 168 162 166 166 126 79 95 130
110 132 141 135 114 98 123 145 142 117 103 131 125 109 111 113 142 159 151 161 159 150 134 113 111 121 152 168 168 165 167 173 166 170 165 172 173 166 162 156 161 166 155 157 148 134 138 141 139 137 136 129 106 62 43 46 81 123 148 153 143 140 138 138 125 113 141 165 170 168 160 156 158 156 141 131 132 119 101 95 108 125 137 146 158 165 161 161 161 157 124 82 98 127
97 123 133 129 117 116 132 139 132 111 107 125 105 94 124 132 146 137 129 153 161 155 138 119 111 132 162 168 166 173 166 173 168 175 178 179 168 166 172 167 166 154 146 154 147 132 127 120 119 123 122 110 94 60 49 58 100 140 145 147 150 140 133 131 119 114 148 166 166 168 162 157 153 150 143 141 138 133 128 130 135 123 112 109 126 148 154 159 161 153 127 94 99 123
104 126 130 125 130 133 139 147 143 138 133 127 94 77 124 140 140 126 127 156 160 136 105 111 131 152 163 163 163 172 171 171 172 174 158 158 166 176 177 170 168 150 146 153 148 136 126 108 100 116 121 97 72 46 39 55 92 137 150 143 143 147 138 125 113 117 145 158 155 161 159 152 142 137 135 137 131 124 128 136 140 126 98 78 88 121 142 154 162 151 126 100 108 133
95 115 122 120 135 141 145 148 145 140 130 136 110 74 101 105 116 133 142 156 148 116 96 127 150 159 159 159 159 164 175 169 162 167 148 148 165 174 174 168 170 160 151 156 151 137 131 120 114 127 131 105 76 43 32 47 68 111 145 142 141 147 135 117 120 135 149 151 151 161 157 145 138 134 135 134 122 109 111 129 132 128 103 71 68 88 120 142 155 149 129 116 118 129
88 96 116 128 148 151 143 133 133 118 120 142 134 111 119 116 129 147 157 158 141 129 134 153 154 159 165 160 155 165 176 179 168 169 161 164 174 173 172 170 172 170 160 161 159 145 139 141 142 144 141 129 108 66 41 43 61 98 146 151 143 146 133 116 133 140 145 152 153 158 159 149 137 134 131 118 105 88 85 108 122 125 112 84 64 63 94 125 140 140 130 129 128 123
97 90 112 148 158 157 145 129 139 135 125 129 138 130 132 142 149 153 161 167 151 145 148 153 151 156 163 163 162 172 172 180 175 176 172 176 180 177 173 169 171 174 162 158 158 148 148 144 148 155 155 151 140 105 59 49 78 111 150 159 140 140 137 123 136 137 146 156 151 146 148 146 135 137 126 103 85 69 60 83 114 126 117 98 87 79 95 125 136 132 131 139 139 132
117 106 124 153 154 158 147 121 128 124 96 103 125 116 125 145 147 155 156 159 151 154 159 162 161 167 168 166 166 174 173 175 173 173 170 171 172 175 173 170 173 170 159 162 161 155 148 123 132 151 154 148 133 115 83 76 109 142 155 166 155 150 145 134 141 139 148 149 145 143 144 146 138 138 125 100 78 67 56 77 108 126 117 106 113 112 113 131 132 125 132 140 145 141
144 147 150 152 147 155 147 124 130 124 106 114 133 128 131 137 132 153 156 152 154 168 174 170 173 170 168 174 174 171 172 173 166 166 167 169 168 172 169 166 169 169 163 169 163 154 134 92 89 111 129 132 111 94 96 111 127 141 152 165 157 149 145 147 144 135 139 140 143 149 147 149 141 133 118 100 91 95 85 95 117 134 121 111 115 119 123 126 123 119 127 134 147 154
161 164 160 161 156 150 139 121 122 131 130 126 133 141 139 134 130 136 143 152 158 170 170 165 174 169 168 173 175 170 171 176 166 169 175 175 168 174 170 163 168 172 165 164 162 158 137 84 50 53 80 100 94 88 111 132 130 127 141 151 146 141 136 146 150 138 137 141 145 152 149 149 140 131 123 112 118 126 119 115 121 130 131 126 128 129 128 123 111 102 119 136 145 157
160 159 167 169 166 160 144 104 79 104 132 133 134 144 150 149 145 142 148 164 167 172 169 169 174 165 173 174 174 173 169 177 171 171 179 177 167 175 171 166 165 171 168 164 162 168 155 112 66 48 67 93 107 115 129 136 133 131 138 140 151 152 141 144 153 138 125 131 134 140 134 136 140 133 131 125 133 146 141 131 128 126 127 133 139 139 130 116 87 68 97 123 138 152
156 156 167 170 176 176 162 117 68 73 108 129 136 138 139 142 153 160 164 173 172 176 168 172 177 168 175 174 172 170 164 169 165 164 172 172 170 176 170 171 167 169 169 165 163 168 160 140 110 90 103 127 141 138 127 126 131 136 139 140 151 161 150 141 143 138 127 131 139 142 133 130 132 128 131 138 148 152 150 142 139 136 130 134 136 135 130 114 81 43 59 94 131 148
158 166 167 163 170 167 162 141 96 70 94 119 127 137 130 124 150 161 166 175 170 176 169 164 174 173 176 178 176 171 163 161 167 174 180 175 175 174 162 164 170 169 169 166 163 165 159 147 136 128 142 155 153 140 125 135 139 136 139 141 148 162 153 146 147 145 141 142 145 142 131 130 126 124 132 137 149 148 143 141 141 141 142 147 137 124 126 116 87 44 37 64 116 146
