example/E5 - XRays/X-ray-tomography/rastert_juap40.txt
ncols         356
nrows         356
xllcorner     -0.5
yllcorner     -355.5
cellsize      1
NODATA_value  -9999
[rows 42 to 83 of 356, columns 0 to 93 of 356]
255 255 255 255 255 255 255 255 255 255 255 255 255 255 255 255 255 255 255 255 255 255 255 255 255 255 255 255 255 255 255 255 255 255 255 255 255 255 255 255 255 255 255 255 255 255 255 255 255 255 255 255 255 255 255 255 255 255 255 255 255 255 255 149 147 148 140 152 166 166 163 164 170 169 165 153 124 112 124 135 149 155 156 158 155 152 148 128 118 128 129 123 112 98
255 255 255 255 255 255 255 255 255 255 255 255 255 255 255 255 255 255 255 255 255 255 255 255 255 255 255 255 255 255 255 255 255 255 255 255 255 255 255 255 255 255 255 255 255 255 255 255 255 255 255 255 255 255 255 255 255 255 255 255 255 255 146 139 130 134 140 155 165 167 165 166 169 169 167 156 137 136 148 152 152 154 151 154 150 146 147 138 128 125 106 83 66 60
255 255 255 255 255 255 255 255 255 255 255 255 255 255 255 255 255 255 255 255 255 255 255 255 255 255 255 255 255 255 255 255 255 255 255 255 255 255 255 255 255 255 255 255 255 255 255 255 255 255 255 255 255 255 255 255 255 255 255 255 255 146 141 136 127 129 142 156 161 165 158 160 166 163 165 156 142 150 162 159 152 149 153 156 144 139 140 138 128 115 94 77 76 90
255 255 255 255 255 255 255 255 255 255 255 255 255 255 255 255 255 255 255 255 255 255 255 255 255 255 255 255 255 255 255 255 255 255 255 255 255 255 255 255 255 255 255 255 255 255 255 255 255 255 255 255 255 255 255 255 255 255 255 255 144 142 143 141 136 136 149 159 159 160 151 150 161 162 165 162 149 150 161 160 152 144 149 155 145 140 138 135 122 113 109 113 129 141
255 255 255 255 255 255 255 255 255 255 255 255 255 255 255 255 255 255 255 255 255 255 255 255 255 255 255 255 255 255 255 255 255 255 255 255 255 255 255 255 255 255 255 255 255 255 255 255 255 255 255 255 255 255 255 255 255 255 154 151 141 141 142 141 137 137 151 160 158 161 154 148 158 160 161 161 155 148 155 160 153 145 138 144 150 144 140 134 117 114 130 142 155 156
255 255 255 255 255 255 255 255 255 255 255 255 255 255 255 255 255 255 255 255 255 255 255 255 255 255 255 255 255 255 255 255 255 255 255 255 255 255 255 255 255 255 255 255 255 255 255 255 255 255 255 255 255 255 255 255 255 165 156 149 147 151 144 139 137 135 144 157 154 157 153 144 154 157 154 154 156 154 156 160 155 147 136 137 146 141 140 136 125 124 142 152 162 161
255 255 255 255 255 255 255 255 255 255 255 255 255 255 255 255 255 255 255 255 255 255 255 255 255 255 255 255 255 255 255 255 255 255 255 255 255 255 255 255 255 255 255 255 255 255 255 255 255 255 255 255 255 255 255 255 155 159 161 154 150 155 147 138 136 137 141 154 156 153 147 140 150 159 151 150 150 146 152 156 159 156 147 142 137 139 143 146 142 138 149 152 157 163
255 255 255 255 255 255 255 255 255 255 255 255 255 255 255 255 255 255 255 255 255 255 255 255 255 255 255 255 255 255 255 255 255 255 255 255 255 255 255 255 255 255 255 255 255 255 255 255 255 255 255 255 255 255 255 159 152 148 148 149 149 145 136 128 128 141 140 138 149 155 149 142 147 157 153 151 142 124 135 149 152 158 158 155 139 141 145 145 148 144 152 159 162 165
255 255 255 255 255 255 255 255 255 255 255 255 255 255 255 255 255 255 255 255 255 255 255 255 255 255 255 255 255 255 255 255 255 255 255 255 255 255 255 255 255 255 255 255 255 255 255 255 255 255 255 255 255 255 151 152 160 157 145 144 147 140 133 131 130 135 138 131 144 155 156 151 143 148 148 152 137 97 106 133 140 147 153 157 144 139 139 134 142 150 149 158 164 167
255 255 255 255 255 255 255 255 255 255 255 255 255 255 255 255 255 255 255 255 255 255 255 255 255 255 255 255 255 255 255 255 255 255 255 255 255 255 255 255 255 255 255 255 255 255 255 255 255 255 255 255 255 160 151 147 157 166 159 144 136 137 135 132 134 131 134 131 141 150 153 154 145 135 130 140 137 100 102 127 134 140 143 148 140 130 125 118 131 155 157 159 163 163
255 255 255 255 255 255 255 255 255 255 255 255 255 255 255 255 255 255 255 255 255 255 255 255 255 255 255 255 255 255 255 255 255 255 255 255 255 255 255 255 255 255 255 255 255 255 255 255 255 255 255 255 161 157 154 152 153 163 165 149 125 127 133 131 131 132 131 135 144 151 149 149 145 120 121 139 143 134 135 144 145 143 138 138 137 134 135 131 133 146 155 161 164 162
255 255 255 255 255 255 255 255 255 255 255 255 255 255 255 255 255 255 255 255 255 255 255 255 255 255 255 255 255 255 255 255 255 255 255 255 255 255 255 255 255 255 255 255 255 255 255 255 255 255 255 156 154 158 156 155 152 156 155 148 134 127 129 135 133 129 123 140 150 149 143 138 138 125 131 146 149 150 148 151 154 151 138 127 136 146 146 142 146 147 154 164 162 164
255 255 255 255 255 255 255 255 255 255 255 255 255 255 255 255 255 255 255 255 255 255 255 255 255 255 255 255 255 255 255 255 255 255 255 255 255 255 255 255 255 255 255 255 255 255 255 255 255 255 158 153 147 155 164 163 150 144 143 143 143 134 130 133 135 133 128 147 158 147 137 129 131 136 134 136 142 144 142 149 155 147 140 129 138 148 145 137 143 149 155 162 164 162
255 255 255 255 255 255 255 255 255 255 255 255 255 255 255 255 255 255 255 255 255 255 255 255 255 255 255 255 255 255 255 255 255 255 255 255 255 255 255 255 255 255 255 255 255 255 255 255 255 153 149 149 153 157 162 164 153 144 136 133 139 138 140 141 140 140 136 147 161 152 135 125 129 128 121 124 137 141 138 141 146 136 136 133 138 146 146 137 138 150 153 155 163 162
255 255 255 255 255 255 255 255 255 255 255 255 255 255 255 255 255 255 255 255 255 255 255 255 255 255 255 255 255 255 255 255 255 255 255 255 255 255 255 255 255 255 255 255 255 255 255 255 161 153 147 146 155 165 163 160 157 150 137 129 138 138 140 145 142 141 135 141 157 153 146 135 133 130 130 134 143 147 140 138 140 135 136 138 138 142 147 142 143 150 149 148 155 161
255 255 255 255 255 255 255 255 255 255 255 255 255 255 255 255 255 255 255 255 255 255 255 255 255 255 255 255 255 255 255 255 255 255 255 255 255 255 255 255 255 255 255 255 255 255 255 161 159 150 147 149 155 164 167 160 155 151 138 128 139 145 137 144 138 132 134 143 147 138 143 143 141 140 141 148 151 149 143 141 145 140 136 134 134 137 141 142 146 151 149 149 153 159
255 255 255 255 255 255 255 255 255 255 255 255 255 255 255 255 255 255 255 255 255 255 255 255 255 255 255 255 255 255 255 255 255 255 255 255 255 255 255 255 255 255 255 255 255 255 159 153 151 148 152 155 159 158 156 151 145 141 135 132 137 142 136 138 136 129 137 149 145 130 136 147 149 149 145 147 150 143 139 140 136 134 139 134 128 133 139 141 148 154 152 148 141 145
255 255 255 255 255 255 255 255 255 255 255 255 255 255 255 255 255 255 255 255 255 255 255 255 255 255 255 255 255 255 255 255 255 255 255 255 255 255 255 255 255 255 255 255 255 255 158 151 143 142 151 160 163 158 150 146 139 136 138 138 132 135 135 131 131 131 138 148 151 141 137 142 146 147 138 135 135 134 136 139 136 135 139 134 131 133 143 147 146 151 147 136 126 122
255 255 255 255 255 255 255 255 255 255 255 255 255 255 255 255 255 255 255 255 255 255 255 255 255 255 255 255 255 255 255 255 255 255 255 255 255 255 255 255 255 255 255 255 255 150 151 155 150 143 145 155 165 164 158 153 147 149 151 143 129 137 137 131 131 136 140 143 145 148 137 126 137 141 137 140 136 136 138 139 137 139 146 136 136 138 143 149 148 152 148 141 135 117
255 255 255 255 255 255 255 255 255 255 255 255 255 255 255 255 255 255 255 255 255 255 255 255 255 255 255 255 255 255 255 255 255 255 255 255 255 255 255 255 255 255 255 255 152 150 149 153 158 154 142 147 157 155 154 156 154 152 146 133 122 128 134 132 129 134 139 144 140 141 134 117 128 137 132 125 128 138 144 140 135 140 156 153 148 145 144 146 140 148 152 145 144 127
255 255 255 255 255 255 255 255 255 255 255 255 255 255 255 255 255 255 255 255 255 255 255 255 255 255 255 255 255 255 255 255 255 255 255 255 255 255 255 255 255 255 255 155 150 153 154 151 155 160 150 140 140 139 148 157 159 150 144 139 139 139 136 140 139 136 134 142 148 143 139 132 132 141 134 110 116 134 141 136 129 135 148 154 150 148 147 152 145 145 144 139 147 140
255 255 255 255 255 255 255 255 255 255 255 255 255 255 255 255 255 255 255 255 255 255 255 255 255 255 255 255 255 255 255 255 255 255 255 255 255 255 255 255 255 255 161 153 144 146 148 146 144 146 142 137 135 136 150 159 159 153 151 151 153 158 155 147 145 140 137 137 144 140 137 139 139 146 145 134 128 124 135 135 132 139 146 154 151 145 139 146 152 150 143 140 151 149
255 255 255 255 255 255 255 255 255 255 255 255 255 255 255 255 255 255 255 255 255 255 255 255 255 255 255 255 255 255 255 255 255 255 255 255 255 255 255 255 255 155 154 152 143 132 130 134 130 122 119 130 132 133 140 140 152 159 160 158 152 152 155 149 138 138 139 125 129 129 127 139 147 151 149 153 143 122 135 144 141 143 143 143 145 148 139 139 147 150 152 152 153 143
255 255 255 255 255 255 255 255 255 255 255 255 255 255 255 255 255 255 255 255 255 255 255 255 255 255 255 255 255 255 255 255 255 255 255 255 255 255 255 255 158 153 151 146 148 139 130 132 127 116 117 130 135 128 120 112 135 158 162 164 162 158 150 143 133 129 128 125 136 131 125 138 151 154 153 156 146 129 139 146 137 138 141 135 138 152 152 147 149 147 157 164 160 151
255 255 255 255 255 255 255 255 255 255 255 255 255 255 255 255 255 255 255 255 255 255 255 255 255 255 255 255 255 255 255 255 255 255 255 255 255 255 255 255 154 158 159 150 150 146 132 135 136 131 133 133 129 129 133 124 136 153 157 157 158 157 150 136 132 131 124 130 141 138 136 134 142 149 150 146 139 135 137 139 133 135 142 142 147 149 142 144 149 149 157 160 157 161
255 255 255 255 255 255 255 255 255 255 255 255 255 255 255 255 255 255 255 255 255 255 255 255 255 255 255 255 255 255 255 255 255 255 255 255 255 255 255 151 152 158 157 150 150 143 131 141 151 142 136 133 129 130 137 140 148 152 153 153 146 140 138 132 126 128 124 131 136 134 143 143 142 145 145 139 140 148 144 133 131 142 151 151 145 136 130 137 149 154 158 161 156 160
255 255 255 255 255 255 255 255 255 255 255 255 255 255 255 255 255 255 255 255 255 255 255 255 255 255 255 255 255 255 255 255 255 255 255 255 255 255 152 146 146 151 147 137 138 140 140 141 148 142 133 136 135 131 128 128 142 145 136 135 128 127 132 140 139 136 133 140 141 134 137 138 136 136 133 122 135 154 148 140 140 154 161 159 150 140 137 140 149 140 132 150 157 155
255 255 255 255 255 255 255 255 255 255 255 255 255 255 255 255 255 255 255 255 255 255 255 255 255 255 255 255 255 255 255 255 255 255 255 255 255 156 151 141 139 147 149 141 135 134 139 134 131 136 133 139 135 127 129 129 139 140 130 127 125 130 137 145 146 146 136 140 144 138 130 126 120 120 126 116 122 143 146 145 146 154 158 156 154 149 152 153 144 118 97 122 147 143
255 255 255 255 255 255 255 255 255 255 255 255 255 255 255 255 255 255 255 255 255 255 255 255 255 255 255 255 255 255 255 255 255 255 255 255 255 146 144 138 137 144 146 145 129 115 127 136 135 131 130 141 139 129 131 136 139 137 127 124 132 134 131 136 141 144 141 142 143 136 120 110 118 123 130 135 135 134 138 141 146 147 145 146 146 149 160 154 135 128 107 107 132 138
255 255 255 255 255 255 255 255 255 255 255 255 255 255 255 255 255 255 255 255 255 255 255 255 255 255 255 255 255 255 255 255 255 255 255 255 155 148 144 141 135 138 139 142 126 107 122 138 144 131 122 138 144 140 134 133 131 127 119 118 122 126 118 120 130 133 140 143 137 130 113 90 105 130 135 137 149 143 136 139 141 142 143 146 145 141 150 151 130 139 132 101 103 127
255 255 255 255 255 255 255 255 255 255 255 255 255 255 255 255 255 255 255 255 255 255 255 255 255 255 255 255 255 255 255 255 255 255 255 157 155 150 144 142 136 140 141 146 144 134 134 134 142 137 132 144 141 122 120 131 126 117 122 123 106 100 102 110 115 116 129 143 141 132 115 91 98 128 149 145 147 145 137 131 130 142 152 153 150 145 142 150 146 149 145 113 81 80
255 255 255 255 255 255 255 255 255 255 255 255 255 255 255 255 255 255 255 255 255 255 255 255 255 255 255 255 255 255 255 255 255 255 154 150 146 143 130 126 132 147 152 154 153 151 144 130 135 135 136 140 125 102 108 128 120 113 123 128 114 107 109 116 112 110 125 145 151 139 129 117 110 122 148 156 150 146 139 130 134 144 153 160 157 153 141 140 142 141 138 126 104 78
255 255 255 255 255 255 255 255 255 255 255 255 255 255 255 255 255 255 255 255 255 255 255 255 255 255 255 255 255 255 255 255 255 255 142 143 140 141 133 127 133 146 155 163 158 154 146 135 140 140 139 129 111 105 113 121 129 135 142 148 143 142 140 142 140 139 143 144 146 146 144 143 136 132 140 152 146 153 152 145 148 150 151 153 156 156 146 144 143 136 136 138 140 134
255 255 255 255 255 255 255 255 255 255 255 255 255 255 255 255 255 255 255 255 255 255 255 255 255 255 255 255 255 255 255 255 255 145 133 141 136 124 133 141 149 153 156 166 165 165 151 133 135 135 133 123 114 122 132 134 142 152 156 157 156 158 155 152 156 154 153 149 143 145 148 147 148 147 147 154 151 155 159 159 156 148 146 141 143 156 153 156 159 154 151 152 156 162
255 255 255 255 255 255 255 255 255 255 255 255 255 255 255 255 255 255 255 255 255 255 255 255 255 255 255 255 255 255 255 255 149 133 119 129 130 113 122 145 153 153 152 160 162 162 146 126 125 129 136 139 134 140 150 153 155 158 159 157 158 160 155 156 163 162 160 158 154 151 148 145 145 145 151 159 155 154 156 164 161 139 143 144 139 148 151 156 158 159 163 164 161 160
255 255 255 255 255 255 255 255 255 255 255 255 255 255 255 255 255 255 255 255 255 255 255 255 255 255 255 255 255 255 255 156 145 118 97 112 128 131 139 149 145 142 144 148 155 157 142 124 126 140 152 156 149 151 155 155 161 161 161 163 163 168 161 155 158 156 160 161 161 160 158 160 153 144 151 161 159 156 155 161 160 139 142 141 139 148 153 158 160 163 169 176 171 165
255 255 255 255 255 255 255 255 255 255 255 255 255 255 255 255 255 255 255 255 255 255 255 255 255 255 255 255 255 255 255 146 137 110 94 111 130 142 155 158 147 145 144 142 145 145 143 141 142 150 155 159 154 155 160 157 160 158 156 160 162 169 164 157 157 155 156 156 154 154 157 162 160 152 153 159 162 158 151 145 142 130 135 128 128 145 158 156 152 159 164 173 173 171
255 255 255 255 255 255 255 255 255 255 255 255 255 255 255 255 255 255 255 255 255 255 255 255 255 255 255 255 255 255 147 130 119 105 112 126 132 138 150 157 147 138 130 124 126 134 150 159 160 156 152 160 164 158 165 163 159 157 157 160 163 166 164 160 158 161 159 156 152 153 157 160 160 155 151 155 162 160 154 136 121 117 128 119 118 130 144 146 141 155 164 167 163 167
255 255 255 255 255 255 255 255 255 255 255 255 255 255 255 255 255 255 255 255 255 255 255 255 255 255 255 255 255 152 139 119 108 111 131 145 148 146 146 154 146 130 116 99 93 120 153 163 161 160 156 156 162 155 155 161 163 162 163 162 160 165 163 162 157 162 159 156 154 153 157 158 155 157 156 146 151 155 157 143 128 126 136 132 135 135 134 138 138 146 149 155 154 161
255 255 255 255 255 255 255 255 255 255 255 255 255 255 255 255 255 255 255 255 255 255 255 255 255 255 255 255 255 138 126 119 123 134 144 145 148 150 144 143 138 130 120 101 93 118 152 166 158 159 162 158 162 165 161 155 158 160 163 160 157 164 160 161 160 163 164 161 161 157 156 156 151 160 154 120 120 140 158 148 139 142 156 157 157 150 137 131 141 145 133 135 150 162
255 255 255 255 255 255 255 255 255 255 255 255 255 255 255 255 255 255 255 255 255 255 255 255 255 255 255 255 151 140 134 132 142 151 152 142 133 139 140 136 122 115 117 109 106 131 150 157 156 158 162 159 157 162 168 161 162 158 154 156 158 160 161 165 166 163 160 160 160 156 153 154 154 147 119 72 70 105 147 153 146 144 153 156 166 166 149 133 134 144 135 122 141 160
255 255 255 255 255 255 255 255 255 255 255 255 255 255 255 255 255 255 255 255 255 255 255 255 255 255 255 255 147 143 141 137 145 153 152 148 130 135 141 133 106 90 97 91 100 137 155 161 161 167 164 162 160 155 161 164 167 167 163 161 166 165 158 156 159 162 166 165 159 153 154 156 150 134 101 66 72 95 123 144 150 143 153 158 161 170 164 154 134 131 133 130 140 146
