example/E5 - XRays/X-ray-tomography/rastert_juap06.txt
ncols         356
nrows         356
xllcorner     -0.5
yllcorner     -355.5
cellsize      1
NODATA_value  -9999
[rows 126 to 167 of 356, columns 0 to 93 of 356]
255 255 255 255 255 255 255 255 128 131 140 141 140 144 143 141 135 135 138 132 125 124 130 134 139 143 148 145 145 152 158 157 150 150 157 155 153 153 149 155 165 161 164 171 165 163 162 161 160 159 160 156 156 164 163 158 147 146 150 146 146 147 146 146 153 151 147 145 138 143 159 164 157 149 146 149 160 157 153 152 149 152 154 152 155 153 153 150 157 161 162 159 155 155
255 255 255 255 255 255 255 255 134 134 136 137 134 142 150 141 129 122 126 129 122 117 128 138 139 144 150 144 146 152 151 156 157 157 158 156 149 149 151 157 168 165 164 170 169 164 156 155 154 160 161 156 155 151 152 155 149 146 147 141 146 152 155 150 145 151 152 154 150 152 164 163 154 156 155 153 158 156 152 159 162 160 152 149 150 153 159 155 154 157 158 153 152 148
255 255 255 255 255 255 255 131 127 129 132 136 136 137 144 144 137 132 131 127 126 126 131 141 146 152 156 151 154 159 155 152 156 157 157 155 155 152 154 159 164 166 168 159 158 163 166 164 155 161 164 156 155 151 150 150 145 146 147 146 153 156 164 167 148 142 138 148 155 151 158 161 157 158 155 146 152 160 159 158 162 166 155 151 153 153 160 158 152 149 149 157 155 138
255 255 255 255 255 255 255 133 127 127 129 134 141 141 136 137 137 135 133 130 129 131 138 148 150 154 158 159 160 160 161 159 153 157 157 154 158 155 153 156 158 164 173 159 165 176 175 169 161 160 151 139 140 140 148 155 154 155 153 154 159 150 156 167 154 147 138 146 154 143 152 161 167 157 158 157 159 161 165 157 151 152 153 153 150 151 153 154 148 140 141 145 144 142
255 255 255 255 255 255 255 139 139 142 138 136 141 145 142 144 143 133 124 127 132 133 135 142 147 150 148 152 158 157 159 162 154 155 156 154 152 147 156 164 163 164 170 167 166 172 174 163 156 162 151 137 125 109 128 150 158 165 160 153 156 154 160 165 154 150 149 153 142 128 141 155 162 159 161 156 162 155 151 155 157 153 162 163 152 149 145 149 149 142 148 149 139 144
255 255 255 255 255 255 255 124 140 147 145 141 135 136 137 143 146 141 134 129 124 122 125 134 145 147 143 142 147 150 148 152 153 154 155 157 155 148 156 167 169 169 169 172 169 162 163 161 153 145 120 106 103 88 117 149 152 154 152 144 148 155 163 168 156 152 152 155 146 141 145 150 159 161 155 151 154 149 142 144 156 163 166 158 150 144 135 142 147 143 148 156 140 130
255 255 255 255 255 255 104 106 134 148 146 148 144 138 133 137 145 145 139 133 128 127 132 139 145 144 140 139 140 145 147 150 153 153 150 154 157 154 159 160 160 168 170 171 173 167 161 164 149 118 86 87 106 101 111 138 148 152 151 148 150 160 163 161 158 160 156 154 154 149 153 158 157 160 156 156 160 153 153 152 151 156 159 149 142 148 144 155 156 150 148 148 131 122
255 255 255 255 255 255 99 101 132 154 154 153 152 144 143 148 147 147 145 140 140 146 147 150 151 145 143 142 141 143 140 146 150 151 149 151 150 146 155 158 153 156 157 159 162 161 161 161 139 111 104 116 135 136 130 139 141 142 143 149 154 156 159 161 163 161 158 165 156 154 162 160 153 154 159 162 161 158 158 157 156 157 153 144 139 154 157 168 167 161 161 157 146 136
255 255 255 255 255 255 115 122 139 153 158 152 149 152 154 154 149 149 153 143 137 152 156 154 155 143 144 145 144 139 133 141 152 156 149 157 160 159 159 148 144 152 158 159 155 153 156 161 142 131 142 145 146 149 146 146 139 135 146 158 160 155 160 167 164 154 150 155 150 154 151 151 149 150 160 161 148 146 148 147 150 152 153 152 148 153 157 157 161 163 158 152 155 155
255 255 255 255 255 255 135 137 148 158 161 162 156 154 152 155 160 161 160 154 146 152 161 163 154 145 150 152 148 144 144 145 151 154 147 153 156 167 169 153 151 162 168 165 160 156 150 148 138 139 146 151 148 157 159 155 145 132 151 159 151 143 152 160 167 165 153 143 151 162 156 162 159 153 150 150 148 149 149 150 157 146 147 153 148 150 155 158 162 165 163 158 149 150
255 255 255 255 255 157 153 151 151 159 160 163 166 164 159 160 164 166 168 164 159 153 150 155 149 147 148 146 145 144 148 155 157 157 155 159 155 153 156 163 165 167 170 163 157 155 158 156 148 145 145 155 154 156 153 158 154 143 149 159 162 150 160 167 162 154 156 152 147 157 162 167 160 151 152 145 153 153 143 146 158 153 152 151 146 152 148 154 155 158 154 166 157 152
255 255 255 255 255 155 156 159 161 161 156 159 165 166 164 162 160 154 159 160 160 162 145 139 144 144 147 151 151 144 143 152 156 157 154 154 153 149 149 152 160 163 162 162 160 154 159 166 165 166 163 162 161 159 155 163 157 155 153 151 157 151 160 162 147 138 148 163 155 153 154 164 170 163 163 150 149 154 150 151 155 153 151 143 138 145 142 158 161 161 155 153 153 156
255 255 255 255 255 142 148 155 159 159 155 155 159 161 163 161 164 162 162 163 158 161 148 135 146 145 148 156 151 144 147 146 144 153 156 153 158 161 160 158 162 167 167 170 171 159 158 167 168 171 165 154 154 158 155 162 160 161 165 157 148 147 162 168 155 143 142 164 168 166 159 160 168 164 156 155 147 152 155 156 157 158 150 134 137 145 149 160 153 156 157 149 145 151
255 255 255 255 255 127 151 157 157 162 165 164 160 162 166 165 166 166 165 164 158 157 143 132 154 153 149 148 141 142 152 148 145 155 157 159 159 160 163 162 157 163 168 168 166 171 168 163 160 158 162 165 154 154 160 157 160 161 165 165 160 156 158 157 158 153 145 151 154 163 161 154 155 158 153 148 146 152 151 158 152 151 156 144 145 148 156 155 134 136 150 157 152 158
255 255 255 255 84 86 131 152 153 157 160 163 162 161 160 162 164 166 161 158 154 156 150 135 151 159 154 149 149 159 167 156 150 160 160 163 162 162 162 156 153 160 161 158 161 162 163 166 164 155 156 156 152 155 160 153 155 154 143 148 155 152 148 146 148 153 147 144 145 157 154 151 152 159 162 152 153 161 151 148 153 161 165 152 146 147 148 154 153 150 154 157 155 157
255 255 255 255 48 41 94 135 149 157 157 159 162 162 159 159 160 167 163 159 154 160 164 142 144 157 158 156 157 161 164 159 156 164 164 165 165 167 162 157 156 159 158 152 154 146 140 158 168 163 157 152 157 158 158 156 157 150 141 130 127 142 145 147 152 147 147 156 152 146 147 151 151 153 163 168 164 161 157 140 146 163 158 143 146 151 142 146 159 155 157 153 152 148
255 255 255 255 37 31 83 124 148 160 158 158 159 162 162 160 157 161 166 165 161 160 164 161 158 153 149 153 160 163 165 165 166 170 164 165 163 156 151 160 164 162 161 157 150 136 124 147 166 173 167 155 157 161 166 164 161 153 162 149 140 152 152 151 154 149 148 156 154 146 147 143 143 150 154 164 165 151 153 148 152 160 158 152 149 150 141 156 168 159 163 158 153 147
255 255 255 255 35 36 79 113 139 151 155 159 159 158 157 158 159 157 163 166 171 168 156 157 162 160 150 149 158 167 170 167 163 164 161 166 169 158 149 153 153 153 158 155 152 139 130 147 165 171 164 161 163 157 153 159 158 160 169 156 149 157 154 152 150 145 146 152 156 161 170 155 149 154 152 151 151 149 161 155 153 155 163 164 151 152 151 157 169 161 165 163 151 141
255 255 255 255 30 33 68 101 132 149 152 160 158 157 160 164 164 161 164 165 171 171 162 154 154 157 155 153 155 158 160 156 158 166 170 165 169 160 157 161 159 158 158 155 151 145 148 157 166 164 163 164 162 158 154 162 158 157 158 143 147 165 162 154 148 137 142 153 159 167 164 144 141 143 150 152 143 143 158 153 146 149 150 141 133 142 161 157 161 161 165 164 148 143
255 255 255 68 33 28 57 90 123 150 156 162 164 163 157 160 166 163 165 165 162 161 160 151 144 145 147 154 160 163 166 158 160 168 173 163 152 151 159 165 168 167 164 168 163 156 158 159 158 162 163 153 154 165 163 161 157 161 165 160 160 153 148 151 148 139 146 151 152 159 156 136 137 141 143 146 145 139 142 147 144 145 150 144 149 149 165 165 160 163 171 166 138 128
255 255 255 57 42 51 80 105 125 140 152 156 158 163 157 161 166 163 158 158 162 156 150 146 143 149 152 153 153 157 165 162 158 162 166 160 150 153 156 154 162 166 162 159 157 154 159 162 157 163 165 155 157 160 160 157 153 164 169 165 162 152 126 119 135 149 156 148 145 155 148 137 141 138 137 146 155 149 151 160 161 156 150 151 157 148 150 157 154 156 160 152 130 118
255 255 255 51 63 88 113 132 141 146 153 153 154 164 167 170 168 166 163 163 161 151 146 140 133 144 157 159 150 149 149 147 152 159 163 156 153 162 165 162 160 161 162 158 148 151 166 170 163 162 165 160 162 164 163 166 163 157 164 170 158 143 120 109 124 146 159 142 130 133 139 144 139 133 143 152 161 164 163 168 153 154 155 161 158 142 145 154 154 160 153 143 134 130
255 255 255 74 92 113 132 148 153 153 154 157 162 165 166 169 167 167 167 164 158 140 140 140 133 143 156 163 166 168 160 146 152 162 160 161 158 163 163 156 157 162 155 132 117 134 155 166 159 154 160 156 148 155 161 166 164 153 156 167 159 150 135 123 123 135 154 141 128 113 128 149 145 140 149 154 155 157 165 169 151 153 158 162 153 132 130 139 142 148 152 145 134 127
255 255 255 96 112 133 147 155 153 152 156 160 162 162 161 159 158 161 162 159 144 121 132 146 147 151 152 156 165 170 167 151 146 155 149 153 158 162 168 159 153 157 134 89 71 108 143 163 160 159 157 160 164 162 162 159 152 149 151 155 159 163 145 132 126 131 149 148 135 114 122 143 138 143 161 153 146 158 161 158 151 154 165 160 147 130 116 115 143 146 139 142 140 129
255 255 255 114 125 142 152 151 149 151 158 160 160 158 161 158 152 160 161 145 113 108 139 150 148 150 152 153 152 154 155 150 145 153 163 164 159 163 165 160 155 145 119 97 84 113 146 158 152 157 160 163 166 169 163 156 149 139 142 149 150 149 136 138 141 137 146 144 139 141 152 154 130 130 147 146 151 153 157 151 139 151 170 165 158 146 139 130 145 152 148 148 151 139
255 255 138 132 140 147 146 146 148 148 149 153 163 165 167 168 158 158 156 138 109 118 145 158 158 155 158 153 140 145 153 151 147 150 165 169 165 164 159 156 153 134 123 131 130 136 151 156 152 151 155 165 163 175 169 155 146 134 135 142 143 145 143 146 156 149 141 142 139 143 152 152 129 126 138 139 142 144 155 147 139 145 154 153 145 143 155 155 151 151 159 157 158 155
255 255 153 144 145 148 146 151 155 156 154 153 158 167 168 168 159 151 158 148 134 138 150 158 157 160 161 150 136 146 162 169 161 154 156 153 155 161 163 156 150 131 130 144 142 141 149 154 159 148 146 161 156 160 162 160 153 140 126 130 147 157 154 152 161 158 146 152 148 143 141 141 139 137 133 131 135 146 159 159 150 145 139 134 134 151 166 171 175 161 153 161 162 161
255 255 152 145 145 149 152 155 151 150 157 161 154 153 156 164 161 151 161 165 155 148 153 158 153 156 153 146 141 148 158 161 157 151 151 147 148 154 156 158 160 150 132 127 143 155 158 158 160 153 158 165 155 155 160 152 144 134 100 110 145 144 140 146 149 158 154 154 155 153 144 134 135 139 147 153 147 143 153 158 152 141 118 106 123 150 165 172 171 155 154 163 166 166
255 255 150 147 151 150 154 159 158 149 153 157 154 161 164 161 161 158 161 167 164 156 154 159 160 158 146 143 149 154 156 148 145 146 148 152 155 155 136 137 150 153 144 126 143 157 161 162 155 153 159 160 157 153 157 153 147 128 93 110 131 121 126 136 143 155 148 146 154 163 166 154 132 133 156 154 145 143 146 153 156 144 114 108 132 151 160 162 156 151 162 158 160 158
255 255 151 154 158 155 152 151 152 151 152 153 154 161 163 159 161 160 157 159 162 164 159 155 154 154 147 150 154 158 164 157 155 156 152 157 156 152 129 120 130 142 154 156 158 155 160 163 159 160 157 164 161 144 149 155 156 133 108 118 119 115 126 141 156 164 157 154 167 175 171 162 137 137 154 151 144 151 156 156 149 144 125 133 152 160 165 169 164 158 160 163 166 152
255 255 155 149 141 147 152 150 150 152 157 159 160 157 159 161 165 162 159 160 160 166 165 163 163 167 162 151 145 151 157 156 156 161 158 158 163 160 140 125 128 145 152 162 163 157 162 161 161 164 157 157 147 140 149 155 164 152 139 141 141 138 145 155 164 166 159 157 157 161 160 162 149 145 153 164 163 160 158 162 147 150 144 133 143 159 165 172 169 172 164 162 160 143
255 255 148 145 146 155 154 152 154 156 156 154 158 161 161 164 167 164 163 160 160 162 159 161 162 165 164 150 146 152 152 151 151 163 166 158 158 164 152 119 103 136 157 162 162 157 159 162 156 158 161 148 144 145 156 163 170 160 146 153 160 152 154 159 156 155 155 159 154 159 163 165 162 163 159 169 175 163 152 161 158 154 134 114 145 160 157 163 159 166 160 160 152 127
255 255 138 140 154 158 154 157 159 160 160 155 156 160 158 162 163 159 160 162 161 160 159 162 161 161 157 151 145 145 154 157 151 154 159 158 154 156 149 130 120 140 154 158 155 151 154 164 160 158 155 145 146 149 162 170 173 160 148 154 160 155 154 159 150 144 148 155 157 156 155 159 170 165 163 161 160 159 158 159 158 149 128 116 153 159 164 171 168 159 148 150 143 136
255 158 152 153 154 153 153 156 158 162 167 169 168 166 166 164 165 163 165 168 163 161 161 156 159 162 155 148 148 156 157 151 147 151 157 164 160 157 149 140 134 145 150 153 157 163 161 150 145 153 145 148 158 160 170 174 169 169 167 161 159 160 156 157 160 151 143 146 155 147 148 147 151 161 165 163 165 170 171 161 162 152 131 127 147 154 159 156 156 157 151 145 145 153
255 156 155 156 156 160 161 158 156 161 164 169 170 167 168 166 166 168 166 164 164 162 151 143 148 153 153 149 152 164 159 147 147 148 150 157 154 153 156 149 140 149 155 147 141 151 156 148 140 149 146 148 158 157 166 171 162 159 159 163 164 162 158 154 152 146 139 138 139 125 116 106 109 136 156 164 167 164 168 163 163 152 138 146 165 170 155 146 150 154 148 146 148 150
255 150 150 156 156 155 158 166 168 171 168 164 168 170 170 167 161 160 163 159 165 163 151 139 132 126 123 126 138 148 152 150 149 149 149 152 152 151 160 161 162 165 155 150 148 146 144 154 156 159 153 148 157 150 155 163 163 157 156 163 161 156 155 152 143 141 135 127 119 107 96 89 99 113 137 160 174 172 168 164 162 141 135 151 163 169 154 140 146 147 145 142 138 146
255 148 148 152 157 162 162 166 167 168 169 165 165 165 166 163 160 157 159 156 161 166 162 155 152 142 130 129 139 145 144 141 147 154 163 162 162 159 160 164 167 164 157 158 151 143 140 155 162 161 157 160 162 158 156 155 158 160 167 168 157 157 160 151 144 149 138 129 128 122 126 122 114 109 137 159 162 155 152 158 162 149 153 158 158 157 151 141 142 140 158 155 145 149
255 155 152 149 155 161 162 162 167 170 171 169 166 165 165 167 170 167 163 154 151 158 158 157 160 162 161 156 153 156 154 151 152 144 147 149 154 164 167 163 163 167 162 162 147 138 140 154 159 154 165 165 159 164 159 157 158 158 157 155 152 153 152 147 146 149 137 137 147 145 149 148 136 134 148 152 152 153 151 152 158 158 160 154 156 160 159 158 149 134 141 144 148 146
255 161 157 156 155 153 156 160 168 167 163 163 165 165 161 161 164 166 169 166 158 156 156 159 160 164 169 167 164 163 159 148 130 112 114 133 150 156 163 166 162 164 156 159 156 151 154 152 157 156 158 159 160 161 158 161 162 158 151 146 153 163 162 159 153 149 139 138 148 149 160 164 148 138 135 142 152 163 165 161 155 152 162 157 154 155 148 146 138 135 139 139 147 150
255 154 153 158 159 160 161 158 160 160 159 160 159 160 157 154 159 158 157 159 161 158 153 162 173 173 171 169 161 154 140 117 93 84 98 119 144 156 159 161 159 162 158 165 166 160 155 135 148 169 159 158 163 159 163 156 158 157 160 162 161 166 164 157 145 149 159 159 159 156 165 172 163 152 138 140 145 151 159 165 159 156 168 167 166 157 138 138 139 136 141 145 148 157
255 156 157 156 156 161 168 168 165 163 164 162 162 161 158 160 166 161 158 160 159 157 158 160 166 169 171 169 155 152 134 100 87 86 100 111 126 147 152 149 155 159 158 160 159 160 153 132 136 162 165 162 161 156 167 163 158 160 161 162 162 164 157 160 154 156 162 165 170 168 163 160 162 164 148 150 150 148 157 168 165 173 173 159 158 157 141 144 154 146 135 141 153 161
255 152 154 158 163 161 162 164 165 163 159 159 156 157 160 164 165 159 152 151 160 162 165 164 165 163 168 173 161 151 134 105 90 95 120 131 127 132 131 137 150 156 160 155 153 162 153 133 130 141 156 161 160 159 169 169 160 160 161 153 156 170 164 161 149 148 156 160 162 165 173 167 165 167 156 154 154 161 165 167 166 175 168 157 153 158 145 145 160 150 125 137 153 152
