example/E5 - XRays/X-ray-tomography/rastert_juap42.txt
ncols         356
nrows         356
xllcorner     -0.5
yllcorner     -355.5
cellsize      1
NODATA_value  -9999
[rows 252 to 293 of 356, columns 0 to 93 of 356]
255 255 255 255 255 255 255 255 255 255 255 255 255 255 255 255 255 141 135 138 140 140 135 135 139 147 152 152 146 134 131 140 154 160 156 151 147 136 126 120 122 123 132 143 143 138 136 137 137 140 141 130 128 144 151 134 122 132 150 156 153 156 144 145 157 151 152 160 162 168 168 157 155 170 165 151 151 155 154 155 163 144 111 126 146 137 133 139 145 145 146 144 142 150
255 255 255 255 255 255 255 255 255 255 255 255 255 255 255 255 255 255 137 144 153 148 137 132 139 150 152 150 143 134 134 141 152 159 156 155 153 148 143 133 129 132 138 145 141 137 138 140 140 143 141 138 144 153 155 138 130 132 138 143 133 138 145 150 148 145 149 152 160 166 162 157 163 164 154 147 148 157 154 149 152 136 113 118 128 131 139 145 156 165 160 142 140 156
255 255 255 255 255 255 255 255 255 255 255 255 255 255 255 255 255 255 153 150 153 151 144 140 145 156 155 151 141 135 136 133 143 155 157 152 143 142 140 133 135 146 151 151 144 141 138 144 148 146 144 146 152 158 150 131 138 135 130 130 111 121 143 142 137 147 151 147 153 155 156 159 161 155 153 157 156 150 139 139 137 131 120 105 118 140 144 146 156 165 156 134 143 158
255 255 255 255 255 255 255 255 255 255 255 255 255 255 255 255 255 255 255 151 152 149 146 148 145 147 151 149 137 132 131 128 134 139 145 141 136 138 137 130 132 144 151 155 154 157 148 146 143 139 144 151 159 160 139 118 131 132 133 136 118 122 142 138 137 156 156 151 150 149 153 157 154 154 153 152 151 138 135 141 137 133 134 119 130 153 152 155 157 154 139 121 140 156
255 255 255 255 255 255 255 255 255 255 255 255 255 255 255 255 255 255 255 148 148 147 142 139 131 130 139 145 139 132 129 132 129 128 133 136 141 141 139 137 134 136 143 151 155 154 147 143 135 139 149 152 151 144 121 107 124 133 138 144 137 133 143 138 135 152 144 141 144 147 153 156 146 138 136 144 145 134 142 143 134 135 140 138 145 157 164 168 162 154 137 134 154 154
255 255 255 255 255 255 255 255 255 255 255 255 255 255 255 255 255 255 255 255 152 145 138 138 136 135 140 148 148 137 129 133 133 137 137 134 139 136 138 143 139 141 141 139 135 130 136 144 134 134 143 144 142 140 128 124 129 138 140 139 133 138 143 134 132 140 138 137 142 146 145 139 139 146 143 145 133 124 139 141 138 137 136 147 157 158 165 164 154 144 148 159 165 153
255 255 255 255 255 255 255 255 255 255 255 255 255 255 255 255 255 255 255 255 153 144 142 143 140 140 141 147 145 129 123 134 143 144 140 131 125 124 133 143 142 145 143 130 123 131 139 142 135 130 138 146 145 145 143 145 147 149 150 145 131 133 130 132 140 142 139 131 136 142 139 131 137 148 142 145 133 114 118 131 144 144 145 154 154 158 163 158 151 145 156 155 150 160
255 255 255 255 255 255 255 255 255 255 255 255 255 255 255 255 255 255 255 255 255 149 147 142 134 135 135 137 130 120 122 134 137 125 125 131 138 135 135 139 135 137 141 129 122 139 146 142 138 131 137 146 142 142 147 152 152 147 145 135 134 134 130 137 129 117 125 132 136 141 139 136 139 148 149 153 146 121 102 116 146 155 148 148 146 158 160 151 148 149 157 156 157 170
255 255 255 255 255 255 255 255 255 255 255 255 255 255 255 255 255 255 255 255 255 149 150 143 132 128 133 139 141 140 135 136 138 128 127 143 155 148 141 137 134 136 141 134 130 142 147 143 138 134 140 139 131 136 144 149 141 133 134 132 140 141 145 147 127 100 105 119 126 137 135 130 136 144 146 156 151 127 102 119 147 151 147 153 161 166 156 153 158 162 163 166 169 168
255 255 255 255 255 255 255 255 255 255 255 255 255 255 255 255 255 255 255 255 255 255 148 148 142 133 142 145 143 139 137 142 147 145 142 154 160 157 154 146 141 144 141 139 140 147 150 144 139 140 144 140 135 142 146 149 144 139 136 138 140 137 141 140 133 115 107 107 112 136 139 135 146 148 145 155 153 134 120 136 153 151 153 159 165 164 156 156 165 166 167 168 162 164
255 255 255 255 255 255 255 255 255 255 255 255 255 255 255 255 255 255 255 255 255 255 154 148 143 138 140 139 131 131 145 157 157 149 145 151 155 149 144 140 142 148 149 145 139 143 143 142 147 147 145 143 139 140 144 149 150 144 133 134 137 141 141 133 131 132 123 121 121 121 123 134 146 143 142 154 152 139 132 142 153 156 158 159 159 164 161 155 165 167 167 168 164 167
255 255 255 255 255 255 255 255 255 255 255 255 255 255 255 255 255 255 255 255 255 255 255 149 144 140 139 136 127 129 144 150 146 146 148 150 142 131 133 135 142 147 153 146 138 143 145 152 155 151 142 137 136 132 138 147 148 139 126 132 144 148 135 125 130 136 133 142 142 115 114 136 145 143 148 157 152 142 136 142 151 158 157 153 155 166 166 157 160 166 165 158 154 158
255 255 255 255 255 255 255 255 255 255 255 255 255 255 255 255 255 255 255 255 255 255 255 148 143 141 139 135 129 125 133 145 149 152 153 149 136 129 135 138 136 135 142 135 136 148 149 149 148 149 140 137 141 137 135 134 136 132 132 146 156 156 140 126 132 140 143 152 149 123 118 139 148 145 149 153 151 150 138 135 144 150 151 151 147 156 166 156 154 161 164 160 153 162
255 255 255 255 255 255 255 255 255 255 255 255 255 255 255 255 255 255 255 255 255 255 255 255 141 144 141 139 135 130 131 142 149 156 155 144 123 120 135 138 131 129 131 132 143 151 151 147 146 148 148 148 142 136 131 129 132 138 152 157 156 158 158 146 135 137 141 143 139 123 121 134 142 149 155 155 150 149 142 142 147 145 149 146 135 147 160 152 161 164 167 170 160 166
255 255 255 255 255 255 255 255 255 255 255 255 255 255 255 255 255 255 255 255 255 255 255 255 255 142 141 140 140 140 138 141 149 156 148 139 124 116 126 134 131 128 121 124 140 143 143 143 144 144 146 147 140 139 136 131 134 148 158 162 163 164 166 163 143 129 131 131 121 113 123 130 139 153 160 162 156 156 145 148 151 155 159 145 139 153 158 156 163 162 163 161 157 171
255 255 255 255 255 255 255 255 255 255 255 255 255 255 255 255 255 255 255 255 255 255 255 255 255 130 137 136 137 141 144 145 149 149 143 140 130 119 120 135 139 135 130 126 130 137 144 143 138 140 143 142 137 144 142 136 149 161 160 164 165 164 164 168 159 141 129 128 128 129 142 147 149 142 145 154 152 147 132 144 155 158 156 154 155 156 159 156 156 159 157 153 165 174
255 255 255 255 255 255 255 255 255 255 255 255 255 255 255 255 255 255 255 255 255 255 255 255 255 255 140 139 141 143 142 139 137 137 135 137 133 131 132 140 144 141 138 134 129 135 138 133 137 143 140 128 128 139 142 152 164 163 158 160 160 164 166 167 168 155 133 131 140 143 148 154 154 143 142 146 139 129 129 140 149 149 152 162 158 156 155 151 149 150 155 166 170 170
255 255 255 255 255 255 255 255 255 255 255 255 255 255 255 255 255 255 255 255 255 255 255 255 255 255 146 153 154 149 146 144 142 140 135 131 127 134 142 145 142 139 141 144 137 131 122 119 131 139 139 131 135 147 153 162 165 161 161 163 162 161 167 168 170 165 145 138 147 141 141 146 141 140 142 146 147 146 145 143 156 158 160 163 151 150 148 144 147 147 159 163 160 169
255 255 255 255 255 255 255 255 255 255 255 255 255 255 255 255 255 255 255 255 255 255 255 255 255 255 255 157 152 151 153 152 149 143 133 126 126 136 139 133 137 141 147 147 137 134 125 115 120 130 142 145 149 160 163 164 162 161 165 166 162 159 164 167 168 160 147 144 139 129 134 137 134 140 144 149 149 143 139 135 143 141 145 151 149 157 153 147 153 160 166 160 158 163
255 255 255 255 255 255 255 255 255 255 255 255 255 255 255 255 255 255 255 255 255 255 255 255 255 255 255 255 154 156 157 151 143 136 128 127 138 143 133 126 138 145 145 140 132 137 142 130 117 128 149 152 152 153 153 158 161 161 167 164 158 158 161 160 158 153 151 151 132 118 122 130 138 144 144 143 137 132 137 134 122 112 130 145 147 148 146 149 153 163 166 160 157 153
255 255 255 255 255 255 255 255 255 255 255 255 255 255 255 255 255 255 255 255 255 255 255 255 255 255 255 255 150 153 154 151 141 128 126 126 136 137 128 132 146 148 140 138 144 150 152 135 110 126 150 152 150 152 159 162 160 160 166 163 158 161 160 167 163 159 151 143 133 123 115 123 136 143 142 141 145 149 138 129 125 113 118 135 139 141 144 142 143 155 156 156 151 143
255 255 255 255 255 255 255 255 255 255 255 255 255 255 255 255 255 255 255 255 255 255 255 255 255 255 255 255 255 153 151 152 142 123 125 126 128 135 138 143 149 143 134 138 145 149 147 131 113 124 144 152 150 158 166 166 162 161 167 161 159 159 161 165 154 144 142 140 143 146 126 122 135 144 142 139 148 147 132 128 127 120 113 120 132 140 137 122 116 133 146 156 153 151
255 255 255 255 255 255 255 255 255 255 255 255 255 255 255 255 255 255 255 255 255 255 255 255 255 255 255 255 255 150 148 151 141 132 140 139 130 139 146 145 145 143 135 132 132 140 144 136 123 125 136 148 149 151 152 155 157 157 159 155 150 147 151 154 145 135 142 141 139 141 134 133 137 142 141 136 140 139 136 134 126 119 112 114 127 143 141 128 122 135 156 162 158 160
255 255 255 255 255 255 255 255 255 255 255 255 255 255 255 255 255 255 255 255 255 255 255 255 255 255 255 255 255 255 149 149 141 142 148 140 135 143 147 146 144 145 139 130 131 140 143 140 135 132 132 140 146 150 151 152 155 156 154 155 153 149 149 150 141 135 140 140 138 136 143 142 126 130 140 140 142 145 147 145 132 118 112 110 122 141 147 145 141 148 159 157 150 152
255 255 255 255 255 255 255 255 255 255 255 255 255 255 255 255 255 255 255 255 255 255 255 255 255 255 255 255 255 255 255 145 147 149 144 140 136 133 134 136 137 141 137 135 142 148 143 142 140 133 123 114 125 139 139 138 147 154 152 150 151 153 151 148 139 140 140 140 143 141 148 140 118 124 145 148 146 149 148 147 132 117 119 125 132 139 142 151 148 147 152 151 145 143
255 255 255 255 255 255 255 255 255 255 255 255 255 255 255 255 255 255 255 255 255 255 255 255 255 255 255 255 255 255 255 133 142 148 143 145 135 125 129 134 136 138 134 133 144 145 141 147 147 142 124 99 105 122 131 130 138 144 141 136 138 148 145 134 138 142 137 139 142 138 143 140 131 141 150 150 147 155 153 145 123 109 119 132 135 141 145 149 138 133 144 150 148 144
255 255 255 255 255 255 255 255 255 255 255 255 255 255 255 255 255 255 255 255 255 255 255 255 255 255 255 255 255 255 255 255 127 133 138 141 133 130 134 137 138 137 130 126 133 135 139 147 145 143 140 129 117 120 132 130 131 136 140 141 139 138 129 120 130 136 137 138 141 139 144 145 141 151 154 150 147 153 147 138 133 133 138 139 143 149 150 150 140 128 135 149 151 144
255 255 255 255 255 255 255 255 255 255 255 255 255 255 255 255 255 255 255 255 255 255 255 255 255 255 255 255 255 255 255 255 255 117 136 147 146 145 144 142 143 145 145 141 132 130 140 147 144 141 150 150 137 130 132 126 125 130 135 138 134 131 133 127 128 136 142 140 144 142 144 144 145 154 155 155 155 148 137 130 133 140 145 145 149 154 155 152 149 143 141 146 136 133
255 255 255 255 255 255 255 255 255 255 255 255 255 255 255 255 255 255 255 255 255 255 255 255 255 255 255 255 255 255 255 255 255 255 131 146 149 147 145 142 138 145 155 157 142 135 144 146 143 141 144 143 144 142 139 127 123 122 125 131 130 135 145 141 130 132 137 139 147 143 140 140 143 151 154 160 158 144 134 124 121 130 138 145 149 153 151 142 137 139 143 142 131 137
255 255 255 255 255 255 255 255 255 255 255 255 255 255 255 255 255 255 255 255 255 255 255 255 255 255 255 255 255 255 255 255 255 255 137 144 148 147 143 139 134 137 150 158 148 138 139 144 147 143 138 141 147 141 129 122 131 127 126 127 121 122 132 144 142 142 143 138 140 138 139 142 139 140 147 156 159 148 135 123 125 129 128 142 145 146 147 134 125 136 146 145 144 148
255 255 255 255 255 255 255 255 255 255 255 255 255 255 255 255 255 255 255 255 255 255 255 255 255 255 255 255 255 255 255 255 255 255 255 142 147 148 145 143 138 130 140 152 142 128 136 148 152 147 143 145 142 132 130 130 130 116 98 107 118 123 120 129 141 146 142 137 135 131 137 141 134 134 140 150 157 144 125 125 137 129 116 132 140 143 143 133 133 145 147 147 150 151
255 255 255 255 255 255 255 255 255 255 255 255 255 255 255 255 255 255 255 255 255 255 255 255 255 255 255 255 255 255 255 255 255 255 255 255 143 152 149 142 133 123 129 133 123 122 138 146 145 146 146 143 141 140 138 121 107 112 110 110 113 122 117 114 126 139 140 143 139 125 127 132 132 137 144 152 146 129 123 130 142 133 124 134 137 140 137 133 138 140 142 143 143 142
255 255 255 255 255 255 255 255 255 255 255 255 255 255 255 255 255 255 255 255 255 255 255 255 255 255 255 255 255 255 255 255 255 255 255 255 255 151 147 137 132 131 126 124 124 131 143 149 146 150 148 142 146 152 143 123 109 123 140 131 111 115 124 122 124 136 144 145 137 123 120 128 136 142 146 146 130 115 118 135 150 142 134 131 134 134 127 126 128 131 139 146 143 139
255 255 255 255 255 255 255 255 255 255 255 255 255 255 255 255 255 255 255 255 255 255 255 255 255 255 255 255 255 255 255 255 255 255 255 255 255 146 141 132 131 133 127 132 145 148 156 152 148 152 151 140 147 156 153 145 133 130 138 135 116 113 120 121 130 143 142 134 134 134 131 134 136 142 142 137 124 119 127 139 145 146 149 138 132 125 124 129 131 138 146 153 147 140
255 255 255 255 255 255 255 255 255 255 255 255 255 255 255 255 255 255 255 255 255 255 255 255 255 255 255 255 255 255 255 255 255 255 255 255 255 255 140 137 136 130 129 136 149 152 156 149 147 155 154 137 137 144 148 152 151 136 122 123 128 126 117 116 134 140 136 134 139 140 135 132 133 143 143 142 141 146 144 143 146 152 152 143 137 134 134 140 145 146 139 143 142 143
255 255 255 255 255 255 255 255 255 255 255 255 255 255 255 255 255 255 255 255 255 255 255 255 255 255 255 255 255 255 255 255 255 255 255 255 255 255 255 143 138 126 126 138 150 153 152 146 145 150 148 141 136 137 141 151 155 143 129 126 134 134 121 120 131 132 136 141 138 135 134 133 137 144 145 148 154 154 147 150 153 157 148 143 142 136 135 140 139 137 130 140 140 143
255 255 255 255 255 255 255 255 255 255 255 255 255 255 255 255 255 255 255 255 255 255 255 255 255 255 255 255 255 255 255 255 255 255 255 255 255 255 255 255 131 119 130 149 155 158 157 156 153 156 154 153 143 133 129 137 147 153 141 125 132 145 144 134 131 126 135 139 136 142 143 137 137 141 143 150 154 148 147 153 154 153 151 145 134 128 137 140 134 131 139 150 147 147
255 255 255 255 255 255 255 255 255 255 255 255 255 255 255 255 255 255 255 255 255 255 255 255 255 255 255 255 255 255 255 255 255 255 255 255 255 255 255 255 137 132 147 156 156 162 164 165 164 162 155 156 150 141 133 134 143 150 132 118 126 146 148 141 145 134 135 138 141 148 144 146 152 150 148 151 148 147 147 150 151 149 147 145 129 120 139 145 136 136 146 153 149 147
255 255 255 255 255 255 255 255 255 255 255 255 255 255 255 255 255 255 255 255 255 255 255 255 255 255 255 255 255 255 255 255 255 255 255 255 255 255 255 255 255 143 152 158 161 167 169 170 165 156 153 158 158 157 152 140 131 133 130 125 125 136 142 146 156 147 140 141 141 140 142 149 153 147 141 141 140 145 147 152 154 153 150 150 136 121 133 140 138 143 150 154 152 150
255 255 255 255 255 255 255 255 255 255 255 255 255 255 255 255 255 255 255 255 255 255 255 255 255 255 255 255 255 255 255 255 255 255 255 255 255 255 255 255 255 255 151 155 161 164 162 166 161 158 156 158 155 156 157 147 130 132 140 138 131 136 142 145 153 159 155 156 150 146 145 140 143 142 139 142 142 145 153 157 156 159 161 160 146 130 134 145 152 157 154 151 150 150
255 255 255 255 255 255 255 255 255 255 255 255 255 255 255 255 255 255 255 255 255 255 255 255 255 255 255 255 255 255 255 255 255 255 255 255 255 255 255 255 255 255 255 153 157 157 156 163 161 161 159 158 152 153 154 150 140 136 142 141 137 131 133 141 149 161 162 164 155 143 138 130 139 144 141 144 145 149 155 156 161 169 168 166 157 133 126 138 149 157 159 157 158 160
255 255 255 255 255 255 255 255 255 255 255 255 255 255 255 255 255 255 255 255 255 255 255 255 255 255 255 255 255 255 255 255 255 255 255 255 255 255 255 255 255 255 255 255 143 155 162 168 164 159 159 162 154 152 151 146 136 127 141 148 140 132 136 139 142 151 154 155 142 123 126 128 131 140 143 148 152 149 153 160 172 178 172 170 159 138 125 131 150 156 161 164 163 162
