example/E5 - XRays/X-ray-tomography/rastert_juap24.txt
ncols         356
nrows         356
xllcorner     -0.5
yllcorner     -355.5
cellsize      1
NODATA_value  -9999
[rows 252 to 293 of 356, columns 94 to 187 of 356]
123 136 127 140 149 157 157 147 142 127 108 105 123 136 137 147 158 160 158 147 140 130 128 140 154 154 148 141 145 142 145 152 159 164 155 152 153 155 159 159 169 167 164 165 161 158 155 163 172 163 160 158 161 167 160 162 161 162 165 160 162 155 150 159 162 156 150 110 82 129 161 152 165 160 153 164 161 164 166 168 153 150 150 152 160 170 161 151 147 134 133 145 144 145
116 133 112 126 153 155 144 140 134 103 91 106 127 143 144 148 152 150 150 141 120 117 137 147 151 153 156 153 153 149 148 148 155 163 160 159 158 159 157 155 160 160 164 166 164 169 168 159 168 161 157 157 158 160 158 158 159 160 160 161 156 147 145 154 155 150 140 107 90 125 147 149 155 150 155 165 160 161 162 161 150 146 143 152 164 175 164 159 153 149 158 155 158 159
118 126 121 134 146 139 130 138 134 113 117 143 151 142 136 141 149 151 148 149 126 129 149 157 157 152 148 145 147 152 154 148 145 150 152 147 152 163 157 154 162 163 162 151 159 172 165 157 164 161 161 163 157 155 162 159 161 154 153 159 152 148 149 151 150 155 145 116 103 136 155 153 150 147 154 157 161 167 160 153 155 154 148 152 162 170 161 163 154 139 144 145 153 154
109 114 128 137 145 141 138 144 140 129 130 150 153 135 132 144 156 161 155 151 132 129 146 155 156 152 144 147 155 156 157 155 148 143 143 144 155 164 164 163 170 163 161 150 157 160 152 158 160 163 167 162 158 157 161 157 156 150 157 157 145 145 140 138 142 153 143 129 128 148 151 147 162 162 159 153 162 170 165 164 163 159 164 156 157 167 160 162 153 140 147 149 153 153
132 128 132 123 140 145 138 141 140 128 115 133 144 133 138 159 163 161 154 147 134 117 131 148 160 156 149 163 159 149 147 147 141 127 136 154 160 157 156 156 157 155 155 158 162 150 150 156 154 158 162 157 157 165 160 153 153 151 152 146 137 127 112 130 147 151 140 138 143 149 144 142 157 161 157 154 160 164 163 169 167 163 171 165 158 161 152 148 142 140 156 154 148 148
143 133 126 117 129 122 125 129 137 135 118 126 131 131 146 161 154 152 152 144 138 120 127 135 149 154 150 158 153 144 139 142 129 121 147 158 152 150 150 151 158 156 153 159 156 146 152 155 155 153 149 155 156 157 152 150 154 146 133 131 130 112 104 125 136 141 140 141 144 146 145 144 145 155 158 165 160 160 163 166 161 164 172 168 162 155 148 141 141 139 143 143 142 141
141 135 133 133 129 118 136 136 137 147 140 133 142 144 148 154 146 149 153 137 131 132 142 142 141 142 146 153 154 151 140 144 135 132 145 150 152 152 156 159 157 143 142 153 156 144 145 149 149 147 145 156 151 147 149 152 153 145 146 154 140 126 136 133 129 138 142 141 138 139 146 145 150 167 170 165 163 162 162 168 163 161 172 168 159 158 156 150 153 148 141 128 124 130
140 136 149 150 127 120 132 142 150 151 148 149 155 147 145 158 152 141 141 132 128 129 133 142 148 149 155 157 144 151 151 146 139 133 136 145 154 159 158 149 137 121 126 145 151 142 140 138 139 143 146 150 148 153 148 143 148 145 144 149 137 128 142 140 137 140 150 150 141 141 144 138 148 160 165 163 169 170 166 173 168 167 165 163 160 156 154 154 150 144 135 132 135 131
140 128 140 139 118 127 139 148 151 150 152 157 151 143 144 153 150 134 137 141 137 132 140 150 151 146 144 139 135 152 147 141 147 140 132 131 141 150 144 131 125 108 108 137 146 149 145 135 134 139 134 130 138 137 138 141 148 146 130 134 138 130 137 140 143 145 150 149 136 141 143 134 150 167 168 165 165 169 163 164 166 168 156 159 171 162 148 142 142 140 128 138 150 138
126 121 124 111 116 142 149 149 153 159 157 156 155 158 159 159 166 157 143 133 134 144 156 153 143 141 141 141 142 153 144 144 147 141 141 143 145 151 150 140 132 104 97 131 146 150 150 143 143 146 122 124 138 124 132 145 150 143 133 142 146 143 147 146 154 155 153 150 132 130 133 139 163 172 168 162 161 163 157 157 165 167 160 156 163 160 152 142 139 130 105 111 130 128
119 103 100 92 114 139 151 158 164 157 148 152 163 168 165 163 167 162 155 142 134 145 148 148 145 139 142 151 148 151 150 158 148 137 143 149 149 151 153 148 137 114 111 138 154 157 156 153 144 140 132 142 142 139 138 146 150 137 141 142 133 141 147 147 161 164 158 156 139 135 141 157 161 166 168 167 159 157 161 159 163 162 164 161 160 156 149 133 114 89 69 77 100 107
121 92 81 93 122 144 159 163 160 146 143 149 164 166 166 166 159 156 162 154 148 144 137 145 149 137 142 154 149 142 145 155 149 138 138 145 146 147 143 128 119 116 119 135 147 149 146 144 140 140 145 147 143 145 139 145 137 124 144 149 137 141 144 149 167 169 161 159 146 140 147 154 149 159 161 166 160 158 165 166 164 160 165 164 156 153 146 109 69 55 64 74 89 108
126 110 102 118 148 165 165 164 159 154 158 156 158 159 172 178 167 165 165 160 149 132 130 140 147 140 148 147 138 137 141 144 150 141 130 129 127 130 118 86 87 114 135 143 148 147 142 144 145 147 149 144 141 142 140 146 140 129 140 151 144 138 135 136 147 154 156 154 143 139 154 161 159 163 160 163 159 159 161 163 161 162 162 163 155 147 135 93 60 72 102 114 110 110
126 126 132 137 158 164 158 159 161 162 162 170 171 169 176 177 175 171 163 165 155 149 149 138 138 143 153 145 139 140 136 132 138 137 125 117 118 123 110 80 75 93 127 140 145 154 150 152 139 139 141 131 128 142 141 144 146 133 134 142 137 138 134 134 148 152 153 156 144 146 165 169 165 166 158 155 155 162 163 159 153 158 161 164 158 145 133 96 68 84 125 140 131 114
131 125 140 155 162 156 156 162 171 174 167 174 174 172 172 173 173 167 161 169 166 165 158 129 119 132 141 143 150 147 134 124 137 143 128 126 116 116 118 110 103 84 101 124 135 148 147 142 133 138 139 129 129 141 138 142 142 134 142 142 131 138 139 136 143 145 149 164 162 154 157 157 163 167 159 162 158 163 160 156 151 151 154 153 149 140 126 97 72 79 122 139 135 128
145 122 136 163 162 154 157 155 160 172 173 171 169 167 167 173 170 166 167 175 172 172 163 131 125 138 144 148 148 141 140 141 145 137 132 129 95 89 115 119 108 79 88 119 139 144 139 126 122 133 140 142 147 146 143 143 142 147 152 141 139 148 143 141 140 142 152 164 166 156 158 160 161 160 160 161 157 159 154 153 148 146 147 138 135 130 123 104 76 71 98 121 130 138
137 122 135 159 157 151 155 149 160 179 175 166 167 172 173 169 167 171 170 174 167 169 165 143 140 144 143 145 141 143 146 152 149 142 145 130 81 67 87 82 75 69 79 105 133 136 134 117 106 118 129 144 154 148 144 135 136 143 144 141 146 140 133 143 144 153 161 160 162 158 161 166 164 151 157 164 159 153 154 155 152 150 149 139 129 117 117 119 91 75 86 99 118 134
137 129 128 144 150 153 151 152 170 176 168 163 166 174 168 161 160 170 174 173 163 169 164 151 149 148 141 137 140 147 145 144 144 147 138 129 89 60 61 49 56 72 75 80 101 113 119 109 112 121 116 135 154 148 143 143 141 131 129 141 144 135 137 145 146 153 154 155 164 163 160 164 163 146 151 166 166 163 161 157 152 151 153 144 134 125 124 123 87 66 80 102 126 145
147 137 131 139 150 150 142 146 159 164 171 173 172 173 174 170 165 173 181 172 167 167 157 151 147 143 133 135 143 141 136 130 130 142 133 118 93 78 96 100 104 113 105 85 72 86 122 130 129 130 126 138 152 149 138 141 133 130 131 133 141 142 137 147 150 149 145 145 163 168 160 160 155 140 142 156 153 147 150 156 153 147 147 148 146 155 145 122 98 91 106 130 151 158
150 137 134 131 147 154 150 152 160 162 165 167 170 175 174 171 174 181 180 172 170 166 157 140 120 118 120 134 143 137 129 125 127 142 143 128 102 91 124 145 142 140 144 128 92 89 129 134 125 134 142 147 149 140 126 128 131 147 147 136 139 142 141 151 150 143 124 124 154 168 162 159 156 138 135 150 142 141 153 155 155 158 155 153 152 153 141 133 133 135 129 135 157 163
154 140 130 127 148 161 155 151 162 163 170 174 175 180 172 166 173 183 181 173 173 172 155 130 119 127 125 132 141 133 130 133 141 144 134 129 111 112 146 156 148 151 159 156 133 128 149 140 127 128 138 156 152 127 114 122 129 145 152 146 143 151 156 153 144 135 114 125 154 166 161 155 151 134 137 148 130 128 148 155 153 157 151 141 138 135 131 133 137 127 106 104 119 138
155 155 139 129 141 157 151 151 167 169 178 178 180 189 179 171 173 184 183 179 183 178 149 125 130 137 128 130 139 134 133 139 144 130 122 127 126 139 160 166 164 166 163 166 158 152 144 128 121 124 139 159 152 129 133 139 137 144 146 139 149 160 152 152 152 138 135 143 153 159 163 160 142 132 138 126 117 119 133 152 155 154 146 131 133 135 127 128 130 107 86 74 73 101
156 163 148 140 145 154 155 158 167 167 178 178 175 182 181 180 180 183 180 178 172 158 150 142 145 145 133 129 140 145 147 144 137 124 128 139 142 151 163 165 176 173 168 170 164 162 142 123 114 117 132 143 145 141 148 143 142 149 140 122 139 157 148 145 143 137 147 152 152 154 162 158 148 147 140 120 126 130 132 150 157 160 148 135 140 137 128 138 130 103 89 84 86 101
162 159 148 151 153 151 155 160 159 162 177 176 169 170 176 176 175 174 162 155 151 138 135 136 134 142 140 130 141 152 151 137 126 124 130 135 145 163 167 162 175 169 172 177 167 167 157 136 122 125 134 134 140 142 145 144 141 152 148 130 142 154 143 132 137 143 146 148 151 157 155 153 156 158 144 121 125 130 135 144 151 148 138 142 143 126 123 145 135 96 82 97 113 119
162 157 155 158 157 153 151 160 159 153 154 158 165 170 173 169 167 158 142 124 117 107 110 125 134 145 140 128 139 155 143 129 119 101 97 115 144 162 166 170 176 172 175 175 163 164 168 162 141 134 143 140 147 145 147 148 141 153 148 138 147 148 143 142 147 141 134 139 146 153 149 148 148 159 147 123 121 133 134 128 133 133 130 129 124 121 130 139 124 86 77 98 121 128
154 151 157 162 167 169 161 165 164 152 143 146 152 150 156 160 152 133 106 88 95 108 121 138 145 137 116 113 135 151 144 135 118 73 67 112 152 167 168 174 177 177 174 171 173 167 166 170 148 134 140 141 148 152 158 162 155 152 136 132 143 148 149 157 157 150 153 157 152 145 141 143 142 146 134 118 116 132 139 134 130 127 125 117 115 125 133 127 112 104 106 111 127 136
147 142 148 156 162 162 161 168 164 158 157 157 151 136 137 141 134 120 94 80 95 118 130 138 131 113 101 103 124 148 154 136 110 63 61 114 155 166 171 176 172 172 173 168 172 172 167 165 165 168 161 150 149 156 167 169 155 147 140 142 152 157 158 167 169 163 163 164 154 140 138 149 146 143 141 129 124 137 145 142 136 126 131 132 129 131 128 120 121 133 133 126 131 129
145 147 150 148 155 159 167 173 165 161 165 161 151 142 139 133 123 117 104 86 89 103 117 130 130 128 128 123 129 149 151 128 112 78 70 118 153 163 166 171 168 171 173 172 174 172 167 171 175 176 172 169 170 166 169 163 151 149 144 147 156 159 163 169 170 163 163 162 146 137 140 154 143 138 147 142 142 146 142 143 143 129 134 135 134 135 131 123 128 145 143 139 138 128
146 154 154 149 156 163 169 170 166 164 163 156 146 135 124 104 90 93 105 102 105 112 135 153 155 162 163 148 140 141 138 132 123 84 76 122 158 170 166 166 170 173 175 178 176 168 165 175 174 167 171 179 180 169 167 164 156 153 140 138 147 149 158 163 158 150 157 153 144 142 142 146 134 136 140 138 148 151 147 150 147 137 134 130 133 140 139 127 120 142 140 135 137 134
140 155 154 154 160 164 166 163 162 161 157 148 135 122 108 80 66 80 110 128 134 141 156 163 159 166 164 151 147 151 138 118 98 59 76 128 154 165 164 165 172 172 179 177 171 168 165 171 169 165 172 173 166 164 165 162 156 153 146 143 141 144 163 166 151 146 156 143 134 142 142 135 127 137 143 144 153 146 145 150 148 151 147 138 131 129 132 125 119 139 137 136 136 135
145 154 158 166 164 159 162 162 164 156 148 143 129 121 115 88 89 115 132 146 150 148 156 164 158 160 163 157 150 150 123 90 75 52 88 137 155 164 165 169 173 171 173 168 165 172 169 171 178 176 175 166 160 169 158 152 145 145 154 154 148 147 155 144 130 142 161 149 132 144 145 137 132 130 134 142 152 148 146 149 145 146 146 144 131 120 126 130 130 135 136 136 133 131
161 155 154 158 153 155 158 158 164 156 144 135 128 127 122 113 129 150 153 156 154 142 142 156 158 167 172 161 142 126 91 58 66 76 104 139 155 161 164 167 173 172 171 165 162 174 173 172 181 173 164 159 162 166 147 142 139 139 147 147 151 151 149 125 117 145 167 154 134 140 144 138 135 124 126 130 134 142 132 136 141 136 143 146 131 126 137 137 136 136 134 132 132 129
149 136 139 144 153 161 158 156 163 156 146 136 126 121 126 137 149 159 162 158 150 140 146 150 151 163 161 154 131 93 54 36 71 109 124 132 146 156 159 164 173 171 173 176 173 176 172 168 175 172 161 151 156 165 153 140 136 142 142 134 149 157 155 139 137 153 160 150 131 133 147 136 122 112 120 124 131 143 134 137 148 142 147 148 140 140 146 137 138 142 140 134 141 139
122 128 136 141 152 155 151 149 149 145 144 134 121 114 127 145 159 162 161 156 148 150 164 161 156 165 156 145 114 60 33 31 71 121 130 126 147 160 161 165 172 166 170 177 170 168 170 169 166 168 158 140 143 155 151 142 140 140 132 131 144 146 139 137 147 157 159 159 142 136 143 133 121 110 118 120 133 148 149 145 146 139 145 148 147 145 145 144 143 140 140 136 137 137
103 126 133 139 147 148 150 148 146 145 142 128 122 128 142 157 162 159 155 153 150 154 163 163 159 162 145 129 93 40 29 33 69 123 130 132 154 160 160 166 168 163 173 174 170 168 171 177 164 153 158 159 157 151 139 140 154 143 121 124 133 135 131 125 144 164 163 165 152 142 141 134 133 129 135 136 140 150 150 145 141 133 141 147 158 158 141 139 137 141 142 135 138 143
87 112 131 136 141 150 153 151 152 151 133 111 121 143 153 159 159 167 166 157 146 144 148 158 160 154 131 112 79 38 37 56 98 133 136 143 154 158 159 163 166 169 171 169 170 170 173 176 165 158 163 169 169 154 135 135 151 141 121 130 135 138 136 122 139 161 154 150 143 146 149 145 149 142 142 150 148 148 141 139 138 136 146 146 153 155 137 130 124 136 136 127 138 145
76 100 135 139 142 147 143 150 152 148 135 116 123 140 152 156 155 160 155 148 142 137 137 145 153 150 128 114 97 79 85 107 137 147 144 153 161 158 162 164 169 177 170 167 168 172 168 157 153 157 156 157 161 146 133 136 141 136 126 135 140 144 144 135 144 150 139 135 138 145 150 159 162 148 142 152 153 149 142 139 141 144 152 150 150 147 136 117 111 126 139 146 149 150
100 116 137 138 139 137 141 149 151 152 145 134 130 135 140 141 142 145 142 142 149 145 138 142 143 143 137 124 106 107 122 131 143 155 152 158 158 157 168 170 170 174 167 166 168 166 155 139 137 144 153 159 159 140 138 146 140 136 135 134 138 147 148 141 143 144 138 133 140 140 143 162 165 162 158 157 153 157 151 146 147 150 148 148 145 149 141 112 103 122 149 166 161 158
131 134 136 129 123 123 136 145 152 154 145 139 142 140 131 137 141 136 140 150 151 146 143 145 144 140 144 132 110 114 127 139 151 155 153 160 157 161 167 169 168 169 167 164 168 155 135 123 122 123 141 157 156 144 145 152 151 146 144 137 138 144 144 140 144 148 145 139 145 144 150 162 159 160 168 163 153 154 146 145 149 149 143 138 132 145 147 126 120 132 149 164 164 164
135 141 147 139 124 128 144 151 156 160 153 151 147 128 128 142 141 131 135 146 141 142 144 145 151 146 144 137 130 132 137 149 158 152 153 163 156 150 161 171 171 174 172 164 164 144 118 103 99 106 126 151 157 149 144 145 143 138 134 132 143 145 145 149 154 152 151 136 136 144 151 154 145 147 160 160 152 145 146 144 143 149 151 139 128 136 142 131 142 154 160 165 173 175
140 145 152 152 144 142 155 161 163 166 163 157 141 126 134 139 128 119 122 134 141 150 146 147 157 153 147 141 140 141 142 154 162 157 158 165 162 154 163 173 167 171 170 163 149 123 102 84 89 111 126 149 157 142 131 131 128 131 139 149 152 150 151 155 150 142 143 132 130 137 145 151 145 146 156 162 150 144 153 156 148 149 151 146 145 150 154 143 141 153 163 157 162 168
148 149 156 157 155 155 154 152 153 160 159 148 132 124 128 127 120 122 123 139 149 148 147 155 163 159 153 138 132 137 144 153 155 155 159 160 162 157 168 179 170 169 165 154 127 93 78 66 86 114 126 141 142 128 116 116 120 139 154 159 155 153 153 151 147 142 138 129 127 127 138 146 150 148 153 154 152 157 155 157 150 150 148 149 157 161 163 147 138 142 151 154 156 165
