example/E5 - XRays/X-ray-tomography/rastert_juap32.txt
ncols         356
nrows         356
xllcorner     -0.5
yllcorner     -355.5
cellsize      1
NODATA_value  -9999
[rows 42 to 83 of 356, columns 95 to 189 of 356]
137 143 142 132 124 123 114 97 82 83 111 141 137 129 130 134 128 107 84 78 93 118 135 145 139 115 104 124 140 129 113 137 160 169 167 168 167 164 167 155 143 139 135 132 135 133 138 136 135 137 133 134 138 145 139 138 143 153 162 160 153 150 153 151 148 140 143 150 145 147 138 141 148 156 159 150 150 145 141 154 149 138 140 145 144 139 137 138 139 133 125 127 128 129 133
139 148 146 133 121 127 126 114 96 97 124 140 141 138 138 134 122 99 79 78 90 98 100 113 116 95 96 121 140 140 123 130 147 161 166 165 167 168 167 156 157 156 138 118 129 136 133 134 135 137 134 135 137 142 145 151 152 151 161 160 159 157 161 152 146 141 147 157 146 146 147 144 148 154 157 149 158 157 154 165 157 137 140 144 148 144 142 145 141 139 140 138 133 128 124
136 149 138 127 119 124 133 134 125 121 135 136 135 135 136 123 95 77 85 106 109 96 91 92 94 96 114 135 146 150 141 134 134 150 160 157 162 170 171 160 165 167 146 118 130 145 132 126 128 131 126 118 119 135 151 156 155 153 161 158 160 161 165 156 150 145 149 149 134 137 145 145 147 149 149 145 154 160 161 165 166 149 143 147 153 141 131 137 140 138 138 134 140 135 132
139 142 132 123 118 118 129 136 135 137 139 138 136 127 125 113 88 81 95 106 104 98 105 104 102 116 133 150 154 147 139 141 139 141 145 141 153 166 167 162 165 167 146 116 129 148 134 115 113 123 127 107 94 121 156 161 160 157 152 153 159 161 165 163 157 152 150 142 137 142 143 143 142 136 136 147 152 160 164 163 168 163 146 141 144 130 124 132 139 138 135 136 138 135 136
147 141 137 132 131 129 131 131 136 143 141 136 135 125 121 113 101 110 114 108 105 110 112 116 121 131 140 154 160 152 139 142 144 138 141 135 130 143 155 161 164 154 136 114 128 138 126 121 126 133 126 97 89 122 159 165 162 155 150 159 165 164 165 158 156 161 155 150 141 140 143 143 144 140 137 144 150 163 169 165 165 167 158 148 144 131 127 134 138 140 140 146 138 140 148
148 149 143 128 123 128 137 142 146 143 138 130 128 118 122 114 100 118 125 126 131 133 132 136 137 139 141 145 147 143 137 141 144 138 138 137 124 127 142 159 166 147 138 131 133 132 126 133 138 127 111 84 87 129 159 162 157 157 163 170 162 163 171 158 153 158 152 154 144 142 143 142 149 152 139 135 151 162 169 164 168 170 162 153 148 134 130 133 136 140 137 144 147 149 154
134 145 149 136 128 129 132 143 154 148 139 132 134 126 125 117 103 120 133 145 145 137 137 138 136 136 135 135 136 132 130 141 145 140 134 128 127 132 140 155 164 152 147 151 146 137 142 144 139 133 130 109 109 144 155 162 165 159 165 168 160 159 167 160 157 155 153 153 142 144 142 141 151 153 142 131 140 141 155 157 165 173 161 150 140 137 140 139 139 140 136 138 147 152 150
131 138 147 136 126 126 118 127 151 159 152 143 141 142 128 122 124 132 138 147 141 133 138 142 141 129 116 123 133 131 118 126 136 142 137 127 131 136 138 154 158 153 155 157 153 142 148 145 132 135 139 125 126 154 154 162 172 165 164 165 169 163 161 162 159 151 149 149 135 136 137 138 148 149 144 135 133 125 143 153 159 171 164 156 138 138 145 137 136 142 138 128 136 145 152
136 145 149 136 122 123 117 122 138 149 156 155 145 151 143 130 136 141 139 139 137 133 140 146 148 131 120 123 133 147 137 133 134 137 147 143 137 143 143 147 145 144 148 146 146 140 139 133 124 133 141 133 133 155 156 161 168 163 166 166 164 162 161 162 158 149 145 151 144 130 130 140 146 145 146 145 143 135 144 149 152 162 157 151 141 142 141 129 133 137 136 132 142 139 145
144 159 160 150 139 137 126 118 123 133 149 156 147 149 151 141 138 144 145 142 148 150 148 143 149 137 137 140 143 152 152 150 139 130 149 149 141 148 154 149 138 130 129 126 128 133 136 130 129 136 140 138 139 155 159 159 166 159 166 167 159 161 160 161 158 155 149 153 150 136 137 144 139 141 150 153 151 146 141 143 150 148 139 131 138 143 135 126 135 137 133 133 137 131 135
154 157 164 162 144 131 132 121 118 141 149 147 148 148 150 148 140 140 147 142 151 155 142 132 146 146 144 148 151 153 155 162 152 135 142 143 141 147 156 150 145 134 128 127 126 125 132 136 138 135 135 144 147 152 153 152 163 166 166 162 162 162 155 158 148 141 142 147 141 139 145 147 137 140 150 156 154 150 145 147 141 125 117 118 132 138 138 139 139 141 135 134 143 141 134
168 162 163 160 141 122 127 127 125 148 150 146 153 153 154 151 145 139 148 146 147 151 144 139 148 152 146 139 144 156 162 164 159 151 150 150 144 141 144 130 139 140 125 120 130 127 135 137 134 136 138 152 154 152 151 152 156 160 158 159 165 161 150 144 135 136 132 137 136 139 148 146 141 141 145 153 158 156 154 148 131 112 118 134 136 130 140 142 133 139 145 153 159 151 142
170 168 168 159 138 118 121 130 133 138 137 138 150 156 153 144 147 143 144 143 141 146 150 155 153 148 146 136 138 157 165 165 159 161 161 156 151 143 139 124 127 133 120 113 130 125 129 138 133 136 139 148 150 149 147 146 152 152 150 159 165 154 144 138 135 144 134 135 139 141 151 153 149 137 139 152 153 152 150 144 133 128 134 134 134 131 143 147 141 147 159 160 156 152 143
169 164 170 162 136 118 123 134 139 139 138 139 145 153 155 145 142 143 140 138 136 145 151 155 146 136 138 137 146 166 168 171 162 155 159 160 154 143 140 127 117 122 123 117 121 120 126 138 137 135 131 133 134 137 146 144 145 146 151 158 161 150 138 135 139 140 137 141 146 145 148 156 159 147 138 147 145 139 144 144 135 130 141 130 126 134 139 145 150 150 154 149 153 153 140
155 156 157 147 130 118 120 136 139 142 148 145 142 147 156 149 138 139 138 139 136 144 142 131 128 129 141 142 152 168 165 169 164 149 149 157 148 139 141 126 115 124 127 123 123 127 130 128 133 131 128 136 138 138 145 134 125 140 149 145 150 154 142 138 146 142 135 136 142 143 148 160 164 159 145 139 142 138 140 147 144 127 136 128 119 132 124 128 144 146 141 134 143 146 140
138 144 135 115 111 115 118 135 136 133 138 136 137 137 147 146 139 143 143 146 143 145 142 132 136 142 147 144 149 158 154 159 160 150 145 149 142 137 143 129 126 131 134 134 135 140 134 128 134 128 124 148 151 139 135 128 124 141 147 136 138 146 142 140 141 141 138 135 139 140 147 155 155 153 148 136 143 145 140 142 147 135 133 131 121 122 107 108 132 141 134 120 124 135 139
131 136 123 115 125 134 134 138 136 133 136 134 138 137 141 142 142 147 148 149 149 144 143 142 149 150 149 143 142 148 143 148 152 154 142 139 135 137 145 129 129 132 133 139 138 141 134 131 133 130 132 157 160 148 136 135 141 150 154 141 134 141 139 137 130 143 146 135 140 149 150 147 149 148 147 139 139 140 139 137 143 145 143 142 131 110 101 111 128 141 136 117 117 132 140
131 121 113 127 135 135 134 133 133 132 133 136 139 142 147 140 137 142 148 150 157 154 145 148 153 150 153 142 136 143 144 147 147 146 128 125 131 132 144 137 132 134 132 132 135 137 136 135 132 128 133 158 163 158 149 143 147 149 150 139 136 150 147 143 136 147 147 134 135 145 145 136 144 147 149 147 141 137 134 139 144 145 145 141 139 127 125 134 132 137 142 134 129 140 140
141 123 115 131 142 136 132 133 135 133 132 133 131 132 141 138 130 133 143 150 153 155 146 150 148 146 149 132 128 140 150 150 141 138 128 127 136 133 145 146 138 139 140 138 136 134 138 146 143 138 139 150 155 152 147 145 138 129 131 133 135 149 151 150 142 143 145 143 131 125 135 132 136 141 143 149 147 137 131 135 139 141 143 139 136 143 152 153 141 140 146 142 138 140 140
149 138 127 126 140 147 145 139 136 137 139 143 135 129 129 130 123 129 139 142 144 147 148 146 151 151 142 125 121 131 144 141 131 134 132 133 142 139 139 146 148 147 147 151 137 133 135 142 143 143 143 142 149 147 148 150 139 121 127 136 137 142 138 146 140 138 138 147 143 133 137 133 132 136 135 139 144 136 128 134 144 149 146 144 141 146 154 145 140 141 149 147 139 131 138
135 138 137 126 129 137 146 143 139 141 142 131 108 106 122 127 122 134 142 139 140 134 143 143 150 152 146 139 134 133 132 123 134 145 134 140 146 145 136 136 145 145 139 145 137 138 135 138 143 144 145 146 150 149 149 148 141 126 128 141 143 149 133 136 137 139 139 148 146 137 137 130 129 142 134 122 128 134 130 139 153 154 150 146 152 157 154 143 140 141 150 147 138 126 139
123 134 143 134 128 126 136 144 149 142 136 100 55 69 115 134 135 140 139 144 146 135 138 140 137 139 148 147 138 126 116 114 135 148 138 140 140 148 143 139 147 147 142 143 144 154 148 139 144 146 152 156 152 158 151 146 146 138 120 125 139 150 137 136 139 132 134 145 143 139 139 135 132 145 144 133 128 127 126 135 148 147 144 141 155 163 156 145 140 133 139 137 137 137 144
134 135 140 135 135 141 141 137 138 135 132 88 48 76 125 138 141 141 133 142 142 139 135 137 140 143 146 144 140 133 131 135 131 133 138 132 125 130 134 136 143 138 142 151 151 158 154 146 143 141 144 144 147 153 152 151 146 149 134 116 131 137 134 141 137 132 129 141 149 144 142 140 137 141 151 145 134 132 137 138 147 154 156 153 158 160 160 150 141 133 144 147 141 137 135
144 134 136 145 147 142 135 133 126 127 139 111 87 114 145 143 141 141 133 135 137 135 130 137 144 145 142 142 142 134 135 150 132 127 135 122 112 112 125 138 138 133 134 147 154 150 135 141 145 142 142 140 153 149 143 149 146 147 145 135 141 134 138 147 146 148 146 152 156 139 134 133 134 132 147 146 142 150 156 158 163 160 163 163 157 157 161 156 150 149 154 153 150 139 132
141 136 141 156 158 142 130 133 131 132 141 143 137 141 144 139 136 146 144 136 138 134 128 136 139 140 134 141 140 128 134 150 139 135 140 126 118 123 129 147 142 141 134 132 142 140 125 136 141 138 139 140 147 151 151 153 152 146 148 148 154 148 146 145 151 153 141 136 138 131 135 136 138 132 129 137 146 155 158 163 167 160 164 160 148 154 158 152 154 162 157 153 150 138 126
139 138 154 164 158 142 133 131 127 128 132 149 153 141 125 117 114 134 146 142 143 138 136 142 137 138 126 125 129 131 138 145 146 140 141 130 123 131 131 143 140 142 139 135 136 136 133 141 143 137 139 139 141 145 149 149 150 144 144 151 154 154 157 150 150 149 137 134 129 122 133 141 148 144 129 136 150 157 167 165 161 157 159 159 145 149 157 153 158 165 158 158 149 140 134
143 143 150 158 156 144 140 139 131 128 128 140 145 139 125 123 121 128 140 145 147 140 129 131 131 135 127 124 129 146 151 140 142 143 132 125 132 141 135 141 143 142 141 145 149 149 146 145 139 130 138 143 148 145 147 152 155 142 134 142 147 154 158 149 145 146 141 141 139 128 133 135 145 149 144 150 157 159 166 159 149 155 160 161 150 148 153 158 167 169 161 163 164 156 153
141 154 156 149 144 149 145 145 141 127 123 125 132 139 137 147 147 133 129 139 147 135 117 120 125 133 132 136 141 142 146 146 145 139 124 121 134 142 138 145 144 142 144 150 157 159 155 146 135 124 134 139 148 154 154 155 150 137 132 138 141 147 153 147 145 135 132 135 137 137 134 133 139 145 151 157 163 164 166 159 148 156 158 153 143 152 157 164 166 162 165 166 169 162 161
129 140 146 145 141 151 152 147 147 135 133 125 124 139 141 152 152 132 120 126 133 127 122 131 136 137 136 135 138 125 136 158 152 134 125 128 131 133 139 145 137 141 145 141 150 159 153 140 137 135 143 138 146 155 154 153 145 138 139 144 144 140 162 161 152 140 137 135 133 136 130 132 129 135 148 155 160 161 162 158 152 157 146 140 140 152 164 169 167 162 169 172 167 164 161
135 135 134 141 145 149 150 147 146 137 135 133 136 149 153 153 145 132 121 118 123 123 133 143 152 146 149 146 138 133 150 161 152 139 129 123 125 128 137 146 143 137 130 128 141 145 149 144 137 141 144 142 145 143 137 136 138 132 134 143 148 145 160 166 180 182 163 147 142 135 136 143 129 131 142 146 154 161 167 161 161 159 147 139 148 151 163 170 170 167 168 174 172 168 156
145 140 135 140 143 142 137 143 149 140 134 135 139 140 143 146 133 131 132 127 121 117 141 151 154 151 149 143 132 136 149 159 155 144 130 123 132 136 137 138 145 139 127 134 143 136 143 147 136 131 139 147 141 138 138 125 120 130 134 138 146 152 166 217 255 255 206 160 145 142 150 157 156 148 146 149 160 159 165 159 165 161 150 146 160 160 159 163 164 164 165 171 170 159 140
149 142 133 139 142 140 141 140 145 142 142 144 137 123 125 139 130 132 142 134 137 136 151 149 152 156 145 129 124 129 134 150 156 146 137 128 131 133 132 125 138 144 146 153 155 142 138 141 142 143 148 150 139 141 139 127 121 141 142 140 142 163 227 255 255 255 196 158 151 149 155 163 179 176 164 162 161 152 158 160 162 148 147 154 164 163 160 175 170 169 169 172 169 152 128
157 149 134 137 148 145 144 140 137 141 147 153 146 129 123 130 129 134 141 134 134 142 151 147 148 148 144 135 138 136 133 144 137 129 135 130 131 137 138 127 124 137 146 150 142 136 135 140 145 151 144 137 135 134 128 129 130 138 135 138 144 161 224 255 255 197 158 153 148 140 145 166 178 183 174 164 155 152 160 156 139 125 146 162 160 158 158 167 169 176 171 163 164 154 129
169 159 136 123 133 137 135 140 133 142 152 160 157 137 121 125 131 137 139 129 123 122 125 140 150 147 144 139 148 151 144 143 128 121 137 145 148 155 157 139 125 130 134 148 138 132 135 134 132 137 127 126 128 129 132 131 132 137 134 141 149 149 164 176 172 162 154 155 147 141 142 169 190 194 178 158 150 152 159 137 115 128 147 154 152 150 159 164 164 169 168 163 162 147 123
170 165 139 116 131 142 143 148 133 138 148 156 156 145 120 117 131 141 132 106 109 108 104 121 136 143 138 126 134 151 151 137 123 124 141 149 155 163 162 146 142 137 132 148 143 137 135 127 131 138 134 133 129 133 143 133 142 148 141 138 147 145 143 145 153 158 145 150 145 144 143 150 165 176 165 154 155 155 154 139 129 147 153 154 157 150 165 173 165 160 164 165 161 144 133
167 158 142 138 149 151 145 145 138 135 140 144 143 150 130 120 140 143 124 105 118 131 126 125 133 134 127 115 125 140 149 139 114 117 145 151 158 163 159 152 149 139 136 139 134 129 123 128 131 128 135 137 129 132 139 132 145 149 141 133 134 140 141 139 143 146 135 152 152 143 135 120 109 131 149 153 157 157 153 155 158 154 153 163 166 159 168 170 169 164 165 163 160 149 143
157 138 135 147 147 148 141 133 130 130 131 130 135 139 121 114 134 133 117 123 139 153 150 136 139 127 119 121 124 134 141 141 130 126 141 150 157 161 158 152 139 126 135 132 125 130 124 133 135 130 141 142 130 130 136 136 151 154 138 135 131 133 138 139 144 145 147 155 147 121 107 93 78 106 141 146 155 156 151 155 162 151 147 161 165 163 167 160 164 161 157 159 147 140 138
151 123 127 143 144 149 151 134 123 125 127 124 132 124 113 120 134 135 130 135 149 159 152 141 141 137 131 134 127 130 131 132 134 136 137 140 144 144 145 138 129 123 128 125 115 129 132 133 136 137 141 144 139 143 145 139 140 140 131 139 137 138 142 140 148 144 137 135 122 98 91 92 93 109 133 144 154 155 155 154 159 160 160 158 158 162 164 158 165 167 160 156 127 116 129
148 124 126 135 136 141 148 137 125 121 133 140 148 141 133 137 141 131 135 132 135 135 127 135 140 151 140 132 138 139 131 132 139 142 133 128 133 128 127 116 125 133 126 119 112 127 134 135 141 145 138 137 141 147 147 142 134 136 133 138 141 148 154 145 147 141 124 122 111 102 123 133 135 134 137 144 150 146 147 159 170 163 160 153 157 164 163 161 161 157 150 134 99 111 139
136 131 131 134 133 136 139 141 137 126 142 146 155 154 134 132 143 127 120 121 126 129 129 144 144 147 145 132 138 153 147 137 137 141 136 132 123 119 122 119 128 132 133 125 120 140 148 141 143 150 146 141 146 153 149 146 138 141 138 144 152 150 155 147 147 146 133 139 130 127 153 157 147 143 142 140 143 131 125 145 165 155 153 151 161 165 167 158 153 149 129 100 85 127 150
122 130 134 135 137 137 128 128 128 132 147 144 155 155 132 131 144 137 127 132 140 146 136 135 134 137 149 144 133 143 152 146 135 138 138 137 125 121 125 128 138 134 141 138 130 140 152 147 138 146 143 147 151 157 148 146 139 141 145 157 158 142 144 147 149 147 141 145 144 145 155 148 143 151 148 141 141 134 125 128 146 152 157 150 149 156 161 150 147 140 108 84 89 136 155
120 130 126 128 128 133 132 124 124 140 148 144 148 144 140 148 164 156 134 134 142 140 128 133 129 138 149 152 137 128 134 144 141 138 137 134 135 136 136 125 139 138 141 149 146 147 156 150 134 140 140 149 144 145 143 140 140 148 151 159 155 140 141 141 139 150 148 139 140 150 157 140 137 146 147 136 125 120 120 123 132 140 152 153 155 151 153 152 147 112 71 76 100 141 154
