example/E5 - XRays/X-ray-tomography/rastert_juap45.txt
ncols         356
nrows         356
xllcorner     -0.5
yllcorner     -355.5
cellsize      1
NODATA_value  -9999
[rows 84 to 125 of 356, columns 0 to 93 of 356]
255 255 255 255 255 255 255 255 255 255 255 255 255 255 255 255 255 255 255 255 255 255 255 255 255 255 255 137 127 114 114 105 103 121 136 142 136 132 130 133 140 142 151 148 125 130 136 136 142 145 150 148 147 141 137 139 136 142 146 148 147 142 150 153 143 129 139 143 142 143 130 111 113 130 140 144 146 149 140 132 131 123 125 121 111 119 141 147 148 158 167 168 166 160
255 255 255 255 255 255 255 255 255 255 255 255 255 255 255 255 255 255 255 255 255 255 255 255 255 255 134 130 113 92 108 121 121 134 138 133 133 132 132 134 140 137 142 141 128 132 139 136 139 142 149 144 137 140 143 148 139 131 135 150 159 150 151 150 153 148 142 140 143 141 125 108 109 127 145 147 148 153 145 135 134 123 119 121 128 135 136 130 135 154 163 167 159 143
255 255 255 255 255 255 255 255 255 255 255 255 255 255 255 255 255 255 255 255 255 255 255 255 255 255 102 107 110 96 115 134 136 143 130 112 113 116 124 129 137 132 130 132 131 133 137 136 141 136 133 136 129 139 146 152 152 152 150 150 154 149 152 147 151 155 147 143 145 137 113 105 123 136 149 151 149 149 144 137 137 129 123 129 143 147 124 114 133 154 161 159 135 111
255 255 255 255 255 255 255 255 255 255 255 255 255 255 255 255 255 255 255 255 255 255 255 255 255 124 95 97 121 122 130 135 131 140 129 113 115 119 125 130 132 126 127 137 141 136 138 139 143 136 128 133 134 140 147 150 151 158 157 152 151 146 151 151 149 144 138 139 143 131 103 102 133 142 136 128 126 137 142 131 128 126 123 129 141 145 128 124 147 155 155 140 110 97
255 255 255 255 255 255 255 255 255 255 255 255 255 255 255 255 255 255 255 255 255 255 255 255 255 136 125 125 137 139 138 135 126 132 131 122 124 127 129 132 135 133 130 140 146 142 141 142 133 124 130 142 145 143 149 154 160 162 152 155 150 136 140 149 150 143 139 136 136 133 117 127 150 145 134 131 126 121 119 115 116 108 96 102 121 128 121 116 144 152 145 131 105 100
255 255 255 255 255 255 255 255 255 255 255 255 255 255 255 255 255 255 255 255 255 255 255 255 137 133 137 144 147 151 146 142 137 137 139 133 127 129 130 133 140 143 136 137 143 145 143 143 132 119 126 143 150 148 147 152 162 170 164 161 150 138 134 138 145 138 122 116 120 126 128 137 151 148 146 147 131 117 116 118 121 110 106 108 107 104 114 120 136 140 138 135 120 116
255 255 255 255 255 255 255 255 255 255 255 255 255 255 255 255 255 255 255 255 255 255 255 143 135 126 120 137 144 154 156 147 138 136 139 136 125 127 134 135 132 127 128 134 143 145 141 135 136 128 129 144 150 146 144 152 155 157 163 159 145 140 137 133 139 133 115 109 118 126 135 133 137 142 144 147 143 144 150 153 148 135 144 146 131 115 125 139 143 139 142 142 119 108
255 255 255 255 255 255 255 255 255 255 255 255 255 255 255 255 255 255 255 255 255 255 255 154 145 122 105 128 145 152 155 150 138 133 134 132 131 137 148 139 118 103 107 115 131 136 137 132 133 127 123 133 137 142 140 144 153 148 143 142 144 143 140 130 127 133 126 121 128 134 143 137 133 140 145 143 153 166 166 173 167 154 158 158 161 152 145 142 143 137 143 146 125 110
255 255 255 255 255 255 255 255 255 255 255 255 255 255 255 255 255 255 255 255 255 255 161 162 156 121 95 126 150 151 152 154 148 143 140 138 134 138 148 142 122 111 111 106 119 131 137 136 132 128 129 137 132 139 144 140 150 140 128 130 141 150 150 152 140 140 132 128 142 142 140 141 146 147 151 142 149 171 174 173 172 169 163 159 166 173 162 145 146 145 144 148 143 134
255 255 255 255 255 255 255 255 255 255 255 255 255 255 255 255 255 255 255 255 255 255 163 166 156 112 93 131 159 162 160 161 156 147 138 138 139 137 136 136 128 126 128 119 124 133 134 135 135 133 133 148 143 136 144 142 140 135 142 145 145 151 153 162 154 145 139 134 143 143 130 128 146 149 151 148 149 166 178 176 174 177 168 165 165 176 177 162 158 158 144 146 143 139
255 255 255 255 255 255 255 255 255 255 255 255 255 255 255 255 255 255 255 255 255 164 160 162 144 95 97 142 164 163 155 159 157 147 137 132 140 143 137 142 138 131 128 127 137 138 130 134 141 137 129 141 152 147 142 139 140 142 155 159 161 163 164 167 157 148 145 144 143 139 125 107 121 137 145 153 148 151 161 172 174 170 167 165 162 171 177 168 162 160 136 136 143 138
255 255 255 255 255 255 255 255 255 255 255 255 255 255 255 255 255 255 255 255 255 163 164 163 133 95 118 152 161 158 160 162 159 151 145 137 138 139 130 137 144 136 134 132 139 139 131 131 143 147 137 135 148 154 144 138 143 152 154 151 160 166 167 174 169 162 156 153 155 150 139 108 98 114 132 148 150 155 157 162 167 167 172 167 166 170 170 170 168 160 126 116 135 133
255 255 255 255 255 255 255 255 255 255 255 255 255 255 255 255 255 255 255 255 163 163 168 162 125 105 138 162 162 158 165 157 153 154 146 136 139 141 131 135 150 143 143 139 137 143 141 138 144 150 147 141 144 148 148 145 146 155 160 164 165 166 162 166 171 169 160 156 157 153 146 122 107 108 126 140 149 155 156 163 164 162 164 166 165 169 169 171 170 164 131 106 122 125
255 255 255 255 255 255 255 255 255 255 255 255 255 255 255 255 255 255 255 255 161 166 161 138 114 126 150 162 161 159 168 157 151 158 146 130 137 149 145 143 153 146 139 138 141 145 145 149 147 143 147 145 140 135 140 147 151 157 161 172 171 167 166 166 168 164 156 156 158 156 144 131 131 124 131 137 146 145 143 152 159 164 165 167 168 173 170 164 167 170 144 112 115 125
255 255 255 255 255 255 255 255 255 255 255 255 255 255 255 255 255 255 255 158 159 156 139 117 115 144 161 163 163 161 170 168 158 158 148 134 134 146 146 144 151 144 139 140 142 144 144 148 147 140 138 131 136 134 138 147 152 154 159 163 166 168 170 170 170 168 163 158 157 156 137 126 140 137 131 135 143 142 146 146 150 164 171 168 168 171 167 163 162 162 133 111 118 123
255 255 255 255 255 255 255 255 255 255 255 255 255 255 255 255 255 255 255 166 164 155 143 139 142 156 168 168 167 165 168 169 160 151 146 148 152 154 150 143 141 138 139 145 143 147 151 142 143 143 137 131 138 140 143 139 139 146 161 166 167 170 169 168 169 172 168 162 161 156 138 131 146 139 128 133 138 137 145 147 143 149 165 165 168 168 166 171 163 157 122 107 133 133
255 255 255 255 255 255 255 255 255 255 255 255 255 255 255 255 255 255 158 163 162 159 158 158 158 161 168 168 167 167 168 172 165 152 141 144 160 161 153 140 137 142 145 151 150 149 152 146 134 125 132 143 142 141 140 124 118 124 145 163 161 164 166 165 166 165 164 162 162 161 147 134 143 139 127 131 139 141 145 148 147 147 158 161 159 163 165 168 152 140 118 116 142 146
255 255 255 255 255 255 255 255 255 255 255 255 255 255 255 255 255 255 159 159 156 155 161 163 163 165 173 173 169 168 165 168 166 153 143 143 160 164 155 147 147 154 157 157 153 146 144 148 137 123 131 144 145 148 142 126 101 92 114 149 162 161 163 165 166 164 161 153 155 160 152 132 127 130 123 127 137 138 141 137 141 141 145 145 140 144 154 151 126 116 120 119 128 139
255 255 255 255 255 255 255 255 255 255 255 255 255 255 255 255 255 166 161 151 152 157 163 167 168 167 170 173 168 167 161 160 163 156 149 147 157 166 165 159 153 153 153 151 141 138 141 146 143 141 147 153 151 149 146 128 94 80 106 137 156 152 154 161 159 157 155 149 156 158 150 139 126 125 118 118 128 132 135 135 141 135 138 137 131 130 139 140 128 123 126 128 132 131
255 255 255 255 255 255 255 255 255 255 255 255 255 255 255 255 255 168 159 149 157 167 167 166 164 166 169 169 163 154 148 157 160 152 147 151 157 162 162 155 155 159 155 152 139 136 146 158 150 145 154 166 158 150 149 137 108 84 109 133 141 138 143 155 157 159 155 153 155 151 139 137 133 130 121 110 123 131 132 134 138 136 139 133 129 135 138 136 133 129 123 134 139 130
255 255 255 255 255 255 255 255 255 255 255 255 255 255 255 255 156 158 159 159 161 168 167 165 162 167 168 160 157 142 136 155 158 147 145 149 150 154 151 148 152 159 159 160 150 140 142 155 154 148 153 165 160 147 140 138 128 100 112 133 140 140 143 150 156 154 150 152 145 147 138 124 123 135 133 119 125 130 141 132 123 130 135 138 141 149 149 142 140 133 127 130 127 128
255 255 255 255 255 255 255 255 255 255 255 255 255 255 255 255 152 148 159 165 165 171 175 174 166 165 157 149 153 143 139 147 150 140 137 139 137 139 136 140 147 151 159 162 153 150 146 150 152 147 148 160 163 157 145 141 137 118 117 126 139 146 144 146 152 150 154 156 136 137 141 124 113 136 147 140 130 120 127 118 115 127 127 133 144 151 151 153 149 140 131 120 117 128
255 255 255 255 255 255 255 255 255 255 255 255 255 255 255 166 160 154 161 168 167 169 175 178 170 157 151 150 155 152 148 140 139 142 140 143 141 137 131 137 146 146 158 163 152 153 155 157 152 145 150 162 162 157 152 145 144 140 143 145 145 141 141 149 147 138 139 143 137 136 141 134 129 136 143 140 132 117 115 117 124 133 137 136 139 144 144 154 151 152 141 133 138 138
255 255 255 255 255 255 255 255 255 255 255 255 255 255 255 168 165 162 164 172 171 168 168 168 166 157 155 152 153 155 153 141 135 147 152 153 149 143 135 133 136 134 143 149 150 151 154 161 161 160 161 165 169 163 158 156 156 152 157 159 160 151 142 147 145 138 134 137 133 132 148 150 144 136 128 124 137 137 126 123 120 136 146 145 142 144 145 143 150 169 156 138 138 137
255 255 255 255 255 255 255 255 255 255 255 255 255 255 255 167 166 163 162 165 170 174 166 151 150 155 158 151 144 143 142 138 134 142 153 152 147 148 142 127 111 113 131 143 155 157 151 150 156 164 166 160 165 172 167 163 157 155 157 155 162 166 155 143 132 139 136 136 138 130 142 151 148 130 115 120 146 153 138 130 117 125 137 145 144 142 149 143 161 194 173 132 125 134
255 255 255 255 255 255 255 255 255 255 255 255 255 255 163 164 163 159 163 164 166 169 161 147 144 146 148 149 146 134 129 133 138 139 147 146 138 137 134 129 120 115 134 146 154 158 154 149 150 155 160 160 159 162 162 163 160 158 158 158 158 163 162 150 130 137 142 137 141 133 136 139 136 128 119 127 142 153 143 132 130 131 128 133 141 146 146 133 151 180 165 137 128 139
255 255 255 255 255 255 255 255 255 255 255 255 255 255 164 162 157 153 168 169 164 166 157 144 140 137 133 141 144 135 129 129 142 137 131 140 142 139 130 132 139 130 138 146 143 132 128 130 132 134 138 149 151 155 158 156 163 166 160 161 162 159 155 148 130 134 145 133 134 139 138 138 134 135 128 128 134 140 132 123 132 137 125 120 131 147 147 137 139 149 146 145 146 145
255 255 255 255 255 255 255 255 255 255 255 255 255 164 162 161 157 155 162 162 157 159 152 145 143 134 120 126 128 127 125 123 135 126 116 131 144 147 142 136 136 131 134 139 131 115 104 100 100 106 110 124 135 141 150 158 164 169 163 160 162 160 149 137 124 136 147 134 124 133 141 144 137 137 136 125 125 132 131 126 134 145 133 128 131 140 144 147 146 144 146 145 147 147
255 255 255 255 255 255 255 255 255 255 255 255 255 164 164 161 159 162 160 157 150 149 145 149 152 140 124 131 134 132 137 137 136 128 120 131 142 139 137 131 129 132 135 141 142 138 129 125 120 122 126 130 143 149 155 161 161 166 167 165 162 163 157 138 127 138 142 142 135 131 135 137 138 136 134 120 120 132 134 124 128 135 132 141 143 146 140 146 149 144 145 144 138 137
255 255 255 255 255 255 255 255 255 255 255 255 168 168 163 161 157 157 148 150 152 145 142 142 143 136 130 136 138 137 142 146 147 144 136 140 143 138 138 127 124 136 143 146 150 163 159 159 158 156 162 155 150 159 162 161 168 173 171 167 164 167 163 137 121 134 145 153 147 144 146 138 142 135 125 123 126 133 134 125 123 120 126 142 143 147 144 149 152 144 137 138 142 135
255 255 255 255 255 255 255 255 255 255 255 255 173 166 156 154 153 154 150 151 151 143 146 142 140 141 132 126 125 132 140 147 152 154 144 147 150 151 149 131 128 137 145 151 155 164 162 162 164 161 166 169 164 166 159 155 165 172 182 177 168 168 159 135 126 136 138 154 155 153 157 148 143 136 126 124 130 144 141 133 127 121 130 135 134 140 145 143 141 139 135 130 134 134
255 255 255 255 255 255 255 255 255 255 255 255 168 164 156 151 149 145 152 159 154 150 148 137 136 146 141 133 133 135 137 147 157 162 157 155 153 159 157 137 134 144 154 157 159 164 165 167 163 161 163 164 165 165 166 161 165 165 174 179 166 163 159 140 141 147 132 143 154 151 150 144 136 140 138 133 131 142 142 138 140 136 138 143 134 132 140 144 143 140 134 130 134 139
255 255 255 255 255 255 255 255 255 255 255 157 159 154 147 148 149 142 146 153 148 151 148 132 130 137 145 146 146 141 139 144 157 167 169 171 163 163 163 151 145 147 152 153 153 155 159 165 157 156 159 160 161 163 170 171 168 166 162 165 164 166 159 138 136 146 141 141 151 151 149 141 135 137 133 139 142 142 142 141 143 140 130 129 128 125 132 143 143 134 128 128 134 135
255 255 255 255 255 255 255 255 255 255 255 155 153 146 148 150 148 147 148 145 148 150 140 128 131 133 139 143 145 149 156 154 157 163 164 171 174 170 165 161 154 146 143 149 152 154 156 159 158 161 157 152 158 168 174 172 164 170 169 162 157 158 157 144 129 127 142 143 144 143 141 142 144 145 138 140 142 135 137 143 136 139 130 109 123 136 142 148 143 135 136 132 129 127
255 255 255 255 255 255 255 255 255 255 255 158 150 145 150 153 149 148 145 145 152 149 133 124 128 135 139 138 143 152 156 157 161 164 165 166 169 170 168 169 161 149 146 154 156 156 163 165 158 159 159 150 145 152 167 175 165 164 166 165 154 146 143 137 131 130 139 139 140 142 137 138 143 146 150 144 141 137 134 138 132 127 125 111 126 142 152 152 141 141 141 139 136 133
255 255 255 255 255 255 255 255 255 255 155 149 147 148 147 148 150 152 150 148 142 138 138 135 131 133 141 135 131 139 152 156 160 167 166 165 164 169 171 168 166 157 148 154 160 157 157 162 160 154 158 156 147 147 155 168 167 165 165 169 159 146 140 137 132 132 136 137 139 141 138 139 139 138 148 140 132 139 136 133 136 137 134 123 120 135 150 148 141 142 145 149 142 135
255 255 255 255 255 255 255 255 255 255 154 143 141 147 153 155 155 157 154 148 135 126 133 142 131 127 143 137 117 115 141 156 159 161 162 167 163 161 164 159 157 158 155 152 151 158 159 157 158 159 157 153 153 156 154 156 165 168 163 159 153 147 148 151 143 139 141 146 146 135 128 135 141 143 146 132 119 129 137 134 124 129 136 131 125 134 146 152 152 142 146 148 138 135
255 255 255 255 255 255 255 255 255 255 153 141 137 142 156 161 158 151 143 142 141 131 141 168 148 133 145 139 113 98 122 146 152 160 162 164 161 151 147 140 146 153 155 154 142 152 164 164 159 159 159 151 154 157 150 150 154 160 150 145 151 144 140 139 138 138 141 149 150 139 124 136 148 149 139 129 121 130 137 135 128 126 128 126 126 141 148 148 150 146 153 150 143 151
255 255 255 255 255 255 255 255 255 156 138 129 137 145 153 153 157 155 144 143 141 140 161 196 179 146 139 139 127 112 121 137 137 143 147 151 152 139 132 137 144 144 146 149 137 140 146 151 155 150 151 150 153 152 143 146 147 151 145 150 156 154 151 141 139 140 139 141 143 142 133 143 137 131 125 122 126 133 130 131 130 129 138 140 137 145 155 143 142 152 155 139 138 153
255 255 255 255 255 255 255 255 255 147 125 121 138 145 146 145 151 152 142 141 146 149 153 166 166 145 132 135 138 126 124 133 130 134 132 129 127 118 116 127 136 142 141 136 127 135 139 139 147 150 147 147 140 146 152 152 147 148 149 154 148 142 149 152 148 142 144 142 138 139 139 131 116 114 121 119 125 134 131 126 123 121 132 135 143 146 158 156 151 156 158 146 146 150
255 255 255 255 255 255 255 255 255 137 125 135 148 148 147 144 143 142 137 136 146 150 151 155 152 139 128 125 131 124 124 132 133 135 136 135 135 129 119 120 129 142 145 138 128 130 139 142 140 144 141 146 150 147 144 141 147 149 149 149 145 141 137 138 141 139 143 146 150 148 139 131 125 114 125 136 143 141 133 120 114 125 141 139 145 148 156 157 157 159 156 156 157 148
255 255 255 255 255 255 255 255 153 141 135 143 151 149 144 142 140 133 134 137 138 142 155 161 152 139 130 122 123 125 133 138 139 136 137 139 140 139 138 141 136 141 144 144 139 129 130 135 136 130 137 150 162 158 147 143 149 153 151 150 145 146 134 124 131 137 139 147 158 147 133 130 123 118 136 149 143 138 133 116 119 135 149 156 156 153 152 151 150 154 155 154 157 154
