example/E5 - XRays/X-ray-tomography/rastert_juap17.txt
ncols         356
nrows         356
xllcorner     -0.5
yllcorner     -355.5
cellsize      1
NODATA_value  -9999
[rows 84 to 125 of 356, columns 94 to 187 of 356]
138 145 145 141 131 133 139 137 119 116 121 124 135 141 151 152 145 142 149 161 161 164 164 157 159 159 156 150 152 164 153 149 153 144 145 154 158 148 154 160 153 148 141 154 154 145 148 146 137 146 150 147 145 138 134 137 140 138 141 146 140 145 146 133 141 143 160 159 149 149 141 137 124 112 101 80 73 105 136 137 140 138 124 133 143 137 127 116 118 122 148 156 149 148
136 151 161 153 115 114 141 150 136 119 109 115 127 137 147 154 150 146 144 152 160 168 166 156 155 155 151 153 154 165 157 152 160 150 142 141 146 148 153 162 159 152 153 167 153 141 146 147 142 142 144 142 150 146 135 141 145 132 137 144 142 143 141 131 139 147 166 164 152 157 149 146 136 132 124 102 87 84 107 126 130 140 131 129 129 123 128 135 139 131 145 151 151 152
137 155 164 161 129 121 144 155 142 126 113 106 103 112 131 143 147 146 146 143 154 166 158 152 153 149 157 161 156 160 160 159 157 137 126 134 142 143 150 160 162 162 162 165 147 134 138 139 141 139 140 138 144 137 131 141 146 135 136 148 139 133 133 138 146 156 163 162 151 155 155 158 138 131 134 122 123 104 88 96 115 135 137 128 111 93 106 129 143 139 140 140 149 151
137 158 165 167 151 136 139 139 129 122 122 113 95 84 101 130 148 143 143 140 150 157 157 154 156 149 155 164 160 157 156 159 155 136 133 141 146 153 156 160 164 171 170 159 141 134 136 128 128 132 133 128 130 128 136 142 146 142 135 143 134 128 130 141 159 167 159 164 161 155 162 171 149 137 141 134 145 130 102 93 113 129 126 130 122 98 113 138 138 137 153 146 142 144
145 165 168 168 153 140 133 130 125 109 122 125 102 77 80 104 129 135 143 151 147 143 150 147 146 144 150 158 152 148 149 158 150 130 138 145 144 154 167 162 156 167 171 157 141 136 131 119 122 114 113 118 130 143 152 149 151 147 127 134 137 128 129 139 155 163 160 167 167 161 162 169 159 142 135 140 145 133 129 124 123 123 117 123 124 118 125 141 138 139 162 150 134 134
146 161 167 168 154 141 132 134 125 102 116 123 105 85 78 81 104 122 133 146 147 146 148 143 142 139 148 149 145 149 148 149 141 130 140 149 145 149 168 164 154 166 172 158 136 124 120 110 113 107 104 116 133 148 154 153 149 142 125 123 137 135 137 149 155 157 163 165 165 167 170 173 171 155 134 142 144 130 133 130 133 129 118 105 109 124 127 141 140 142 150 142 126 123
146 153 162 162 153 146 138 133 120 101 107 109 95 87 83 77 88 112 125 140 146 148 149 151 145 134 145 158 154 154 155 147 137 137 137 148 147 144 159 167 158 161 163 154 115 98 114 102 93 98 109 124 139 149 148 146 133 123 121 124 139 144 145 159 162 160 165 164 169 167 167 165 168 166 142 138 139 129 138 141 143 138 130 125 124 126 118 128 128 136 131 119 109 117
137 139 143 145 149 153 146 133 125 104 95 91 80 88 88 79 82 91 109 136 144 142 146 155 144 127 131 153 155 154 158 155 144 141 141 146 144 149 158 163 163 158 154 137 88 70 88 85 87 102 121 127 133 148 143 141 122 111 116 136 149 151 152 160 160 161 168 162 162 164 170 167 165 172 156 138 135 132 150 148 145 154 143 133 129 128 112 117 119 126 121 116 120 127
134 140 144 141 145 148 149 135 129 125 106 85 78 82 87 83 81 82 87 109 134 145 141 152 150 139 130 141 153 160 153 153 150 144 146 140 141 153 159 153 155 150 139 119 82 66 84 92 108 129 136 135 129 148 142 143 133 125 128 143 155 155 156 164 162 163 171 169 161 159 165 165 160 163 153 141 138 140 148 144 143 150 138 123 123 137 125 121 122 126 129 130 135 140
141 147 147 150 151 142 145 139 140 147 137 109 83 75 80 74 69 76 75 87 115 134 141 151 151 153 143 149 157 155 145 158 161 148 140 135 136 139 150 156 146 133 113 101 91 83 102 118 135 136 130 138 139 152 144 133 131 138 149 150 165 165 160 170 165 162 170 170 159 162 166 162 161 161 155 149 141 138 142 149 142 125 130 120 115 144 146 132 127 128 133 136 138 139
131 138 135 146 154 148 150 152 150 152 152 137 99 70 66 58 55 64 78 89 99 109 127 145 145 139 139 148 161 159 156 162 153 146 138 136 136 126 129 132 118 102 93 89 102 117 130 144 142 139 140 135 144 145 139 133 134 139 150 160 171 166 158 165 164 158 166 158 151 161 159 159 165 167 155 147 136 128 130 140 138 125 138 134 119 142 157 148 136 136 139 146 149 148
126 143 144 149 152 152 155 155 148 151 151 154 136 95 72 56 49 53 72 79 85 93 112 134 139 132 135 150 162 160 161 161 148 145 144 141 140 128 115 94 85 91 105 109 118 137 147 149 136 148 149 130 142 136 126 134 143 140 145 161 168 162 169 171 167 160 160 160 155 158 155 162 159 160 150 141 142 137 131 139 145 138 138 140 130 144 153 156 140 140 142 140 153 153
142 149 154 158 150 149 150 158 154 156 153 148 148 130 97 74 65 62 64 65 76 87 100 116 124 132 140 152 159 155 148 152 158 147 139 139 140 123 101 93 104 111 124 130 133 136 142 147 134 142 142 125 131 135 131 137 139 145 156 159 164 156 166 172 162 158 164 174 162 159 158 163 159 154 149 140 147 143 130 142 150 146 137 138 135 141 140 150 147 138 132 134 147 147
137 139 153 162 155 154 150 161 160 155 152 141 143 150 127 102 87 72 65 72 72 78 87 105 120 131 141 154 157 161 152 149 158 146 142 136 127 113 100 117 131 122 127 126 131 143 137 142 142 140 132 124 124 143 145 151 143 141 155 152 158 158 160 166 161 164 163 166 169 163 160 151 144 153 147 140 142 145 133 138 144 144 141 138 141 136 138 149 151 129 117 135 143 141
136 144 156 157 157 160 158 160 161 156 150 147 153 155 143 127 106 94 74 73 81 87 82 96 111 120 132 148 152 169 165 152 152 147 150 134 120 122 118 128 134 134 143 138 129 143 137 139 141 136 124 122 119 133 144 158 151 139 146 150 164 161 154 158 157 158 156 153 162 157 160 151 143 149 148 154 160 161 141 134 136 133 141 142 138 119 119 135 138 120 126 143 147 149
137 136 144 145 146 146 152 158 162 164 155 156 160 156 143 139 123 122 106 89 86 93 89 93 98 114 129 146 147 161 164 152 146 150 148 131 124 128 121 123 128 139 146 143 132 138 135 133 135 123 114 131 137 140 142 151 151 142 142 145 158 153 150 145 149 153 158 154 154 150 148 135 143 145 149 160 168 167 142 135 141 140 145 142 133 107 114 136 130 125 141 154 157 155
139 135 138 144 139 134 143 156 157 165 166 163 159 161 146 143 138 136 130 101 90 97 96 94 93 102 118 134 138 146 154 146 148 150 138 137 138 129 121 125 139 148 144 140 136 138 129 126 130 111 113 133 140 149 152 149 142 140 144 136 142 149 150 143 149 152 153 156 148 140 147 134 136 132 140 150 151 158 151 138 138 147 137 135 138 119 124 131 125 132 144 159 159 156
141 137 135 142 146 142 145 153 159 162 167 172 160 158 151 141 145 149 147 119 109 116 111 102 91 88 104 113 128 138 146 145 150 151 141 140 137 128 132 128 142 150 147 149 143 146 142 132 118 106 121 138 137 144 147 148 139 144 153 141 141 145 142 144 152 148 147 146 140 132 136 139 136 132 134 134 145 150 147 136 129 143 133 128 136 134 136 139 141 144 142 151 155 156
143 132 124 133 146 138 136 146 164 163 160 172 167 153 151 154 158 152 147 140 135 134 133 121 103 97 97 106 123 136 141 140 141 143 141 140 140 131 125 124 136 137 132 155 150 145 138 132 126 129 132 143 147 148 149 147 142 151 153 146 139 133 129 133 145 143 140 139 141 137 130 130 133 136 127 123 142 141 132 134 127 139 131 116 114 130 144 151 155 152 146 148 143 146
136 130 128 139 148 138 128 130 155 167 162 167 172 159 158 159 161 161 152 148 146 147 143 130 119 119 109 104 115 135 145 133 127 136 132 127 141 144 126 126 140 139 129 153 158 146 138 135 131 141 146 143 137 140 148 151 142 144 146 144 141 138 132 128 132 140 143 141 136 129 132 129 131 132 127 124 131 139 135 141 135 137 120 102 104 119 137 153 154 146 146 152 145 143
138 135 132 138 147 146 135 133 155 168 168 170 176 166 162 163 159 163 152 148 154 153 147 141 131 125 119 108 110 123 141 132 125 135 129 124 131 140 131 124 137 142 133 136 143 139 136 143 138 135 143 148 141 140 145 149 137 137 141 145 150 148 144 136 133 141 143 150 149 140 139 128 133 144 145 126 122 132 142 145 134 139 126 113 112 128 140 148 142 143 153 159 153 149
141 144 135 127 135 146 141 142 161 168 169 168 168 172 169 164 161 156 142 143 153 156 152 145 139 136 127 114 114 116 130 134 125 127 126 133 127 125 132 127 130 136 129 120 120 132 140 146 145 135 137 151 154 149 148 138 127 134 137 145 146 144 141 136 137 138 135 149 151 144 135 134 141 145 153 134 123 123 143 142 135 141 126 117 119 139 140 137 143 151 163 155 145 150
144 145 137 126 125 131 132 134 155 166 167 168 165 167 168 160 166 162 147 142 138 140 141 147 139 124 122 119 114 121 127 129 123 125 117 124 127 126 129 128 125 131 121 116 121 122 139 146 146 150 149 148 149 146 147 137 127 134 143 150 155 155 139 134 132 139 145 141 142 138 126 132 143 143 143 136 132 133 141 138 142 143 131 128 121 131 137 138 148 149 154 152 153 154
145 141 129 130 134 133 134 135 151 167 173 173 170 166 165 161 167 169 161 152 140 142 139 151 147 125 121 126 114 126 134 134 135 129 117 122 124 120 119 133 126 126 121 111 120 116 126 150 149 147 144 142 144 142 152 141 126 129 137 153 167 163 150 147 140 142 141 133 141 132 119 116 126 132 125 126 132 130 132 147 150 146 133 135 131 123 128 134 145 148 148 146 152 159
144 142 136 137 136 135 140 141 143 160 167 171 168 158 161 165 164 164 167 160 146 148 148 152 145 133 125 134 133 132 139 139 138 136 125 131 128 118 110 122 120 116 124 117 124 125 126 147 150 152 147 147 145 138 146 146 137 121 120 142 158 157 150 147 146 148 131 129 145 127 119 110 110 114 110 115 125 129 132 146 152 146 131 131 140 128 125 116 121 135 144 148 146 155
137 143 142 141 141 135 136 144 146 158 161 167 167 165 170 167 167 161 161 163 149 148 150 148 138 129 123 126 132 129 126 138 140 150 135 128 129 120 103 105 116 120 115 116 131 133 134 155 160 158 153 143 139 136 131 144 148 140 140 144 149 153 153 152 147 148 144 140 140 132 131 123 115 112 123 131 130 138 140 141 152 149 143 134 135 135 135 111 102 124 139 146 136 127
136 138 136 138 141 145 145 148 151 155 157 161 168 175 173 167 171 165 159 168 160 153 152 147 136 127 133 128 131 141 132 146 157 161 147 132 119 102 83 84 108 121 113 110 132 143 146 159 153 150 149 140 137 135 133 146 153 152 151 142 147 150 146 154 149 142 141 143 142 134 134 134 136 126 136 145 135 138 146 147 147 142 141 130 131 136 144 125 97 117 141 142 141 132
138 137 131 138 136 146 144 150 156 148 147 154 159 171 167 165 169 173 164 168 155 148 160 148 136 133 146 147 143 147 145 156 164 158 145 132 120 101 70 59 83 99 110 116 135 148 148 143 132 135 149 149 140 136 138 148 153 146 147 142 146 142 138 148 150 147 142 140 143 125 123 128 141 128 117 126 131 140 149 150 138 131 136 135 143 140 143 138 111 122 153 143 144 148
151 149 143 144 144 150 139 143 146 142 142 141 144 153 149 155 163 171 163 166 156 142 151 146 140 139 144 151 146 142 143 143 147 148 148 138 124 107 83 75 80 95 121 131 136 125 133 131 132 136 146 152 143 133 128 142 147 143 145 140 144 142 138 145 145 153 150 147 154 138 122 122 140 142 127 127 136 148 153 154 149 144 141 141 146 143 140 142 136 147 157 141 144 155
160 166 163 149 147 143 127 131 146 156 144 132 137 145 146 147 151 159 165 167 164 149 145 144 135 139 144 146 143 143 149 135 134 143 151 146 132 116 102 99 95 110 139 141 133 103 124 140 150 150 143 157 154 149 142 144 146 136 137 144 142 143 141 144 147 153 150 150 152 144 129 134 146 148 144 140 139 140 144 151 149 140 137 145 149 141 138 145 147 151 148 144 150 154
145 146 144 144 146 142 131 125 135 151 145 138 138 139 146 144 145 147 154 159 157 153 144 145 150 151 142 139 139 127 128 131 143 155 156 143 130 127 126 120 117 130 148 144 121 114 144 153 150 148 141 148 146 153 152 147 147 134 132 144 140 146 146 142 144 146 149 146 150 144 143 151 156 154 151 153 152 145 136 143 143 133 134 147 152 147 143 150 151 148 145 147 153 151
141 139 131 141 142 135 124 122 125 133 139 148 146 139 146 145 141 138 136 148 146 146 145 150 158 156 145 146 154 136 125 138 154 157 148 134 135 142 145 143 138 132 138 131 108 121 155 158 150 146 143 142 136 150 144 128 141 143 137 144 145 140 135 144 143 148 159 147 145 138 145 156 162 162 163 169 157 155 143 144 140 140 146 147 138 143 139 141 148 149 145 138 153 150
145 147 146 144 136 126 115 116 121 133 140 148 147 145 151 151 147 141 135 144 139 139 148 152 156 154 144 139 140 134 139 143 156 157 145 133 143 152 152 158 148 129 141 139 128 131 147 152 148 141 144 147 135 142 145 132 134 149 139 137 151 142 138 147 144 148 147 139 139 132 141 158 158 165 168 167 155 154 147 142 130 134 141 142 135 145 143 143 144 137 141 140 150 150
154 142 147 140 131 131 126 127 126 125 133 138 146 156 149 143 149 143 141 149 144 140 136 134 147 152 152 139 131 134 132 129 143 147 136 129 142 155 154 162 156 142 153 149 143 143 145 147 142 130 131 144 140 137 151 152 138 153 145 137 149 145 157 155 143 139 131 130 134 139 147 161 160 167 161 160 160 150 147 132 122 128 137 143 148 150 147 148 148 146 153 143 138 145
168 154 145 137 131 132 133 134 128 124 132 135 141 154 142 139 150 148 142 158 161 155 142 129 142 145 157 155 137 138 134 131 140 146 143 134 139 155 163 164 157 150 155 142 145 156 149 150 142 137 141 151 145 141 151 145 133 139 140 141 144 140 148 146 142 132 130 142 137 138 143 155 166 165 157 158 164 152 151 132 120 122 144 147 151 149 155 152 148 157 159 145 138 144
159 162 154 133 126 126 126 125 120 123 130 137 142 147 132 134 142 145 134 150 160 155 151 142 153 146 149 164 146 138 136 137 145 140 142 147 151 152 161 159 147 152 165 157 153 159 147 150 142 142 152 150 152 151 149 135 131 134 137 144 149 141 140 138 144 134 123 140 135 136 144 142 157 159 163 161 157 154 151 137 126 120 135 132 139 142 159 165 152 158 156 141 137 141
162 164 161 143 137 132 130 126 126 125 126 135 145 144 130 135 133 135 135 140 150 153 150 149 160 155 148 155 147 148 134 130 133 132 141 152 155 145 156 156 156 160 155 158 156 154 144 142 136 127 137 137 145 147 149 145 140 136 131 141 154 140 131 133 140 136 125 132 131 141 152 145 153 158 165 161 159 162 154 129 126 127 134 124 135 139 155 165 150 144 151 139 132 140
169 170 159 145 136 129 131 130 140 147 145 144 145 146 146 152 134 128 143 137 142 147 153 152 152 159 152 149 144 150 140 130 130 147 152 142 139 136 149 153 162 161 150 155 161 161 151 144 142 131 139 138 139 144 147 148 152 138 122 127 150 148 131 128 127 132 129 134 136 138 143 140 149 157 156 154 158 165 155 135 134 135 140 136 138 132 147 158 149 146 146 135 113 122
156 156 157 140 123 122 129 132 141 153 142 136 136 144 149 152 140 133 148 148 144 142 149 153 147 150 138 134 146 152 151 141 139 146 146 137 136 141 140 144 154 157 154 150 153 152 147 145 145 142 145 136 141 152 156 158 148 127 125 131 143 152 138 127 114 122 128 124 126 132 131 129 140 154 150 150 153 161 147 140 137 129 139 143 144 134 153 157 142 151 141 128 109 120
152 151 157 134 111 118 135 140 137 145 140 134 133 140 139 141 142 137 147 150 138 127 135 155 153 139 134 136 138 146 149 145 148 147 145 145 146 142 130 143 159 151 151 149 152 155 145 137 136 137 148 136 137 150 153 157 146 128 131 146 141 139 130 122 117 126 136 123 115 130 140 144 134 139 151 154 145 147 139 134 118 99 123 136 144 140 149 144 130 145 143 137 142 148
147 147 150 134 122 122 130 136 130 138 143 140 143 146 133 121 136 143 142 134 116 114 120 142 152 145 144 133 115 144 153 143 144 148 149 145 146 142 130 144 163 145 151 159 153 153 139 137 141 139 150 143 137 139 140 146 140 121 117 132 141 138 132 129 138 147 149 145 133 132 139 154 147 135 147 148 137 148 144 137 127 114 126 147 150 152 143 138 139 148 145 137 153 158
137 114 121 129 139 141 129 126 128 120 126 139 150 149 133 116 133 151 152 147 141 131 110 125 144 144 140 124 109 141 160 157 156 151 143 129 134 142 142 148 160 142 143 153 152 151 141 136 129 140 144 138 141 137 146 151 141 131 127 128 134 118 123 138 148 158 160 161 148 138 135 141 150 144 147 139 133 153 152 144 143 136 134 137 134 152 148 144 143 146 150 140 154 160
