example/E5 - XRays/X-ray-tomography/rastert_juap39.txt
ncols         356
nrows         356
xllcorner     -0.5
yllcorner     -355.5
cellsize      1
NODATA_value  -9999
[rows 126 to 167 of 356, columns 0 to 93 of 356]
255 255 255 255 255 255 255 255 142 137 130 129 134 133 139 144 142 143 149 154 157 163 161 153 142 124 114 116 122 114 119 130 137 137 128 126 124 121 124 129 140 147 142 141 138 135 144 145 140 140 141 142 144 145 139 124 119 128 130 129 121 128 135 141 141 139 136 142 138 134 140 140 142 137 138 137 147 153 152 161 163 159 166 172 166 162 154 160 169 161 154 151 134 136
255 255 255 255 255 255 255 255 146 132 116 112 114 111 131 144 147 148 156 161 159 164 165 162 154 141 120 119 129 119 120 133 144 143 132 131 131 126 129 134 143 146 143 144 152 148 150 148 144 147 141 142 139 133 136 124 115 125 120 126 135 133 132 140 140 137 136 139 142 136 142 146 143 144 148 139 147 149 145 155 164 156 155 165 160 165 162 159 159 161 148 129 128 141
255 255 255 255 255 255 255 157 150 133 122 135 140 122 127 138 142 144 154 164 166 169 172 169 159 154 144 135 139 133 129 137 140 132 126 133 141 138 137 131 132 138 143 141 145 145 149 147 136 144 145 146 143 123 122 118 116 126 118 118 133 143 143 142 138 136 140 140 137 132 144 147 140 141 149 132 138 150 148 151 159 157 156 165 157 165 161 154 147 137 121 123 135 140
255 255 255 255 255 255 255 155 151 136 131 149 155 138 132 134 134 136 148 160 167 171 172 170 164 159 154 145 140 135 129 128 133 132 127 133 136 134 140 132 127 129 136 137 139 148 148 145 134 138 143 149 151 128 122 123 114 116 125 124 129 140 146 142 142 135 138 141 140 137 141 143 129 127 129 115 136 152 146 151 157 160 162 163 161 165 145 132 135 117 108 136 145 145
255 255 255 255 255 255 255 156 151 136 133 147 153 143 141 141 139 138 147 154 161 170 172 173 172 166 153 135 131 135 136 134 132 137 140 137 132 131 134 132 128 128 133 135 143 157 155 147 139 145 146 151 152 140 139 142 136 128 132 133 137 138 138 139 144 140 138 135 141 141 137 141 135 132 120 117 142 155 147 145 150 160 160 155 150 148 134 128 145 144 139 150 155 160
255 255 255 255 255 255 255 145 146 150 152 156 157 147 145 146 142 144 152 158 159 164 168 168 167 168 163 132 122 139 144 140 135 141 148 144 136 128 124 119 121 119 121 127 135 144 153 158 144 142 145 149 149 143 142 145 151 149 137 137 151 148 140 142 144 145 137 128 131 134 135 136 130 134 122 124 143 154 150 144 150 164 153 131 121 129 141 152 149 150 158 155 147 155
255 255 255 255 255 255 148 137 139 148 157 158 159 155 150 148 148 153 156 162 161 159 161 161 160 161 152 116 108 134 147 146 139 130 136 146 145 132 129 127 128 122 121 124 127 129 138 145 139 134 132 132 141 149 141 133 140 145 136 129 142 144 146 152 149 145 142 138 135 131 126 121 119 132 130 129 133 139 140 143 142 153 148 137 143 150 154 164 161 152 158 166 155 141
255 255 255 255 255 255 153 144 147 152 158 160 161 158 145 145 154 160 159 161 159 147 152 157 155 153 141 115 119 145 153 149 132 119 131 142 141 133 130 128 133 127 126 127 124 122 130 136 136 138 129 124 142 158 148 132 131 129 132 135 138 143 152 154 146 146 148 144 138 135 130 124 126 133 132 140 141 133 137 153 151 142 140 148 156 157 151 155 166 166 158 167 162 133
255 255 255 255 255 255 149 146 149 157 157 154 149 140 119 122 148 156 156 161 161 146 146 156 154 149 139 121 138 157 154 146 131 129 139 144 140 133 130 125 133 137 137 137 138 130 124 126 135 143 135 129 143 155 155 149 145 132 130 145 150 153 153 147 141 144 140 140 138 137 136 133 134 135 134 146 146 142 138 140 147 142 139 153 159 152 155 156 155 163 152 160 164 146
255 255 255 255 255 255 144 140 143 149 148 150 144 125 106 111 137 150 154 158 155 146 143 148 141 135 124 113 137 146 137 143 148 145 140 147 151 139 137 134 143 153 152 143 148 138 121 117 129 136 138 138 137 142 152 153 153 146 141 147 164 162 151 148 145 147 128 128 136 135 137 144 147 143 135 140 141 136 130 129 135 143 145 154 164 161 160 156 151 158 146 148 167 164
255 255 255 255 255 151 145 140 142 142 135 137 142 134 125 123 131 136 141 138 135 137 138 133 126 122 109 104 114 111 112 134 147 145 144 141 143 141 142 144 150 156 151 153 154 139 125 115 119 126 137 145 145 148 149 145 148 151 148 149 160 155 146 151 152 154 142 138 148 139 134 144 148 135 130 141 144 135 135 142 135 126 129 145 161 158 155 153 147 150 140 132 144 155
255 255 255 255 255 152 147 147 148 140 133 132 136 129 128 129 126 123 125 123 130 140 143 139 130 125 127 125 109 98 117 133 141 142 143 142 137 137 134 137 144 152 155 157 151 139 137 133 130 137 138 137 147 157 152 148 151 149 146 141 140 151 150 150 147 150 156 152 149 144 147 147 144 128 122 140 149 138 138 148 140 118 121 135 151 150 142 138 135 139 131 116 117 144
255 255 255 255 255 147 150 161 163 152 141 141 136 122 129 135 131 134 136 132 137 147 147 140 131 131 140 132 115 117 129 130 136 145 141 143 146 143 138 133 140 146 154 162 155 136 137 140 135 136 135 129 135 142 144 148 150 151 150 143 139 151 152 151 143 141 151 147 144 148 152 153 149 127 109 122 141 139 135 140 130 120 128 131 137 141 128 121 126 137 142 129 115 133
255 255 255 255 255 145 148 159 164 160 143 134 134 128 139 146 136 136 144 139 137 138 137 133 131 132 133 124 115 119 123 131 134 141 142 136 140 144 147 138 136 132 138 148 148 142 142 143 141 129 121 114 121 127 132 139 141 146 152 157 153 157 159 154 144 139 134 131 137 141 148 158 151 130 129 133 138 133 128 139 134 125 117 112 133 148 133 128 132 133 141 141 141 136
255 255 255 255 156 138 140 150 155 153 136 126 135 134 141 153 144 135 137 132 136 139 141 139 130 124 122 120 118 121 122 134 136 139 146 143 142 141 149 143 137 130 132 129 127 136 134 135 136 128 117 110 115 119 122 133 141 142 148 157 152 150 153 144 137 139 128 130 141 143 147 146 148 146 157 155 135 126 123 132 144 134 119 116 138 154 133 132 143 143 144 144 146 144
255 255 255 255 152 138 137 137 138 130 120 122 128 127 133 148 154 146 133 129 139 141 141 147 138 131 134 130 128 133 129 135 140 134 130 133 139 143 151 144 134 139 139 135 131 131 128 137 145 140 129 118 114 119 122 130 141 143 142 153 150 142 137 137 142 142 129 128 131 125 128 128 141 142 143 147 132 132 137 134 144 143 135 144 147 133 124 139 158 164 164 157 154 148
255 255 255 255 148 143 136 132 131 124 119 128 129 137 141 141 140 136 136 141 143 142 132 140 142 139 143 141 139 139 135 133 136 135 125 121 126 131 144 147 142 143 142 142 143 142 140 147 155 149 137 120 122 130 124 129 138 135 130 136 134 133 132 135 133 134 135 124 123 114 122 140 153 152 144 133 124 130 139 139 132 132 131 139 143 121 131 153 159 157 165 163 164 157
255 255 255 255 153 141 129 136 144 144 140 144 146 146 145 144 134 128 143 159 156 152 140 136 139 139 141 143 144 149 152 148 140 140 137 137 139 139 146 143 138 143 148 145 140 141 148 155 161 150 136 121 125 127 120 126 134 138 146 153 155 149 136 138 130 134 138 119 121 126 130 148 158 160 153 142 135 128 129 134 135 136 130 130 140 129 141 162 166 158 159 164 167 163
255 255 255 255 150 137 128 137 152 159 156 152 148 140 137 142 143 134 139 151 147 138 142 144 144 145 137 129 131 146 155 149 138 139 144 151 158 156 152 140 128 135 149 149 145 150 153 150 157 159 148 141 141 133 135 136 141 150 151 143 151 157 148 145 141 135 123 115 124 128 133 142 144 147 138 129 132 121 122 131 143 139 133 133 136 133 138 151 161 158 154 161 164 155
255 255 255 154 144 145 152 147 144 148 143 138 146 147 141 141 143 138 138 141 133 119 131 143 144 152 145 136 141 151 150 142 129 139 149 158 162 163 156 148 137 135 140 131 135 148 159 161 162 164 155 148 150 142 141 136 140 147 140 122 129 140 144 151 155 153 146 140 131 122 124 137 133 129 128 115 125 129 134 134 136 138 142 137 137 134 126 136 148 147 147 150 156 154
255 255 255 162 154 153 165 159 146 140 135 135 142 142 142 148 147 146 147 145 139 127 135 143 140 152 152 152 152 157 155 139 118 127 144 153 156 162 154 150 147 151 148 130 136 145 151 157 159 156 156 150 149 144 136 137 141 141 136 134 139 138 134 147 153 151 153 148 134 126 117 119 124 114 116 118 125 133 139 137 139 144 145 141 138 137 133 142 150 153 153 143 140 126
255 255 255 163 165 162 161 154 146 139 135 142 147 144 144 144 145 147 149 156 149 133 138 143 140 148 149 151 150 152 153 141 130 138 146 146 143 146 143 144 150 156 150 137 140 145 147 150 152 149 149 147 146 149 138 143 151 143 136 140 135 134 136 143 152 147 137 127 125 133 129 122 125 122 123 135 133 127 132 137 140 141 138 141 139 142 147 148 147 149 147 138 133 123
255 255 255 161 163 164 158 146 140 132 132 147 154 151 142 137 144 147 147 148 148 144 145 145 148 156 157 154 156 156 151 146 139 144 148 140 134 131 131 134 145 153 153 144 140 141 141 147 149 144 140 138 132 139 137 136 142 146 144 143 132 135 147 147 159 154 137 118 114 129 133 132 128 136 137 133 138 132 132 142 140 132 128 138 137 133 139 141 139 134 135 136 140 139
255 255 255 159 156 160 160 150 142 133 138 148 148 145 148 151 147 148 147 143 147 155 156 152 150 159 159 156 160 155 147 144 136 134 143 140 138 142 139 139 146 148 148 150 147 141 137 146 152 148 135 136 144 142 134 131 136 142 145 140 132 133 139 135 133 128 128 130 134 131 124 132 131 128 123 121 142 142 127 135 146 141 141 144 140 133 130 135 136 122 122 133 144 144
255 255 255 151 147 150 153 148 143 141 143 143 140 134 143 149 144 149 151 148 151 152 156 151 143 148 151 152 152 150 150 149 144 137 136 140 146 150 144 142 146 145 145 147 147 147 146 152 158 162 148 133 140 139 129 140 152 146 135 129 132 133 132 127 122 115 121 133 141 134 125 129 133 127 123 123 150 159 148 141 137 134 144 146 137 139 137 134 129 120 126 133 137 143
255 255 155 150 145 141 139 136 139 142 145 141 141 142 146 146 147 154 155 149 152 149 148 154 152 153 155 154 153 153 153 150 142 131 128 135 143 149 141 139 142 141 146 144 145 150 146 149 156 167 165 143 130 130 132 143 155 149 131 126 136 139 137 132 127 126 131 133 132 135 139 139 137 136 144 139 150 157 156 149 122 126 143 143 131 131 129 132 143 133 133 133 127 128
255 255 156 152 146 137 131 130 134 143 146 138 139 148 154 153 152 153 154 150 151 151 150 156 155 156 158 157 159 158 156 155 143 124 123 143 148 147 141 138 135 130 134 137 143 142 139 141 149 154 159 161 149 134 139 146 152 154 139 130 141 148 147 137 126 122 129 125 118 130 139 142 146 148 153 148 149 160 160 153 130 133 139 137 138 131 114 120 142 135 131 141 135 129
255 255 151 147 145 141 135 133 134 138 142 138 138 143 148 146 151 154 150 153 153 151 152 151 148 152 152 147 149 153 153 156 144 125 123 141 143 137 141 140 129 135 142 135 135 141 139 134 138 143 141 147 152 138 134 148 150 152 151 143 143 145 142 137 136 138 138 129 123 132 141 139 142 154 154 151 152 156 157 156 148 144 137 148 152 144 127 133 149 141 141 155 153 141
255 255 150 146 145 145 139 135 140 146 148 144 139 136 140 142 151 155 148 146 150 151 152 155 149 149 150 150 152 152 146 148 143 134 130 135 132 125 140 141 129 134 148 145 135 140 138 137 141 148 138 134 144 138 131 141 141 147 153 152 145 140 133 131 128 125 133 139 139 141 148 144 140 143 154 157 154 155 153 152 147 135 131 152 154 150 147 152 154 140 133 139 146 139
255 255 154 151 149 147 141 139 143 147 144 140 136 129 135 144 149 154 149 147 149 154 152 152 149 145 147 154 154 154 154 149 141 136 134 135 133 132 144 143 132 127 137 147 143 138 140 147 145 149 148 148 143 140 145 151 143 140 147 154 150 146 132 124 127 117 124 140 148 153 145 139 140 135 149 158 157 159 146 141 137 126 131 151 162 165 158 149 141 131 129 130 132 144
255 255 155 153 151 147 142 144 148 146 140 137 136 129 129 147 151 153 156 152 144 150 151 143 140 142 148 158 150 144 153 155 146 141 148 145 135 136 145 146 137 124 129 139 140 138 141 148 145 138 141 148 140 145 152 156 146 136 142 147 138 128 118 121 136 130 121 122 132 148 137 133 140 139 149 157 157 152 136 129 130 125 140 161 165 166 165 153 140 131 126 130 128 146
255 255 155 152 148 143 133 132 136 138 148 155 150 133 125 146 155 156 158 151 142 149 155 153 150 150 150 152 152 141 143 151 149 139 145 146 127 113 119 129 130 123 129 132 133 137 143 149 144 132 131 139 141 151 148 138 132 134 142 140 129 123 120 133 145 140 125 120 126 138 140 139 142 137 141 157 169 153 142 134 138 127 133 152 157 161 160 144 134 132 127 135 133 134
255 255 155 148 140 139 131 127 125 130 145 151 150 137 130 144 155 155 152 147 140 142 145 144 142 150 152 147 149 145 142 141 140 127 127 137 120 105 109 121 130 131 135 136 140 145 147 150 145 137 141 141 143 147 147 137 129 133 143 144 140 136 132 131 137 130 120 131 143 137 132 137 140 132 137 154 156 139 142 134 135 141 140 139 143 153 154 142 129 137 130 136 133 127
255 154 148 147 145 144 140 136 135 136 141 139 139 137 132 143 157 162 155 149 139 139 142 138 135 148 150 147 143 139 136 126 128 136 136 136 127 118 119 123 138 145 144 139 140 143 146 146 152 149 151 141 141 139 136 137 143 144 142 139 136 132 130 130 135 135 126 126 134 136 130 128 131 132 138 150 137 120 131 137 140 143 135 123 138 150 142 147 136 132 126 129 141 139
255 149 144 144 143 145 146 142 135 131 137 135 132 135 140 149 156 160 153 150 144 141 146 147 143 146 150 148 145 142 130 125 129 139 136 131 135 131 132 138 150 152 141 139 143 142 143 139 146 146 142 125 122 128 131 128 139 144 143 147 140 123 112 116 129 135 139 139 140 149 151 145 141 131 120 125 130 119 126 143 151 147 129 113 133 152 153 149 134 124 127 129 138 142
255 154 150 146 144 146 146 140 126 122 141 146 143 139 141 149 153 157 153 142 139 138 141 147 146 145 146 144 141 142 135 136 138 138 130 120 125 132 140 149 159 157 141 137 144 150 150 148 148 137 129 126 123 130 130 124 132 137 140 142 145 133 120 130 139 143 147 152 153 156 148 143 154 141 126 124 140 138 136 140 142 144 129 116 133 150 151 144 142 135 138 135 127 133
255 149 150 149 144 140 139 136 126 124 143 154 145 131 128 137 147 151 146 139 141 137 135 136 137 139 142 136 128 135 139 137 132 131 126 117 115 129 137 143 160 168 154 147 148 154 156 158 154 142 137 140 135 133 127 127 139 140 141 135 134 136 137 159 161 162 159 156 152 155 150 146 151 139 134 135 137 142 142 143 153 150 138 120 130 146 147 139 150 144 134 135 135 142
255 141 143 149 143 137 138 136 135 138 140 145 144 132 132 136 140 142 146 148 150 144 138 134 136 137 144 145 137 134 130 132 125 123 130 132 126 125 130 138 148 151 141 146 152 152 153 155 151 139 130 127 129 128 127 128 137 145 152 145 133 141 153 163 160 161 159 159 162 162 167 164 153 147 143 138 130 135 139 141 157 155 148 142 141 144 149 144 154 160 145 139 136 143
255 148 142 143 143 140 141 141 141 142 143 142 141 133 132 131 125 132 147 151 146 137 130 127 134 136 136 140 146 140 131 134 129 124 132 143 140 133 137 139 138 139 138 141 149 158 159 160 156 147 129 112 120 122 135 140 136 147 154 147 138 146 153 158 163 164 159 157 164 161 167 167 160 157 152 144 138 133 129 126 136 145 147 150 142 137 146 144 149 161 163 151 138 142
255 150 145 141 141 140 136 138 138 142 148 142 136 133 130 125 119 130 144 147 138 132 127 121 126 135 134 134 137 135 138 141 135 128 132 141 137 131 138 136 131 132 148 154 156 163 162 166 162 153 139 123 128 128 140 146 146 153 150 143 144 149 145 154 159 159 161 155 162 161 164 162 147 146 153 152 144 137 131 129 141 152 151 143 143 150 151 151 156 157 158 148 138 131
255 146 145 146 141 140 136 134 139 152 153 141 136 138 134 129 127 134 142 144 140 143 147 144 137 141 139 138 137 138 140 136 133 133 139 140 136 131 139 140 134 135 144 149 154 158 159 159 152 150 146 131 125 126 133 135 140 152 150 144 138 143 151 152 151 152 160 160 165 166 164 162 143 131 144 152 152 151 141 140 147 148 149 143 151 161 157 160 161 158 159 151 139 121
255 146 142 143 140 140 139 141 146 156 158 146 141 136 132 136 136 132 131 133 138 141 150 151 141 145 147 139 132 136 139 137 139 139 139 135 142 146 140 137 134 131 137 139 141 147 150 153 150 150 140 122 113 111 119 132 135 144 147 145 129 125 142 142 146 149 155 164 162 156 158 155 131 126 148 161 161 151 142 144 156 151 147 150 160 165 161 147 141 152 149 136 129 125
