example/E5 - XRays/X-ray-tomography/rastert_juap38.txt
ncols         356
nrows         356
xllcorner     -0.5
yllcorner     -355.5
cellsize      1
NODATA_value  -9999
[rows 252 to 293 of 356, columns 188 to 281 of 356]
160 170 175 169 164 167 169 157 104 55 62 94 128 139 133 139 161 171 178 175 166 171 168 165 173 172 172 173 181 183 174 169 169 164 165 175 176 171 169 172 175 168 163 161 165 162 149 136 123 125 142 146 149 153 153 157 169 162 149 153 161 170 170 160 151 158 157 153 154 136 131 136 143 139 130 127 128 105 85 96 126 143 155 159 151 129 93 68 59 43 45 71 111 136
176 173 174 172 169 164 166 162 113 57 67 95 134 153 142 154 165 166 173 169 171 174 176 181 181 172 179 186 178 177 181 171 172 170 162 167 172 173 170 168 167 173 170 155 164 159 152 141 129 123 139 148 146 147 150 158 169 167 162 162 160 167 171 163 155 163 161 160 162 156 151 141 150 150 134 119 116 98 66 64 98 124 149 163 157 140 102 68 60 43 44 70 111 135
183 175 168 169 171 168 162 147 115 79 91 106 138 156 144 156 171 178 180 169 172 170 168 177 172 170 181 183 177 174 176 169 165 171 170 176 179 175 179 171 160 172 175 161 168 168 159 144 131 116 134 151 140 135 146 160 158 159 166 169 160 163 167 160 154 160 162 161 159 161 153 134 136 141 140 130 113 88 55 52 80 106 137 161 158 137 100 61 44 35 55 86 117 135
185 178 171 161 165 161 148 133 110 94 102 104 129 150 151 156 177 186 181 174 174 171 171 174 169 170 179 177 181 181 173 172 165 161 167 176 172 172 184 177 168 175 173 165 166 167 157 148 138 120 136 150 133 132 157 166 160 163 161 165 163 162 163 159 155 154 157 159 153 153 149 134 127 133 142 132 105 84 67 59 81 112 144 160 155 136 94 54 36 35 73 110 131 136
181 171 181 172 169 160 145 135 115 99 95 100 121 141 157 164 179 183 179 177 176 179 181 180 177 176 178 175 181 178 167 174 170 162 164 169 168 173 181 174 166 173 168 161 165 161 150 150 146 134 134 143 135 146 171 170 163 167 166 163 164 163 164 163 157 154 156 155 156 157 160 151 135 136 140 136 122 104 97 83 92 123 148 153 141 126 92 56 41 42 84 127 149 156
175 163 170 169 163 156 139 121 109 97 92 98 118 143 161 175 180 173 172 173 175 177 184 183 180 178 179 175 178 172 159 169 172 166 166 164 162 170 177 177 168 168 168 160 167 155 144 160 159 146 131 137 143 156 175 169 159 168 176 164 159 166 171 164 158 160 165 163 160 163 172 168 151 146 143 141 137 130 126 109 107 125 135 140 131 119 93 61 44 53 101 143 157 166
171 165 166 160 146 137 115 86 74 89 96 97 117 140 153 175 173 168 173 178 171 174 185 180 176 176 176 173 184 180 168 163 168 174 172 165 165 170 171 174 172 167 165 155 151 142 141 154 156 153 140 142 143 146 165 168 163 166 175 172 165 166 171 167 165 162 163 163 160 160 168 167 150 149 146 142 139 136 124 100 91 93 101 118 130 127 100 64 40 52 102 142 154 163
162 163 166 162 148 134 110 80 61 73 89 89 115 135 153 175 172 169 179 185 172 168 178 178 172 174 174 174 181 180 177 168 163 171 174 174 171 174 169 166 166 161 147 132 125 124 139 146 140 142 142 148 149 152 161 169 170 168 162 166 166 166 168 166 166 165 163 163 165 161 161 165 150 144 144 143 136 124 106 81 61 54 67 98 132 129 91 57 41 50 99 141 155 163
161 159 157 158 156 148 126 100 63 53 67 76 108 132 148 169 176 172 179 177 172 170 177 186 172 176 179 172 174 169 166 168 162 164 165 170 167 168 164 159 152 141 124 115 97 86 114 124 117 115 121 145 158 170 169 171 170 166 151 148 155 160 168 163 166 168 168 163 169 168 159 161 156 152 147 141 125 109 107 81 51 42 66 102 126 112 71 49 62 80 120 147 154 154
170 170 162 157 151 152 134 120 77 56 58 67 93 120 138 163 172 172 178 176 177 182 181 187 174 174 170 161 167 165 158 159 158 165 159 164 165 164 162 166 157 132 115 107 78 55 72 83 83 87 110 145 161 169 169 170 165 161 154 149 156 161 166 160 162 163 170 163 160 161 156 158 157 152 140 127 107 95 112 99 74 67 97 124 123 92 60 64 103 126 146 149 147 148
172 177 172 160 148 148 132 141 115 86 70 64 76 107 129 149 164 176 178 174 174 180 176 180 173 170 172 163 162 161 162 157 154 165 168 171 159 155 151 156 152 127 117 105 73 54 66 82 84 94 129 157 161 165 168 169 165 164 173 168 166 167 167 165 163 162 164 161 159 159 158 161 157 152 139 116 97 92 111 115 107 107 126 139 119 80 61 85 125 141 156 154 142 146
165 167 157 153 160 162 149 154 143 118 102 83 80 99 118 136 156 168 170 170 174 178 175 176 171 168 176 177 164 153 156 145 136 149 157 160 148 132 119 114 117 113 109 105 90 82 100 107 100 109 136 159 158 163 171 174 169 167 176 174 172 167 169 176 170 158 156 161 165 164 161 158 149 146 138 115 90 94 122 133 128 127 127 124 105 70 62 96 131 134 149 159 153 150
162 166 154 151 159 159 156 157 145 126 128 125 113 117 130 136 141 147 155 159 169 176 177 180 176 168 165 166 158 144 137 114 103 124 141 150 136 116 100 85 76 68 77 98 108 114 119 110 107 122 142 156 152 157 163 166 169 171 173 170 169 167 165 168 172 159 152 156 161 158 158 153 143 141 136 118 95 104 133 140 133 125 114 112 106 87 94 117 140 129 134 153 152 149
165 165 156 161 164 159 159 164 153 127 131 148 140 129 138 134 113 109 120 129 149 167 169 171 172 167 156 151 132 112 109 94 86 114 132 143 131 123 103 66 44 35 57 95 126 142 137 122 121 137 156 168 162 167 171 167 164 171 172 174 173 172 168 163 168 159 153 154 150 148 154 154 146 143 142 119 101 114 138 137 134 134 119 115 119 115 120 131 140 128 127 144 151 151
158 158 156 161 161 168 165 165 159 126 120 141 145 139 147 134 97 86 102 121 145 161 156 152 155 163 156 152 140 115 98 98 113 143 150 147 139 138 117 79 57 60 79 100 126 151 156 147 147 152 157 169 173 172 172 175 165 164 169 170 169 168 166 152 150 153 159 161 152 147 146 142 137 142 150 133 127 131 141 137 139 152 145 134 127 125 125 134 142 132 128 141 149 150
160 161 159 157 155 166 164 166 161 137 133 143 148 139 133 126 107 96 100 118 137 148 140 122 117 138 146 151 157 149 130 128 138 150 160 153 141 148 137 107 94 106 110 110 118 137 144 140 154 163 157 166 166 161 165 172 163 159 167 171 162 160 164 150 146 153 162 167 155 145 132 121 130 149 155 144 147 141 138 141 151 168 166 156 147 139 132 128 143 146 132 135 145 148
158 160 157 156 154 159 162 169 163 146 143 148 148 133 117 116 121 121 111 122 134 135 123 100 82 103 131 149 153 158 156 144 139 148 157 149 139 141 132 111 110 128 131 129 124 127 129 122 143 162 160 164 164 160 165 171 163 157 158 167 165 160 160 161 155 151 150 144 126 113 101 104 128 146 146 140 145 142 143 147 154 163 167 165 157 146 140 134 146 153 138 129 138 147
156 150 147 150 150 152 155 154 153 144 144 150 146 145 127 103 100 120 126 136 139 137 124 113 94 95 127 149 148 154 156 143 136 150 155 140 131 133 122 107 96 102 124 144 144 144 144 130 135 154 160 162 161 163 166 165 156 147 147 154 161 161 153 157 144 126 120 113 91 73 67 82 113 135 140 138 146 140 145 145 147 157 162 163 157 147 142 143 154 160 142 124 127 137
149 138 141 143 145 148 151 143 138 137 148 153 152 156 138 95 70 96 128 144 147 153 146 135 117 113 134 150 148 144 138 125 127 149 143 124 118 114 105 115 110 103 127 149 157 163 160 147 136 145 156 161 160 159 165 164 157 146 148 151 157 157 143 143 134 114 108 101 84 71 73 90 111 133 144 142 150 147 142 137 133 146 160 157 147 141 143 147 153 153 139 119 117 125
141 133 135 145 154 158 155 142 132 135 148 146 151 158 143 106 81 97 135 152 153 155 148 132 118 115 126 143 148 137 129 118 130 154 142 123 109 89 83 114 127 130 141 152 161 166 159 152 134 129 141 143 147 151 154 161 160 150 153 155 160 163 153 150 143 128 119 99 85 81 92 111 126 137 146 144 141 145 144 140 131 131 150 152 139 133 141 148 146 141 137 129 126 130
140 129 132 140 149 160 153 139 132 131 143 142 147 155 151 143 133 129 146 155 155 150 134 122 121 115 119 135 149 149 136 122 138 147 128 100 87 76 80 108 136 151 150 156 164 164 160 157 140 126 137 139 138 146 145 154 154 147 149 150 155 164 160 151 144 136 127 116 112 113 124 132 131 140 147 141 140 141 142 141 141 136 140 143 134 127 133 142 139 135 135 139 142 137
137 124 120 123 138 152 149 138 114 98 114 125 139 154 154 156 155 143 151 154 155 144 120 109 125 127 133 143 149 156 148 141 144 133 101 73 82 89 107 129 143 160 164 165 167 167 160 160 146 125 133 141 139 143 137 142 149 145 140 137 146 154 145 141 135 134 142 149 145 144 146 142 131 137 145 141 143 136 136 142 150 149 144 145 136 131 134 143 145 141 139 140 143 147
140 133 128 120 134 151 145 131 102 92 121 135 143 151 149 153 146 140 154 155 144 130 116 109 133 149 156 159 153 154 147 150 151 132 97 91 120 127 142 149 146 157 164 165 167 164 154 146 143 132 130 135 138 139 136 137 143 138 138 141 147 149 133 127 129 135 149 157 155 153 149 143 132 135 142 137 136 126 115 131 156 160 157 148 135 130 135 144 152 149 144 144 141 149
140 138 129 122 136 145 136 114 96 110 145 147 152 152 141 141 136 136 153 157 141 130 122 122 149 162 159 160 151 146 143 145 145 133 110 118 140 139 146 153 151 156 161 161 160 155 148 143 145 143 135 137 144 147 145 142 143 133 137 152 153 150 141 131 135 141 141 147 153 152 143 144 142 140 140 139 138 124 106 123 155 163 157 152 140 132 137 138 153 155 145 143 139 146
141 139 122 131 146 142 134 125 116 130 147 146 151 141 134 136 133 136 145 146 140 135 137 145 164 168 163 169 168 158 151 145 143 139 126 131 146 144 139 145 150 148 150 154 151 147 146 144 148 147 134 132 141 138 140 140 139 136 146 163 161 156 149 142 141 142 134 141 151 145 134 141 146 147 138 136 142 135 122 131 154 158 150 143 142 143 143 141 155 161 152 146 143 145
144 146 133 132 144 142 143 155 147 143 145 145 137 121 123 131 141 143 137 145 143 131 147 163 172 176 174 178 176 172 162 154 147 138 140 141 147 142 128 134 149 148 145 152 147 140 140 137 141 145 136 135 142 131 136 143 145 144 153 162 162 160 152 141 137 137 138 144 152 145 135 138 144 143 138 134 139 140 140 145 149 144 142 135 132 140 145 149 156 158 154 150 152 151
146 147 144 144 145 143 158 158 153 149 143 140 130 112 112 127 145 141 135 153 144 130 141 157 172 176 172 177 170 167 165 165 156 146 144 139 140 137 121 124 147 146 143 147 141 137 134 131 137 142 134 139 143 140 141 142 147 146 155 164 162 160 155 141 135 133 137 144 150 146 143 141 143 143 147 149 148 145 144 146 141 139 141 141 137 135 143 150 149 146 149 154 158 163
136 143 154 157 155 157 171 167 164 155 134 129 135 124 124 138 143 132 135 157 153 146 138 147 166 172 167 172 171 169 169 169 164 163 152 137 131 136 129 126 140 142 140 142 140 139 141 140 144 143 129 137 143 150 151 141 145 152 164 177 173 164 159 153 153 145 141 142 140 138 137 133 133 141 148 151 150 144 143 147 141 135 141 145 143 133 137 148 148 145 149 152 155 166
130 141 148 154 165 167 171 170 166 160 139 121 130 135 140 146 144 139 141 153 155 149 135 128 148 158 159 167 168 171 171 174 170 161 153 141 131 132 129 127 139 154 147 135 143 145 149 147 147 144 135 143 142 149 151 142 148 162 167 175 172 164 164 158 161 157 151 151 144 140 136 135 140 151 150 147 145 139 139 148 147 143 143 145 143 133 137 146 143 145 151 150 149 158
130 141 147 154 162 166 165 170 173 166 143 125 130 144 155 152 146 146 141 149 150 145 129 114 137 148 155 168 167 154 158 174 168 154 146 132 130 129 128 129 134 143 133 124 142 145 149 148 150 151 144 148 152 155 155 149 156 171 173 177 170 162 163 158 159 162 158 154 148 145 142 140 147 161 160 149 141 137 139 147 151 146 141 142 144 135 135 142 137 142 150 148 148 151
136 147 156 154 154 163 164 170 177 170 142 140 150 155 156 147 144 143 134 145 144 145 142 128 126 135 153 166 166 154 156 170 165 158 151 133 138 142 146 141 133 139 136 133 148 148 150 151 147 156 152 151 158 158 158 154 153 166 171 174 168 161 158 156 163 159 149 143 140 144 144 138 144 157 160 149 141 138 138 143 147 148 145 143 150 147 140 139 137 139 146 137 136 143
152 155 156 150 153 166 169 167 174 166 142 141 153 160 157 151 152 146 143 146 141 143 150 139 108 107 132 150 159 158 161 167 163 156 155 148 149 148 147 131 121 136 147 145 153 148 148 149 148 159 156 152 155 155 157 157 151 156 164 169 164 165 163 154 154 150 138 136 142 147 144 141 143 148 152 146 141 135 133 139 140 148 146 150 158 157 152 144 140 135 130 127 130 140
148 155 147 143 150 157 158 156 168 166 154 145 147 150 144 139 141 144 150 161 160 149 142 129 95 86 105 129 149 157 161 161 151 137 137 140 142 144 146 136 135 147 149 143 151 150 147 147 148 159 154 145 148 161 162 159 154 155 162 168 163 166 167 153 137 133 130 136 144 147 145 143 141 140 140 140 141 131 126 135 137 142 141 146 156 159 151 149 141 131 122 121 135 140
131 148 145 145 151 153 149 143 155 153 154 151 142 137 131 131 135 145 156 167 167 154 144 130 117 112 119 129 139 144 151 151 133 118 115 123 137 142 142 147 158 158 151 145 147 148 144 142 145 158 163 150 150 161 167 168 163 158 158 162 157 159 163 152 136 131 135 140 141 142 139 138 135 123 123 125 133 134 128 139 146 141 139 143 150 155 152 152 142 128 122 123 132 133
126 139 149 153 154 150 144 140 147 142 141 138 132 127 128 138 135 138 146 155 160 151 144 131 131 136 137 139 139 137 137 138 133 132 128 124 132 146 148 146 149 145 142 148 145 144 146 142 144 155 166 157 151 152 163 173 174 168 163 162 154 152 158 155 144 143 149 150 145 143 142 137 135 123 120 126 130 137 145 148 154 147 137 138 139 148 151 150 145 128 108 105 123 135
128 147 159 156 146 137 126 124 133 128 123 118 118 117 120 137 135 128 127 141 150 146 141 126 124 135 139 146 150 152 149 151 158 162 154 142 135 144 148 145 149 144 138 149 149 149 150 142 141 148 157 156 152 149 155 161 170 170 166 167 161 155 153 155 146 148 152 153 159 156 153 146 142 135 133 136 140 140 149 151 145 141 136 131 128 139 150 150 138 117 93 84 109 137
127 151 159 151 135 118 100 100 122 132 136 133 135 131 119 122 130 129 127 140 143 140 136 122 120 130 147 159 166 173 168 170 177 171 163 157 153 153 159 165 167 156 148 156 152 150 152 142 144 145 153 158 159 160 165 161 160 163 167 165 167 168 156 153 144 146 152 148 153 156 155 154 149 146 147 148 146 143 143 150 146 140 138 134 136 146 154 147 130 114 95 87 109 136
122 145 157 160 150 124 104 104 125 142 144 144 154 157 136 122 128 131 129 137 139 137 142 133 131 137 159 167 171 177 172 173 175 170 164 165 172 170 169 171 171 164 150 154 156 148 148 145 147 145 146 150 152 154 162 161 156 158 165 162 162 167 159 153 144 145 153 152 146 153 155 160 160 157 154 155 157 149 140 144 144 142 144 138 137 151 157 148 131 122 118 112 121 135
115 137 146 154 154 139 124 123 137 144 137 141 153 153 142 127 127 132 124 124 136 137 134 130 131 139 166 172 166 171 175 175 174 169 164 168 180 172 166 167 164 159 147 151 158 152 149 146 149 151 147 148 147 148 158 156 153 161 161 159 153 156 157 154 148 145 149 155 156 160 161 163 167 163 158 154 158 156 149 144 144 138 139 141 139 151 154 148 138 134 140 137 138 142
128 143 143 149 156 147 135 127 132 134 132 141 148 141 137 130 132 141 130 129 143 139 126 123 128 138 166 174 171 181 181 179 177 172 171 173 178 171 166 163 160 154 150 157 159 154 149 142 145 149 150 152 153 155 161 155 148 162 165 155 146 150 162 164 157 151 151 156 160 159 160 160 163 163 162 156 157 159 152 143 146 144 138 137 139 149 155 154 146 144 144 144 141 145
147 147 143 145 146 147 142 129 126 134 132 132 133 134 136 137 139 139 129 128 140 134 127 123 131 143 168 172 171 186 182 175 168 165 166 168 170 164 164 167 171 165 163 164 161 155 148 143 143 144 149 149 150 158 161 163 155 158 166 154 136 137 153 155 151 156 154 156 162 157 154 158 162 159 157 153 157 157 151 141 136 134 128 127 137 151 162 163 152 141 143 147 146 143
146 144 144 143 143 146 143 130 131 137 132 134 137 142 142 147 144 140 132 123 133 131 132 126 131 147 164 165 165 175 175 165 155 154 160 166 166 165 167 172 175 174 175 175 170 161 153 146 141 140 143 143 148 159 158 159 158 157 163 158 141 135 150 156 150 154 153 154 160 160 155 161 163 153 146 145 150 153 150 142 127 108 102 112 134 151 165 163 154 143 146 149 154 156
