example/E5 - XRays/X-ray-tomography/rastert_juap23.txt
ncols         356
nrows         356
xllcorner     -0.5
yllcorner     -355.5
cellsize      1
NODATA_value  -9999
[rows 168 to 209 of 356, columns 94 to 187 of 356]
97 102 90 104 136 145 143 157 151 156 159 154 155 149 141 156 168 164 159 158 161 166 159 166 170 162 163 160 158 158 156 155 152 154 150 145 138 154 149 118 117 126 130 136 133 135 127 114 134 147 140 134 130 122 110 126 151 142 138 141 132 137 143 139 149 160 158 156 154 142 137 146 153 145 147 161 170 179 176 173 173 179 177 175 174 177 175 175 183 171 167 172 171 164
116 118 93 91 129 148 149 161 156 153 157 150 156 154 151 159 159 153 157 158 160 165 163 163 172 169 164 162 158 156 156 155 140 137 138 147 141 142 125 106 115 126 121 112 125 134 124 115 122 126 117 118 133 129 131 129 138 149 131 127 137 144 142 140 149 152 154 155 153 149 151 154 151 148 157 160 154 156 167 176 172 172 174 182 174 174 173 173 172 153 160 169 178 175
125 126 101 103 138 146 142 154 148 137 142 147 145 144 153 152 150 149 152 149 157 164 168 169 167 167 166 166 168 166 160 156 136 120 121 136 143 130 109 121 132 133 129 100 108 120 120 131 127 99 87 100 123 130 140 132 132 150 138 136 146 144 145 156 155 143 151 163 156 159 160 145 140 146 160 153 151 150 160 170 169 165 167 180 169 164 175 178 170 151 151 162 168 176
124 138 132 131 133 131 131 140 143 134 135 137 131 133 145 149 149 151 144 136 148 158 159 167 160 159 166 165 161 160 158 144 136 139 145 131 135 139 131 147 158 151 149 127 111 109 125 149 136 85 73 97 125 143 145 140 143 154 151 143 132 129 145 160 149 143 153 166 158 158 156 145 142 135 154 152 158 156 165 171 173 174 172 180 168 169 178 173 165 156 155 159 164 169
99 117 130 130 126 132 142 140 130 138 152 142 129 131 140 150 140 144 145 137 137 144 146 156 156 157 168 167 159 163 152 127 137 144 156 142 139 151 144 142 149 146 141 139 123 120 136 147 122 82 86 116 140 147 135 132 144 145 139 138 141 139 143 157 150 151 161 169 167 164 165 156 146 134 143 144 152 152 156 167 172 176 169 176 176 176 171 169 168 161 158 163 161 157
112 104 104 126 130 127 137 142 135 135 137 138 135 133 136 145 149 151 144 145 148 152 152 154 150 152 159 161 150 151 144 122 132 134 144 150 146 147 148 152 147 144 135 130 123 126 138 136 105 81 106 132 146 157 135 124 145 146 123 137 153 144 142 163 149 145 170 174 169 166 162 154 148 148 147 145 150 161 154 158 166 172 167 175 175 160 161 156 150 154 154 159 154 148
135 125 104 128 135 113 113 136 147 137 124 129 133 139 142 145 158 156 143 150 150 152 150 141 129 141 151 155 140 132 135 117 120 130 134 132 138 138 153 164 157 150 121 125 131 126 133 120 93 86 122 145 143 143 120 118 143 139 117 138 147 144 150 161 149 143 163 174 162 157 141 143 145 141 156 154 137 148 153 151 155 165 163 172 166 157 153 125 120 145 152 147 138 137
142 134 108 114 119 110 113 124 143 144 133 127 126 132 138 137 143 140 145 149 148 157 150 144 140 146 141 134 118 115 136 125 120 130 127 130 134 142 151 142 140 144 116 130 136 126 126 100 90 98 121 137 144 137 125 135 146 138 128 141 138 135 142 156 151 143 146 164 161 159 143 145 145 130 152 154 129 134 155 144 135 147 148 160 157 147 132 98 83 122 145 130 113 127
133 131 113 99 103 131 140 136 146 152 138 126 131 138 137 130 131 137 139 142 146 155 150 151 153 156 149 135 118 124 131 121 119 126 138 144 139 148 153 145 148 153 136 141 138 135 148 117 100 99 100 128 152 150 136 126 138 145 137 142 140 133 136 145 145 149 145 154 151 158 152 146 142 134 141 146 147 138 150 145 133 134 129 149 141 118 110 109 100 136 152 117 99 134
145 141 130 104 94 128 148 154 157 154 133 132 138 137 140 135 132 142 142 145 143 148 141 144 144 146 153 146 134 134 131 127 106 109 137 138 136 148 151 156 158 154 149 144 146 141 146 135 117 121 125 138 147 154 135 100 118 145 143 144 146 144 140 136 132 137 139 154 155 162 161 149 144 151 145 147 157 148 150 144 138 130 125 138 131 115 121 132 136 161 161 137 127 136
143 139 137 121 109 126 146 143 139 143 132 135 139 138 138 143 139 146 147 151 152 145 130 134 133 137 150 151 146 132 132 132 99 109 138 142 140 147 156 169 168 153 147 147 152 140 134 139 129 142 140 124 119 138 143 124 127 148 143 127 128 135 152 154 132 126 140 159 163 161 159 146 138 154 162 154 148 143 159 156 146 132 133 142 139 131 137 135 158 161 144 142 143 139
151 142 145 139 137 145 157 146 130 135 128 119 130 135 139 146 148 147 143 142 149 144 138 153 156 148 149 141 141 146 141 137 117 126 140 145 143 149 162 168 164 160 157 152 152 139 131 135 133 142 140 127 116 128 145 151 138 146 143 124 119 130 154 160 142 127 136 152 158 152 146 133 134 148 155 145 141 145 159 165 157 149 150 169 162 151 148 134 153 151 141 147 153 151
155 145 145 144 139 145 157 155 145 137 127 120 127 131 140 143 143 141 139 130 140 155 163 175 163 155 145 129 139 155 135 124 125 137 150 145 146 159 166 161 154 157 167 159 140 131 134 146 140 127 131 144 133 129 138 148 153 154 139 136 138 150 158 156 153 145 142 149 159 157 138 126 143 142 134 139 148 150 146 157 164 165 161 168 163 167 153 134 138 138 147 157 152 146
149 152 151 143 138 144 161 157 155 159 148 128 116 120 136 145 142 144 141 132 139 156 175 181 164 153 145 140 136 128 131 138 134 141 148 140 143 156 164 165 162 154 154 151 126 126 138 156 150 126 133 148 137 131 146 156 162 161 152 149 139 154 165 163 148 136 138 145 156 153 135 124 144 146 135 146 153 146 146 167 172 167 169 162 163 167 139 138 142 148 149 151 149 146
142 147 144 140 142 150 162 159 158 163 159 140 119 119 143 150 144 154 148 138 137 146 162 167 164 157 143 142 132 113 137 157 135 112 121 136 144 155 154 149 156 150 133 136 120 126 144 145 136 134 137 136 126 134 140 145 157 162 168 159 142 150 162 168 145 123 131 139 137 133 136 134 147 149 149 160 157 146 152 163 173 168 174 166 172 158 138 148 151 151 135 137 147 153
135 141 138 133 136 147 151 155 156 158 158 146 134 125 136 144 138 147 139 139 140 143 144 146 148 147 135 132 137 135 147 154 127 89 102 133 150 150 145 146 156 140 113 128 124 127 144 139 134 139 139 141 127 125 141 152 159 158 159 148 139 146 166 169 155 143 143 127 113 111 122 131 144 147 155 154 157 153 151 151 163 165 166 161 173 160 151 148 156 150 145 157 150 146
145 139 136 136 144 146 140 143 144 146 141 119 125 141 137 134 131 128 116 133 145 136 125 136 146 134 132 139 142 135 121 129 131 117 117 136 147 146 146 157 153 116 104 129 127 122 133 137 133 134 142 136 117 105 129 143 148 150 143 145 133 139 161 153 144 128 125 123 126 132 140 151 158 153 163 164 169 155 136 150 156 142 146 152 155 152 159 150 147 140 138 155 152 139
152 146 146 137 141 143 136 133 128 128 120 105 118 140 142 139 129 121 124 141 145 135 134 141 142 124 119 133 139 127 101 106 123 121 110 126 137 146 149 149 129 100 112 127 120 109 118 142 146 133 131 124 115 104 125 138 141 149 148 150 138 140 148 136 120 102 109 135 150 160 162 170 182 173 164 169 179 156 130 151 146 117 114 122 127 131 142 151 148 137 130 146 155 143
143 148 146 136 134 132 132 128 124 125 119 123 135 140 139 137 131 128 138 149 149 143 143 138 127 124 125 133 140 144 131 123 127 127 123 124 117 131 142 143 125 109 112 124 136 134 123 132 153 149 130 129 129 123 145 157 160 159 155 153 143 146 143 131 118 108 131 154 158 163 167 177 182 170 162 161 167 160 145 149 138 118 121 138 147 140 134 147 152 139 131 141 134 121
131 146 142 151 154 144 139 140 132 125 130 132 135 136 131 128 134 133 136 140 137 138 137 139 132 125 118 130 142 146 133 125 141 162 159 137 116 119 121 143 146 134 138 150 150 147 138 121 142 148 132 132 138 144 152 149 155 164 160 159 149 146 139 128 122 114 146 158 163 169 168 173 170 166 174 169 173 173 158 157 141 131 137 151 155 146 147 154 152 143 143 143 141 132
130 139 138 149 157 156 141 142 139 135 141 136 130 133 129 121 134 133 118 117 126 140 141 146 147 136 123 135 147 147 140 134 145 163 157 150 149 153 124 127 135 126 144 161 154 150 148 128 136 152 144 135 147 155 140 128 133 151 150 137 141 152 141 140 143 124 130 153 159 162 168 172 175 178 177 174 180 175 164 162 135 123 131 136 122 113 135 147 151 153 156 146 144 137
141 145 141 141 146 147 140 145 146 148 145 139 129 136 146 134 142 144 132 128 128 140 144 134 141 145 141 143 142 140 144 139 149 161 158 162 164 169 150 135 108 94 127 152 155 155 165 145 140 153 157 156 156 157 142 138 141 140 135 129 145 160 153 149 148 124 112 140 150 155 167 176 176 179 164 161 167 166 164 162 135 114 123 136 117 94 110 128 144 155 156 149 138 129
136 142 146 145 140 136 134 134 132 137 147 148 134 129 144 149 150 151 155 152 133 138 151 140 138 129 138 148 155 151 145 137 152 171 174 171 169 167 161 160 126 106 124 136 146 149 156 150 148 157 164 160 162 160 144 139 152 144 137 145 158 157 149 145 145 130 115 120 145 163 174 175 166 170 166 165 162 167 168 169 144 122 131 147 146 128 112 120 130 152 151 144 141 132
138 137 142 141 122 126 137 133 123 123 131 140 136 134 137 136 142 154 159 158 149 140 150 149 147 133 133 140 155 168 153 144 152 156 157 160 171 175 164 153 139 131 128 129 142 149 145 151 148 150 169 163 159 162 158 147 154 151 144 145 145 155 157 145 143 134 124 127 146 159 168 170 160 163 174 179 180 166 170 175 153 147 148 142 151 154 141 147 138 144 143 146 145 135
139 138 152 155 127 118 137 141 138 139 132 127 134 142 143 131 127 139 147 148 146 140 146 143 148 142 128 137 149 161 164 162 157 159 167 158 160 168 154 143 139 133 137 140 135 152 155 157 158 150 171 167 143 142 152 145 151 155 141 131 135 153 153 140 152 140 134 134 137 144 155 164 164 168 166 169 176 164 167 167 154 152 155 150 161 163 157 160 157 151 131 126 138 141
141 146 158 153 134 130 133 135 142 136 130 119 119 129 145 139 131 135 134 139 131 139 145 134 140 136 129 147 161 166 175 167 154 158 171 168 160 163 146 133 133 128 141 148 127 144 152 138 154 159 169 166 146 140 139 130 143 142 139 140 145 145 132 133 143 138 136 124 126 139 152 153 159 168 164 157 165 168 152 154 160 153 156 162 169 173 170 169 169 160 140 116 108 111
141 154 159 146 135 143 145 138 137 124 118 112 110 115 141 140 136 146 132 132 126 134 147 149 151 141 146 159 164 161 169 166 156 161 168 171 167 158 142 131 141 145 156 160 144 141 136 131 152 158 158 163 159 148 132 118 140 144 144 136 138 140 131 135 135 141 136 112 116 143 151 146 155 165 168 161 163 164 154 154 156 155 159 163 162 166 164 170 173 165 150 116 97 112
144 156 157 150 133 139 152 149 141 126 123 111 118 121 135 142 138 141 130 124 122 123 144 148 151 149 151 158 160 152 162 171 170 171 168 160 150 145 145 146 153 153 157 161 155 150 144 142 151 162 157 166 163 156 141 118 133 144 136 126 127 132 125 136 143 146 137 127 127 148 150 158 159 157 163 167 165 161 163 154 155 162 173 171 161 163 164 166 170 160 132 104 113 131
143 159 160 145 123 129 149 150 136 131 129 111 130 136 133 141 142 143 139 130 133 124 137 145 149 147 141 152 162 155 159 167 168 167 161 156 151 147 152 159 156 155 157 152 148 140 134 142 156 167 157 163 163 162 157 140 146 144 144 151 125 122 136 150 147 144 146 152 147 160 155 160 164 165 166 172 169 160 165 165 165 172 177 173 158 165 172 169 169 157 117 107 138 140
139 142 141 132 122 137 157 161 146 134 122 119 127 140 143 139 137 136 136 132 132 134 140 154 146 136 133 140 158 161 169 173 170 165 160 156 153 142 141 158 157 155 151 139 141 140 144 146 157 164 162 170 162 152 151 145 154 148 160 165 137 125 145 149 152 150 158 167 161 171 166 163 163 165 165 170 171 156 156 164 161 160 164 164 152 161 169 168 156 132 118 131 154 148
138 137 136 143 143 140 144 157 155 142 138 143 135 136 148 144 129 129 137 133 125 137 147 157 147 128 115 113 143 157 158 162 164 164 160 149 137 130 136 155 160 153 144 133 134 136 153 156 157 166 163 168 164 150 140 136 146 150 159 149 145 135 136 131 151 165 169 171 166 173 171 166 170 174 171 168 168 159 156 159 158 156 156 165 158 157 160 148 128 107 115 142 145 141
144 153 153 153 152 143 143 147 154 153 153 159 156 150 149 142 126 123 134 136 131 137 139 144 147 140 125 106 127 149 147 149 158 159 146 140 135 127 142 157 155 146 141 143 139 144 158 161 161 161 158 164 168 170 155 150 150 150 140 125 142 147 150 142 146 159 164 166 165 170 174 169 182 185 179 168 163 165 165 169 157 146 142 161 159 161 163 136 117 119 119 132 139 139
150 146 155 166 162 149 141 132 138 149 152 157 151 152 143 138 132 127 134 133 126 131 137 139 141 139 135 130 138 150 143 133 138 146 145 137 139 137 147 140 143 145 152 150 142 156 169 166 157 145 157 162 162 172 163 160 159 151 133 136 147 142 147 147 145 153 164 161 165 175 177 172 182 176 172 167 163 167 165 166 154 146 143 160 160 161 151 135 138 145 124 131 149 147
150 143 142 154 146 130 129 134 136 146 141 143 152 152 154 154 139 126 126 132 125 128 130 129 131 143 144 143 149 152 149 143 134 129 130 123 128 131 139 133 137 132 149 158 150 153 158 171 175 166 170 161 153 161 160 162 155 149 140 141 137 135 139 132 137 134 149 163 171 175 176 181 180 175 171 168 167 168 158 156 148 148 147 148 152 149 141 146 156 148 128 135 150 143
143 140 136 131 115 113 134 150 150 144 124 126 149 148 157 155 146 140 125 127 143 139 120 119 124 137 151 153 153 150 147 149 140 126 128 115 113 126 134 137 140 130 138 160 172 172 161 162 175 169 162 162 162 166 164 165 152 148 140 133 129 131 135 124 138 120 124 155 165 163 165 168 162 168 167 166 163 150 146 159 154 138 138 137 142 146 142 147 148 140 140 135 137 132
139 143 150 142 128 126 141 156 150 128 119 120 143 154 156 144 148 151 136 120 130 128 115 114 119 122 145 154 152 152 135 119 117 126 136 128 115 121 118 125 127 117 132 150 166 172 167 168 164 164 171 166 165 169 163 163 153 146 138 138 145 146 136 122 139 137 137 146 148 155 172 173 161 159 164 162 159 150 144 154 156 137 135 145 144 141 134 147 146 131 138 133 136 137
134 139 138 145 146 142 147 156 141 136 135 104 112 138 143 133 143 143 139 133 137 144 140 134 130 126 143 148 149 156 151 128 109 121 140 142 127 116 101 119 131 117 126 145 164 167 167 174 167 169 173 170 163 158 157 168 163 151 143 139 155 161 138 131 139 136 134 124 141 161 167 163 154 153 163 153 142 149 147 145 146 144 135 137 148 148 134 140 148 142 139 135 150 153
137 141 132 133 136 136 138 144 127 133 136 111 98 105 125 127 136 138 145 148 152 159 161 156 141 139 146 136 133 143 151 147 138 129 130 140 133 117 101 109 133 135 134 153 165 169 171 163 164 169 163 169 170 164 165 163 152 152 143 143 161 165 139 123 123 119 122 104 129 155 153 155 147 141 148 143 138 148 147 137 131 136 138 133 143 152 151 144 147 146 140 136 148 146
146 136 128 132 139 145 140 138 134 142 146 141 113 94 119 126 126 140 155 154 152 160 166 165 147 137 134 134 142 142 142 153 149 125 112 130 133 132 126 123 138 136 130 146 156 164 163 158 160 160 159 169 163 155 146 141 148 162 160 156 160 156 141 122 115 117 126 127 147 157 154 153 137 127 135 139 147 143 139 138 138 133 129 133 145 152 157 150 148 145 145 142 149 147
142 144 135 125 133 146 142 138 142 156 155 155 128 84 97 119 126 140 155 153 157 169 163 156 148 139 136 137 147 153 149 150 149 130 112 115 118 134 134 139 149 140 124 136 157 176 170 166 169 167 167 168 163 141 111 127 153 161 166 167 165 156 148 135 141 145 143 154 158 154 153 153 146 136 135 134 143 147 154 141 137 135 137 140 138 142 159 163 157 146 144 130 137 152
132 146 142 130 140 155 148 136 142 145 138 146 133 86 91 126 141 144 151 156 166 171 162 158 157 155 145 138 141 149 151 150 152 126 108 105 113 139 140 143 147 157 148 142 154 168 162 161 166 167 167 173 167 133 120 146 157 162 171 164 155 147 139 148 168 169 163 165 151 147 148 153 156 154 152 142 140 147 158 153 148 145 144 134 127 128 150 162 148 137 144 141 135 139
132 144 146 129 127 128 129 131 146 140 122 126 136 114 115 136 147 148 150 168 169 160 159 164 166 160 150 136 133 136 140 145 139 107 93 108 135 156 157 154 146 156 147 133 142 153 159 167 171 166 163 175 164 132 135 154 168 169 169 162 156 157 145 144 151 151 153 169 163 149 152 155 160 162 158 145 136 136 146 158 157 150 147 140 139 140 136 138 127 126 141 143 140 129
