example/E5 - XRays/X-ray-tomography/rastert_juap06.txt
ncols         356
nrows         356
xllcorner     -0.5
yllcorner     -355.5
cellsize      1
NODATA_value  -9999
[rows 210 to 251 of 356, columns 94 to 187 of 356]
149 135 106 106 123 133 143 155 144 140 136 146 156 151 155 155 160 153 154 167 160 158 158 147 143 150 154 146 149 153 140 144 143 140 153 164 158 154 158 147 147 148 116 83 103 133 148 153 155 163 170 171 163 156 164 152 153 148 144 150 149 150 147 155 159 152 160 173 168 167 172 176 164 162 167 165 160 151 140 130 118 124 140 147 155 160 160 168 170 172 169 162 163 175
149 121 83 91 126 143 146 144 149 157 151 149 156 156 160 158 161 172 166 170 158 155 157 149 140 155 159 157 149 153 149 159 160 146 155 168 164 165 163 150 148 133 119 122 136 148 154 165 170 159 160 161 152 154 161 152 152 150 154 151 146 158 159 162 157 157 169 167 169 176 168 172 170 161 169 165 155 161 167 160 145 137 144 155 154 160 167 170 160 167 171 169 177 188
138 107 74 91 130 141 145 150 154 152 148 151 156 148 148 157 155 154 151 156 151 156 155 151 142 146 149 154 152 159 162 163 160 156 161 165 164 168 165 157 151 139 137 157 167 171 161 162 163 154 156 151 149 155 157 155 157 161 165 150 159 165 164 168 173 175 174 161 162 179 184 172 166 161 169 173 172 169 156 149 156 160 158 169 164 168 171 175 160 162 166 164 161 177
127 100 92 115 139 151 151 151 148 152 148 150 157 150 153 151 145 147 152 155 144 149 155 159 160 159 154 136 144 160 163 160 160 158 159 169 167 175 174 160 147 136 140 170 177 174 168 167 158 158 157 147 152 157 156 161 157 147 151 150 161 163 167 157 162 178 183 171 167 178 186 175 165 165 171 180 179 169 168 168 168 174 174 169 168 175 174 183 176 166 167 164 162 176
131 103 121 141 147 164 159 147 149 169 164 152 159 154 151 148 146 147 142 142 151 161 155 154 160 159 150 142 158 168 160 156 151 151 159 173 172 172 174 160 142 126 140 169 169 174 170 164 155 160 157 153 153 155 160 165 160 147 153 161 156 158 162 165 173 183 177 170 177 170 170 180 168 163 162 167 169 155 173 178 173 177 178 163 170 167 172 171 166 170 175 166 167 174
148 139 148 154 159 167 163 165 161 164 165 155 152 155 162 156 149 142 133 138 163 168 150 155 155 146 143 142 151 159 158 169 161 152 153 153 166 171 167 150 144 139 155 172 175 176 166 154 153 168 167 158 162 155 160 165 162 151 154 169 164 161 168 167 171 171 163 162 172 168 171 186 166 165 167 175 177 171 173 168 177 182 174 168 165 166 173 172 176 172 158 164 173 164
161 154 150 152 155 153 159 174 165 147 160 158 146 149 154 148 147 145 151 153 164 163 148 148 142 148 159 162 154 149 145 156 155 150 151 145 155 155 155 144 141 155 173 173 167 159 159 147 150 159 163 161 157 158 165 156 159 159 165 170 161 172 182 153 154 165 170 173 171 168 177 185 165 162 159 165 162 166 165 171 174 179 175 176 173 166 163 167 175 163 153 168 173 161
162 157 157 156 161 166 160 163 167 150 155 157 157 150 142 139 143 146 149 154 152 152 150 147 140 133 145 159 152 164 161 150 151 150 149 142 134 137 143 133 133 143 154 164 154 152 156 149 150 145 152 160 155 168 168 156 166 172 180 181 171 174 180 168 168 175 173 169 172 173 171 176 174 161 150 159 163 169 174 183 177 181 177 170 174 169 173 169 168 173 172 174 178 167
162 162 165 158 167 170 156 161 162 144 140 133 126 111 105 107 123 140 149 157 161 164 158 159 150 147 156 163 152 172 169 146 150 146 126 110 103 126 143 139 134 134 134 153 149 153 150 155 167 158 152 157 160 169 163 169 176 163 173 180 174 171 179 176 176 174 167 171 177 180 169 163 172 166 162 170 177 179 179 181 182 181 173 170 175 168 171 168 168 170 173 166 168 167
159 163 168 165 160 156 159 166 153 135 126 107 79 67 85 115 140 152 149 152 161 157 146 150 150 164 170 172 157 163 154 147 134 115 103 98 115 140 146 150 147 146 140 146 147 159 160 159 161 156 164 162 162 157 146 163 165 148 172 177 171 185 181 180 189 175 175 189 176 177 176 167 170 171 173 168 169 176 174 164 181 177 172 171 167 165 163 164 171 163 172 169 168 173
175 173 163 169 161 160 159 153 144 138 130 91 54 62 104 136 154 169 162 157 160 161 155 148 152 159 154 160 160 162 150 144 126 109 103 108 137 149 134 142 147 144 141 149 145 141 161 166 155 154 161 148 149 149 160 164 162 150 170 184 180 184 177 185 186 177 175 183 174 173 177 175 169 172 166 161 167 174 177 172 175 170 175 174 163 162 163 169 180 170 166 172 174 183
187 173 162 169 167 165 148 146 144 131 107 71 62 89 132 144 152 168 171 168 162 163 167 159 156 151 144 156 161 167 163 147 136 138 138 133 150 150 133 142 141 138 138 149 146 138 156 158 150 158 154 147 160 160 162 148 155 163 168 167 174 170 164 170 172 177 178 178 172 176 171 167 168 175 171 167 169 167 169 181 174 163 171 181 181 171 165 175 165 164 171 185 184 180
175 160 161 165 157 156 144 148 147 131 96 67 81 121 148 154 157 165 166 170 167 162 167 168 161 143 133 157 159 152 146 142 150 156 150 141 160 166 155 151 137 137 138 148 150 146 150 145 138 147 162 170 162 152 160 160 167 162 168 159 162 169 176 176 178 187 178 173 179 181 172 181 187 173 170 168 169 170 168 181 171 167 170 178 186 187 174 183 168 157 173 186 182 175
167 161 163 168 160 157 155 151 130 100 79 59 79 128 147 156 154 162 164 168 179 181 166 160 158 153 141 149 153 159 151 153 159 150 150 153 164 168 166 168 148 138 131 131 138 141 153 153 153 158 168 166 158 154 163 168 174 163 173 172 167 178 192 185 181 178 168 169 179 178 184 197 187 170 166 166 175 180 176 183 185 181 174 171 171 174 174 176 167 167 172 167 171 173
174 166 156 159 166 166 152 139 106 69 71 68 98 132 141 153 158 169 167 163 172 182 175 171 165 157 152 138 116 125 138 146 150 152 165 168 172 169 169 179 165 143 136 137 133 140 149 147 156 161 168 167 172 162 166 164 175 168 170 170 167 169 171 177 178 165 172 172 179 175 182 190 174 178 173 157 168 181 177 178 186 178 164 170 174 171 168 170 170 173 164 167 169 167
166 161 162 170 170 163 149 132 103 83 84 85 117 135 148 164 167 172 173 172 176 178 168 163 161 154 147 112 68 76 125 140 145 159 166 164 164 167 163 170 167 148 147 150 143 149 152 160 159 156 157 157 164 160 170 169 179 175 177 173 169 169 164 169 174 165 179 177 174 166 170 174 169 172 169 158 164 173 179 177 179 183 166 166 165 165 170 180 183 181 169 178 177 183
167 164 178 179 154 146 135 110 92 80 83 96 132 135 146 166 167 165 168 164 164 172 168 168 169 160 146 98 60 52 103 137 149 149 151 158 154 164 164 156 147 155 161 156 162 159 160 164 164 170 167 161 169 173 165 161 165 168 171 173 173 176 171 166 173 167 171 172 166 160 164 166 164 163 155 160 168 170 186 173 167 184 182 180 170 168 176 171 170 176 175 174 183 188
165 158 164 160 143 142 116 85 81 72 88 107 139 139 143 160 170 177 166 172 175 174 172 175 170 159 133 80 47 31 65 111 139 142 146 156 153 162 162 154 148 155 153 159 173 166 159 162 165 166 170 166 164 167 160 166 172 172 171 180 179 173 176 162 170 173 171 167 165 166 168 169 166 161 149 160 169 168 177 167 162 166 172 164 165 171 167 169 168 171 177 170 182 180
169 158 148 146 140 128 90 64 81 92 114 126 143 148 152 164 163 163 162 173 175 170 161 164 163 163 136 89 57 49 79 112 129 131 136 150 152 154 153 165 175 166 162 165 162 166 157 155 156 161 173 171 166 178 176 174 170 167 175 185 172 166 179 161 164 168 171 167 161 171 166 163 170 165 167 175 167 173 177 175 175 178 184 170 164 164 169 179 175 177 180 172 175 180
165 156 143 146 143 114 55 39 78 105 124 138 158 161 158 168 167 160 161 160 161 156 150 154 158 159 144 121 100 99 116 124 136 129 134 140 149 156 159 167 173 151 152 162 156 167 158 151 142 151 168 174 172 179 181 184 171 176 178 175 170 168 172 171 174 174 168 163 169 184 172 160 163 161 163 171 163 167 177 177 179 187 174 173 176 170 180 181 172 178 178 173 164 168
151 145 130 115 115 86 40 34 69 87 104 135 154 159 165 172 168 167 164 167 168 164 171 165 163 152 151 150 142 139 141 149 156 134 138 150 156 160 159 161 160 150 159 168 158 163 156 151 148 168 175 170 168 169 168 174 176 178 167 166 183 182 164 172 167 177 170 158 164 182 173 166 161 164 166 174 171 172 173 165 172 175 167 174 178 175 177 173 174 175 176 177 166 162
143 131 113 95 84 62 43 40 55 60 90 135 149 162 167 165 161 162 162 167 166 167 174 169 159 153 160 156 150 149 149 160 161 144 146 160 165 164 159 159 161 171 173 168 163 162 161 158 161 169 168 167 175 175 182 179 175 171 158 160 179 183 171 181 170 167 161 150 152 174 163 158 162 172 167 170 171 171 172 163 164 170 169 165 172 179 173 174 188 177 176 172 160 171
113 102 92 89 92 90 75 83 86 72 100 142 150 147 157 165 167 172 167 163 163 167 163 166 155 156 156 152 163 157 156 157 164 155 147 160 166 162 160 164 171 177 162 159 166 164 159 157 168 165 165 168 169 172 187 174 168 172 166 156 163 181 179 182 183 174 169 159 148 166 157 156 157 169 170 168 166 166 176 172 170 174 164 162 170 165 169 172 180 174 181 178 168 182
105 88 66 71 107 120 121 138 133 104 103 136 149 136 146 158 158 156 157 166 168 172 163 164 155 148 136 142 161 158 160 157 170 166 154 155 163 164 160 156 164 171 161 155 161 167 162 156 164 180 191 177 164 178 180 160 165 173 167 163 174 190 179 172 177 169 165 167 161 168 155 157 149 161 175 164 156 164 182 178 175 180 175 179 183 177 185 169 169 171 178 182 179 178
121 99 81 97 128 139 145 150 147 129 116 133 143 138 148 150 158 155 167 183 155 155 166 166 156 144 128 131 139 139 149 158 166 160 147 147 161 170 165 153 149 154 168 166 150 156 162 153 165 178 178 171 168 183 186 168 168 176 176 176 180 180 176 176 181 176 169 172 167 178 161 160 160 159 160 159 158 158 176 177 174 176 178 175 175 185 191 175 178 174 172 187 186 173
140 122 110 119 141 147 148 150 156 149 141 144 142 144 153 151 167 160 167 175 152 154 169 169 153 136 133 143 140 128 138 149 155 155 148 141 154 165 163 164 160 160 178 179 150 156 159 147 157 164 172 182 180 178 181 174 168 166 176 181 181 172 170 171 179 179 177 184 184 182 167 166 168 167 171 169 159 158 176 175 161 162 176 171 167 171 177 176 173 167 174 185 172 171
148 140 137 146 153 147 143 141 151 150 145 144 147 148 145 143 162 153 150 159 166 170 167 160 148 148 150 148 143 134 142 146 160 168 163 151 160 156 149 158 161 160 169 168 154 155 154 153 157 166 176 179 180 172 169 165 163 165 170 170 179 178 164 159 169 174 174 175 177 179 173 174 174 181 186 177 166 164 176 171 164 174 184 173 167 166 169 172 170 168 166 169 160 170
135 136 146 154 149 159 161 149 154 149 142 145 146 145 139 135 147 152 157 164 159 152 146 148 152 148 138 136 139 136 147 147 152 156 158 152 158 157 150 150 151 150 158 163 160 154 151 151 159 175 170 166 170 177 187 168 162 163 161 172 178 175 168 163 165 177 176 173 171 184 179 178 177 173 169 164 170 164 170 176 173 172 173 174 175 170 171 171 174 177 166 162 163 164
140 140 138 149 144 151 149 142 154 153 134 124 137 136 138 141 144 151 162 162 151 148 148 154 153 140 132 135 138 127 132 141 150 156 160 149 152 157 158 150 139 142 152 159 156 159 155 154 162 178 164 168 168 168 167 162 163 157 163 177 168 164 173 169 166 172 170 170 168 177 171 178 181 171 170 177 190 180 167 173 178 178 175 177 181 169 172 176 184 188 175 165 166 167
142 129 119 131 136 140 134 137 138 136 128 121 143 147 148 142 146 147 145 150 154 149 146 156 150 147 132 118 107 94 108 133 146 148 151 142 151 157 157 148 130 143 157 166 154 147 141 148 165 178 181 178 169 158 143 153 154 146 158 162 160 159 173 182 180 176 180 186 182 170 171 184 181 172 180 182 182 177 169 174 176 169 165 170 177 173 172 174 171 168 176 181 185 179
143 132 123 117 125 143 141 135 134 134 126 122 138 149 149 145 150 147 144 150 158 145 140 148 150 163 139 106 70 59 91 125 152 147 144 150 158 157 143 126 117 146 158 154 153 145 139 143 161 169 176 167 161 163 160 158 155 150 150 144 157 166 166 175 176 175 178 178 184 174 178 185 177 172 185 186 166 165 174 177 165 152 159 174 171 179 172 171 176 176 176 176 185 175
140 149 139 117 120 135 141 144 140 139 133 138 145 140 133 136 142 143 143 142 153 149 150 150 153 166 151 130 94 75 99 132 158 152 155 164 162 162 146 130 129 149 149 147 157 159 157 160 170 166 168 169 164 168 168 160 162 174 162 148 152 163 163 174 174 171 173 167 166 173 179 186 190 187 182 192 183 175 188 178 168 170 175 178 165 177 177 174 184 183 173 171 175 172
132 149 148 146 142 139 138 141 145 154 139 139 143 143 143 144 150 155 150 143 144 147 150 154 158 158 145 135 121 105 117 142 143 140 147 161 171 165 149 149 160 156 144 148 154 155 162 171 176 162 157 161 165 162 162 165 164 179 161 151 162 169 166 177 168 169 176 171 165 174 171 177 192 182 176 185 181 171 176 158 161 174 173 174 170 174 176 174 176 181 171 174 172 171
110 131 153 158 146 143 144 142 148 152 134 139 147 150 156 149 146 153 149 143 133 133 121 123 154 164 150 138 112 87 114 147 143 139 147 170 173 158 161 168 168 160 156 164 159 155 154 154 163 161 158 153 156 155 155 157 162 176 166 156 165 161 159 176 165 161 171 173 173 177 180 178 177 173 179 180 174 175 173 168 169 179 166 161 167 167 164 160 161 164 165 176 169 162
100 118 150 155 150 145 144 144 139 122 115 139 154 154 155 152 146 143 147 146 140 135 110 110 145 157 155 147 118 91 117 144 140 134 144 163 165 162 171 170 165 168 164 163 149 137 139 152 162 159 167 162 159 162 156 157 159 168 167 164 175 170 160 168 158 149 156 163 177 166 170 174 165 171 179 176 182 183 175 163 157 167 170 166 164 172 171 168 166 167 179 177 162 165
136 136 145 149 156 144 131 133 133 112 115 144 157 163 153 149 149 146 151 145 138 139 140 136 132 138 155 153 150 136 125 131 132 140 149 159 169 163 167 173 166 163 158 160 150 144 153 160 162 154 161 164 168 164 155 163 157 163 166 162 171 173 167 165 167 167 157 153 175 176 172 172 164 176 188 185 169 157 160 148 141 147 161 172 172 180 176 175 171 160 178 178 165 167
151 153 146 143 150 141 130 133 136 124 128 151 156 147 137 153 158 148 149 137 126 130 159 153 126 131 154 160 159 145 128 134 142 156 156 159 166 159 167 170 155 158 158 157 146 149 161 160 156 159 157 157 176 168 162 177 162 165 172 160 158 164 166 160 164 169 168 159 163 177 178 168 167 186 184 176 160 151 161 154 158 170 160 161 174 172 169 173 177 173 174 175 174 173
151 147 136 143 156 151 129 119 134 136 135 148 140 125 135 172 173 159 157 134 130 146 161 145 127 139 157 159 151 147 136 139 154 162 159 160 160 159 169 174 171 174 167 148 126 137 154 155 153 163 166 155 164 163 158 177 166 157 163 163 172 170 166 158 159 167 171 162 157 170 173 168 173 185 165 166 160 159 173 162 162 177 167 163 174 175 167 162 160 170 171 177 171 171
148 149 142 143 141 129 110 103 134 147 133 142 145 146 157 171 171 167 161 135 143 153 153 148 156 159 161 156 147 149 143 141 154 160 165 167 160 157 164 166 168 161 162 147 131 144 153 158 172 175 174 167 167 169 163 167 165 164 161 163 174 169 165 157 158 168 171 164 161 167 161 156 169 179 171 179 175 157 167 169 166 172 171 176 183 184 175 176 171 167 171 184 169 168
145 154 146 146 134 115 126 139 147 147 135 137 146 158 165 169 169 168 153 139 142 135 147 162 164 146 149 155 159 149 143 156 167 172 173 174 163 167 165 156 162 159 164 159 152 147 147 162 178 168 177 183 176 166 161 165 161 170 159 153 163 158 157 157 169 171 172 173 162 154 158 158 165 173 171 174 174 164 170 162 163 170 164 172 179 177 165 169 176 178 172 178 168 167
155 156 158 156 136 127 147 157 150 148 145 133 147 159 165 169 164 163 152 144 148 140 147 159 157 148 154 158 158 145 146 165 169 167 168 173 168 175 171 161 159 159 163 157 159 161 157 164 159 165 185 176 169 167 172 161 145 150 145 150 167 162 158 161 173 170 164 167 164 159 159 154 169 179 174 168 170 166 164 149 159 168 166 177 175 169 156 152 168 179 177 174 161 165
157 163 161 147 141 144 146 140 128 129 137 134 152 167 175 173 167 166 146 143 151 155 152 162 167 169 166 161 148 143 153 161 165 165 162 166 173 170 160 159 163 162 163 154 165 171 166 166 146 158 171 157 156 160 163 153 143 141 143 153 165 161 152 164 177 168 161 165 164 161 157 153 173 179 176 169 169 168 166 158 173 173 167 180 173 161 159 168 169 166 173 172 169 175
