example/E5 - XRays/X-ray-tomography/rastert_juap10.txt
ncols         356
nrows         356
xllcorner     -0.5
yllcorner     -355.5
cellsize      1
NODATA_value  -9999
[rows 84 to 125 of 356, columns 188 to 281 of 356]
149 154 153 145 137 132 127 125 127 138 143 151 156 159 157 153 154 154 151 148 150 155 142 152 159 156 144 146 157 150 138 130 125 132 154 157 157 160 164 155 146 121 94 77 73 88 117 141 134 137 151 147 150 157 156 147 152 154 155 156 160 159 158 151 161 168 164 160 155 151 154 153 159 143 140 144 142 147 143 149 153 157 150 138 138 140 148 151 143 128 121 128 141 145
145 153 158 146 142 137 132 120 113 134 153 158 160 165 162 153 151 149 146 153 161 152 138 147 157 160 151 151 149 147 152 138 114 116 143 146 144 141 149 145 132 116 114 106 83 89 111 135 134 139 152 148 152 149 157 161 156 151 153 160 162 158 154 150 167 164 162 160 149 146 148 150 154 142 143 142 142 145 144 148 150 154 151 146 144 140 144 144 134 122 120 131 142 143
153 149 152 150 144 140 139 135 128 138 152 160 161 164 162 158 157 145 130 142 149 140 143 149 156 161 154 156 151 149 157 147 130 122 140 146 139 133 136 136 120 109 106 103 92 99 120 131 136 149 152 144 146 146 158 161 152 154 160 166 161 155 152 153 166 166 166 159 147 147 149 154 147 143 151 147 143 146 143 146 144 148 153 151 152 148 143 137 128 128 129 131 139 142
152 148 143 147 138 134 138 137 131 136 140 155 168 171 164 154 152 137 124 142 144 137 144 155 158 155 150 160 160 152 152 152 143 137 144 151 143 146 141 137 120 94 70 74 100 114 129 128 138 153 150 143 145 148 149 147 144 155 164 164 162 158 152 154 161 165 163 154 150 155 158 162 152 148 156 153 150 153 145 145 146 153 153 151 156 150 147 143 131 131 130 136 141 142
143 152 151 149 143 139 143 138 132 141 137 144 167 168 162 157 147 129 118 141 154 147 147 154 151 151 143 146 154 149 150 153 149 147 147 151 144 157 152 141 136 103 65 74 117 129 136 133 138 153 149 145 150 152 148 148 147 153 157 157 161 157 150 157 158 158 152 150 152 155 154 158 154 147 151 157 155 150 145 143 146 155 154 156 153 145 147 141 131 128 126 136 142 143
148 153 155 149 147 141 137 139 141 144 138 139 160 157 162 160 140 130 129 143 159 164 165 154 140 142 141 142 149 146 152 150 147 147 149 145 143 151 149 145 151 129 95 89 124 142 147 144 144 152 153 148 145 145 144 152 155 153 152 150 156 158 156 159 155 153 149 153 154 144 135 140 148 144 148 158 160 149 141 139 144 155 153 157 150 144 149 140 127 116 107 120 139 144
146 148 154 150 149 148 142 145 148 143 145 145 151 150 170 164 135 137 147 156 164 175 179 163 139 131 144 150 149 151 151 135 145 150 150 150 150 146 146 140 139 128 104 93 124 144 151 153 149 148 150 153 154 149 143 140 148 151 151 150 156 162 162 161 154 151 152 156 153 136 122 128 147 150 150 157 156 151 146 145 149 149 152 159 153 149 146 143 136 113 95 111 135 146
138 144 146 143 138 144 149 143 142 142 149 148 152 146 159 155 140 143 151 164 172 174 174 163 139 119 124 131 144 150 144 133 147 151 148 153 155 147 147 134 118 89 70 86 128 140 149 158 149 151 153 158 162 155 143 136 147 151 151 161 165 162 166 167 154 152 154 156 155 142 135 141 148 151 153 155 150 156 152 145 151 150 156 160 152 149 147 147 145 125 112 124 140 146
139 150 150 148 142 150 149 142 140 145 153 150 151 146 151 150 143 138 152 171 177 180 171 171 157 130 111 97 128 145 147 147 141 148 146 145 145 143 134 109 83 51 44 81 132 144 150 162 159 158 156 153 153 150 137 133 146 149 154 163 158 157 168 166 151 149 156 163 162 158 153 154 148 149 155 153 150 161 155 147 156 155 153 149 146 149 150 147 152 147 138 138 142 141
141 148 152 152 153 156 152 150 152 160 161 150 148 151 152 151 147 135 153 175 173 180 174 177 172 148 119 85 109 129 145 156 142 145 143 140 142 142 118 84 52 35 41 75 132 145 150 164 166 157 150 152 147 145 138 130 136 151 161 161 155 158 166 156 146 141 154 160 153 160 158 158 155 156 156 155 157 160 148 147 152 146 141 142 145 154 152 154 163 162 155 151 140 131
140 149 141 141 157 153 154 156 158 164 158 155 160 164 151 150 144 137 152 166 168 180 178 170 171 165 148 110 104 115 133 142 145 145 139 143 151 136 102 73 43 33 48 70 122 142 151 160 160 152 151 154 146 137 138 136 138 161 170 169 158 161 158 145 142 138 147 151 148 156 156 157 157 158 155 153 154 153 142 148 149 142 140 144 151 157 156 163 167 164 162 157 143 134
147 154 141 145 166 159 167 169 158 160 155 159 159 155 141 147 143 140 158 171 174 179 178 170 174 181 172 139 107 101 116 124 143 142 141 155 149 120 86 63 49 42 49 61 99 136 153 161 160 156 153 149 143 138 135 138 146 166 167 167 157 163 160 149 144 142 148 159 154 155 159 157 157 157 155 148 148 151 151 151 142 140 144 144 155 158 163 165 162 159 162 159 153 141
154 161 159 157 169 158 168 175 164 160 161 168 159 146 136 133 129 132 148 162 176 178 170 172 179 181 175 150 124 105 120 128 139 141 145 149 133 105 82 58 50 53 57 52 81 129 149 155 158 158 151 146 145 139 130 143 159 166 159 158 158 168 163 157 150 148 153 160 155 155 159 150 154 164 159 146 148 148 148 143 135 141 140 141 156 156 160 159 155 158 166 161 152 140
149 157 171 158 160 159 164 171 174 158 163 170 161 148 135 107 92 113 137 153 174 178 173 180 182 173 172 160 152 126 128 129 130 144 147 135 125 103 84 68 72 79 70 50 79 132 153 150 143 145 143 135 140 143 139 156 168 171 163 159 164 166 159 157 153 151 158 162 154 155 156 145 149 157 157 150 148 141 145 150 144 139 140 145 152 150 154 157 160 162 159 152 149 141
155 154 171 151 149 164 163 172 178 162 164 171 161 147 129 104 84 104 140 159 175 176 174 179 184 174 176 176 172 143 124 110 120 148 139 116 117 103 83 75 88 91 79 60 90 131 146 146 139 142 147 142 141 150 155 165 163 173 174 170 173 165 154 152 155 158 160 163 155 153 155 146 149 149 148 148 143 139 149 156 145 137 142 147 147 150 152 162 165 161 151 150 151 149
154 154 165 145 145 168 163 170 177 169 167 171 163 150 127 117 104 113 139 159 172 171 172 172 178 175 177 179 172 149 125 115 128 150 136 106 91 73 62 66 84 98 95 85 111 136 144 147 143 145 150 152 146 152 160 168 171 177 169 161 162 158 152 155 156 155 153 156 157 157 151 144 147 147 140 134 130 138 146 150 145 142 140 138 145 150 154 166 158 154 153 154 153 148
151 153 159 143 147 162 156 166 176 171 168 172 165 161 136 121 121 121 135 156 171 177 168 171 178 169 166 171 171 157 137 139 132 133 128 102 70 54 54 60 81 106 101 89 115 147 151 142 142 140 144 151 157 162 171 176 180 174 164 155 151 157 157 158 157 159 155 150 158 157 145 145 145 142 134 126 127 141 149 147 143 142 135 127 127 138 148 157 152 149 154 151 144 137
155 155 154 151 151 164 162 171 179 170 166 169 166 166 150 131 129 126 137 159 167 181 166 174 180 168 170 177 171 162 150 152 132 131 129 101 67 53 60 70 91 105 83 84 118 144 150 139 142 144 149 148 156 164 175 171 176 166 160 155 152 160 157 155 156 158 156 144 144 146 149 151 137 131 131 130 136 145 146 144 142 137 129 114 103 127 144 146 146 147 145 141 139 138
159 158 155 148 139 155 167 176 181 176 172 169 162 163 162 145 128 126 138 155 158 173 173 177 172 167 179 177 167 155 140 144 141 148 141 116 83 59 68 103 125 111 80 94 133 150 153 146 147 143 143 144 150 157 166 162 165 159 156 152 154 157 152 153 152 143 146 143 140 145 152 151 141 137 142 142 147 149 146 143 140 138 129 114 116 141 148 148 152 150 145 143 146 142
163 159 161 155 138 145 165 178 177 174 171 172 168 162 164 154 135 132 134 141 158 176 181 182 177 170 177 166 163 149 134 133 137 149 144 135 115 87 90 125 133 120 103 110 145 154 144 149 155 149 141 152 157 154 153 152 154 148 153 148 152 157 158 158 151 149 148 147 148 147 146 147 150 142 148 148 149 151 153 145 137 139 133 124 135 152 149 160 161 153 156 158 155 142
163 147 147 154 150 152 160 166 166 171 172 174 173 168 164 157 140 137 139 132 146 165 176 181 172 163 170 160 159 144 143 143 137 142 148 154 148 126 121 132 129 125 118 119 144 147 140 148 149 139 131 143 156 149 142 142 148 147 155 156 157 154 154 155 152 160 152 146 148 146 142 147 145 133 143 143 140 147 155 147 146 144 144 146 158 162 155 157 152 154 164 167 161 148
152 134 128 137 147 156 159 154 158 176 179 176 175 174 163 157 146 138 139 128 135 148 162 175 165 159 159 153 151 144 151 152 142 142 148 156 155 140 136 134 126 128 133 132 143 145 146 146 143 140 128 126 142 143 138 142 142 145 148 150 151 146 152 156 152 158 155 150 147 148 140 138 133 131 140 139 139 147 149 149 152 148 149 155 165 167 163 152 148 160 159 157 149 133
137 119 123 126 144 158 158 153 161 173 178 178 169 163 157 152 142 132 135 132 136 145 149 157 157 158 153 146 152 152 150 146 138 137 138 141 143 149 145 135 122 120 128 134 143 141 144 147 145 143 135 127 130 142 149 150 144 148 146 146 146 146 161 156 150 153 152 149 142 146 142 132 131 139 146 145 152 155 148 147 147 143 142 148 162 168 167 159 157 161 152 146 134 106
133 126 134 137 149 156 149 151 173 170 167 165 165 157 160 148 126 123 139 142 132 138 144 153 153 158 160 147 149 150 140 136 136 138 141 137 137 154 148 133 126 120 124 134 144 143 136 136 144 151 147 137 126 140 156 155 151 153 149 144 144 147 162 155 153 156 147 142 138 138 136 134 142 150 156 162 163 156 145 141 137 140 138 149 168 171 164 163 166 161 150 141 125 89
110 116 130 144 148 153 151 152 162 160 162 160 169 159 155 147 134 139 148 143 127 131 142 155 153 151 149 145 145 141 137 136 133 140 136 123 133 146 143 135 131 131 141 149 147 152 154 151 150 158 147 144 135 134 149 154 152 155 150 146 145 149 152 156 159 154 144 137 136 136 137 140 150 154 160 164 160 156 145 141 142 145 141 147 160 163 160 164 163 148 133 125 118 98
95 104 120 133 141 153 156 154 142 146 158 159 155 151 148 153 152 143 143 132 130 144 147 141 150 156 146 148 146 137 131 129 131 136 143 129 126 138 152 151 139 145 155 159 150 153 166 164 154 152 143 152 149 135 152 159 155 157 151 154 157 154 149 152 156 152 149 139 137 140 141 142 155 161 157 159 162 152 138 136 144 142 136 138 152 158 158 162 155 136 112 101 111 111
123 127 133 131 135 150 152 153 143 138 146 154 143 137 138 148 141 127 145 137 139 157 139 118 142 158 150 151 141 131 125 121 130 138 146 136 134 145 148 142 142 150 139 138 141 150 157 155 152 149 150 154 146 137 157 159 159 166 159 156 154 145 139 145 149 149 153 142 139 149 144 138 152 160 155 161 163 149 135 138 136 133 139 142 148 146 149 151 133 102 74 64 86 102
148 135 136 142 146 151 145 132 125 135 136 147 133 120 122 133 134 132 146 144 150 156 126 106 129 145 143 146 128 111 126 129 132 140 139 131 134 135 134 131 136 147 135 136 146 153 155 154 155 154 153 152 147 145 157 159 162 170 161 148 147 144 141 153 159 151 143 135 137 152 152 144 148 158 161 168 164 152 143 142 131 132 144 145 137 127 131 122 91 51 36 43 73 100
153 138 138 141 150 156 150 133 122 141 148 149 129 118 115 130 151 147 149 153 160 161 135 124 141 156 153 136 120 121 141 136 127 126 131 134 138 135 148 156 147 146 142 148 148 144 154 160 157 149 138 142 148 140 151 159 155 152 152 144 149 149 147 152 155 147 135 136 143 147 139 137 145 156 158 163 160 155 154 146 133 139 145 142 120 96 91 81 57 42 57 82 113 136
158 151 144 144 146 149 149 132 117 131 149 149 137 135 133 137 153 152 158 158 156 163 155 145 151 161 152 143 137 150 151 143 123 101 103 119 134 137 154 154 144 143 145 149 145 140 156 165 147 124 128 140 138 121 134 154 158 153 154 151 147 145 143 143 146 145 140 142 146 144 129 131 146 155 153 156 153 150 146 131 128 136 144 143 118 92 84 77 62 60 91 128 155 164
160 162 156 150 142 147 148 130 119 133 144 146 145 142 147 136 144 156 158 154 153 157 159 156 156 154 150 159 159 160 155 162 145 123 116 120 128 134 138 137 138 140 147 156 154 144 144 155 141 124 133 136 126 123 133 150 159 155 147 145 139 144 147 138 135 140 139 145 144 147 143 143 146 151 148 151 151 154 146 123 122 121 127 138 132 126 125 119 101 99 124 153 166 172
162 162 161 151 141 148 143 136 139 153 149 147 144 141 152 125 126 152 163 157 170 166 163 169 164 165 165 165 165 165 159 167 158 150 146 144 151 152 141 136 128 130 151 164 161 153 135 141 142 142 147 135 132 141 142 143 136 132 141 148 146 140 142 138 132 137 140 142 134 139 141 143 141 135 130 139 145 150 145 135 135 132 124 133 139 142 130 127 131 136 150 165 170 175
157 151 152 153 151 143 140 146 142 143 144 148 142 150 157 131 125 145 165 165 175 163 167 178 172 174 171 168 169 171 165 164 159 165 170 166 162 157 150 143 131 134 155 164 158 146 134 139 145 153 155 142 135 135 136 124 114 117 140 147 134 118 125 134 133 135 135 130 134 140 140 139 139 132 120 133 147 151 144 140 143 145 135 137 141 131 115 127 143 146 151 163 166 170
148 148 153 153 146 138 141 155 142 134 142 147 132 135 152 154 137 146 163 162 172 169 174 177 170 175 174 168 164 166 168 167 166 168 170 169 165 162 157 153 149 141 148 162 155 133 132 151 158 160 160 146 130 121 123 118 120 127 127 119 113 108 122 134 136 139 138 135 145 146 139 138 143 134 129 145 149 153 144 137 142 150 145 142 143 129 127 149 154 152 158 164 160 163
149 146 156 153 144 144 145 154 148 136 135 140 139 136 142 153 157 171 178 165 167 169 172 169 165 180 179 166 166 171 170 173 166 159 158 159 161 163 162 169 161 145 150 155 147 129 127 155 158 155 152 144 136 130 111 98 117 128 122 114 115 125 133 138 139 139 137 146 155 149 134 128 140 135 133 143 137 141 138 138 143 147 143 140 147 140 146 160 159 157 162 163 159 161
142 138 147 139 136 151 155 155 155 139 128 127 139 137 134 151 171 166 171 171 172 166 170 180 173 170 174 168 169 181 174 176 165 156 162 158 157 155 162 175 153 136 147 138 137 128 121 149 145 146 148 141 136 135 116 100 108 122 138 124 111 118 132 142 140 130 126 140 148 148 138 135 141 130 124 134 133 134 134 135 142 146 140 138 145 142 150 162 160 155 158 166 164 161
140 143 150 137 137 148 139 136 152 146 140 139 137 129 132 154 168 161 163 166 175 179 173 173 166 161 170 174 170 174 170 173 167 164 170 157 156 153 157 162 134 128 143 129 135 141 130 135 135 145 143 139 140 131 120 108 113 135 154 132 116 111 123 145 149 138 136 152 155 151 144 145 138 126 130 136 143 137 138 139 147 146 135 134 142 141 145 153 154 152 152 161 161 162
135 136 144 145 147 140 126 122 143 144 147 151 140 134 141 154 160 164 167 165 161 172 171 165 166 175 175 176 168 168 177 170 169 169 172 165 168 160 160 150 128 132 134 116 123 138 142 141 146 150 140 138 137 115 101 92 117 148 155 144 135 113 109 139 150 148 153 161 156 150 149 145 136 134 140 140 149 140 140 141 140 139 127 127 138 149 150 148 152 157 151 152 154 158
141 136 139 146 153 149 146 145 144 133 135 147 142 137 147 167 166 165 167 161 160 172 173 171 175 178 179 175 167 161 170 172 168 161 161 162 168 163 160 133 103 115 129 128 134 135 143 155 151 147 142 142 130 110 102 106 130 148 149 156 150 118 107 135 143 146 150 150 149 151 155 150 142 139 141 140 131 125 135 142 136 133 129 137 142 141 137 148 156 155 151 155 152 153
154 156 145 141 133 138 161 152 133 128 131 142 143 143 148 159 163 164 171 160 163 175 170 169 179 177 167 162 170 169 169 176 176 173 166 167 169 167 147 112 88 110 134 142 139 140 142 149 147 143 142 144 129 111 113 126 132 140 147 155 151 127 123 145 152 156 150 150 154 158 158 150 148 154 155 149 119 109 130 141 138 140 142 148 146 125 111 140 152 147 148 151 149 155
152 140 134 142 141 134 146 135 123 134 137 136 139 152 161 156 165 160 167 166 166 173 169 167 178 170 161 159 169 173 168 170 174 175 168 168 168 167 142 100 83 118 140 138 138 146 147 150 150 146 135 133 133 115 108 117 126 134 136 149 150 131 136 145 144 153 151 151 154 151 155 154 159 167 162 151 130 120 130 136 136 144 144 149 144 123 107 123 142 151 150 147 146 149
151 146 138 138 147 142 149 143 131 141 143 132 140 153 158 161 177 171 173 176 168 169 174 174 173 166 170 166 170 176 169 170 172 169 164 164 160 157 142 95 67 113 145 142 143 154 160 154 151 150 133 130 135 125 113 109 116 115 126 145 149 144 147 142 134 149 152 145 141 146 164 170 169 169 164 145 131 126 133 142 145 140 133 138 136 129 121 122 145 156 148 147 141 135
