example/E5 - XRays/X-ray-tomography/rastert_juap22.txt
ncols         356
nrows         356
xllcorner     -0.5
yllcorner     -355.5
cellsize      1
NODATA_value  -9999
[rows 252 to 293 of 356, columns 0 to 93 of 356]
255 255 255 255 255 255 255 255 255 255 255 255 255 255 255 255 255 145 148 155 157 156 158 161 151 137 134 138 124 103 101 117 120 122 129 135 142 146 145 142 141 145 149 155 154 153 155 152 159 162 158 160 160 158 153 156 154 144 147 148 145 138 139 155 157 143 131 135 129 130 134 143 145 143 148 143 139 134 142 140 146 154 141 136 132 126 118 113 122 123 125 139 143 141
255 255 255 255 255 255 255 255 255 255 255 255 255 255 255 255 255 255 156 158 159 161 163 164 159 149 147 148 136 118 112 118 123 132 139 140 141 142 147 148 150 150 144 149 150 148 147 154 161 158 160 167 164 164 157 149 144 135 141 146 128 110 112 132 144 142 143 147 138 134 138 142 150 161 165 154 143 133 126 123 141 144 128 124 111 95 98 104 107 105 110 130 141 136
255 255 255 255 255 255 255 255 255 255 255 255 255 255 255 255 255 255 157 155 155 156 159 153 149 149 150 147 144 139 125 118 124 135 144 147 147 147 152 154 156 144 125 136 148 146 144 151 156 151 153 159 161 161 153 143 139 142 151 146 132 118 105 117 132 134 144 155 149 137 140 148 160 171 169 159 149 136 113 111 129 129 128 131 110 91 96 99 95 93 102 125 136 146
255 255 255 255 255 255 255 255 255 255 255 255 255 255 255 255 255 255 255 156 154 155 153 148 143 146 147 141 148 153 138 133 139 143 148 155 155 155 154 150 150 143 137 145 150 143 135 136 145 148 155 157 153 146 142 146 155 159 152 144 148 138 114 117 135 133 147 156 149 136 132 147 159 165 163 154 141 122 108 115 128 124 130 139 125 114 113 107 108 111 118 133 132 141
255 255 255 255 255 255 255 255 255 255 255 255 255 255 255 255 255 255 255 151 150 153 150 145 143 147 145 142 148 152 152 154 157 157 152 155 153 149 144 139 143 151 153 153 155 156 146 147 154 159 161 153 152 151 149 152 159 156 149 147 150 140 118 121 138 133 140 142 144 144 134 139 155 167 169 160 146 132 124 132 139 135 137 137 129 128 126 128 132 128 135 145 138 130
255 255 255 255 255 255 255 255 255 255 255 255 255 255 255 255 255 255 255 255 147 143 139 138 142 148 150 150 155 156 160 165 167 162 154 156 153 146 145 145 142 147 149 152 162 165 154 151 146 150 154 152 156 151 146 144 147 152 152 151 150 135 115 124 148 146 135 129 128 131 139 144 147 154 152 148 148 138 132 139 133 126 123 122 127 132 127 131 140 141 143 141 136 130
255 255 255 255 255 255 255 255 255 255 255 255 255 255 255 255 255 255 255 255 146 138 139 143 148 150 150 152 160 160 163 167 162 154 153 156 155 150 150 146 141 142 135 140 154 156 149 143 142 148 154 152 146 140 142 138 144 152 150 151 150 137 125 126 145 153 145 140 133 133 148 148 133 125 123 127 137 138 140 145 133 127 120 125 136 136 138 137 139 140 139 130 123 122
255 255 255 255 255 255 255 255 255 255 255 255 255 255 255 255 255 255 255 255 255 141 147 147 144 142 148 154 159 158 160 164 160 158 157 156 156 155 149 138 139 140 128 127 138 145 144 143 156 157 150 142 138 139 146 142 145 146 136 139 139 133 133 134 146 154 148 149 150 145 147 147 136 115 105 115 134 134 131 135 134 139 140 147 159 148 139 132 125 126 133 129 116 114
255 255 255 255 255 255 255 255 255 255 255 255 255 255 255 255 255 255 255 255 255 148 146 143 140 140 141 145 152 158 158 161 161 160 153 148 153 154 148 141 142 146 142 134 136 141 135 135 148 145 143 143 144 151 156 159 163 153 128 125 126 126 136 139 140 143 143 147 153 149 146 149 142 113 101 114 125 122 126 127 136 147 154 157 164 159 143 127 123 126 140 146 139 135
255 255 255 255 255 255 255 255 255 255 255 255 255 255 255 255 255 255 255 255 255 255 138 137 138 143 138 138 151 158 162 163 159 157 153 147 147 143 140 144 151 155 153 146 145 152 144 133 132 132 135 137 143 152 161 173 171 162 140 133 138 137 148 152 142 133 129 136 146 146 144 147 145 127 110 110 112 120 128 126 142 156 158 150 154 159 143 132 136 138 145 148 143 137
255 255 255 255 255 255 255 255 255 255 255 255 255 255 255 255 255 255 255 255 255 255 142 141 140 142 137 137 145 150 154 155 151 145 144 145 142 140 144 150 149 143 146 153 150 147 139 141 143 136 134 131 145 157 160 171 170 168 151 142 146 138 146 155 144 134 131 132 132 128 132 145 151 145 127 120 127 127 118 112 130 155 155 141 143 145 141 141 136 134 142 143 138 133
255 255 255 255 255 255 255 255 255 255 255 255 255 255 255 255 255 255 255 255 255 255 255 146 145 143 142 147 147 148 142 136 128 120 128 135 140 144 146 148 143 135 143 151 137 125 131 142 145 141 140 141 144 147 151 165 166 164 151 141 138 130 137 144 135 134 132 128 120 121 128 134 140 146 143 140 137 135 129 120 132 149 143 124 121 125 126 123 110 118 145 143 133 132
255 255 255 255 255 255 255 255 255 255 255 255 255 255 255 255 255 255 255 255 255 255 255 149 147 143 146 153 152 149 134 118 110 116 134 139 142 144 147 154 153 144 141 139 134 130 132 138 144 143 141 143 139 140 144 151 153 156 152 141 138 139 143 141 134 138 136 134 120 124 129 124 132 139 141 141 134 134 138 141 143 143 131 114 122 130 125 126 120 124 141 141 131 126
255 255 255 255 255 255 255 255 255 255 255 255 255 255 255 255 255 255 255 255 255 255 255 255 147 142 143 146 150 147 126 112 122 143 155 151 147 147 154 157 150 141 137 134 139 143 144 148 150 150 140 136 142 145 144 135 136 146 145 139 142 147 142 133 130 134 135 137 120 126 137 133 138 141 142 139 136 136 140 147 140 128 122 123 131 119 109 117 126 127 128 131 126 115
255 255 255 255 255 255 255 255 255 255 255 255 255 255 255 255 255 255 255 255 255 255 255 255 255 144 140 144 149 144 132 132 148 160 159 152 148 146 152 152 141 136 137 130 125 129 139 145 142 141 136 132 138 141 137 133 136 145 143 138 145 149 142 140 141 138 139 142 128 130 135 131 137 143 147 143 141 144 142 142 137 130 138 139 135 120 108 111 133 132 126 133 133 121
255 255 255 255 255 255 255 255 255 255 255 255 255 255 255 255 255 255 255 255 255 255 255 255 255 149 147 142 138 137 140 143 147 153 155 152 143 134 142 150 148 141 138 131 121 125 133 136 132 132 144 136 126 130 133 138 136 142 144 142 142 141 142 154 159 153 144 137 129 134 134 129 136 139 141 144 150 147 141 133 124 121 136 137 134 136 129 120 135 139 133 139 137 127
255 255 255 255 255 255 255 255 255 255 255 255 255 255 255 255 255 255 255 255 255 255 255 255 255 255 147 138 133 136 139 139 144 151 149 146 131 116 134 150 148 139 139 136 131 136 136 140 135 130 146 146 138 132 132 131 125 135 142 141 138 138 144 156 155 155 147 130 124 140 147 143 138 131 139 148 143 138 146 136 122 121 135 140 135 145 144 134 141 150 147 145 130 119
255 255 255 255 255 255 255 255 255 255 255 255 255 255 255 255 255 255 255 255 255 255 255 255 255 255 144 145 145 144 141 134 141 142 137 135 120 102 119 138 143 144 146 142 141 146 143 144 142 135 141 141 137 129 122 114 114 135 140 135 138 135 138 149 157 159 147 122 113 136 144 138 133 130 147 148 127 135 153 144 136 135 144 147 146 151 145 138 143 148 140 143 141 129
255 255 255 255 255 255 255 255 255 255 255 255 255 255 255 255 255 255 255 255 255 255 255 255 255 255 255 152 154 152 147 146 153 144 143 150 140 116 111 121 139 152 150 142 142 146 143 143 147 149 146 140 138 142 128 113 126 144 136 129 138 125 122 144 160 157 142 123 113 131 144 145 134 133 142 140 132 143 147 135 140 146 145 143 142 139 137 138 144 151 146 152 153 142
255 255 255 255 255 255 255 255 255 255 255 255 255 255 255 255 255 255 255 255 255 255 255 255 255 255 255 255 146 135 138 150 153 148 153 155 150 140 124 121 137 149 157 156 149 137 130 138 145 143 136 132 137 144 137 131 144 150 136 129 134 124 125 142 145 142 140 125 112 129 148 149 134 134 142 140 139 141 129 118 138 149 137 125 131 136 134 134 144 156 151 153 147 149
255 255 255 255 255 255 255 255 255 255 255 255 255 255 255 255 255 255 255 255 255 255 255 255 255 255 255 255 137 128 136 146 141 140 149 150 152 155 149 132 131 146 157 153 142 124 116 130 138 134 135 133 132 133 131 133 141 147 139 138 139 135 137 143 140 141 141 127 122 139 149 144 134 141 146 144 141 147 144 137 145 145 125 117 133 138 127 126 135 138 141 150 148 155
255 255 255 255 255 255 255 255 255 255 255 255 255 255 255 255 255 255 255 255 255 255 255 255 255 255 255 255 255 141 143 145 133 133 144 150 157 156 148 132 130 146 149 139 131 127 125 132 138 138 141 127 122 128 129 120 126 140 140 141 138 137 143 146 142 145 148 146 148 144 143 147 145 148 146 141 137 145 150 149 150 149 138 138 146 138 131 136 136 130 142 154 154 158
255 255 255 255 255 255 255 255 255 255 255 255 255 255 255 255 255 255 255 255 255 255 255 255 255 255 255 255 255 155 152 149 143 141 145 147 147 147 147 143 140 144 142 136 132 131 133 134 132 132 136 128 127 134 138 117 112 133 145 145 134 133 140 148 149 142 139 144 146 141 143 147 146 152 148 139 141 146 147 151 151 147 144 147 144 143 147 148 145 145 150 149 150 157
255 255 255 255 255 255 255 255 255 255 255 255 255 255 255 255 255 255 255 255 255 255 255 255 255 255 255 255 255 255 155 153 154 153 153 146 138 143 147 146 143 149 147 144 145 137 131 126 116 114 128 134 136 140 142 120 113 131 144 146 140 134 135 147 156 151 138 135 136 138 137 137 144 154 148 142 145 141 145 156 148 143 145 149 145 143 148 142 139 143 148 146 150 159
255 255 255 255 255 255 255 255 255 255 255 255 255 255 255 255 255 255 255 255 255 255 255 255 255 255 255 255 255 255 255 156 160 158 156 151 146 146 144 143 146 154 143 134 135 133 132 125 113 109 121 122 122 128 132 129 132 139 145 148 144 136 132 141 148 149 138 131 128 135 135 136 147 152 153 150 147 141 139 147 143 146 144 144 142 131 136 136 145 147 145 148 156 159
255 255 255 255 255 255 255 255 255 255 255 255 255 255 255 255 255 255 255 255 255 255 255 255 255 255 255 255 255 255 255 160 156 154 154 153 149 142 143 143 148 153 142 131 128 132 139 133 128 122 121 112 111 125 133 140 141 141 143 145 144 137 136 146 147 145 143 132 120 120 129 137 143 147 148 145 146 149 142 143 144 145 143 137 128 117 124 145 161 155 151 154 153 149
255 255 255 255 255 255 255 255 255 255 255 255 255 255 255 255 255 255 255 255 255 255 255 255 255 255 255 255 255 255 255 255 152 151 152 152 148 143 145 144 147 148 143 135 130 134 135 132 133 133 128 117 117 132 138 145 147 140 144 148 146 143 139 145 150 152 151 143 132 113 109 116 122 139 148 144 142 147 139 135 137 140 134 124 120 120 134 159 166 153 152 150 145 139
255 255 255 255 255 255 255 255 255 255 255 255 255 255 255 255 255 255 255 255 255 255 255 255 255 255 255 255 255 255 255 255 255 149 148 151 152 142 128 127 136 140 139 134 132 139 134 125 128 134 130 122 126 138 143 153 152 139 141 149 152 151 141 137 141 150 154 148 143 125 104 96 96 121 153 158 153 154 139 136 143 136 129 129 134 143 155 160 155 151 158 153 139 130
255 255 255 255 255 255 255 255 255 255 255 255 255 255 255 255 255 255 255 255 255 255 255 255 255 255 255 255 255 255 255 255 255 255 151 151 147 134 116 115 123 127 128 130 134 140 139 130 125 123 125 130 137 138 132 142 141 133 140 156 162 160 144 124 109 109 130 137 140 132 118 112 109 130 150 153 152 155 146 140 143 139 141 145 147 153 160 156 146 148 155 145 124 119
255 255 255 255 255 255 255 255 255 255 255 255 255 255 255 255 255 255 255 255 255 255 255 255 255 255 255 255 255 255 255 255 255 255 151 149 148 144 132 132 136 130 128 125 121 124 122 109 92 88 110 125 121 109 106 122 134 140 151 166 167 163 153 131 89 71 100 127 137 141 140 144 138 135 136 143 148 147 140 134 138 139 145 147 144 141 142 145 144 149 148 136 120 121
255 255 255 255 255 255 255 255 255 255 255 255 255 255 255 255 255 255 255 255 255 255 255 255 255 255 255 255 255 255 255 255 255 255 255 151 154 150 141 138 138 130 128 121 108 104 95 80 71 78 107 113 101 96 109 127 137 144 156 165 163 158 155 135 94 72 89 116 135 146 155 160 152 142 142 149 150 141 135 126 129 139 149 148 146 145 152 157 158 158 153 144 123 129
255 255 255 255 255 255 255 255 255 255 255 255 255 255 255 255 255 255 255 255 255 255 255 255 255 255 255 255 255 255 255 255 255 255 255 255 149 137 127 127 130 128 128 132 127 113 104 99 99 110 125 125 117 115 121 133 138 144 160 167 162 161 157 130 104 91 90 106 129 144 154 159 154 147 148 144 145 142 137 131 134 146 154 156 155 153 156 156 158 156 146 142 131 134
255 255 255 255 255 255 255 255 255 255 255 255 255 255 255 255 255 255 255 255 255 255 255 255 255 255 255 255 255 255 255 255 255 255 255 255 255 140 132 133 132 129 134 145 144 132 130 132 125 130 140 143 138 124 117 125 132 145 160 165 161 166 154 117 92 94 96 100 117 131 145 157 152 151 148 140 145 143 141 140 140 143 152 156 155 156 159 159 162 151 137 142 146 133
255 255 255 255 255 255 255 255 255 255 255 255 255 255 255 255 255 255 255 255 255 255 255 255 255 255 255 255 255 255 255 255 255 255 255 255 255 143 140 141 139 135 142 148 148 138 136 143 144 145 148 147 139 122 117 125 134 143 150 155 161 160 144 114 94 104 103 88 102 124 137 149 154 156 147 137 142 144 145 145 136 136 148 155 162 169 165 161 164 156 147 152 151 141
255 255 255 255 255 255 255 255 255 255 255 255 255 255 255 255 255 255 255 255 255 255 255 255 255 255 255 255 255 255 255 255 255 255 255 255 255 255 145 147 145 140 139 140 142 138 138 149 151 145 140 137 132 123 128 137 146 147 150 152 150 138 137 132 121 117 103 81 96 127 139 147 155 156 151 145 135 135 146 151 145 147 148 151 159 161 161 164 165 158 151 152 145 141
255 255 255 255 255 255 255 255 255 255 255 255 255 255 255 255 255 255 255 255 255 255 255 255 255 255 255 255 255 255 255 255 255 255 255 255 255 255 255 146 144 142 139 132 135 137 137 146 145 136 135 141 138 132 140 143 143 143 145 144 135 119 123 131 125 117 107 104 122 146 157 157 156 156 157 153 137 127 140 150 153 151 140 145 155 159 166 170 164 156 152 154 153 146
255 255 255 255 255 255 255 255 255 255 255 255 255 255 255 255 255 255 255 255 255 255 255 255 255 255 255 255 255 255 255 255 255 255 255 255 255 255 255 255 138 139 137 134 137 139 140 142 142 139 142 142 134 134 147 148 139 135 137 141 140 129 131 129 117 113 114 128 143 153 158 163 165 162 156 154 141 116 127 151 156 150 150 159 165 170 171 167 161 162 162 160 157 148
255 255 255 255 255 255 255 255 255 255 255 255 255 255 255 255 255 255 255 255 255 255 255 255 255 255 255 255 255 255 255 255 255 255 255 255 255 255 255 255 135 132 133 142 144 140 140 143 146 149 139 128 123 135 154 153 137 131 133 140 145 141 140 129 120 122 130 142 148 152 160 171 171 164 160 163 149 121 128 150 153 153 159 162 167 170 167 161 164 167 167 167 163 155
255 255 255 255 255 255 255 255 255 255 255 255 255 255 255 255 255 255 255 255 255 255 255 255 255 255 255 255 255 255 255 255 255 255 255 255 255 255 255 255 255 124 125 137 142 143 145 145 145 143 130 124 128 143 153 143 124 118 116 121 133 137 135 136 136 138 146 148 146 152 162 167 164 164 164 165 152 131 133 150 154 153 161 165 168 172 166 161 167 167 166 169 169 159
255 255 255 255 255 255 255 255 255 255 255 255 255 255 255 255 255 255 255 255 255 255 255 255 255 255 255 255 255 255 255 255 255 255 255 255 255 255 255 255 255 255 129 137 144 146 146 144 143 138 133 135 137 143 145 131 119 119 114 117 132 137 139 149 155 153 152 148 150 159 159 164 167 170 166 164 158 130 112 131 150 154 163 167 167 169 164 166 168 165 162 164 164 157
255 255 255 255 255 255 255 255 255 255 255 255 255 255 255 255 255 255 255 255 255 255 255 255 255 255 255 255 255 255 255 255 255 255 255 255 255 255 255 255 255 255 255 144 146 146 146 146 141 139 142 148 146 145 143 135 136 143 136 130 128 129 147 162 160 158 154 148 154 161 159 166 173 170 162 156 155 130 101 121 156 160 168 172 163 162 165 169 160 155 163 166 160 158
255 255 255 255 255 255 255 255 255 255 255 255 255 255 255 255 255 255 255 255 255 255 255 255 255 255 255 255 255 255 255 255 255 255 255 255 255 255 255 255 255 255 255 255 145 141 141 145 145 146 143 139 135 140 147 150 155 156 157 149 127 123 149 162 154 160 160 155 161 168 164 167 167 161 159 163 160 145 118 125 156 163 166 167 157 164 169 162 158 156 164 165 158 153
