example/E5 - XRays/X-ray-tomography/rastert_juap05.txt
ncols         356
nrows         356
xllcorner     -0.5
yllcorner     -355.5
cellsize      1
NODATA_value  -9999
[rows 294 to 335 of 356, columns 94 to 187 of 356]
130 147 135 123 138 147 156 154 153 159 165 175 178 168 163 167 161 157 162 168 165 162 158 159 164 169 168 168 170 163 151 155 150 134 140 149 154 156 147 153 159 165 160 157 155 142 132 134 151 166 164 152 154 158 147 144 155 157 158 161 166 166 164 162 162 168 170 155 134 129 142 163 168 161 154 170 173 165 168 153 149 154 156 160 158 144 122 104 126 153 157 155 154 146
144 146 135 132 145 150 160 161 162 168 169 172 174 174 172 168 170 164 157 168 168 165 164 159 161 171 171 159 164 159 151 165 155 139 149 153 150 157 156 163 168 163 147 151 151 138 130 132 150 162 160 162 163 167 156 147 150 152 163 172 164 162 157 154 151 162 163 151 131 123 140 157 158 166 168 175 175 173 177 160 146 149 161 163 158 141 126 121 133 154 161 147 149 140
139 142 140 142 148 152 156 159 158 162 168 168 165 168 165 162 167 166 157 162 163 160 158 153 160 162 162 160 157 153 148 154 150 141 153 157 144 149 158 164 164 157 151 163 155 141 135 135 146 152 153 154 162 174 162 157 156 153 167 170 166 167 154 151 147 150 146 143 137 129 140 154 161 167 164 168 172 177 168 155 153 150 161 163 156 143 143 140 136 156 162 142 146 140
139 149 148 146 158 162 155 159 159 156 159 158 158 162 160 157 163 167 165 160 156 152 146 144 148 149 156 155 151 150 136 142 143 138 153 157 146 155 157 152 152 154 155 161 158 147 140 143 147 146 153 159 159 161 150 155 152 150 160 160 165 168 160 157 150 145 136 140 144 132 137 150 158 162 167 175 173 171 164 161 158 150 160 161 151 147 153 154 143 147 151 142 145 139
140 146 150 151 156 152 148 156 157 156 158 158 158 160 156 160 163 162 157 156 155 151 148 147 155 158 158 149 145 146 142 151 150 146 143 144 148 151 142 145 152 151 152 158 163 154 149 154 150 146 152 161 154 145 145 158 156 156 160 157 162 171 169 164 154 150 142 142 151 140 142 151 157 157 167 175 167 165 166 165 160 152 160 162 150 141 147 155 152 148 151 140 148 151
147 150 152 150 141 141 149 149 155 164 164 154 154 160 158 161 158 156 157 162 158 152 150 152 156 151 150 143 146 152 160 164 154 148 149 151 148 143 138 142 150 148 147 153 159 156 155 156 155 151 150 154 150 149 156 158 162 164 164 163 167 172 167 162 152 150 155 157 162 144 142 149 159 161 160 167 169 162 159 162 157 143 148 142 139 141 146 155 154 151 158 148 152 157
152 150 156 153 143 151 159 151 160 169 157 147 150 158 158 156 146 144 152 155 149 145 148 154 152 149 152 149 148 152 162 156 148 155 159 157 147 146 150 151 150 155 156 154 157 159 155 151 156 155 152 148 147 152 158 162 173 173 167 162 166 165 163 166 150 139 150 154 161 154 149 148 154 161 149 148 155 147 148 148 147 138 134 116 125 139 143 160 158 155 157 156 157 151
146 142 153 158 152 163 167 154 150 155 152 155 156 156 153 150 143 144 146 143 143 146 153 152 148 146 152 154 150 154 162 150 144 159 160 156 149 151 153 153 153 157 161 158 156 159 152 150 151 150 154 151 147 142 153 163 174 172 166 158 151 150 156 157 142 139 147 147 157 155 148 143 148 163 151 145 150 143 151 155 153 140 115 100 125 131 132 156 158 158 153 160 163 159
135 141 152 160 160 167 163 147 147 160 159 159 159 153 147 145 146 143 140 140 142 150 154 146 139 138 147 158 157 147 152 142 126 135 144 142 146 156 151 148 154 151 159 162 152 157 152 146 138 128 135 147 146 142 155 161 165 164 161 157 151 153 161 158 149 157 154 152 161 153 147 142 144 147 142 147 154 155 155 153 148 129 96 95 127 122 124 144 153 157 145 152 157 155
125 147 161 164 165 165 156 157 163 167 160 157 159 152 147 145 145 143 143 140 141 145 144 144 139 132 138 149 154 148 152 136 118 134 148 153 162 159 149 151 152 153 161 160 147 156 151 139 140 129 131 147 139 140 152 155 165 167 157 159 158 151 159 162 158 161 150 153 157 146 145 149 150 144 150 155 152 156 149 146 147 129 106 117 139 137 136 149 156 156 142 139 146 153
134 152 161 163 167 165 159 166 160 160 159 157 155 155 156 153 153 157 155 151 150 155 153 154 148 137 138 149 162 171 156 141 145 155 153 162 162 151 151 154 150 151 159 160 154 162 156 143 146 144 144 147 127 130 148 163 171 165 162 167 164 156 162 162 161 159 147 152 154 147 144 143 142 141 153 155 148 151 151 148 148 144 141 144 148 148 144 150 152 146 139 132 141 154
149 153 156 166 169 165 160 160 153 157 162 159 155 157 156 154 162 165 163 161 158 163 160 152 149 148 147 153 163 171 157 159 160 156 155 160 156 151 151 155 153 150 152 149 147 157 159 150 150 147 138 130 115 124 148 168 165 160 168 164 162 161 161 158 162 159 150 149 152 152 145 143 142 144 149 153 155 159 160 157 157 154 157 157 155 158 151 145 144 145 143 130 138 151
156 160 156 162 163 159 152 145 148 155 158 159 154 155 156 164 172 161 159 166 170 163 156 147 148 149 153 160 156 157 159 160 160 158 150 151 152 146 145 156 159 156 153 146 143 150 156 156 148 131 126 123 120 133 153 162 157 154 158 159 162 156 154 155 157 155 155 155 151 152 153 154 152 153 155 152 155 158 155 149 150 155 160 160 157 156 159 158 153 150 146 136 148 154
151 159 151 150 155 155 149 146 150 155 158 166 160 159 165 173 173 160 159 165 172 165 159 154 151 152 154 158 155 161 163 151 154 150 144 153 153 140 147 156 156 159 159 150 149 155 155 155 140 128 133 132 137 150 153 155 161 158 154 160 164 150 148 154 158 151 154 156 152 154 157 154 151 154 158 147 144 143 151 150 144 156 163 161 157 154 158 157 154 153 146 145 155 150
154 164 150 142 147 146 146 149 150 154 160 167 167 165 167 170 170 165 162 166 171 162 158 162 164 158 151 154 159 166 158 147 159 151 147 154 150 144 157 152 155 165 168 159 157 162 160 158 144 140 147 148 156 162 155 159 168 162 157 160 163 157 157 156 161 157 157 159 154 153 153 150 148 156 156 143 142 139 151 156 149 154 157 155 152 151 159 155 151 156 154 153 156 147
164 163 145 142 148 145 143 146 146 151 153 155 158 161 172 171 168 170 166 177 177 167 162 161 167 160 154 154 161 164 153 148 155 149 148 150 146 153 160 150 156 158 157 159 154 154 153 151 149 151 150 153 157 157 156 166 165 159 158 160 158 154 157 153 162 164 164 166 153 146 148 154 152 154 155 151 150 148 153 161 157 154 156 152 146 146 158 157 152 153 154 151 158 152
162 154 138 137 147 144 134 135 132 141 146 146 152 162 173 167 162 168 166 174 168 167 168 167 165 161 154 157 158 152 146 144 150 155 158 153 147 155 157 155 155 154 153 165 161 151 147 148 150 154 147 147 150 151 158 168 161 160 155 157 161 154 155 157 164 162 164 167 155 151 160 164 153 151 160 164 159 155 152 158 156 155 159 151 143 145 152 159 156 153 157 155 161 159
154 151 138 132 143 142 130 129 127 135 146 153 160 165 170 163 164 170 167 169 163 166 169 162 163 163 154 162 156 150 150 147 153 162 160 150 151 162 161 156 160 164 159 165 160 148 148 155 152 156 149 153 158 157 159 164 158 157 155 156 171 163 156 158 160 161 160 154 151 158 166 160 148 152 156 157 158 158 153 153 147 148 158 154 153 150 149 163 159 148 153 156 159 163
149 142 130 130 148 148 128 130 134 137 144 155 159 159 161 161 159 163 159 157 160 166 170 164 166 166 163 164 158 157 158 150 155 167 160 150 155 165 161 157 161 164 157 161 159 148 149 161 163 159 151 156 154 157 156 156 161 157 151 151 166 163 155 151 150 154 154 143 147 156 153 153 156 157 152 150 154 161 163 161 153 158 157 152 153 150 154 162 154 146 156 158 165 171
141 129 129 134 146 138 125 136 143 143 145 156 164 163 157 159 158 165 159 160 169 170 169 162 164 170 168 159 161 161 153 145 160 164 159 150 150 161 154 150 156 158 150 157 158 152 151 165 167 155 152 157 154 153 151 152 165 156 145 149 157 155 147 146 142 138 141 133 142 154 150 152 153 155 155 157 158 161 164 164 154 156 158 153 144 143 158 155 152 149 160 168 176 171
133 129 136 135 141 135 129 142 148 150 152 157 162 163 163 168 164 162 160 162 167 166 167 161 163 175 178 161 154 154 145 143 155 158 156 151 153 159 157 152 155 157 158 158 158 154 149 160 158 144 152 159 155 155 156 145 147 138 134 131 132 134 131 133 132 133 139 134 144 160 156 153 152 157 154 160 165 158 158 162 158 156 164 156 143 143 153 151 154 152 156 169 176 170
135 142 149 147 145 140 133 146 144 145 154 157 152 158 164 162 157 150 150 156 162 163 167 165 165 173 174 165 152 145 147 146 147 154 152 160 162 159 162 155 153 157 166 161 158 157 155 155 153 150 157 158 153 153 151 136 123 102 104 102 109 115 118 120 123 141 149 143 146 152 155 155 153 158 156 164 169 164 155 158 160 157 164 157 148 144 143 142 150 149 157 169 175 173
146 157 160 152 143 137 133 143 142 149 153 148 140 150 156 149 148 146 148 154 156 157 167 169 173 168 164 169 157 151 153 149 150 158 157 163 160 153 155 153 154 155 157 154 153 149 159 161 155 156 150 145 148 154 144 130 111 84 85 85 97 105 111 114 120 135 138 142 138 141 159 164 154 146 152 162 161 160 161 162 157 153 161 157 151 139 135 142 148 143 154 164 169 172
156 158 158 148 144 139 144 147 143 148 146 143 139 145 149 143 144 147 145 138 136 150 164 169 173 160 165 170 162 156 152 155 162 167 165 163 157 153 155 155 154 153 144 144 149 145 154 159 150 145 135 138 148 155 147 133 106 87 90 96 108 118 120 117 121 126 130 144 140 143 164 166 152 142 158 160 156 155 161 163 162 153 149 156 153 136 129 139 142 141 156 165 171 170
158 156 153 147 150 147 149 136 122 127 141 148 145 151 153 145 146 153 143 129 135 151 163 166 166 160 164 167 167 157 148 158 160 157 155 159 157 159 159 156 157 158 147 145 146 150 157 157 147 143 134 134 150 163 158 146 126 120 118 127 134 139 139 137 140 142 146 156 152 151 165 161 149 151 166 157 150 154 159 158 157 154 144 146 139 129 125 130 135 138 152 160 170 170
154 154 144 141 150 147 145 126 100 116 150 157 152 156 152 144 147 153 146 141 151 160 163 163 164 163 166 172 164 151 150 159 157 153 151 154 158 165 158 156 157 157 156 149 147 157 159 158 154 147 142 142 160 170 166 163 155 156 147 148 148 154 157 153 155 155 160 163 155 154 159 157 152 154 160 156 153 156 160 160 156 148 140 125 103 101 108 116 136 142 147 160 170 169
152 152 143 145 151 151 148 128 108 125 148 147 149 152 151 151 153 156 150 154 164 166 160 158 158 163 169 168 157 151 161 164 154 155 159 162 161 156 149 152 151 150 153 151 158 164 161 160 162 156 158 161 169 171 169 173 173 170 159 155 157 162 164 157 156 156 164 166 151 149 147 149 157 155 154 162 158 156 164 162 148 140 132 107 78 84 99 117 141 144 149 160 165 166
154 151 145 144 147 149 149 142 129 134 146 148 149 153 154 155 151 157 154 156 167 164 160 157 156 164 166 157 152 152 162 158 151 158 161 160 153 137 136 144 150 154 151 150 161 167 162 160 166 162 166 168 171 168 171 186 189 177 163 153 158 160 163 166 166 162 166 164 150 147 142 148 156 152 153 165 155 153 166 149 124 121 109 95 92 109 122 134 141 146 154 160 164 164
152 146 145 143 144 145 152 152 138 133 145 154 154 154 154 154 151 161 162 157 156 156 158 157 158 166 163 158 154 156 156 150 151 160 157 155 150 130 127 135 150 158 156 157 163 164 162 161 161 161 163 160 159 161 164 175 177 172 168 158 160 157 162 175 173 164 160 158 152 151 144 144 149 152 153 156 148 147 155 132 111 113 103 100 115 140 148 146 140 146 148 155 167 169
149 144 140 139 134 135 144 150 140 123 131 148 155 154 156 153 156 163 162 152 148 159 165 155 154 164 159 155 157 157 157 153 154 158 158 162 151 136 133 142 155 154 155 160 162 163 166 155 151 159 160 156 156 163 162 160 165 167 164 158 161 166 171 179 172 166 160 160 151 150 140 143 155 152 152 154 153 154 147 127 114 119 120 125 137 147 146 141 140 138 140 145 160 166
143 142 145 143 140 145 146 151 148 126 121 142 157 159 156 151 156 158 156 155 159 165 170 161 155 160 151 150 154 153 157 150 150 155 158 158 151 146 148 155 155 144 150 158 157 158 161 152 149 155 158 160 160 164 163 164 167 164 169 164 160 169 171 168 166 163 158 160 152 149 144 153 158 154 152 154 153 158 151 135 131 136 136 143 153 148 142 141 141 135 140 145 156 156
143 148 150 149 153 159 151 153 154 135 120 126 142 147 146 145 149 151 157 158 159 160 167 160 156 159 148 146 145 150 155 152 157 161 160 152 150 154 159 160 150 144 154 156 148 154 155 148 156 160 157 159 158 159 160 163 165 163 173 166 159 167 166 163 164 159 152 153 149 147 148 155 153 153 151 150 147 154 156 145 143 140 136 146 157 151 148 153 151 144 148 147 151 146
146 149 145 149 155 158 153 157 156 137 126 126 139 144 143 149 150 151 153 150 148 153 156 150 151 158 149 142 133 139 148 153 158 152 149 150 152 157 158 156 146 146 153 155 150 158 157 156 162 159 159 160 153 151 157 161 161 163 172 159 156 163 167 167 167 159 151 154 150 143 145 155 153 150 154 152 149 155 157 149 139 136 135 139 153 157 157 158 157 156 158 151 147 144
150 149 144 145 149 149 156 161 151 137 134 134 150 151 149 154 150 150 148 144 144 151 146 146 158 159 148 137 125 126 140 147 141 130 136 146 153 156 157 157 154 152 151 150 152 158 160 162 160 152 159 160 151 149 151 159 155 158 166 156 158 163 167 169 166 158 152 154 154 147 147 156 153 151 157 151 145 152 158 155 146 145 141 141 156 159 160 155 153 154 156 155 150 150
153 149 142 141 145 152 159 156 151 148 149 149 157 154 153 155 153 157 161 157 148 150 149 157 166 158 148 146 135 124 138 148 139 128 141 152 157 157 165 161 157 155 151 147 151 151 153 157 154 149 152 159 158 160 162 165 155 158 165 164 164 163 163 165 163 159 156 148 146 153 156 154 151 153 154 152 150 152 153 151 156 156 152 153 160 158 155 151 152 158 155 159 157 152
154 144 143 148 155 160 157 154 159 157 154 156 152 151 152 154 161 162 160 160 152 152 157 165 163 157 157 156 147 136 145 152 146 144 159 165 165 161 168 163 158 156 145 133 141 145 152 155 148 149 153 158 155 160 166 169 163 161 166 170 167 167 159 158 163 166 155 135 139 157 158 150 150 158 158 153 152 151 150 148 159 159 157 161 160 160 154 154 156 163 161 159 157 150
151 146 149 156 161 161 153 155 164 163 159 158 151 152 158 159 164 161 155 153 154 158 160 164 163 162 167 162 156 155 158 158 155 155 160 160 166 159 163 161 159 158 138 114 129 145 152 151 147 156 161 163 157 158 156 159 160 158 160 165 162 165 160 163 161 157 142 129 138 150 150 147 151 162 158 147 146 155 158 153 157 151 147 154 154 159 152 147 154 158 158 156 156 154
151 147 152 155 160 160 151 157 162 160 157 155 154 162 168 162 160 155 153 150 156 163 160 161 165 167 168 167 166 163 159 157 158 158 159 159 161 157 162 161 164 162 138 114 130 145 149 147 149 162 158 159 159 156 148 147 145 144 149 152 157 159 158 162 156 144 130 127 143 148 145 151 154 160 154 144 143 158 160 158 157 147 146 151 147 157 153 147 155 156 157 155 153 160
154 148 156 153 155 157 154 157 159 156 156 157 158 166 171 165 159 153 155 149 155 164 160 164 169 169 168 170 168 160 159 155 155 161 159 162 165 162 164 167 172 161 144 133 145 151 150 144 149 163 156 154 154 152 149 140 139 144 149 153 160 157 150 150 148 136 132 137 150 146 144 154 154 158 149 143 149 160 159 150 151 151 159 156 139 141 150 153 155 157 160 158 154 163
154 152 159 152 149 150 154 158 164 160 156 161 164 160 165 164 159 159 159 146 158 164 159 161 163 167 172 171 160 160 162 154 154 161 163 167 170 168 167 169 164 154 147 148 152 149 148 150 149 158 157 153 152 148 146 141 143 145 144 153 159 154 143 141 140 139 147 155 155 149 147 150 150 155 149 145 153 158 150 138 141 148 161 157 141 134 146 153 153 153 156 158 158 160
255 255 159 151 153 154 158 162 163 155 153 163 163 153 160 163 162 159 155 153 167 162 159 162 169 176 172 162 153 162 162 153 153 156 169 172 171 169 165 162 158 157 150 151 152 149 153 156 146 153 156 155 156 146 143 142 144 144 146 156 158 154 144 142 143 147 154 158 157 161 155 147 147 150 151 153 153 154 147 130 135 151 155 152 146 140 147 153 154 152 151 153 160 159
255 255 255 255 158 156 160 161 156 150 156 166 161 156 163 166 162 158 156 158 159 159 164 171 174 172 164 160 160 164 158 149 147 151 167 170 168 168 167 162 163 160 148 151 153 152 157 154 148 158 156 156 151 142 140 139 142 143 151 154 150 154 155 149 146 151 152 153 150 158 158 153 150 146 154 157 152 151 150 139 145 161 160 151 146 142 147 157 158 153 148 153 159 162
