example/E5 - XRays/X-ray-tomography/rastert_juap48.txt
ncols         356
nrows         356
xllcorner     -0.5
yllcorner     -355.5
cellsize      1
NODATA_value  -9999
[rows 168 to 209 of 356, columns 0 to 94 of 356]
255 171 174 171 159 146 139 138 137 142 136 135 157 165 165 172 170 169 158 155 155 159 152 135 127 130 132 137 141 136 138 144 133 125 129 126 134 132 114 118 138 141 138 135 126 114 112 111 115 128 137 136 141 157 167 172 164 163 158 157 156 149 142 137 137 135 128 125 123 123 118 108 100 104 111 117 128 136 136 141 141 146 142 140 143 144 141 140 151 159 147 149 158 167 164
255 166 173 179 172 154 137 136 141 145 149 154 164 168 168 170 170 174 168 163 159 156 145 128 125 131 136 139 142 138 132 125 118 121 133 123 117 116 110 115 130 134 134 139 142 132 123 123 124 129 139 138 147 164 171 169 167 163 166 165 162 161 154 143 141 141 137 131 114 111 108 104 97 99 104 113 123 134 140 144 151 147 142 138 139 152 142 132 142 151 152 150 154 159 157
255 168 168 168 166 156 139 130 132 142 159 167 170 168 165 165 166 168 170 168 163 162 144 124 126 132 136 139 136 132 136 128 107 107 131 118 90 84 96 116 128 134 137 131 133 128 120 130 135 136 140 139 152 164 165 163 166 150 142 156 158 162 161 146 140 134 116 104 101 101 101 104 106 108 115 124 123 134 149 156 156 145 136 132 132 144 141 131 139 149 145 145 152 155 156
255 162 167 162 153 144 138 133 131 145 161 169 169 167 169 172 171 170 169 167 163 165 149 131 126 130 134 132 125 123 133 112 87 96 132 130 89 73 93 116 133 137 133 128 130 130 129 137 139 136 135 128 140 154 154 149 155 149 140 157 158 159 156 149 142 119 88 74 88 93 95 100 102 113 128 128 117 126 140 151 154 146 137 134 133 138 135 137 146 149 144 150 155 161 166
255 155 156 152 144 138 136 137 143 156 163 166 168 176 178 174 171 173 170 166 165 167 158 145 131 130 132 124 121 130 130 96 87 102 125 136 103 88 105 126 143 141 124 119 128 129 124 129 139 142 140 127 132 149 148 147 143 134 138 155 154 154 142 135 130 102 79 67 81 96 94 100 108 122 126 121 118 127 141 149 156 159 157 152 146 144 135 134 135 137 155 169 164 169 168
255 149 148 145 141 141 144 146 152 164 172 168 166 168 166 169 176 175 168 174 175 167 162 153 131 127 126 115 111 119 129 119 122 124 125 123 104 101 125 151 160 155 135 117 123 128 129 137 154 160 153 143 140 148 145 149 140 122 126 133 132 147 144 122 99 83 82 75 83 102 113 125 127 128 128 126 133 131 143 153 154 161 162 159 158 156 136 125 129 139 152 161 169 179 176
255 135 142 149 149 147 150 155 161 168 169 170 169 165 164 168 175 175 173 175 175 166 162 156 133 133 136 121 115 120 134 147 143 134 133 115 108 125 146 159 158 160 152 136 134 144 151 151 155 157 156 153 145 147 142 142 142 137 137 137 129 131 126 111 92 89 95 90 94 103 117 129 130 126 124 123 125 123 140 152 155 166 166 163 156 152 132 109 116 134 137 147 165 176 175
255 139 141 147 151 146 147 160 170 173 171 176 176 173 171 173 174 176 174 168 171 173 173 163 148 148 150 133 124 133 138 143 142 143 142 117 127 152 157 164 164 164 160 154 144 140 140 145 157 159 158 154 145 142 139 140 152 156 155 159 151 139 109 88 92 107 110 105 109 113 119 124 124 129 128 129 128 128 140 147 148 159 161 165 152 149 142 120 114 128 142 151 155 166 167
255 147 143 148 149 148 152 163 170 171 171 172 172 179 179 176 173 174 172 173 175 177 178 168 158 157 160 144 124 130 135 142 149 152 145 120 125 145 151 161 160 155 159 161 147 131 128 134 148 150 150 151 150 140 136 132 140 148 154 161 147 129 110 97 99 110 108 103 112 121 125 129 125 130 146 144 135 128 135 148 150 159 164 164 149 141 140 134 140 141 138 143 144 150 147
156 149 145 150 150 152 164 171 173 176 173 166 164 173 176 177 172 170 171 177 177 173 169 163 160 158 163 155 136 140 154 158 152 151 146 120 115 141 153 149 128 123 144 164 155 133 129 129 131 134 146 149 149 143 142 144 146 145 144 154 140 124 113 104 105 99 98 106 112 122 125 128 129 130 140 132 127 128 127 137 136 138 150 149 146 144 144 138 140 136 133 137 135 141 135
255 146 145 153 156 158 164 167 169 177 174 174 175 171 166 171 173 173 177 175 175 178 170 160 156 152 149 142 129 130 147 156 152 145 136 114 105 136 159 153 127 119 142 166 159 142 133 125 121 133 140 135 139 147 144 144 147 148 144 143 140 131 118 107 102 85 100 122 127 127 131 136 140 138 125 118 122 127 123 127 126 133 147 147 149 148 150 142 131 130 127 129 125 135 140
255 143 142 149 157 164 163 165 167 170 174 178 179 174 170 170 172 179 176 172 173 177 175 170 161 152 144 139 133 128 132 137 144 140 126 119 115 132 159 166 155 146 152 163 160 154 141 135 134 125 124 128 135 150 151 146 139 139 144 137 130 127 122 123 116 99 108 126 133 131 129 131 139 147 130 128 120 114 124 140 141 144 150 156 149 133 135 136 131 133 130 133 128 135 136
255 148 150 153 152 155 159 167 175 178 178 174 173 177 172 173 173 174 173 174 170 165 166 163 155 153 145 146 142 129 132 140 137 133 134 133 127 128 148 161 162 166 167 171 164 150 138 146 147 129 121 122 133 147 149 150 148 140 138 140 136 133 125 125 121 117 122 130 133 132 130 128 132 138 128 131 125 125 141 151 137 139 152 145 131 130 139 137 133 134 132 141 139 138 135
255 155 160 160 154 147 150 160 167 171 174 173 172 174 175 180 181 177 174 173 169 167 165 161 152 147 137 132 133 127 129 141 132 117 131 130 108 99 125 149 157 170 169 167 161 145 131 138 131 125 130 121 122 135 139 145 141 131 122 127 134 136 128 119 119 124 135 140 135 134 135 132 133 125 108 121 140 146 148 142 132 140 153 146 130 137 140 135 130 147 153 150 141 129 126
255 153 157 156 152 146 151 160 161 163 171 174 174 174 179 180 177 179 176 174 175 173 165 162 156 153 141 134 141 135 127 133 136 125 128 134 114 100 128 147 156 166 171 175 172 159 139 132 127 125 126 122 120 131 139 147 141 131 130 134 139 136 130 123 133 136 138 141 135 133 137 139 142 123 111 130 145 157 159 145 142 149 148 146 136 126 123 134 135 150 155 143 129 122 124
255 149 150 154 148 138 145 156 161 162 165 169 175 178 177 172 175 181 177 174 175 170 164 155 147 153 144 136 137 136 136 134 134 123 118 129 125 110 128 141 149 161 169 177 171 160 141 128 129 132 124 117 125 143 146 148 143 135 137 139 143 144 140 134 136 139 131 131 139 136 138 137 136 127 127 139 150 154 148 142 139 146 148 138 135 129 127 137 135 146 150 143 128 119 129
255 154 156 158 150 140 142 150 160 165 167 168 171 171 169 172 173 168 170 171 172 168 164 161 162 163 148 141 135 132 136 135 136 125 119 134 134 118 121 130 139 157 165 168 165 151 130 127 132 132 126 118 123 132 136 143 142 144 141 131 133 137 140 142 143 142 131 128 134 138 139 140 145 138 137 143 151 155 152 151 142 141 143 144 143 140 138 133 128 137 143 139 132 116 122
255 157 155 152 148 144 142 145 153 161 166 169 174 173 168 174 174 167 168 169 171 170 166 164 169 166 148 146 149 140 138 140 151 149 140 140 136 128 116 113 123 143 159 161 162 154 130 126 127 124 129 134 130 128 132 136 135 147 144 140 146 144 145 144 144 131 132 140 142 140 141 142 140 132 142 148 147 161 155 145 137 130 134 146 145 140 138 135 137 141 142 130 126 116 115
255 158 153 151 155 155 153 156 159 157 158 164 172 175 173 177 174 170 170 170 171 168 165 172 172 164 153 151 150 141 144 145 148 149 143 134 126 122 103 100 117 138 154 156 156 155 138 129 125 121 120 132 138 136 139 136 131 139 142 145 145 143 143 144 144 129 139 151 139 133 143 142 133 127 136 145 152 160 149 143 138 135 137 128 128 135 134 145 156 148 138 120 110 117 131
255 165 164 160 160 162 160 160 166 168 169 172 172 173 168 169 167 165 172 173 173 171 167 170 168 163 153 144 141 143 146 144 143 138 134 134 124 115 109 116 128 136 140 140 135 138 135 127 122 125 123 131 140 142 143 139 139 140 148 146 142 144 141 142 138 131 138 141 127 124 135 140 142 139 136 142 145 149 140 139 132 132 136 124 127 139 138 146 159 157 134 101 83 103 140
255 159 161 162 161 159 153 153 160 168 173 175 175 176 171 169 173 169 169 170 174 167 154 155 161 162 151 139 135 139 145 142 137 130 126 130 130 132 123 118 131 134 132 127 121 126 131 127 121 133 139 131 131 138 141 137 141 144 148 136 133 143 151 153 146 149 145 136 134 137 139 140 144 140 133 137 139 139 136 142 139 125 128 134 135 138 144 139 136 141 121 98 83 107 139
255 150 151 157 156 154 152 152 159 164 169 173 176 178 178 178 177 173 170 173 174 166 148 150 163 161 149 143 141 137 139 138 140 145 142 134 133 142 133 117 115 116 127 135 134 135 136 136 131 144 144 126 122 140 148 145 140 139 142 127 127 140 150 157 148 141 144 144 146 142 140 148 146 143 141 137 137 140 142 145 143 133 139 136 128 129 132 143 138 128 116 120 116 129 137
255 153 152 151 147 146 148 156 160 160 165 169 170 166 171 173 170 170 173 176 171 169 160 156 156 152 149 151 146 142 141 142 145 148 144 140 133 132 136 132 115 112 126 139 139 131 126 132 132 137 141 137 127 140 145 143 136 130 134 128 133 141 142 148 140 131 139 142 140 137 130 145 145 132 130 134 134 136 137 127 121 141 150 142 129 135 139 148 151 147 142 157 157 161 151
255 154 150 148 148 148 153 157 159 162 167 168 167 165 165 171 173 176 178 177 173 172 162 145 141 145 149 149 145 139 139 149 151 148 141 147 140 130 133 124 119 133 142 147 146 134 112 108 125 131 125 131 140 143 135 139 138 131 136 136 134 133 135 121 109 126 136 135 128 130 128 136 143 128 125 141 144 136 131 115 107 133 143 145 134 136 155 156 153 160 161 168 167 170 166
255 159 156 153 154 154 158 156 154 159 164 167 166 169 170 169 172 178 184 184 179 173 158 140 139 141 139 135 141 144 142 145 146 144 142 149 143 134 136 129 128 147 154 154 150 130 106 106 130 138 119 120 139 142 131 135 134 133 134 136 140 140 128 95 88 123 139 137 136 144 150 143 140 132 128 144 143 124 111 106 115 141 148 147 139 145 167 164 157 162 164 165 161 163 169
255 158 155 149 149 147 153 157 158 162 162 165 168 169 171 169 171 177 178 178 179 177 170 159 155 144 142 144 144 147 149 150 152 156 149 145 146 137 135 140 141 149 153 161 149 115 109 113 123 130 129 135 144 139 128 132 140 142 141 143 146 150 145 135 130 138 144 141 152 158 150 143 145 141 124 114 116 118 113 115 132 148 145 140 130 145 164 167 165 161 165 171 164 166 166
255 150 145 147 150 148 152 154 154 153 154 160 166 170 170 169 171 174 170 170 175 177 176 167 164 159 157 156 146 137 135 144 150 153 142 136 150 153 142 141 144 144 145 156 135 104 127 133 129 131 127 130 138 140 138 141 151 165 166 163 169 172 170 168 160 151 148 136 149 160 158 160 160 156 147 127 130 146 135 128 134 144 152 146 131 143 159 168 177 168 166 177 178 174 171
255 153 147 150 151 146 151 154 155 154 151 154 163 169 172 173 172 170 169 169 169 172 171 166 162 154 149 143 136 131 130 142 144 142 140 146 155 155 144 137 140 140 143 148 119 96 125 134 137 142 137 134 137 149 160 168 168 175 180 169 169 172 170 169 170 172 172 164 169 173 170 165 155 158 164 152 149 153 143 141 144 144 146 143 139 144 161 171 173 167 168 180 175 171 174
255 255 149 150 151 145 147 149 149 153 155 153 152 160 166 168 166 164 168 168 167 168 166 165 163 152 138 128 125 131 137 146 152 154 152 159 157 153 148 143 139 129 129 132 122 113 120 124 144 152 153 155 160 165 171 177 173 174 177 175 173 173 175 179 179 175 174 179 177 174 166 158 149 157 159 160 156 151 145 138 141 140 141 145 149 146 157 159 154 162 173 179 165 164 169
255 255 148 150 150 149 149 150 153 155 160 158 153 156 162 161 160 163 172 174 173 172 168 168 169 161 141 131 124 126 133 140 149 152 153 157 155 152 144 136 131 118 126 133 131 130 124 117 143 161 162 167 174 172 170 168 171 177 174 178 177 176 185 181 179 181 178 173 167 163 160 158 159 167 162 161 158 161 148 126 135 148 153 154 158 146 151 158 158 163 166 173 170 178 173
255 255 153 153 152 154 155 154 154 157 155 154 157 156 159 162 163 167 173 172 167 169 171 167 165 153 128 117 117 121 129 136 139 140 149 145 133 136 133 135 142 138 140 141 141 141 131 123 148 171 171 174 179 177 175 170 174 173 170 182 180 179 185 175 173 181 176 170 166 162 165 167 165 165 163 163 155 157 140 122 127 145 148 139 138 138 141 155 162 161 164 171 170 183 176
255 255 157 149 145 154 156 150 144 147 146 146 150 146 140 143 154 160 165 163 158 161 163 160 152 122 103 106 106 111 129 138 133 132 136 129 117 123 132 139 145 140 136 138 137 130 131 137 156 170 170 174 172 170 176 178 179 171 170 173 173 174 177 178 181 182 177 178 177 173 172 176 174 172 170 169 168 160 144 141 141 141 143 147 142 135 133 143 155 158 163 172 173 182 171
255 255 156 137 120 133 149 153 153 153 151 149 144 142 139 137 144 154 159 156 153 150 149 144 124 79 65 88 106 121 138 139 133 138 139 134 131 130 133 142 147 144 136 133 134 136 142 140 150 172 171 168 169 168 176 178 176 175 174 169 172 178 183 183 183 181 177 177 171 171 168 177 185 179 177 176 170 169 161 152 147 141 142 150 149 133 136 149 158 161 164 172 171 176 177
255 255 155 134 115 120 137 152 158 165 165 153 140 142 152 147 144 155 150 138 132 118 113 111 94 67 66 90 121 142 150 142 134 144 150 149 141 131 128 142 160 165 148 130 140 148 147 139 138 159 167 167 174 171 168 177 181 175 176 176 181 185 191 193 184 178 179 177 167 171 173 177 176 167 174 178 175 181 172 156 151 154 150 141 143 144 151 152 151 158 156 158 168 178 183
255 255 154 142 128 124 136 146 148 156 159 152 145 143 149 152 153 154 140 129 114 82 88 114 126 127 128 139 155 163 166 163 147 142 135 129 128 131 134 142 159 170 163 146 144 147 143 140 141 150 162 169 175 175 172 173 173 171 178 183 183 180 188 193 193 191 188 182 181 181 178 176 169 166 181 180 172 171 167 169 166 158 144 138 150 157 156 144 145 156 160 154 165 180 177
255 255 153 151 143 136 140 142 146 153 153 146 144 140 141 154 161 157 148 150 138 90 96 145 166 165 160 171 173 175 177 176 162 144 124 111 128 137 138 139 158 173 163 145 135 144 144 142 148 151 165 172 171 176 181 176 174 179 180 179 177 179 186 189 194 193 189 179 181 181 180 177 173 172 176 166 166 169 169 174 163 152 148 151 150 152 158 155 149 145 155 157 156 162 170
255 255 255 140 144 143 138 138 146 149 148 141 138 138 143 155 162 159 155 158 153 126 128 157 169 165 161 169 174 173 170 170 170 162 143 122 130 134 131 131 153 162 139 130 135 145 146 141 147 147 165 172 172 175 175 172 174 180 176 178 179 183 192 196 197 195 190 186 187 180 180 180 178 168 168 163 167 170 163 158 149 146 135 131 140 150 152 144 139 139 151 159 153 153 159
255 255 255 120 132 139 146 143 141 145 149 144 137 142 149 154 157 157 158 160 157 148 149 154 163 168 170 171 168 167 176 180 177 173 158 137 135 136 131 131 145 126 110 126 143 150 144 137 151 156 162 173 177 175 172 170 177 178 176 181 177 178 190 196 191 193 195 189 184 179 175 175 179 178 169 164 164 156 157 162 152 143 127 125 139 144 144 140 139 143 151 157 137 125 134
255 255 255 115 135 143 148 146 146 153 157 152 149 154 159 157 157 159 160 162 160 160 162 156 156 161 166 168 170 175 185 181 174 177 171 161 152 143 132 134 142 125 122 140 152 155 147 138 150 155 158 172 170 168 173 175 184 174 173 178 173 178 181 185 186 193 197 186 183 184 175 173 176 181 169 159 159 151 149 152 152 145 137 138 136 135 138 140 142 145 150 150 138 127 129
255 255 255 117 140 144 142 146 148 152 157 153 156 163 163 157 159 165 166 163 165 168 168 163 150 139 144 145 155 165 173 172 172 174 168 168 156 138 125 132 140 136 140 148 157 161 148 144 146 139 144 156 161 165 174 173 170 170 174 171 169 177 176 184 195 205 194 176 180 177 178 183 176 175 172 164 160 159 154 142 137 141 145 144 135 131 129 131 137 138 137 131 135 147 141
255 255 255 120 135 141 139 135 136 145 152 151 152 157 159 154 150 156 164 164 173 170 168 167 155 136 137 133 131 138 156 165 166 168 171 172 162 153 135 129 141 142 141 142 153 159 145 143 148 139 143 149 162 173 173 168 165 177 181 175 173 177 172 175 179 186 181 176 176 167 176 180 175 177 174 167 157 149 149 145 137 141 145 145 144 142 131 128 131 132 134 130 130 138 137
255 255 255 133 142 146 143 135 139 151 155 153 152 153 159 153 144 150 157 162 172 176 174 170 159 139 136 141 129 115 126 141 155 163 161 158 149 146 127 114 129 136 136 135 139 142 139 136 136 132 138 144 159 177 175 170 175 174 171 174 175 176 178 175 175 179 177 181 185 183 182 172 177 183 172 163 146 132 139 151 156 153 143 144 145 145 142 139 137 143 148 144 146 136 129
