example/E5 - XRays/X-ray-tomography/rastert_juap04.txt
ncols         356
nrows         356
xllcorner     -0.5
yllcorner     -355.5
cellsize      1
NODATA_value  -9999
[rows 294 to 335 of 356, columns 188 to 281 of 356]
145 140 147 160 156 155 164 162 152 147 151 134 136 144 138 142 149 148 157 157 155 151 148 146 136 128 121 119 134 151 149 152 155 150 155 162 163 158 165 159 152 155 158 145 150 161 160 154 152 153 156 154 150 138 133 143 151 147 148 150 152 148 145 142 152 161 158 160 159 154 154 160 149 141 146 150 147 145 157 162 161 156 155 155 152 151 146 151 153 149 146 145 152 158
151 145 153 162 162 160 164 163 159 151 145 138 145 138 128 142 155 146 150 154 151 153 153 151 149 138 125 121 137 153 144 144 153 156 155 159 161 165 166 158 151 150 161 152 150 158 153 149 156 161 162 155 156 151 147 151 151 146 151 150 150 149 148 146 153 154 153 153 159 156 156 162 152 146 141 145 152 156 162 169 165 153 152 152 151 151 149 149 149 143 138 134 142 150
150 149 154 155 160 158 157 160 164 150 134 138 142 142 139 149 151 132 143 157 154 154 149 145 147 141 129 123 138 149 148 152 155 161 162 157 156 163 163 161 156 147 157 161 153 155 152 146 152 159 156 151 158 155 153 149 140 147 151 144 145 155 155 153 154 154 156 157 161 160 158 164 154 147 147 148 150 160 170 171 167 157 156 154 149 145 148 150 144 140 141 139 134 137
147 150 159 150 148 155 158 154 153 140 120 126 131 135 140 153 140 113 115 133 149 150 143 142 147 151 142 134 142 149 153 159 151 153 159 156 155 159 157 157 160 147 150 156 162 161 148 143 149 154 153 148 158 153 151 156 150 156 151 140 140 149 152 154 154 151 158 168 172 167 161 170 162 150 156 159 157 157 170 169 165 155 152 150 144 139 146 149 140 130 133 145 143 137
156 148 152 150 143 156 161 155 145 134 114 116 128 135 150 157 146 126 115 113 134 140 138 148 150 149 137 128 140 146 149 155 145 147 156 150 151 150 150 156 154 149 153 155 160 162 155 148 148 151 152 151 153 147 147 154 150 155 148 138 141 153 149 150 149 152 157 166 174 170 165 176 170 157 159 159 157 156 164 161 156 146 142 139 131 131 143 149 139 133 132 140 150 149
157 150 149 146 142 146 148 144 143 143 134 134 137 135 146 155 150 145 139 129 146 143 132 146 148 149 137 137 143 146 155 160 153 155 163 156 154 156 156 162 154 152 155 164 159 158 158 157 154 150 153 153 147 146 145 148 146 152 150 143 144 154 152 154 150 155 160 162 167 167 167 176 170 158 159 159 155 153 159 154 144 140 139 133 126 128 140 155 153 146 146 143 146 143
163 154 147 148 147 144 149 144 151 149 143 138 133 134 141 158 159 157 154 154 162 153 138 149 151 155 143 150 155 150 157 158 156 155 157 151 147 149 148 157 160 149 147 156 152 148 145 148 150 148 153 154 147 147 145 146 144 145 146 145 150 151 155 160 157 158 162 166 164 162 166 174 171 157 160 159 155 155 155 147 141 141 146 136 129 139 145 153 159 153 149 144 137 135
161 154 146 146 146 144 150 152 160 151 144 140 133 134 140 155 163 159 155 156 151 154 155 152 154 152 139 152 156 157 157 157 156 152 150 143 140 136 142 154 157 151 148 153 160 151 140 142 144 151 153 159 156 146 141 139 139 145 146 143 147 143 149 161 163 165 164 164 165 163 166 169 174 162 157 158 161 162 160 148 142 148 152 141 129 148 159 159 156 156 144 142 146 144
151 150 151 149 148 139 143 154 159 154 143 147 142 138 141 147 155 159 157 150 138 147 151 145 151 152 147 156 160 165 163 164 164 159 147 138 139 133 142 149 149 154 148 150 164 166 151 148 148 151 155 159 161 150 141 137 135 143 151 151 144 141 148 160 161 165 168 164 161 161 169 170 171 162 152 158 164 162 156 150 144 147 144 134 131 144 157 171 167 163 149 139 156 164
147 148 151 150 147 138 144 151 149 153 150 150 144 145 149 144 144 150 150 157 148 148 149 148 151 151 158 161 160 158 165 164 163 168 152 139 137 133 141 150 151 158 153 149 160 166 158 153 152 155 162 154 148 148 141 141 143 152 155 159 148 143 151 160 161 164 167 169 163 161 166 171 167 159 150 158 159 148 144 153 153 143 136 130 133 139 146 161 169 159 152 143 154 168
155 156 155 150 144 138 144 148 147 153 160 156 143 151 158 153 153 149 151 164 153 147 148 147 152 148 154 161 157 155 158 160 163 162 160 153 144 144 144 152 152 151 148 143 151 153 157 153 155 160 170 165 149 147 145 146 151 156 159 164 152 145 149 158 163 164 161 168 166 162 163 171 171 162 153 154 153 144 140 150 157 150 141 135 138 135 137 150 156 146 146 145 152 163
153 155 155 155 147 144 137 139 152 158 161 158 152 155 148 146 154 148 154 160 151 149 148 149 156 153 148 160 160 157 151 155 162 156 157 150 145 145 137 145 152 151 151 146 147 140 147 154 159 167 176 170 161 153 145 139 143 142 148 156 151 144 143 150 159 158 160 166 164 161 161 171 170 159 155 156 154 148 147 153 151 151 146 141 140 141 141 149 153 150 154 150 155 163
148 160 160 162 156 144 128 128 153 157 149 149 153 153 144 144 150 148 154 153 151 152 148 150 158 155 147 166 166 158 153 154 163 156 152 145 144 140 130 139 148 152 154 146 136 132 142 157 167 174 176 172 164 157 149 145 141 132 138 143 147 146 150 152 159 156 159 168 163 160 158 169 171 161 153 158 159 147 142 145 149 150 150 148 147 154 159 151 148 150 162 159 155 160
153 166 161 165 162 150 136 133 153 158 142 143 147 145 141 148 153 150 145 147 153 155 150 144 150 151 150 168 166 160 159 159 164 159 154 145 144 144 133 139 143 145 147 145 134 124 138 155 170 179 176 173 160 157 152 148 142 132 138 136 142 146 152 157 155 151 159 167 160 160 160 162 169 163 155 158 157 141 133 137 148 150 148 145 150 157 156 142 134 135 142 154 157 158
152 162 156 163 165 158 146 148 159 163 151 147 142 141 144 150 151 149 140 137 143 152 152 143 140 143 151 164 164 166 163 155 160 159 145 140 145 144 142 140 141 147 152 151 146 138 142 151 165 170 167 167 162 156 148 144 140 140 145 144 148 149 153 160 154 148 157 162 148 148 156 163 163 159 157 154 148 143 140 149 149 150 142 132 141 155 146 130 121 136 141 147 153 149
161 164 155 162 169 165 153 153 155 160 152 149 143 139 147 148 142 146 150 144 148 154 148 138 135 142 156 163 159 162 158 153 159 151 138 138 146 144 146 146 142 148 154 151 149 148 144 148 153 152 150 158 159 153 142 145 145 145 151 153 149 149 149 149 149 148 157 160 150 143 146 155 159 155 154 157 147 147 157 155 143 141 144 140 145 158 146 127 117 132 148 153 154 150
172 164 155 162 170 164 155 153 151 155 151 152 147 143 158 152 144 147 158 154 157 157 148 140 139 140 154 159 158 159 155 156 159 149 142 143 154 147 148 155 151 154 156 148 144 143 138 141 139 137 139 149 155 156 142 142 152 147 150 155 145 141 142 143 144 150 163 159 154 154 147 150 151 158 158 156 150 146 156 153 142 135 148 159 159 168 154 139 131 135 148 159 156 151
174 165 157 158 164 158 155 157 158 160 159 155 148 143 153 154 152 158 161 157 149 151 148 142 141 143 146 150 156 163 164 156 157 156 152 151 159 153 151 163 162 155 155 148 139 137 140 135 123 128 148 160 160 159 154 150 158 156 151 157 148 143 141 143 146 154 168 168 153 155 150 151 152 154 160 154 147 142 146 146 146 148 157 167 162 165 163 154 146 143 146 150 153 148
167 167 163 155 157 156 157 155 160 161 161 153 143 148 151 155 152 161 156 152 145 150 148 144 140 145 151 154 154 159 166 157 149 158 157 155 160 160 152 158 164 154 156 152 142 138 142 140 129 134 153 164 164 156 153 150 152 158 153 153 151 147 151 147 150 158 167 173 159 153 153 154 160 161 157 153 146 143 148 154 157 157 159 166 168 164 164 161 154 154 157 148 146 141
161 169 165 153 151 155 154 150 159 160 162 152 139 155 156 157 159 154 149 148 146 145 151 151 143 147 158 161 154 154 158 156 147 154 153 154 160 162 154 147 149 146 156 160 150 146 148 146 141 144 147 148 158 154 150 149 151 155 149 149 154 149 150 150 150 159 163 163 160 158 151 155 160 162 158 155 155 155 154 160 162 159 160 162 166 168 166 161 157 152 152 149 142 139
164 164 166 161 164 164 157 156 159 164 170 160 142 150 154 158 160 150 149 151 150 146 145 148 150 152 150 154 159 161 158 154 151 149 148 153 162 161 152 139 137 138 145 154 150 145 148 150 142 150 149 143 150 154 154 148 152 156 149 147 154 156 151 153 144 147 154 152 147 153 154 151 158 158 154 152 155 155 152 154 159 158 158 162 167 164 164 161 162 160 151 147 144 145
170 167 169 168 171 165 164 168 160 162 162 155 143 147 160 168 161 150 150 151 153 151 144 145 152 154 146 147 154 156 161 154 149 140 139 141 146 155 154 144 141 143 144 149 147 141 143 153 144 148 153 147 146 154 162 158 153 150 148 148 158 165 157 157 145 143 146 148 148 149 157 158 157 162 157 149 154 151 151 149 155 161 160 156 163 166 167 160 159 170 165 155 150 153
169 169 170 173 169 156 161 170 163 162 160 158 147 146 165 169 157 151 148 147 151 146 142 140 147 149 145 150 154 151 158 159 154 145 138 134 142 149 155 151 146 148 145 145 146 145 144 150 144 144 152 152 146 149 165 167 157 142 137 143 155 162 158 156 152 146 151 154 152 149 152 157 156 159 154 148 149 149 148 148 150 157 159 151 149 161 173 170 163 164 169 162 158 154
169 166 166 173 165 155 166 168 164 160 163 165 158 151 158 158 154 149 150 152 154 143 137 131 143 151 148 153 156 148 160 163 161 160 150 146 152 147 156 158 150 141 134 142 149 142 144 152 145 144 149 152 152 145 156 165 154 138 131 137 145 149 150 149 153 149 154 154 154 146 146 149 150 151 148 141 146 149 145 143 147 156 160 161 152 156 169 172 170 168 168 163 165 160
170 170 170 176 167 160 169 166 167 168 170 166 165 159 155 154 155 149 153 152 147 146 141 130 143 147 146 154 153 146 159 161 163 162 158 162 162 150 161 165 161 143 133 145 157 152 150 156 153 148 151 155 159 154 155 159 152 142 134 134 139 144 148 147 150 149 152 150 151 146 145 146 147 148 150 138 143 152 149 148 151 160 160 165 163 159 167 171 164 165 168 162 158 162
172 175 172 174 171 167 167 164 166 169 168 164 165 166 166 159 151 148 144 140 137 148 151 135 142 146 144 152 152 150 158 157 159 158 158 169 166 153 161 173 171 151 143 154 164 160 156 158 160 159 157 156 157 155 158 157 153 146 140 143 146 148 150 146 148 148 151 146 145 151 148 145 149 154 150 144 145 147 146 151 154 159 158 160 163 160 156 161 161 160 164 163 155 154
168 174 171 172 169 164 160 159 163 167 159 157 163 167 164 160 152 148 138 143 141 144 148 133 141 147 150 155 154 156 162 157 156 160 165 170 165 159 165 172 169 153 149 157 162 163 159 156 156 161 164 161 160 156 158 157 154 156 148 150 156 153 149 143 144 143 147 149 142 151 147 139 142 153 145 141 148 149 146 151 151 155 154 154 159 159 155 154 160 163 162 163 158 153
162 164 162 169 172 171 164 162 163 163 156 153 156 160 157 157 153 148 145 154 150 143 143 134 136 139 150 157 157 158 162 160 159 158 160 166 167 166 173 173 164 153 153 157 156 165 165 163 162 164 165 166 165 159 158 156 153 160 154 153 154 146 145 144 143 141 140 145 140 141 143 137 137 145 147 140 146 152 147 147 152 157 157 155 159 160 159 158 164 168 162 162 255 255
160 161 166 171 170 167 166 170 166 155 155 159 152 151 158 158 154 153 158 161 158 150 144 138 134 130 147 157 159 164 166 164 164 162 159 158 159 165 172 175 162 154 155 160 158 163 166 168 169 175 168 167 169 169 162 157 155 156 158 158 157 144 141 148 147 140 134 136 139 143 149 140 140 145 150 146 147 149 145 147 155 159 156 151 160 163 160 158 157 164 162 255 255 255
161 163 164 165 169 167 169 171 167 157 157 156 157 153 158 156 157 159 163 165 158 154 154 139 132 130 144 157 159 166 169 159 160 163 161 163 160 161 162 166 165 158 158 159 165 168 161 166 171 176 170 163 160 165 162 160 162 160 160 159 159 150 143 148 148 143 139 135 140 149 154 146 142 144 148 145 146 145 144 146 159 160 157 153 154 158 152 153 155 157 255 255 255 255
162 165 160 161 165 165 167 168 165 159 153 148 151 151 154 148 151 160 160 160 154 153 157 149 146 148 147 153 150 160 171 152 152 159 163 167 168 161 162 163 161 156 163 164 164 171 168 168 168 171 169 161 160 164 167 166 170 166 165 165 156 152 148 151 148 138 141 141 143 147 153 148 141 142 148 142 144 146 152 149 158 160 155 154 150 151 145 145 255 255 255 255 255 255
158 159 158 158 161 165 166 162 164 162 147 144 140 142 151 149 151 160 156 152 153 158 154 160 164 162 155 151 150 156 162 152 150 157 157 164 165 162 162 163 159 156 158 166 170 171 173 172 170 168 168 162 163 164 173 174 174 165 169 174 165 152 148 146 151 141 141 143 146 146 151 152 150 146 149 148 148 151 151 153 157 156 150 149 150 151 149 255 255 255 255 255 255 255
157 150 151 158 160 159 157 154 158 160 141 138 139 140 150 158 158 161 159 153 156 166 160 163 165 161 157 153 154 160 156 153 152 154 150 161 161 165 167 162 160 163 161 164 170 174 173 172 174 171 171 163 164 168 173 170 171 161 164 173 169 159 157 149 146 143 144 143 146 148 151 153 154 151 148 149 149 155 158 153 157 160 156 150 150 255 255 255 255 255 255 255 255 255
160 157 153 157 161 160 160 159 155 158 147 142 143 144 156 161 162 161 158 159 159 162 166 165 164 159 153 155 161 164 159 159 157 156 148 153 159 168 170 164 162 168 171 166 166 169 172 166 166 172 172 165 167 167 174 168 169 163 164 171 166 159 156 154 151 145 150 149 149 147 151 161 156 154 150 149 150 153 159 158 155 162 162 255 255 255 255 255 255 255 255 255 255 255
165 163 156 157 163 161 161 164 158 156 153 153 154 151 162 164 161 162 161 164 155 156 165 168 166 157 148 150 162 159 159 164 160 155 154 149 158 171 171 160 161 171 172 169 172 169 176 167 160 168 167 166 173 166 168 169 171 169 170 169 170 163 158 150 151 146 149 155 155 151 148 160 159 156 154 148 152 157 159 160 156 154 255 255 255 255 255 255 255 255 255 255 255 255
167 161 161 157 160 160 154 158 156 151 147 150 158 155 160 166 163 163 162 162 154 153 165 169 167 156 148 155 161 160 158 165 163 154 161 155 158 168 169 162 163 171 170 166 172 173 181 175 163 170 166 166 173 170 166 168 169 172 175 169 170 170 166 152 146 148 148 154 158 157 150 152 159 154 156 150 151 156 153 154 255 255 255 255 255 255 255 255 255 255 255 255 255 255
164 164 163 156 155 160 154 160 155 149 145 153 163 154 157 165 158 164 160 155 152 150 158 163 163 156 151 158 161 159 153 158 159 151 158 161 156 167 165 163 169 175 173 165 166 171 178 176 169 171 170 171 170 167 165 169 166 168 174 175 165 167 167 157 149 151 152 155 158 157 154 147 157 152 148 151 156 161 255 255 255 255 255 255 255 255 255 255 255 255 255 255 255 255
161 166 164 159 151 158 156 162 159 148 147 158 166 156 158 162 156 162 161 158 157 156 152 153 155 157 152 153 160 160 152 154 155 151 153 158 160 166 166 169 178 183 181 170 160 164 170 169 171 170 171 173 169 167 166 166 165 167 166 174 170 164 163 156 153 155 154 155 156 156 160 151 147 151 147 149 159 255 255 255 255 255 255 255 255 255 255 255 255 255 255 255 255 255
165 164 165 166 153 155 158 161 159 150 151 158 159 159 160 160 162 166 165 164 158 155 153 154 152 153 155 152 160 163 155 153 152 151 151 153 163 170 172 175 182 183 184 180 166 166 167 167 172 171 172 172 170 165 166 170 169 169 163 170 174 168 163 158 158 153 156 153 155 154 156 155 145 149 154 255 255 255 255 255 255 255 255 255 255 255 255 255 255 255 255 255 255 255
165 163 166 165 155 155 159 162 160 154 150 151 157 160 161 163 161 161 159 158 160 158 159 161 151 150 153 152 162 164 160 157 152 152 156 152 163 170 174 177 180 177 178 177 175 173 166 169 173 173 172 172 171 170 167 168 167 169 170 173 174 171 169 160 160 153 152 153 154 154 152 152 149 255 255 255 255 255 255 255 255 255 255 255 255 255 255 255 255 255 255 255 255 255
156 161 166 158 154 154 157 160 156 155 151 150 158 157 155 163 159 160 156 154 159 164 162 168 155 152 153 150 157 164 161 161 157 155 159 154 158 169 171 173 179 176 171 170 174 177 168 166 173 175 173 173 169 173 172 167 165 168 172 173 174 175 172 164 155 151 148 154 153 150 157 255 255 255 255 255 255 255 255 255 255 255 255 255 255 255 255 255 255 255 255 255 255 255
157 164 171 155 152 157 157 154 151 147 151 149 154 156 155 166 166 164 158 158 161 171 162 162 159 152 150 149 150 160 164 163 162 156 148 146 149 163 169 171 177 182 176 174 172 176 178 172 175 178 172 175 172 172 174 170 168 163 167 170 174 175 169 167 160 150 146 152 157 255 255 255 255 255 255 255 255 255 255 255 255 255 255 255 255 255 255 255 255 255 255 255 255 255
