example/E5 - XRays/X-ray-tomography/rastert_juap42.txt
ncols         356
nrows         356
xllcorner     -0.5
yllcorner     -355.5
cellsize      1
NODATA_value  -9999
[rows 126 to 167 of 356, columns 0 to 93 of 356]
255 255 255 255 255 255 255 255 145 144 142 144 146 141 136 132 139 140 138 145 145 142 140 129 124 126 130 135 135 135 141 138 127 125 130 128 124 128 125 132 139 143 139 117 112 132 134 131 131 141 155 149 149 146 142 147 148 148 141 138 145 131 135 138 135 141 128 124 133 134 127 121 127 136 139 145 149 150 140 146 156 169 161 157 162 163 168 168 164 157 147 149 144 141
255 255 255 255 255 255 255 255 148 145 142 145 143 134 130 125 130 140 144 150 155 150 149 145 137 134 136 138 142 138 136 132 119 120 127 128 127 120 111 121 123 126 130 122 127 148 155 146 136 139 149 149 151 145 138 141 138 130 121 129 140 134 136 136 135 139 125 124 134 137 132 133 140 140 132 134 146 151 139 147 159 166 162 166 165 157 161 166 164 155 148 146 140 135
255 255 255 255 255 255 255 148 145 146 141 144 136 118 123 126 131 146 148 148 156 163 159 152 146 142 133 129 139 140 128 125 126 131 132 134 137 121 107 113 116 126 128 131 142 156 161 152 136 143 149 150 156 158 147 135 124 120 131 143 141 143 149 144 138 139 128 128 130 131 135 143 150 137 130 125 139 150 148 154 160 162 162 166 162 160 163 162 159 156 145 134 122 101
255 255 255 255 255 255 255 148 144 151 147 146 136 119 124 119 121 141 151 153 157 162 160 158 155 148 135 125 128 134 120 119 124 123 118 118 129 126 121 126 124 128 131 134 148 159 155 140 123 139 144 140 146 156 146 128 127 127 140 148 144 149 145 133 131 136 129 130 129 123 126 140 154 140 130 131 146 146 140 147 148 154 154 150 161 159 155 153 149 136 119 106 102 96
255 255 255 255 255 255 255 147 146 151 144 144 141 125 124 120 123 140 149 154 154 154 150 150 151 139 131 134 124 125 121 117 118 121 116 110 118 129 137 142 135 129 133 132 139 155 155 134 123 144 144 137 141 144 139 130 136 134 132 136 141 147 134 122 129 136 135 137 131 124 126 134 139 127 128 145 154 149 144 155 158 153 147 143 153 149 146 148 142 130 127 136 139 137
255 255 255 255 255 255 255 147 144 141 135 132 140 131 125 128 128 134 142 148 152 154 152 150 150 132 118 129 124 116 117 119 121 124 121 115 119 123 130 137 139 136 137 142 144 145 150 135 124 134 145 141 137 139 142 145 141 142 144 142 139 141 135 135 141 133 130 131 124 118 132 136 118 119 140 153 147 142 142 148 158 154 147 155 158 144 138 154 154 143 148 157 157 157
255 255 255 255 255 255 152 154 147 135 133 133 143 145 133 119 112 118 133 136 136 141 148 150 147 134 118 123 129 123 126 128 121 125 128 124 126 125 131 137 139 138 135 144 147 138 142 137 128 129 137 145 136 133 135 142 137 145 160 156 140 131 125 135 143 137 133 121 104 94 111 126 118 128 148 157 156 155 154 149 145 154 157 156 148 138 138 157 165 153 148 156 157 154
255 255 255 255 255 255 147 148 143 137 138 142 144 145 136 115 102 115 137 134 121 124 136 144 141 130 124 131 140 135 137 141 133 133 134 133 137 131 131 137 137 141 138 138 143 141 141 141 141 137 139 148 145 139 132 132 137 144 155 156 151 137 123 128 135 141 131 116 106 103 120 128 130 145 157 158 155 155 161 164 161 154 150 142 135 143 154 160 163 162 159 158 162 159
255 255 255 255 255 255 141 136 131 131 134 135 134 139 137 126 121 122 133 138 136 138 138 144 142 134 133 145 151 139 135 143 150 147 138 137 144 138 128 134 141 145 143 132 133 141 141 137 143 142 137 145 147 143 136 128 137 144 144 142 150 150 143 139 135 143 134 128 126 122 135 142 134 142 153 155 154 151 156 152 146 143 153 156 159 165 168 158 157 165 171 166 162 157
255 255 255 255 255 255 141 135 128 124 126 129 133 140 141 138 142 138 134 142 150 153 147 146 146 143 141 150 153 145 143 147 152 155 152 144 143 145 137 139 136 139 143 138 138 144 142 134 139 143 143 148 152 149 141 125 134 152 151 143 144 149 153 152 142 143 143 144 142 140 140 144 144 142 138 151 155 150 152 140 129 136 157 160 163 169 173 164 162 163 172 171 163 159
255 255 255 255 255 154 142 135 132 130 128 130 131 133 137 138 141 138 134 140 148 151 150 149 152 155 152 150 147 140 138 135 135 147 151 144 144 144 141 136 131 134 139 142 139 141 136 133 144 148 146 143 141 146 148 138 133 145 155 151 147 152 150 146 144 144 140 143 148 153 148 145 149 150 150 155 153 151 143 135 138 138 148 159 163 163 168 171 169 163 163 161 167 168
255 255 255 255 255 145 139 135 129 129 131 131 134 136 136 130 127 125 127 135 145 144 143 146 150 157 160 149 142 139 135 134 137 143 143 144 146 146 146 138 133 135 143 147 142 141 139 136 137 147 147 144 141 147 155 153 143 145 153 156 159 158 147 144 147 151 148 147 151 146 146 152 154 157 158 157 153 149 138 133 134 136 147 160 162 162 165 167 167 159 156 159 164 167
255 255 255 255 255 139 137 144 140 138 137 134 139 145 141 129 125 126 134 145 154 152 148 153 150 145 147 143 138 141 142 138 140 148 150 150 144 139 143 144 132 130 144 153 154 145 143 145 135 133 135 137 143 147 151 154 152 149 153 155 149 148 141 148 149 146 146 146 153 148 141 146 145 152 154 149 147 144 143 143 139 143 153 153 151 158 163 164 167 164 157 154 154 156
255 255 255 255 255 145 144 149 147 145 142 139 139 138 133 129 130 131 140 146 153 155 150 153 153 143 142 147 144 145 143 131 129 133 133 138 141 148 149 136 127 135 145 145 149 145 145 153 144 128 128 131 137 147 140 139 152 157 155 152 145 149 141 148 152 150 141 133 144 152 140 141 140 143 151 149 150 147 147 153 146 139 148 155 154 156 157 160 163 165 162 160 158 155
255 255 255 255 148 146 142 146 151 143 135 134 138 132 128 132 130 131 142 140 142 144 141 148 150 147 152 159 153 143 130 120 122 119 118 131 145 156 159 141 132 134 136 135 148 154 150 150 145 135 131 125 124 137 136 135 153 158 152 152 142 147 147 145 142 141 142 132 137 140 133 144 143 133 135 138 149 144 136 142 136 127 135 149 156 160 152 148 151 155 162 161 154 151
255 255 255 255 145 139 132 135 142 130 122 127 137 133 128 130 136 142 150 142 140 148 151 154 152 148 151 160 158 150 140 135 135 132 137 138 142 151 155 148 144 141 138 134 143 147 141 143 147 151 146 124 111 120 129 132 145 150 148 150 144 140 139 141 141 137 137 131 137 136 131 139 143 134 130 122 136 138 130 138 132 122 126 139 147 149 139 140 150 152 151 148 138 133
255 255 255 255 146 142 140 135 129 121 118 119 129 134 130 124 130 136 140 143 140 142 146 151 147 144 147 158 157 147 139 136 137 139 144 144 143 148 145 142 133 133 135 128 136 143 144 145 142 142 136 125 121 119 121 131 140 145 145 146 144 136 134 138 142 144 141 129 136 140 137 143 147 141 134 121 131 139 133 142 136 129 137 137 136 139 131 139 148 143 136 143 132 118
255 255 255 255 148 143 142 138 134 132 134 131 133 137 131 128 131 128 124 136 141 135 138 144 143 141 140 144 141 133 134 134 136 138 132 133 134 138 139 140 128 123 125 127 136 148 146 141 134 131 123 122 131 132 126 135 148 150 146 144 139 131 132 136 138 141 143 138 135 130 127 138 139 137 133 134 140 146 144 139 132 130 136 132 131 139 130 146 157 146 134 143 140 127
255 255 255 255 142 141 142 140 139 134 134 141 143 140 132 135 135 130 127 131 134 137 139 139 146 148 141 136 128 128 135 135 137 137 129 124 130 140 141 139 137 138 140 146 152 158 155 149 139 130 126 134 142 140 133 131 138 141 139 137 138 130 133 147 149 144 144 147 145 135 133 139 133 141 142 147 149 150 153 140 133 134 133 129 136 150 139 148 161 151 138 140 151 144
255 255 255 153 143 138 139 139 141 136 133 141 144 139 131 132 134 132 135 136 128 130 137 135 140 145 137 137 134 141 141 138 136 137 137 131 134 142 142 140 143 145 151 159 163 159 153 155 144 134 131 137 143 144 132 127 137 138 137 141 143 137 135 140 148 151 149 149 147 142 137 138 141 150 152 147 145 148 154 142 128 119 124 136 145 157 158 153 151 143 131 132 154 154
255 255 255 156 150 143 137 132 134 137 139 143 143 141 138 130 130 134 135 133 134 136 142 137 132 138 129 129 137 149 146 139 136 138 140 143 141 141 145 147 154 159 162 160 157 152 143 145 142 141 139 138 138 142 135 135 140 135 129 135 138 135 143 143 141 146 147 145 142 141 134 133 137 134 135 130 126 127 140 135 126 111 118 139 151 148 149 155 154 141 130 139 159 161
255 255 255 149 150 151 148 136 124 127 137 138 133 136 137 129 124 137 143 138 140 141 142 139 135 139 133 132 136 143 143 142 142 143 143 155 156 147 143 147 158 169 169 165 158 142 130 140 143 146 144 139 133 137 132 135 131 119 122 132 144 143 143 146 140 144 142 126 118 124 132 127 133 133 132 118 109 116 126 124 128 124 125 136 153 160 148 146 154 143 126 145 162 164
255 255 255 151 149 150 151 146 134 128 133 134 135 146 150 144 133 134 142 141 134 135 135 137 141 149 150 145 142 144 138 139 148 152 150 150 154 149 145 148 153 163 161 164 158 133 132 154 161 155 146 142 136 140 130 137 136 118 123 131 138 145 141 138 134 138 140 131 121 126 135 111 117 133 130 117 123 138 147 144 141 131 121 119 135 152 147 137 145 139 124 145 163 147
255 255 255 156 156 158 158 155 148 136 134 134 143 156 161 156 148 140 137 138 132 130 127 130 137 145 142 136 139 145 140 134 147 161 159 148 150 144 147 155 162 163 162 163 154 135 145 160 161 160 148 137 129 135 135 140 140 119 117 118 127 139 140 137 137 135 133 140 136 134 126 104 112 120 113 126 150 152 151 150 142 132 130 125 133 145 148 146 135 123 130 142 152 134
255 255 255 152 156 159 156 151 147 147 145 137 137 140 149 151 153 154 148 151 144 135 131 129 132 136 128 124 130 139 139 139 144 149 146 138 143 140 142 151 161 162 162 159 151 152 161 163 158 161 153 138 131 127 124 132 144 127 115 112 125 132 131 132 137 130 126 133 134 135 128 121 127 132 128 136 148 148 148 144 138 137 136 135 137 138 147 148 126 119 135 136 134 139
255 255 156 148 147 151 150 143 140 151 155 152 145 135 142 149 148 155 158 150 135 134 139 141 137 142 142 135 132 136 140 140 139 134 133 131 132 133 129 138 152 160 162 151 145 156 166 161 157 160 155 139 138 133 124 121 130 124 115 128 139 134 136 140 129 127 137 136 133 138 140 135 140 143 138 135 147 147 135 135 141 137 137 144 142 137 137 136 135 138 138 140 130 123
255 255 155 149 146 149 150 140 138 152 159 159 154 150 149 147 146 148 148 139 131 134 137 142 135 136 147 145 139 139 143 141 137 129 134 141 135 129 128 137 143 148 161 158 154 156 158 149 142 151 150 135 129 130 128 120 117 119 124 145 147 121 119 136 127 132 140 135 130 133 133 132 141 140 136 137 141 136 120 117 141 142 141 145 141 138 133 134 137 127 123 142 135 124
255 255 157 153 150 148 147 141 141 152 163 163 159 161 150 134 136 140 141 142 148 150 144 146 146 136 141 150 148 150 151 142 131 128 136 141 141 142 143 144 136 132 142 147 152 152 153 145 133 139 148 145 137 134 133 136 141 146 148 146 136 114 106 119 126 138 141 136 133 135 128 127 129 129 143 150 140 125 124 126 139 137 135 138 135 135 135 130 129 129 132 142 139 136
255 255 156 153 148 142 145 147 143 143 151 150 147 144 141 135 134 140 146 145 144 142 145 149 153 143 145 157 155 157 151 142 139 137 142 139 138 146 150 146 137 132 135 137 139 146 160 152 128 128 135 145 148 136 135 145 152 157 155 134 126 127 122 116 128 131 133 146 142 142 143 140 128 122 139 142 127 121 139 137 128 123 129 135 140 142 140 138 134 132 139 141 143 139
255 255 153 150 142 133 137 147 146 141 140 135 125 115 127 136 132 133 142 140 131 135 148 150 151 146 146 158 156 154 154 148 145 143 143 147 141 137 145 150 141 137 135 132 135 140 152 146 133 132 126 136 147 143 142 142 142 145 140 128 122 116 109 99 116 119 121 138 134 134 138 138 126 116 133 138 124 123 140 141 133 131 139 138 143 148 152 145 141 134 144 147 144 140
255 255 157 152 146 137 134 141 142 142 141 142 133 129 138 143 134 132 135 137 141 150 153 154 150 146 149 157 157 153 151 147 136 138 141 141 138 132 139 147 139 140 138 134 141 143 146 144 137 128 126 132 136 148 152 148 149 154 147 139 120 109 98 86 105 124 124 121 121 132 137 141 126 108 123 136 132 136 145 146 150 150 147 146 155 154 159 156 153 144 140 142 135 128
255 255 156 153 151 147 137 135 136 141 144 147 145 146 148 144 140 143 141 142 147 147 139 137 143 145 147 151 155 147 143 143 130 134 144 141 145 145 145 147 141 142 143 142 147 154 158 156 151 138 135 133 131 138 146 149 149 150 150 142 121 115 111 104 117 127 121 112 120 135 148 150 135 124 136 149 147 142 145 143 149 155 150 154 160 157 161 161 159 147 132 138 135 129
255 255 143 144 143 141 139 132 128 134 143 149 155 153 149 146 148 148 146 144 141 138 131 127 135 142 147 150 150 143 140 135 135 131 143 151 150 151 145 139 136 142 145 144 147 162 161 146 143 137 132 132 141 141 142 139 136 137 145 145 135 117 108 115 129 128 123 120 122 130 150 153 147 138 143 145 142 137 139 138 142 153 160 162 162 169 170 165 158 147 140 138 133 138
255 153 146 144 136 130 138 141 137 132 134 138 145 150 145 139 146 146 143 138 131 138 146 141 135 139 144 144 145 148 147 136 135 133 134 138 136 138 133 130 134 137 145 145 147 156 154 142 135 129 119 130 148 145 141 136 131 131 132 137 137 127 113 111 120 129 131 130 122 134 148 143 135 130 140 142 133 126 138 145 150 153 157 165 162 163 160 162 163 162 152 138 129 133
255 152 146 140 134 133 130 133 136 128 130 130 126 131 132 130 140 144 139 139 139 145 151 135 124 127 135 143 150 149 146 142 140 142 144 141 133 137 135 131 129 129 138 146 153 151 144 138 134 136 128 133 142 144 145 140 128 124 130 133 132 128 127 123 125 127 129 130 119 123 121 113 124 138 143 141 129 119 133 147 156 158 160 172 171 166 157 154 162 166 148 139 139 139
255 147 141 129 126 134 131 131 133 132 138 138 134 142 142 136 145 143 134 139 148 146 143 132 129 135 139 144 144 139 140 145 140 140 147 145 139 144 142 134 132 134 128 132 145 156 148 136 142 151 151 149 141 141 139 138 129 124 134 141 142 137 134 128 129 129 130 124 113 107 107 106 126 147 134 127 131 136 145 150 157 162 156 158 167 174 170 165 159 157 145 142 145 140
255 152 147 130 119 129 133 138 139 138 144 148 142 141 141 141 146 143 137 134 138 140 136 137 140 149 153 146 138 137 138 138 137 145 152 144 137 145 150 149 143 140 134 127 128 137 141 143 147 144 143 143 143 144 132 127 132 135 140 137 135 142 143 133 123 123 130 125 117 116 128 132 139 145 135 131 132 137 149 146 153 167 161 160 167 170 167 166 160 154 140 140 151 143
255 152 152 144 130 130 136 141 135 138 145 151 146 133 133 139 136 136 146 144 138 134 130 134 144 152 151 145 142 141 142 142 141 140 139 139 140 146 145 146 144 142 142 135 121 107 118 138 144 142 136 133 141 141 131 132 130 132 139 137 133 137 149 150 137 134 139 138 131 136 137 132 138 141 144 142 125 115 138 150 152 157 159 161 156 153 160 172 168 162 144 141 149 148
255 150 150 150 144 141 145 151 144 144 149 155 151 143 143 140 136 135 147 150 143 136 134 136 149 154 144 143 138 137 140 144 140 134 132 142 147 145 139 136 131 142 150 145 133 111 113 126 136 140 133 132 138 134 141 155 144 139 143 143 145 143 137 138 133 133 142 145 142 143 130 121 129 140 150 146 131 121 134 147 151 158 161 166 169 166 161 167 160 157 145 132 134 144
255 151 149 147 146 141 137 140 146 151 158 161 155 149 146 140 143 141 141 140 131 128 138 138 144 147 140 141 136 140 142 142 141 140 140 143 149 148 149 145 136 139 148 150 147 137 129 121 129 137 138 147 150 143 143 155 153 147 151 150 146 148 144 138 139 144 144 147 148 140 134 136 137 148 152 143 144 141 133 135 141 154 155 161 167 165 160 160 157 154 147 143 143 142
255 148 146 143 139 132 129 127 138 151 159 162 157 150 149 144 139 134 133 137 134 131 138 137 138 142 139 136 138 143 143 139 145 146 151 146 146 151 150 140 133 133 142 146 148 144 136 125 132 145 144 140 144 149 142 139 146 146 149 151 146 144 144 140 136 142 142 132 132 136 137 141 141 139 142 138 139 141 143 148 145 146 140 148 156 154 157 157 158 154 147 147 144 136
255 146 141 139 134 123 129 135 143 154 157 158 152 144 144 141 134 127 130 137 138 135 144 147 138 142 143 141 142 144 141 135 140 146 150 151 146 141 139 138 132 132 141 144 147 146 134 129 133 142 148 145 144 137 130 126 138 143 141 130 135 140 133 134 136 136 143 142 138 143 143 144 146 137 134 134 133 136 146 148 149 158 156 151 156 160 160 160 158 149 139 136 137 128
