example/E5 - XRays/X-ray-tomography/rastert_juap08.txt
ncols         356
nrows         356
xllcorner     -0.5
yllcorner     -355.5
cellsize      1
NODATA_value  -9999
[rows 210 to 251 of 356, columns 94 to 187 of 356]
141 128 136 143 144 130 124 135 130 133 132 134 142 147 144 133 129 140 152 157 142 145 151 145 141 146 137 144 141 144 151 151 141 147 154 153 154 162 150 141 142 124 114 122 130 150 162 168 165 159 157 161 159 145 145 150 159 150 143 143 137 149 157 159 154 154 162 162 159 167 175 165 166 183 172 165 165 182 178 165 164 166 168 162 165 172 172 179 177 165 167 174 178 175
127 121 132 125 115 114 126 140 140 134 129 127 139 146 135 141 141 140 142 150 140 146 148 131 135 145 151 157 148 150 145 142 140 153 153 148 153 162 150 148 138 126 134 142 149 165 169 171 170 152 153 162 160 150 159 162 158 149 153 151 149 167 168 166 165 155 162 169 164 175 172 166 158 171 178 178 170 170 175 174 171 170 174 166 155 159 170 176 170 178 179 180 179 173
109 100 118 108 91 96 120 141 145 141 135 135 141 145 138 147 149 145 146 154 148 145 147 150 154 149 150 153 147 152 143 139 142 138 141 145 145 155 149 160 153 143 155 159 163 168 168 161 156 144 150 157 153 152 163 161 146 145 152 157 153 160 163 173 173 161 161 167 159 161 165 173 169 174 169 167 159 162 171 167 169 175 165 164 164 166 178 180 165 176 175 174 170 168
89 76 108 121 118 123 138 141 130 132 139 143 147 148 143 141 141 147 146 146 146 139 148 166 162 156 149 139 140 150 143 141 142 122 127 141 150 151 148 164 152 132 161 166 161 164 179 163 145 139 143 148 153 157 155 155 147 149 148 147 151 155 164 183 172 162 172 172 167 168 167 169 173 164 154 167 167 166 170 165 174 178 158 160 168 174 174 182 173 173 168 166 168 181
111 109 137 152 161 161 150 149 149 144 151 153 145 148 149 140 141 152 147 138 141 136 139 155 148 154 153 148 146 137 129 135 129 107 128 159 162 145 142 148 139 126 146 153 164 153 161 150 148 155 145 142 150 157 159 159 145 137 140 147 162 162 173 179 167 164 182 169 163 180 180 173 174 159 166 179 177 170 176 175 182 185 174 169 177 172 170 179 178 172 160 160 168 184
151 149 156 159 164 161 149 153 154 144 146 150 145 157 164 159 154 145 138 136 145 146 142 142 135 140 152 147 132 123 137 155 156 138 144 155 147 143 146 141 137 123 134 148 157 149 150 143 142 150 146 149 140 139 149 156 135 127 149 168 169 164 175 171 162 166 179 152 150 168 170 169 169 167 181 182 175 169 171 169 172 176 174 181 181 160 162 169 173 178 170 164 170 172
156 154 160 162 160 160 148 151 151 142 139 147 151 153 155 149 147 135 132 146 150 144 146 145 146 147 149 147 143 147 159 163 168 159 151 146 140 146 145 135 126 107 128 151 146 142 144 139 133 139 147 154 145 136 131 144 152 155 160 169 168 171 176 170 162 175 170 146 165 174 168 175 173 175 189 187 179 177 170 166 175 176 176 177 177 167 169 173 171 175 172 166 170 169
161 161 157 164 165 158 149 151 155 152 138 146 154 143 143 132 134 134 144 156 156 144 136 133 146 154 162 160 153 160 162 159 162 149 136 136 140 141 132 133 121 104 132 154 144 131 137 141 136 141 150 149 145 147 145 147 155 159 163 170 171 168 171 170 160 171 166 166 172 166 168 179 179 172 179 187 173 171 168 174 184 173 175 176 167 170 168 173 168 162 168 177 176 171
168 164 152 164 159 152 154 153 162 161 133 136 147 127 138 135 140 150 147 128 130 153 150 144 154 154 161 157 154 164 166 164 156 152 141 144 146 135 133 138 123 118 142 148 141 141 153 161 152 148 150 151 155 159 151 146 153 169 182 175 168 169 175 174 166 167 169 173 162 165 177 177 181 181 176 183 174 176 184 189 186 173 184 191 178 172 165 167 169 164 175 177 178 176
167 167 165 162 145 148 152 153 147 136 129 124 117 111 135 138 143 148 139 131 137 157 158 154 158 150 158 160 154 159 161 157 146 147 138 146 150 139 145 141 125 122 131 134 134 145 154 160 155 152 156 158 157 154 153 155 166 177 176 173 171 181 179 170 175 179 187 179 167 179 173 163 172 186 179 171 172 176 177 180 173 171 180 181 169 166 174 180 182 181 174 162 167 175
164 174 175 161 150 151 143 143 137 133 132 108 78 101 130 135 142 145 151 159 158 164 157 151 153 155 154 161 163 164 160 151 144 152 136 135 144 142 144 135 130 135 135 137 139 149 153 150 152 148 157 155 142 151 153 151 168 173 178 176 168 172 176 171 181 182 182 178 175 177 174 179 174 174 169 164 176 182 175 167 165 168 176 174 168 168 171 182 174 177 165 158 164 162
174 175 171 164 157 149 138 139 141 144 142 110 81 112 130 137 151 159 158 154 161 169 157 156 156 162 160 164 170 165 153 151 151 159 152 149 142 118 124 133 131 131 140 140 132 140 154 152 154 153 152 157 158 164 163 159 164 167 175 178 178 180 176 168 179 187 178 172 172 176 192 183 166 167 167 160 174 179 177 178 180 172 178 175 173 167 165 174 177 183 173 172 176 175
164 163 166 163 155 158 147 147 144 134 139 125 114 135 139 140 148 160 161 162 166 162 158 156 155 154 156 165 163 160 150 143 151 160 160 155 146 124 138 139 133 127 136 139 128 138 157 156 151 148 158 173 166 161 169 168 163 161 163 170 177 174 164 161 167 175 181 168 175 183 188 183 178 172 168 170 181 181 180 181 178 172 178 174 169 174 169 172 177 171 170 178 169 173
161 166 162 158 159 157 142 148 149 136 144 146 134 136 138 142 152 158 161 169 170 167 163 155 150 137 140 156 164 159 147 137 149 162 157 150 142 137 138 132 134 131 124 130 125 133 149 146 141 150 161 169 164 167 168 164 172 166 163 179 178 170 167 168 167 176 188 177 179 181 181 184 175 175 170 172 174 175 181 179 175 171 166 168 169 170 173 178 176 173 172 173 165 159
164 164 167 164 165 154 133 130 134 137 144 142 121 106 115 147 166 167 166 163 167 168 167 168 162 147 134 132 147 152 149 131 139 144 139 156 153 139 141 139 142 144 136 135 130 131 146 149 146 160 163 163 171 174 170 164 167 162 159 172 171 163 156 171 174 178 186 177 168 170 179 186 165 164 166 169 172 169 176 178 180 182 177 173 176 162 171 174 165 177 183 172 173 170
167 165 170 166 159 147 129 98 106 134 141 132 107 94 120 153 164 172 166 164 170 160 161 173 173 158 131 110 121 141 145 138 147 142 144 159 151 141 152 150 152 158 162 161 161 154 144 142 155 163 164 165 174 174 177 169 161 153 160 164 166 166 152 165 166 168 173 153 154 158 171 180 171 163 154 161 169 169 175 178 178 179 182 177 178 165 172 172 162 173 181 170 165 170
162 162 163 163 157 132 102 67 97 133 137 119 84 85 129 159 168 173 166 171 171 166 167 177 168 146 135 102 93 115 133 141 150 149 150 156 145 142 143 152 159 162 163 162 166 168 136 132 158 159 170 170 168 174 177 166 159 163 169 161 161 173 163 165 166 166 166 154 160 155 159 161 171 168 164 161 159 167 172 178 177 169 170 170 174 174 175 168 161 168 174 166 173 180
168 165 164 159 154 114 65 62 116 142 144 111 71 87 134 159 167 176 169 167 161 167 168 165 166 160 158 119 82 92 121 127 134 153 158 162 148 145 136 143 164 172 163 158 155 163 144 145 156 157 167 164 165 166 172 172 163 172 168 153 156 169 161 160 167 169 169 164 163 162 165 151 160 158 165 162 165 174 172 176 183 175 170 169 168 176 185 179 175 171 178 175 182 179
170 160 160 148 140 93 56 84 132 153 156 125 96 114 149 157 156 173 171 171 170 170 164 166 173 165 160 128 99 114 138 142 151 157 155 159 157 159 143 145 165 171 160 167 166 170 158 152 161 169 173 169 176 165 168 176 171 178 167 161 168 172 163 155 159 161 166 164 151 153 167 165 152 151 162 162 165 168 167 174 172 168 176 165 161 177 187 184 172 170 174 177 169 161
156 152 153 150 141 85 54 95 141 147 146 136 130 139 157 161 166 171 164 165 170 165 167 174 161 159 166 147 135 140 143 151 160 149 146 157 157 158 140 150 167 162 158 168 166 167 164 151 154 159 168 170 173 170 168 168 174 179 178 166 160 164 166 162 161 162 172 172 156 154 163 168 153 152 161 160 162 162 167 174 168 173 184 174 163 176 179 177 168 175 176 183 168 164
157 155 143 146 135 84 57 90 139 146 145 148 150 150 162 171 174 163 158 163 162 158 172 175 163 163 163 151 143 141 144 147 149 150 160 175 161 161 161 165 169 163 164 162 159 163 162 151 163 171 170 168 165 168 166 165 170 165 171 175 175 167 164 164 161 158 164 159 157 160 160 158 163 163 165 158 156 163 172 168 162 171 182 174 167 175 168 168 172 178 172 181 175 171
163 150 139 138 116 90 78 88 127 147 157 151 155 160 163 163 164 164 174 183 175 169 175 179 174 165 163 156 140 131 144 145 149 159 165 177 166 155 161 165 170 166 164 167 168 162 152 158 176 181 173 168 164 165 169 170 166 156 169 183 182 179 172 171 171 158 147 150 156 159 166 155 159 159 157 153 157 165 162 171 166 165 176 166 173 176 168 172 178 176 162 174 180 178
139 128 142 137 104 93 99 110 126 146 155 144 149 160 166 161 157 165 174 173 171 172 172 171 174 168 163 155 142 134 141 146 153 154 158 165 162 153 156 168 175 167 164 169 170 157 153 163 163 160 165 168 173 176 176 167 162 161 174 182 178 183 171 164 168 170 163 157 159 155 168 161 153 150 158 160 168 173 172 185 174 168 175 165 172 181 175 173 178 176 162 173 177 174
121 106 116 116 98 94 110 131 133 141 138 130 134 143 152 158 159 160 165 168 169 167 167 168 172 162 163 148 126 129 138 142 151 145 156 159 156 157 155 170 166 162 165 167 168 161 153 150 151 149 166 166 164 165 162 162 160 162 175 182 178 174 167 161 163 170 165 150 153 154 163 161 155 157 159 157 172 173 175 182 178 173 176 180 175 174 171 167 166 173 176 176 170 174
110 82 93 103 101 109 113 124 126 128 128 126 132 134 143 161 159 156 159 165 166 165 171 168 164 156 158 142 103 97 109 124 151 150 157 157 154 161 167 170 160 166 165 170 171 168 161 146 152 158 171 169 163 167 165 165 172 171 163 169 176 160 150 155 168 169 157 159 166 160 160 158 159 164 162 171 180 172 182 178 174 171 169 175 170 171 175 180 177 172 184 178 172 184
103 72 90 96 101 116 118 125 115 110 117 138 145 127 134 150 154 156 162 166 164 171 173 161 158 156 147 128 92 73 84 115 144 146 158 163 146 153 166 168 164 175 166 162 164 164 159 145 159 171 175 172 164 170 172 166 168 173 161 160 172 165 137 140 168 177 165 170 166 155 171 171 176 179 170 179 181 177 182 183 170 165 170 169 164 171 176 182 179 166 177 176 161 167
96 71 89 89 96 109 117 133 116 92 93 125 137 125 129 141 157 163 160 161 160 166 169 166 166 155 139 123 102 87 91 114 142 151 151 155 146 153 154 166 169 166 159 165 171 166 153 142 156 168 165 170 165 174 176 164 162 174 178 178 166 154 138 145 161 169 163 164 172 172 176 164 174 187 181 172 172 186 179 182 180 168 175 173 167 169 176 180 173 166 176 176 159 166
91 74 87 90 95 102 112 123 108 89 94 115 137 147 143 132 134 145 145 152 159 158 157 157 153 144 136 126 109 98 109 131 154 158 151 153 149 155 154 167 176 164 163 180 165 162 153 146 164 170 171 181 175 176 174 159 161 178 180 177 166 150 147 153 154 164 163 163 175 180 180 168 172 180 177 176 175 184 174 176 182 176 176 176 176 175 180 181 174 174 176 174 170 178
88 83 86 89 95 99 113 121 118 115 122 126 128 136 135 131 140 146 145 155 156 154 156 152 154 150 148 136 113 92 102 131 146 148 154 151 150 155 155 152 161 159 161 164 147 152 155 153 164 178 176 178 176 171 168 154 155 163 160 158 161 155 153 155 155 172 174 169 170 176 190 183 174 175 172 175 177 171 172 174 164 170 176 170 172 171 173 178 173 170 171 172 173 178
92 83 89 95 104 113 128 126 120 118 116 123 123 127 141 147 145 141 142 143 147 155 156 153 156 150 148 133 115 96 100 120 134 139 149 151 161 169 164 152 149 151 157 142 136 152 162 166 167 185 183 178 172 168 168 156 157 156 158 156 158 160 155 154 155 164 173 171 170 174 182 181 177 178 172 166 173 169 176 168 161 172 182 171 176 172 171 178 179 166 165 178 174 172
119 115 115 105 107 113 114 112 110 103 96 106 118 132 149 137 128 143 149 140 149 160 157 158 156 150 148 132 121 109 119 132 139 150 151 155 159 163 155 151 154 155 149 129 131 152 160 164 168 176 171 171 177 176 174 166 160 152 150 147 159 163 160 163 164 164 164 172 180 181 179 172 171 178 178 173 171 179 184 170 170 176 179 174 182 176 176 175 177 171 160 169 172 177
136 138 136 116 104 104 101 98 103 104 108 119 131 143 144 130 142 155 155 156 156 149 148 152 144 139 139 131 126 117 131 148 143 145 146 147 156 159 150 147 149 146 137 128 142 157 162 167 175 178 174 177 179 179 178 173 167 164 157 141 148 157 163 171 172 166 160 172 170 172 179 175 175 183 179 173 174 183 180 180 187 183 175 171 176 175 175 166 167 177 167 174 184 183
134 136 143 134 117 110 114 115 120 124 119 126 142 136 135 147 160 159 151 148 146 138 138 147 145 139 144 141 129 119 142 160 151 145 152 159 169 168 161 155 160 154 137 127 150 162 162 167 164 167 176 178 176 179 178 173 167 172 168 153 156 167 164 168 166 162 169 165 157 166 187 177 169 176 180 176 182 184 176 183 184 184 182 177 170 165 174 170 166 170 170 180 184 176
136 137 145 142 127 118 125 136 137 133 127 128 142 140 144 147 152 157 145 143 139 127 131 135 137 142 145 140 126 126 148 151 142 144 159 170 169 158 155 155 157 155 150 147 163 167 161 167 164 170 177 178 174 174 175 174 168 164 159 161 169 166 162 156 161 164 161 153 160 163 178 176 170 175 182 180 185 176 171 183 180 188 183 173 177 176 175 169 170 167 165 173 176 173
150 153 145 139 138 130 131 138 135 127 139 140 144 151 152 144 144 144 135 135 137 130 132 119 124 143 148 151 141 127 128 141 149 152 156 148 134 144 157 152 150 150 151 154 164 171 163 163 174 180 182 188 180 178 175 166 158 162 159 161 170 171 169 159 163 169 159 155 163 158 157 165 171 175 173 174 178 173 180 192 179 180 181 175 179 184 168 162 168 166 162 168 184 180
163 163 143 136 139 129 128 132 135 116 118 132 147 151 146 142 140 119 106 104 110 121 122 126 145 155 159 159 156 125 110 139 153 161 156 132 129 149 155 150 157 149 149 159 165 168 157 154 170 181 178 181 180 174 166 167 164 169 166 166 174 178 168 169 171 171 160 157 165 164 157 159 174 177 171 171 170 176 176 183 178 178 178 174 171 175 174 176 169 163 161 167 180 175
153 159 130 128 142 140 140 131 134 120 106 122 145 153 151 143 134 115 112 116 111 128 129 140 153 151 153 149 147 107 88 131 149 158 154 147 152 158 157 160 164 149 152 166 163 166 168 164 171 178 169 172 178 170 164 161 159 161 165 174 168 162 156 171 177 167 157 162 166 155 154 153 162 160 165 173 168 175 174 184 183 186 180 168 171 173 166 168 169 161 164 172 167 161
141 148 131 139 157 151 137 121 136 133 109 114 128 141 154 152 141 132 130 134 124 127 137 149 154 147 149 146 135 90 76 115 152 162 159 165 167 162 159 164 165 161 163 167 164 168 169 164 166 177 175 177 178 178 176 161 162 160 163 169 162 160 150 155 166 166 161 159 155 150 155 154 157 151 160 174 169 165 183 191 186 193 179 162 166 170 156 157 173 170 163 167 167 168
148 145 145 156 156 142 130 126 144 135 111 103 125 144 152 147 145 151 142 140 140 139 150 153 152 143 144 148 146 112 90 105 147 159 162 166 167 159 159 154 152 160 166 170 164 164 163 159 161 180 185 174 170 181 178 159 160 160 156 154 162 163 155 157 172 181 172 157 152 162 164 162 165 158 162 170 171 169 187 179 181 190 181 178 171 180 175 163 177 177 167 174 174 172
154 154 151 156 142 131 136 143 149 131 115 102 120 136 148 148 149 157 142 135 134 131 144 144 134 131 137 145 146 116 106 119 150 160 163 166 168 158 153 147 154 160 161 165 165 173 167 164 169 177 179 167 163 175 167 156 155 144 146 150 155 162 170 173 171 163 165 160 158 170 163 159 166 169 173 174 168 169 177 165 177 185 173 182 174 179 182 172 172 163 166 175 173 173
144 141 141 156 141 126 133 142 146 134 124 106 117 138 158 163 158 156 142 141 140 121 127 145 142 134 133 137 141 121 135 149 153 157 171 173 162 157 159 152 152 160 162 162 175 181 166 168 177 176 172 169 169 177 174 164 139 131 140 143 148 160 169 169 156 155 161 158 162 175 169 164 165 168 178 170 159 175 182 165 174 171 162 176 184 183 173 171 169 155 155 162 167 171
151 143 141 156 144 133 141 142 141 137 121 111 130 145 165 168 158 151 140 150 150 130 137 154 149 137 132 134 143 138 150 156 155 163 168 171 161 154 157 154 153 163 163 158 167 163 165 173 169 169 177 183 179 173 176 172 152 133 124 128 141 156 161 163 157 157 156 154 163 170 174 174 165 165 172 166 163 172 175 171 175 172 169 180 186 172 170 175 170 157 155 159 165 167
