example/E5 - XRays/X-ray-tomography/rastert_juap48.txt
ncols         356
nrows         356
xllcorner     -0.5
yllcorner     -355.5
cellsize      1
NODATA_value  -9999
[rows 0 to 41 of 356, columns 190 to 284 of 356]
255 255 255 255 255 255 255 255 255 255 255 255 255 255 255 255 255 255 255 255 255 255 255 255 255 255 255 255 255 255 255 255 255 255 255 255 255 255 255 255 255 255 255 255 255 255 255 255 255 255 255 255 255 255 255 255 255 255 255 255 255 255 255 255 255 255 255 255 255 255 255 255 255 255 255 255 255 255 255 255 255 255 255 255 255 255 255 255 255 255 255 255 255 255 255
162 163 160 153 154 153 255 255 255 255 255 255 255 255 255 255 255 255 255 255 255 255 255 255 255 255 255 255 255 255 255 255 255 255 255 255 255 255 255 255 255 255 255 255 255 255 255 255 255 255 255 255 255 255 255 255 255 255 255 255 255 255 255 255 255 255 255 255 255 255 255 255 255 255 255 255 255 255 255 255 255 255 255 255 255 255 255 255 255 255 255 255 255 255 255
162 163 159 157 160 161 155 151 150 147 146 151 154 152 255 255 255 255 255 255 255 255 255 255 255 255 255 255 255 255 255 255 255 255 255 255 255 255 255 255 255 255 255 255 255 255 255 255 255 255 255 255 255 255 255 255 255 255 255 255 255 255 255 255 255 255 255 255 255 255 255 255 255 255 255 255 255 255 255 255 255 255 255 255 255 255 255 255 255 255 255 255 255 255 255
159 162 161 161 159 160 159 157 150 134 129 141 153 153 151 157 158 160 161 161 255 255 255 255 255 255 255 255 255 255 255 255 255 255 255 255 255 255 255 255 255 255 255 255 255 255 255 255 255 255 255 255 255 255 255 255 255 255 255 255 255 255 255 255 255 255 255 255 255 255 255 255 255 255 255 255 255 255 255 255 255 255 255 255 255 255 255 255 255 255 255 255 255 255 255
157 162 160 160 152 148 155 157 149 124 113 129 150 154 147 156 159 158 159 160 151 137 142 151 157 255 255 255 255 255 255 255 255 255 255 255 255 255 255 255 255 255 255 255 255 255 255 255 255 255 255 255 255 255 255 255 255 255 255 255 255 255 255 255 255 255 255 255 255 255 255 255 255 255 255 255 255 255 255 255 255 255 255 255 255 255 255 255 255 255 255 255 255 255 255
156 160 156 155 147 139 148 157 150 127 115 125 149 148 137 148 154 158 158 153 130 110 123 145 153 143 143 144 147 255 255 255 255 255 255 255 255 255 255 255 255 255 255 255 255 255 255 255 255 255 255 255 255 255 255 255 255 255 255 255 255 255 255 255 255 255 255 255 255 255 255 255 255 255 255 255 255 255 255 255 255 255 255 255 255 255 255 255 255 255 255 255 255 255 255
150 153 152 152 150 146 149 155 151 139 131 132 147 142 130 139 148 157 157 150 132 115 132 149 145 139 144 145 144 146 140 142 149 255 255 255 255 255 255 255 255 255 255 255 255 255 255 255 255 255 255 255 255 255 255 255 255 255 255 255 255 255 255 255 255 255 255 255 255 255 255 255 255 255 255 255 255 255 255 255 255 255 255 255 255 255 255 255 255 255 255 255 255 255 255
144 148 149 150 152 155 152 153 150 145 145 143 150 148 137 140 146 152 152 153 146 138 149 151 139 135 142 141 135 140 146 150 152 151 141 137 141 255 255 255 255 255 255 255 255 255 255 255 255 255 255 255 255 255 255 255 255 255 255 255 255 255 255 255 255 255 255 255 255 255 255 255 255 255 255 255 255 255 255 255 255 255 255 255 255 255 255 255 255 255 255 255 255 255 255
143 144 143 146 147 152 154 155 150 149 151 151 154 150 140 140 147 151 145 146 146 142 151 150 142 138 143 138 133 142 155 151 143 143 141 134 143 147 143 137 255 255 255 255 255 255 255 255 255 255 255 255 255 255 255 255 255 255 255 255 255 255 255 255 255 255 255 255 255 255 255 255 255 255 255 255 255 255 255 255 255 255 255 255 255 255 255 255 255 255 255 255 255 255 255
144 137 139 145 145 151 152 152 149 152 155 154 151 139 125 125 138 148 141 140 142 140 146 150 147 147 146 141 139 146 156 146 126 128 136 134 138 145 146 138 139 142 143 255 255 255 255 255 255 255 255 255 255 255 255 255 255 255 255 255 255 255 255 255 255 255 255 255 255 255 255 255 255 255 255 255 255 255 255 255 255 255 255 255 255 255 255 255 255 255 255 255 255 255 255
150 140 144 150 147 147 146 147 154 160 159 154 145 135 122 126 137 147 146 146 145 140 140 141 136 140 142 142 145 146 151 142 130 129 130 130 131 139 140 139 139 137 142 151 155 155 255 255 255 255 255 255 255 255 255 255 255 255 255 255 255 255 255 255 255 255 255 255 255 255 255 255 255 255 255 255 255 255 255 255 255 255 255 255 255 255 255 255 255 255 255 255 255 255 255
157 149 154 151 147 141 140 143 156 163 160 155 147 145 137 138 148 150 152 155 149 142 137 126 111 120 129 136 140 142 139 133 136 130 123 122 123 129 129 135 135 134 143 152 156 153 146 148 154 255 255 255 255 255 255 255 255 255 255 255 255 255 255 255 255 255 255 255 255 255 255 255 255 255 255 255 255 255 255 255 255 255 255 255 255 255 255 255 255 255 255 255 255 255 255
161 156 157 153 153 148 148 147 157 163 159 154 146 147 149 144 150 149 152 157 150 147 141 122 107 111 126 132 135 138 128 129 133 125 124 123 116 120 124 133 135 133 137 147 153 150 145 146 151 145 150 152 255 255 255 255 255 255 255 255 255 255 255 255 255 255 255 255 255 255 255 255 255 255 255 255 255 255 255 255 255 255 255 255 255 255 255 255 255 255 255 255 255 255 255
157 156 155 153 159 158 159 155 155 157 149 138 124 129 145 137 129 131 139 145 145 147 133 109 102 105 122 133 140 137 132 137 133 127 128 124 113 120 131 141 141 136 135 142 145 143 143 144 144 139 146 149 149 152 255 255 255 255 255 255 255 255 255 255 255 255 255 255 255 255 255 255 255 255 255 255 255 255 255 255 255 255 255 255 255 255 255 255 255 255 255 255 255 255 255
156 155 155 155 161 165 164 157 154 154 138 117 102 112 136 134 120 120 123 130 140 145 129 108 105 112 128 135 140 136 143 144 131 131 131 126 122 123 133 145 144 139 141 139 142 141 144 148 144 143 145 144 144 145 145 144 255 255 255 255 255 255 255 255 255 255 255 255 255 255 255 255 255 255 255 255 255 255 255 255 255 255 255 255 255 255 255 255 255 255 255 255 255 255 255
157 157 156 157 160 161 159 157 154 151 130 107 103 115 129 125 117 122 126 136 146 148 135 119 120 129 137 136 133 130 143 139 132 137 137 140 138 126 131 141 140 141 142 138 136 138 146 151 146 144 143 136 132 134 141 142 140 143 147 255 255 255 255 255 255 255 255 255 255 255 255 255 255 255 255 255 255 255 255 255 255 255 255 255 255 255 255 255 255 255 255 255 255 255 255
156 153 154 160 160 161 156 155 159 156 132 115 122 133 130 117 108 121 135 141 147 150 146 126 123 132 135 126 117 124 145 149 147 150 146 154 148 130 128 131 135 138 141 136 132 137 147 150 144 140 140 135 127 125 137 140 142 143 142 145 145 255 255 255 255 255 255 255 255 255 255 255 255 255 255 255 255 255 255 255 255 255 255 255 255 255 255 255 255 255 255 255 255 255 255
160 155 158 163 164 164 156 152 156 160 141 126 131 142 137 128 115 117 128 144 147 146 140 110 110 127 127 108 106 127 153 166 161 159 155 157 146 132 132 134 136 135 139 137 137 139 147 144 139 141 143 140 130 125 134 136 143 143 141 145 147 153 153 255 255 255 255 255 255 255 255 255 255 255 255 255 255 255 255 255 255 255 255 255 255 255 255 255 255 255 255 255 255 255 255
160 158 165 166 164 160 151 147 152 162 151 135 133 140 141 135 124 114 115 136 145 144 136 103 100 122 121 104 115 140 159 170 163 163 159 151 142 135 141 145 144 140 141 140 138 135 142 141 137 145 144 137 133 132 137 137 142 144 144 148 150 149 152 157 154 255 255 255 255 255 255 255 255 255 255 255 255 255 255 255 255 255 255 255 255 255 255 255 255 255 255 255 255 255 255
161 161 165 165 162 159 152 151 154 160 156 142 141 141 143 139 127 113 105 122 137 141 138 114 109 128 126 116 123 142 159 166 162 167 160 150 141 133 148 155 149 145 141 138 129 128 137 140 141 150 141 134 134 136 137 141 145 150 152 152 148 144 150 154 149 147 141 255 255 255 255 255 255 255 255 255 255 255 255 255 255 255 255 255 255 255 255 255 255 255 255 255 255 255 255
158 156 156 158 160 160 153 156 158 158 156 148 153 148 144 142 135 127 114 122 129 127 134 128 126 137 135 128 125 140 153 158 158 161 152 143 135 120 141 155 152 148 142 136 132 135 140 146 147 149 139 135 135 131 133 137 139 146 149 149 145 145 149 154 157 156 144 140 136 255 255 255 255 255 255 255 255 255 255 255 255 255 255 255 255 255 255 255 255 255 255 255 255 255 255
156 152 152 156 160 158 156 155 156 156 156 154 161 155 146 148 146 143 127 129 133 119 129 136 132 137 139 135 133 141 145 144 138 137 128 122 125 116 134 152 151 146 144 138 136 140 142 149 145 145 141 137 136 135 134 128 129 135 141 144 146 153 154 157 166 167 152 141 135 140 131 255 255 255 255 255 255 255 255 255 255 255 255 255 255 255 255 255 255 255 255 255 255 255 255
159 152 152 158 157 153 157 151 151 154 156 154 162 161 152 152 149 151 142 145 150 134 129 131 132 139 143 141 140 143 140 126 114 113 110 113 130 133 135 146 145 141 143 139 132 135 138 145 145 144 138 137 143 142 137 135 135 140 145 145 152 159 157 155 165 165 151 140 142 146 135 112 81 255 255 255 255 255 255 255 255 255 255 255 255 255 255 255 255 255 255 255 255 255 255
160 156 155 160 153 148 154 151 148 146 147 152 157 161 158 156 154 153 151 152 154 146 132 131 138 144 144 144 144 141 133 119 113 116 120 125 143 148 135 139 137 131 137 138 132 130 137 146 147 143 142 140 143 143 143 144 145 146 146 147 151 154 154 148 150 149 141 141 142 139 132 111 80 63 67 255 255 255 255 255 255 255 255 255 255 255 255 255 255 255 255 255 255 255 255
157 156 155 157 149 146 152 152 150 140 136 147 151 152 146 148 153 148 147 146 144 146 131 135 142 144 147 151 144 135 134 130 133 136 137 135 138 143 136 132 122 119 130 138 137 134 138 145 145 145 145 138 137 140 142 140 138 139 142 143 144 145 149 147 144 139 136 142 138 136 132 113 96 92 105 108 255 255 255 255 255 255 255 255 255 255 255 255 255 255 255 255 255 255 255
155 159 152 147 147 146 151 158 158 141 135 146 145 141 130 126 138 140 147 152 148 138 128 136 143 146 150 153 142 134 134 133 139 140 141 137 133 141 141 125 113 120 135 143 140 138 138 143 146 149 142 138 136 140 140 137 136 134 136 142 143 140 144 150 148 140 139 143 143 135 130 120 117 119 132 136 136 139 255 255 255 255 255 255 255 255 255 255 255 255 255 255 255 255 255
156 157 148 139 140 148 152 156 163 143 129 132 129 131 121 103 116 140 152 153 143 128 125 137 146 141 143 147 143 138 132 130 130 130 138 139 139 146 142 124 109 121 140 140 131 129 137 142 145 147 137 137 138 141 147 151 149 138 141 145 143 139 147 155 152 147 144 145 142 131 125 121 128 132 144 148 149 154 150 148 255 255 255 255 255 255 255 255 255 255 255 255 255 255 255
156 151 151 146 138 150 153 150 158 149 127 116 115 127 120 104 116 142 154 149 137 123 121 130 133 127 133 140 143 142 135 134 128 123 129 139 143 147 140 124 107 113 133 121 108 117 139 144 144 145 139 142 142 141 153 165 157 148 153 151 146 139 147 151 147 148 149 146 142 136 131 130 133 135 146 152 152 157 156 151 152 255 255 255 255 255 255 255 255 255 255 255 255 255 255
155 150 153 155 150 160 155 154 157 155 138 126 123 130 123 112 123 134 149 147 140 126 124 132 130 129 137 143 145 146 142 144 140 132 135 141 145 148 141 126 98 92 110 103 101 121 142 145 145 144 142 145 137 133 149 162 160 160 163 157 145 137 141 142 138 149 153 150 153 152 146 137 135 134 141 151 154 157 155 152 155 159 159 255 255 255 255 255 255 255 255 255 255 255 255
154 150 151 157 163 169 157 154 151 148 141 140 142 142 136 123 130 129 137 139 134 127 131 141 143 136 135 138 145 146 144 147 150 148 141 141 149 148 140 125 89 76 95 106 119 135 143 146 146 142 143 145 137 136 143 151 161 167 165 160 151 145 145 139 137 150 151 155 161 157 150 144 140 137 145 157 158 158 157 157 157 157 158 159 155 255 255 255 255 255 255 255 255 255 255
143 147 150 155 169 167 159 159 144 137 132 142 141 137 141 140 140 139 133 126 123 127 134 141 145 128 120 131 143 144 145 143 144 148 142 136 145 140 128 114 90 83 103 123 136 144 146 148 146 143 142 141 144 140 134 136 156 168 162 162 155 148 144 134 130 136 144 151 152 148 147 146 145 145 151 159 156 157 155 153 154 156 156 159 156 152 255 255 255 255 255 255 255 255 255
146 149 147 146 163 163 160 164 148 146 137 140 136 128 141 146 143 144 135 125 124 130 135 138 139 124 106 117 136 134 132 128 125 137 137 132 139 134 117 103 86 86 114 135 142 143 145 150 147 143 138 135 141 137 132 135 153 162 159 163 157 151 144 132 125 130 137 136 135 138 139 142 148 151 156 155 151 154 151 150 153 152 154 156 152 141 139 147 255 255 255 255 255 255 255
161 158 148 144 154 158 156 162 158 158 147 139 138 128 136 142 142 143 141 137 140 139 134 132 131 130 117 115 125 121 122 121 115 129 132 127 132 134 113 87 74 85 121 135 143 148 150 151 143 141 139 133 134 136 136 141 150 153 156 162 158 154 148 135 125 130 133 124 118 131 136 134 144 151 154 149 148 151 152 146 143 146 152 153 145 135 135 139 143 255 255 255 255 255 255
165 162 158 154 150 155 157 157 152 147 142 138 141 132 129 139 144 142 138 139 150 142 131 135 129 133 130 123 127 118 119 125 126 134 130 123 124 130 111 73 64 90 126 133 143 154 153 149 143 140 138 133 135 136 139 146 145 143 150 159 158 156 153 140 127 124 126 118 113 127 130 127 141 150 152 151 149 150 152 138 128 132 144 147 141 142 137 132 133 142 255 255 255 255 255
164 159 160 157 153 155 153 145 138 135 139 141 143 136 125 131 141 135 134 141 148 137 128 141 136 135 137 133 130 114 116 135 134 132 129 124 120 123 115 84 76 103 132 138 149 153 146 142 143 143 136 131 137 139 142 145 138 135 144 152 151 149 148 138 121 112 121 129 132 138 132 127 137 143 149 154 150 153 152 136 121 125 140 142 143 151 143 127 127 139 147 151 255 255 255
164 157 161 160 155 153 147 143 140 137 143 144 140 137 133 130 138 130 137 147 141 127 127 141 143 140 140 144 132 118 122 133 128 129 134 132 128 126 119 102 92 110 133 143 148 149 140 137 145 144 138 133 140 142 145 145 136 134 139 147 144 136 137 135 118 109 123 143 149 150 134 126 136 142 146 149 152 155 153 143 127 128 138 138 139 144 142 133 134 136 142 152 154 255 255
156 156 162 164 158 150 148 146 145 141 145 144 134 141 143 126 131 126 135 145 136 120 126 139 145 141 143 156 149 136 130 130 127 130 138 137 136 131 121 107 96 111 133 143 140 142 139 136 139 136 140 142 151 154 152 151 143 135 134 141 137 132 134 134 126 119 125 139 146 145 133 132 137 141 142 146 154 154 158 156 143 139 139 138 136 138 139 140 141 135 139 145 148 156 255
154 154 158 163 160 151 146 137 138 143 146 144 133 141 142 115 118 112 124 143 137 129 134 138 141 142 146 157 151 140 132 128 128 125 131 132 132 131 121 113 109 117 131 135 136 138 138 133 131 127 138 151 160 162 160 158 145 134 134 138 128 128 134 133 131 127 128 130 136 134 134 134 135 140 139 146 151 156 166 164 151 146 146 144 144 145 140 140 146 142 136 137 140 145 140
161 156 159 158 155 150 139 114 109 127 143 147 138 141 136 111 114 112 126 146 138 135 137 137 141 150 144 146 142 142 139 139 138 123 124 131 135 127 122 126 120 114 119 123 134 140 139 134 130 125 139 158 164 165 166 156 141 128 134 138 128 134 138 132 132 137 136 133 128 127 136 143 147 145 144 151 155 161 165 164 158 158 156 154 153 150 142 139 143 142 142 138 139 141 133
164 160 163 160 152 148 132 88 81 116 140 145 135 134 133 126 130 129 138 142 130 129 136 145 149 154 148 144 141 148 149 148 143 124 123 132 139 128 129 134 129 121 123 123 134 146 139 139 134 128 146 161 166 168 166 155 138 126 134 140 135 140 137 127 129 139 136 126 122 128 141 157 157 151 154 158 164 167 169 168 168 170 168 162 157 151 151 143 138 141 148 140 142 146 136
164 158 161 162 155 147 132 96 97 128 144 141 135 132 135 137 137 140 141 135 124 123 135 149 146 151 150 143 142 147 147 146 142 129 128 133 137 129 131 138 137 134 128 121 123 136 139 144 136 130 144 154 162 166 161 151 135 126 130 137 132 134 129 123 131 142 137 119 123 138 154 166 157 159 162 161 168 171 173 174 172 174 174 167 161 160 159 147 136 135 140 137 147 151 144
167 158 157 161 157 149 137 127 126 134 143 139 141 138 138 141 137 140 140 132 124 122 133 143 136 145 146 137 140 142 141 141 136 128 134 131 132 129 127 135 137 137 129 122 122 124 134 144 137 132 139 143 152 164 159 146 135 131 130 135 130 130 126 122 133 143 139 122 133 148 160 159 157 164 164 164 172 175 173 176 174 175 177 171 166 168 163 149 136 133 132 133 146 151 146
