example/E5 - XRays/X-ray-tomography/rastert_juap07.txt
ncols         356
nrows         356
xllcorner     -0.5
yllcorner     -355.5
cellsize      1
NODATA_value  -9999
[rows 252 to 293 of 356, columns 188 to 281 of 356]
169 176 172 168 171 161 153 138 136 143 160 151 130 115 130 140 152 162 161 158 156 154 171 170 162 173 172 171 170 168 173 166 175 181 170 161 166 165 167 152 143 147 148 149 145 153 163 149 147 147 151 154 157 159 155 151 144 143 140 116 108 123 154 178 192 203 200 194 179 168 168 155 137 143 161 163 159 157 155 153 154 154 151 153 159 154 155 168 163 163 156 140 135 144
156 162 161 162 162 166 153 140 136 136 149 146 141 130 134 139 149 155 157 160 155 147 161 168 170 178 177 175 177 177 171 162 178 185 176 172 175 178 167 151 137 135 144 148 136 146 153 143 141 145 153 153 151 146 144 141 141 145 135 101 95 118 140 159 180 199 205 206 190 171 160 148 135 139 156 161 154 153 154 161 165 163 155 151 156 155 149 158 159 163 156 133 123 139
139 149 151 153 157 164 151 146 148 129 125 137 145 150 149 143 147 151 149 156 155 146 154 162 174 175 177 183 176 178 177 168 176 181 182 175 167 178 173 169 164 155 154 152 147 157 152 145 144 156 167 162 155 153 146 130 129 141 138 125 124 133 136 138 155 180 194 200 189 169 147 141 140 138 154 166 156 150 157 164 170 171 167 161 164 158 155 158 160 167 160 144 132 136
142 149 144 146 152 153 142 142 145 117 105 119 135 154 157 157 152 150 148 152 156 158 166 171 179 171 171 184 177 177 182 177 177 178 183 179 168 173 176 172 172 169 165 160 157 155 150 145 140 152 172 169 163 162 147 133 131 135 137 141 132 131 127 120 127 153 183 191 171 150 146 148 150 148 161 167 155 153 161 167 170 175 175 171 172 166 161 157 158 164 161 150 145 143
138 142 140 139 145 145 141 147 144 122 117 126 139 149 153 160 151 143 146 151 163 171 179 178 183 175 168 180 183 183 188 184 181 179 186 186 172 174 180 176 171 167 169 168 162 157 157 155 146 151 168 167 160 157 147 141 138 133 134 141 136 131 127 120 129 150 170 168 141 130 153 166 166 162 161 160 156 155 160 169 167 170 175 171 170 173 165 157 156 163 165 156 146 149
140 141 142 143 145 139 133 134 144 137 145 150 157 157 152 156 153 142 149 151 161 167 172 179 183 181 173 175 176 181 187 189 179 171 182 186 181 180 177 177 177 167 165 169 168 158 152 155 153 152 157 163 166 158 145 138 136 134 145 152 149 143 135 133 144 158 159 149 126 123 155 168 170 170 166 166 161 156 162 171 167 166 171 172 172 176 170 162 158 164 165 158 149 147
151 151 150 147 149 137 125 127 147 135 130 145 153 156 154 157 158 149 155 153 159 172 177 172 171 181 180 178 176 177 180 187 181 176 181 180 179 179 180 184 181 168 168 170 168 158 148 154 155 155 153 161 168 157 142 139 138 141 145 152 159 156 147 141 142 149 145 145 134 132 156 166 167 169 173 166 159 162 169 170 165 160 162 162 164 171 169 165 156 150 151 146 142 137
149 143 146 143 149 143 134 132 148 144 116 127 151 154 159 170 171 160 158 165 171 172 182 176 168 177 186 180 173 176 180 181 181 184 190 188 182 179 177 188 188 177 172 166 165 162 155 153 156 166 170 165 159 150 142 144 149 157 147 147 156 156 153 142 139 150 145 140 140 139 153 162 166 170 176 179 171 169 171 169 165 153 151 157 163 168 167 158 149 140 140 136 139 131
154 142 140 135 140 145 145 151 151 147 129 137 152 148 161 173 158 157 157 170 179 167 168 171 173 175 180 175 171 176 181 178 173 180 185 184 178 177 170 177 184 183 175 167 168 164 156 148 140 153 161 155 147 135 137 151 153 153 141 135 142 147 148 133 134 154 153 143 142 142 150 162 171 170 170 178 171 167 168 166 169 165 157 158 158 160 161 147 137 135 139 135 140 135
153 145 138 139 143 147 146 156 155 143 134 148 148 151 160 160 149 160 165 168 175 173 174 169 173 177 181 175 177 179 179 173 178 187 185 179 178 184 174 174 176 177 176 170 173 163 150 148 141 153 157 150 145 134 143 164 156 143 133 129 137 139 136 128 136 151 149 148 147 141 145 158 168 165 168 170 170 164 166 172 170 168 163 158 155 154 149 128 113 124 148 151 147 139
146 135 140 148 144 144 146 149 148 143 141 152 151 154 152 155 159 158 163 164 172 182 186 172 165 174 185 179 179 182 177 173 179 187 183 183 179 176 169 174 176 181 175 169 177 171 156 148 139 150 159 148 138 141 153 162 150 139 133 132 145 151 144 140 141 146 148 152 150 137 131 143 157 157 166 165 165 161 162 172 167 162 163 161 156 153 139 111 102 121 146 149 147 134
140 130 143 147 137 135 131 138 133 133 135 146 154 158 156 158 163 154 161 172 173 183 184 181 176 171 172 171 172 178 180 183 176 179 177 175 170 169 172 179 174 181 181 170 167 172 167 157 144 145 154 153 144 141 146 151 144 142 138 134 140 146 145 145 138 136 143 149 150 142 130 128 137 142 155 158 164 169 171 174 165 164 162 161 159 151 128 102 107 127 145 147 139 136
144 146 142 141 136 130 128 138 136 133 132 150 162 160 153 155 156 158 175 181 170 173 174 184 187 179 179 178 172 178 186 184 177 184 179 176 178 185 186 182 174 177 181 170 163 170 175 164 146 145 148 158 154 143 143 150 142 142 150 149 145 141 140 144 133 138 152 156 146 134 135 140 141 134 146 153 159 169 171 169 162 163 161 155 153 140 108 86 110 135 139 147 144 148
144 137 132 145 142 122 135 153 151 142 143 155 161 162 155 161 161 156 165 162 162 179 178 172 176 176 185 184 179 185 187 180 172 182 178 178 178 179 174 177 178 178 181 175 168 171 172 160 141 136 136 148 144 139 142 152 147 143 150 153 148 138 138 150 150 155 165 159 143 134 142 148 152 141 141 149 151 158 161 160 156 158 155 150 145 120 88 82 124 144 141 150 150 155
147 138 136 157 156 138 150 161 153 150 153 155 161 163 153 157 156 150 163 164 160 171 173 175 177 177 180 181 179 173 175 176 175 182 177 174 167 164 168 177 184 181 176 168 164 166 164 148 143 142 145 150 142 137 141 150 145 143 152 150 146 145 144 146 145 148 156 143 132 137 148 151 147 147 149 150 152 153 148 148 147 147 143 142 134 102 71 81 133 145 145 156 148 149
149 150 146 157 158 152 160 161 153 149 153 148 152 157 155 162 156 152 154 156 159 167 165 165 169 174 180 181 176 172 173 169 173 181 182 181 169 164 173 176 181 184 184 171 164 169 158 140 147 150 156 148 144 142 132 141 142 139 150 151 144 140 136 135 132 141 147 138 134 141 151 157 153 154 161 155 149 145 140 142 146 142 137 130 116 82 57 74 130 147 143 157 154 151
151 151 149 152 146 148 151 149 142 144 153 149 155 161 163 166 161 163 154 152 159 171 171 159 158 164 172 177 178 177 179 175 171 171 173 183 183 185 183 172 173 177 188 181 170 173 158 148 152 151 160 154 152 151 137 144 150 147 153 155 149 148 144 139 137 144 151 146 142 144 160 165 163 157 156 153 145 142 147 148 151 146 140 135 117 76 54 72 122 153 153 163 160 148
164 155 155 156 140 142 148 147 135 135 144 153 160 162 157 159 159 162 157 156 164 171 176 164 148 151 158 171 180 172 169 170 165 164 163 165 171 180 182 172 168 168 179 185 178 168 154 156 151 148 155 156 158 160 150 157 156 153 154 148 152 155 150 142 142 147 153 160 156 146 161 163 157 152 145 142 136 140 155 153 151 151 151 148 123 88 70 84 119 152 159 164 158 143
155 151 157 155 142 146 144 140 134 136 141 151 153 155 150 152 153 154 164 160 160 164 170 166 162 169 166 174 187 173 164 164 156 158 160 155 160 163 168 168 149 153 171 178 173 166 156 157 148 135 134 139 152 157 151 157 158 152 149 139 149 152 150 149 145 145 146 156 152 141 146 155 153 144 137 135 137 149 155 150 150 148 149 148 134 115 109 115 140 160 161 167 162 146
151 156 158 149 144 142 141 134 131 144 147 150 149 147 148 149 156 157 159 161 169 161 170 172 170 176 164 164 174 166 161 164 157 149 152 156 155 152 153 161 153 154 165 164 164 159 153 148 126 103 105 122 146 151 152 153 151 145 148 145 148 149 157 158 141 138 135 139 137 136 143 154 158 152 141 140 139 148 154 147 148 146 146 143 138 138 137 133 143 161 158 155 162 152
147 153 151 149 140 134 150 139 133 142 141 142 152 155 160 165 167 163 149 156 160 147 161 163 160 160 156 153 153 159 163 157 147 143 145 143 145 147 150 157 153 153 162 160 162 157 140 124 94 74 88 119 142 146 145 147 143 136 143 150 149 153 156 154 144 141 137 138 140 145 152 157 153 153 146 145 144 147 146 142 137 136 142 139 134 143 146 144 146 156 162 154 148 141
157 150 146 155 146 140 152 150 143 142 137 136 142 146 162 165 169 171 155 154 157 148 155 158 162 160 158 157 152 153 153 148 143 153 154 141 144 145 151 156 141 136 152 153 159 155 136 116 88 84 105 127 141 146 144 145 144 142 144 150 149 161 165 159 154 149 143 143 144 148 150 143 139 150 151 152 149 152 146 140 132 135 144 146 142 148 151 151 152 157 164 160 150 138
161 156 153 153 152 145 149 155 154 151 142 139 138 130 150 161 172 169 158 158 167 161 163 159 161 164 155 154 159 159 158 150 145 160 159 148 143 143 156 161 144 138 149 151 155 151 145 133 115 125 137 137 148 155 149 142 144 152 151 156 151 159 170 168 157 152 150 146 148 149 150 144 142 146 146 143 147 150 149 148 143 145 150 150 151 154 155 158 159 162 167 171 168 160
154 152 156 153 158 152 147 151 146 148 140 134 138 129 152 166 162 162 160 159 155 154 164 157 158 161 149 148 156 165 163 150 141 153 153 145 144 139 152 154 141 145 147 141 141 142 142 141 138 150 145 138 146 146 144 145 147 156 155 161 156 158 163 172 167 154 148 148 154 154 153 152 151 146 137 126 136 147 156 159 153 150 155 153 158 165 169 172 171 167 167 175 178 176
149 140 150 147 151 150 141 144 138 142 137 134 139 128 147 161 159 161 155 152 149 154 160 153 154 153 149 147 146 153 160 160 149 157 158 151 145 134 149 152 138 141 138 133 138 137 131 139 144 150 143 139 147 144 144 147 147 154 155 160 157 159 159 163 163 156 143 142 154 156 155 154 156 151 140 130 134 140 155 160 155 155 154 151 159 170 174 175 176 171 168 171 172 170
152 150 155 151 150 150 143 139 138 141 140 146 143 125 137 154 158 154 137 128 148 157 153 146 143 140 146 154 148 147 158 159 153 159 154 147 141 126 142 153 148 144 135 128 135 135 132 140 140 136 134 137 146 148 150 147 148 150 154 159 156 163 158 157 153 151 146 140 154 163 160 156 161 159 145 142 147 143 147 153 152 154 150 148 154 166 174 176 175 174 173 174 176 175
150 149 153 154 148 148 147 133 131 141 138 138 142 133 140 154 154 146 122 110 140 150 144 150 151 138 134 151 151 150 157 152 154 164 157 154 152 144 144 148 147 147 139 128 127 132 136 145 144 135 141 147 151 149 147 141 143 147 155 154 149 157 157 159 153 143 140 137 148 157 161 161 156 158 149 148 150 146 142 145 145 150 153 152 158 169 173 173 171 174 178 174 176 180
149 148 154 158 148 148 159 151 144 147 138 130 134 133 142 147 149 148 136 126 138 153 154 161 158 145 135 145 151 152 155 154 153 162 157 154 155 149 144 139 137 143 139 130 125 128 141 152 153 143 144 147 150 151 146 139 144 151 159 151 145 150 155 155 153 144 144 140 138 148 152 151 150 152 148 148 146 147 146 147 146 148 153 154 161 173 175 175 175 171 176 172 173 176
153 151 157 166 164 159 164 166 160 155 137 124 124 137 150 146 139 138 139 138 137 153 166 168 160 155 147 147 150 150 148 150 147 149 152 155 151 139 137 141 140 146 143 138 137 128 137 154 154 146 142 138 142 147 152 148 147 151 157 150 144 145 152 157 155 151 153 149 137 142 151 145 138 136 143 146 147 143 141 146 146 145 155 159 159 172 175 175 180 174 173 168 171 174
158 160 166 176 176 163 160 165 160 161 138 117 126 145 151 147 139 127 128 133 144 163 172 167 157 160 163 155 148 144 135 140 145 149 152 157 147 125 128 142 143 147 140 139 135 126 137 151 152 146 149 147 139 138 150 150 150 150 156 154 147 149 151 154 156 157 153 149 142 145 147 141 136 133 140 136 141 136 134 139 144 148 157 160 158 170 176 180 182 180 177 169 170 175
158 169 175 181 174 165 164 167 163 162 136 120 134 143 145 141 133 132 136 139 155 167 169 159 154 159 159 155 144 140 137 147 150 149 151 148 141 122 130 146 150 153 144 139 132 129 137 146 147 137 138 143 130 130 142 138 147 155 157 156 151 153 150 147 154 163 158 152 146 145 141 137 135 134 138 135 138 138 138 146 150 148 156 161 160 169 174 179 178 178 179 173 165 166
161 166 171 176 172 170 166 163 159 162 134 120 136 134 139 140 130 131 141 153 161 163 163 156 158 156 150 153 141 136 144 159 157 147 149 143 141 139 148 157 156 141 127 132 142 137 141 146 148 130 124 128 122 123 133 136 141 149 155 156 155 158 155 148 147 153 149 143 145 147 146 143 134 133 146 143 138 143 148 156 159 160 158 157 159 170 171 169 173 170 169 170 169 167
161 160 161 168 170 158 159 153 153 163 141 123 133 127 133 139 126 116 128 148 153 155 164 164 159 145 143 149 146 144 147 154 158 147 139 140 147 154 159 165 153 119 99 117 141 144 142 143 145 137 127 121 122 122 130 140 142 144 147 153 153 157 156 154 149 141 136 129 137 146 151 150 137 132 143 146 143 145 151 157 156 160 157 154 160 172 173 170 172 169 166 167 171 173
153 153 157 162 163 148 156 160 162 160 140 126 132 128 137 142 127 112 117 144 152 147 152 161 159 148 147 141 136 140 147 148 154 143 138 144 148 157 158 158 139 106 89 118 145 148 147 147 148 144 136 131 138 139 138 142 141 147 149 152 152 159 157 155 149 136 129 124 137 148 156 157 141 132 142 146 148 152 156 157 154 160 160 155 162 170 170 170 173 175 167 166 168 168
138 142 153 151 155 152 154 158 150 148 137 126 122 124 141 146 135 130 122 134 151 150 143 143 145 148 153 139 119 125 147 148 147 141 142 146 153 161 159 153 136 118 104 131 151 147 151 154 150 140 124 120 130 137 131 135 144 148 149 147 149 161 158 148 141 131 134 129 130 140 154 159 151 138 139 144 143 144 145 148 149 157 165 162 163 170 171 171 173 175 168 166 166 163
130 146 158 144 143 149 157 157 148 145 136 127 116 116 133 142 146 143 138 140 150 163 163 149 148 151 148 141 126 121 142 150 143 141 147 144 152 155 153 147 141 137 129 147 157 148 150 147 140 133 111 100 100 104 102 112 140 152 148 147 143 155 162 152 140 129 133 128 122 127 141 156 157 153 148 146 145 136 132 138 141 146 162 171 168 171 173 169 172 177 172 172 167 158
141 152 154 142 143 146 156 158 153 145 139 135 136 142 145 142 143 144 148 147 149 168 178 162 158 151 139 138 134 119 128 141 139 136 144 143 150 151 150 146 139 139 144 159 161 152 149 141 136 137 126 116 100 100 99 98 122 144 145 149 143 145 156 156 139 121 125 128 123 126 137 150 154 154 159 152 151 147 135 133 130 130 150 169 168 168 172 172 172 176 174 171 171 160
151 161 147 133 139 145 151 153 163 161 150 147 153 153 153 140 129 136 152 160 157 162 166 163 157 145 136 138 131 117 115 133 141 138 142 143 143 144 147 148 139 135 147 164 162 152 147 135 135 136 139 142 129 129 132 118 114 130 142 140 133 134 152 161 145 112 111 126 132 136 144 146 145 143 154 154 149 149 139 132 121 116 135 161 169 170 170 175 173 175 174 167 164 160
156 168 153 131 136 143 150 156 165 156 144 142 144 138 142 132 124 135 159 170 162 162 157 155 158 147 141 150 138 128 127 140 148 141 134 129 129 133 143 150 146 141 152 164 160 159 148 130 133 136 138 143 143 145 146 136 125 131 141 141 130 133 148 158 153 132 119 128 142 148 147 144 138 142 150 158 156 156 149 145 123 102 114 138 160 167 168 174 171 171 168 163 164 165
156 168 165 140 135 138 151 150 145 148 149 143 132 129 132 126 128 144 154 158 155 155 148 141 151 150 144 152 149 140 140 138 138 137 122 111 118 133 149 151 149 154 154 160 166 169 160 141 140 136 130 138 141 142 137 134 135 135 140 141 137 137 141 147 150 147 142 134 135 149 149 144 140 152 157 162 165 165 157 150 128 98 97 120 150 166 167 171 175 172 164 158 162 162
144 154 157 143 135 138 151 143 140 149 157 146 133 137 142 140 138 144 140 143 138 135 140 142 151 147 144 149 146 137 138 134 132 138 128 118 128 144 152 136 127 145 155 153 163 167 159 148 150 147 134 138 134 129 126 128 138 144 145 148 142 132 126 132 142 150 151 143 136 143 151 151 150 158 161 158 160 165 165 156 136 119 112 122 149 165 165 164 164 161 156 152 161 164
142 143 148 145 143 143 148 139 139 145 154 145 140 142 149 155 148 148 144 142 134 134 139 150 159 149 139 139 142 141 141 141 136 142 140 133 138 143 141 118 108 130 150 153 159 162 155 150 154 160 147 139 121 103 108 125 147 158 158 155 146 129 125 137 149 153 148 145 147 143 150 153 157 162 165 162 162 162 162 160 143 134 136 127 144 160 164 161 152 151 154 156 165 166
