example/E5 - XRays/X-ray-tomography/rastert_juap29.txt
ncols         356
nrows         356
xllcorner     -0.5
yllcorner     -355.5
cellsize      1
NODATA_value  -9999
[rows 0 to 41 of 356, columns 188 to 281 of 356]
255 255 255 255 255 255 255 255 255 255 255 255 255 255 255 255 255 255 255 255 255 255 255 255 255 255 255 255 255 255 255 255 255 255 255 255 255 255 255 255 255 255 255 255 255 255 255 255 255 255 255 255 255 255 255 255 255 255 255 255 255 255 255 255 255 255 255 255 255 255 255 255 255 255 255 255 255 255 255 255 255 255 255 255 255 255 255 255 255 255 255 255 255 255
162 156 150 148 151 156 159 152 255 255 255 255 255 255 255 255 255 255 255 255 255 255 255 255 255 255 255 255 255 255 255 255 255 255 255 255 255 255 255 255 255 255 255 255 255 255 255 255 255 255 255 255 255 255 255 255 255 255 255 255 255 255 255 255 255 255 255 255 255 255 255 255 255 255 255 255 255 255 255 255 255 255 255 255 255 255 255 255 255 255 255 255 255 255
166 160 151 145 144 146 151 150 151 154 159 158 149 149 153 160 255 255 255 255 255 255 255 255 255 255 255 255 255 255 255 255 255 255 255 255 255 255 255 255 255 255 255 255 255 255 255 255 255 255 255 255 255 255 255 255 255 255 255 255 255 255 255 255 255 255 255 255 255 255 255 255 255 255 255 255 255 255 255 255 255 255 255 255 255 255 255 255 255 255 255 255 255 255
165 164 159 149 144 143 147 152 154 159 163 162 152 150 150 153 148 147 148 151 147 147 255 255 255 255 255 255 255 255 255 255 255 255 255 255 255 255 255 255 255 255 255 255 255 255 255 255 255 255 255 255 255 255 255 255 255 255 255 255 255 255 255 255 255 255 255 255 255 255 255 255 255 255 255 255 255 255 255 255 255 255 255 255 255 255 255 255 255 255 255 255 255 255
162 163 162 151 143 142 147 152 156 158 162 157 153 153 148 144 142 142 145 147 144 146 147 151 156 158 156 255 255 255 255 255 255 255 255 255 255 255 255 255 255 255 255 255 255 255 255 255 255 255 255 255 255 255 255 255 255 255 255 255 255 255 255 255 255 255 255 255 255 255 255 255 255 255 255 255 255 255 255 255 255 255 255 255 255 255 255 255 255 255 255 255 255 255
164 161 161 151 144 143 150 146 149 150 154 153 150 150 145 141 140 142 142 140 142 144 145 153 156 157 149 139 149 154 153 255 255 255 255 255 255 255 255 255 255 255 255 255 255 255 255 255 255 255 255 255 255 255 255 255 255 255 255 255 255 255 255 255 255 255 255 255 255 255 255 255 255 255 255 255 255 255 255 255 255 255 255 255 255 255 255 255 255 255 255 255 255 255
158 159 155 145 142 144 150 142 146 146 150 151 144 145 143 142 143 147 143 136 137 142 147 154 155 151 139 136 144 148 154 157 153 150 155 255 255 255 255 255 255 255 255 255 255 255 255 255 255 255 255 255 255 255 255 255 255 255 255 255 255 255 255 255 255 255 255 255 255 255 255 255 255 255 255 255 255 255 255 255 255 255 255 255 255 255 255 255 255 255 255 255 255 255
119 133 134 139 141 141 145 142 145 143 143 144 138 139 142 141 139 142 136 131 132 141 146 151 150 142 134 130 133 142 153 159 157 148 153 149 147 153 158 255 255 255 255 255 255 255 255 255 255 255 255 255 255 255 255 255 255 255 255 255 255 255 255 255 255 255 255 255 255 255 255 255 255 255 255 255 255 255 255 255 255 255 255 255 255 255 255 255 255 255 255 255 255 255
111 126 131 140 139 135 139 138 143 142 141 139 133 134 140 139 133 129 125 120 127 140 145 147 140 138 138 134 135 144 156 165 161 149 147 143 141 146 153 150 154 155 255 255 255 255 255 255 255 255 255 255 255 255 255 255 255 255 255 255 255 255 255 255 255 255 255 255 255 255 255 255 255 255 255 255 255 255 255 255 255 255 255 255 255 255 255 255 255 255 255 255 255 255
139 143 146 144 140 136 136 138 146 145 143 135 129 135 135 134 123 121 125 123 132 141 141 137 131 133 141 144 147 151 155 163 160 150 145 137 136 142 149 148 150 155 153 151 148 255 255 255 255 255 255 255 255 255 255 255 255 255 255 255 255 255 255 255 255 255 255 255 255 255 255 255 255 255 255 255 255 255 255 255 255 255 255 255 255 255 255 255 255 255 255 255 255 255
154 157 153 138 132 133 138 143 148 144 147 137 129 138 134 130 121 123 131 133 139 140 136 133 129 131 146 153 156 152 147 154 156 151 146 137 137 138 146 151 151 154 150 153 148 148 154 152 255 255 255 255 255 255 255 255 255 255 255 255 255 255 255 255 255 255 255 255 255 255 255 255 255 255 255 255 255 255 255 255 255 255 255 255 255 255 255 255 255 255 255 255 255 255
131 146 146 127 119 129 142 141 147 142 142 137 132 138 141 135 128 130 139 138 140 141 136 138 135 137 151 156 154 149 148 153 157 155 147 141 140 140 148 152 151 155 154 155 149 152 153 147 146 145 148 255 255 255 255 255 255 255 255 255 255 255 255 255 255 255 255 255 255 255 255 255 255 255 255 255 255 255 255 255 255 255 255 255 255 255 255 255 255 255 255 255 255 255
116 137 145 127 120 132 144 143 146 142 138 133 137 140 146 143 139 137 140 138 137 143 140 142 140 139 148 150 150 151 154 155 153 151 144 147 152 150 149 152 150 151 154 148 143 152 153 143 142 136 135 135 136 144 255 255 255 255 255 255 255 255 255 255 255 255 255 255 255 255 255 255 255 255 255 255 255 255 255 255 255 255 255 255 255 255 255 255 255 255 255 255 255 255
124 140 144 127 127 140 146 145 148 143 137 136 143 146 147 145 144 141 143 139 137 145 142 135 137 132 142 147 149 151 152 142 136 138 145 151 155 152 152 155 147 147 151 142 139 152 153 142 137 132 132 128 129 139 145 144 255 255 255 255 255 255 255 255 255 255 255 255 255 255 255 255 255 255 255 255 255 255 255 255 255 255 255 255 255 255 255 255 255 255 255 255 255 255
135 141 138 125 127 136 143 148 149 140 134 137 143 146 143 141 141 147 150 142 141 146 139 133 136 130 143 148 145 143 142 138 134 140 151 155 151 152 157 156 145 146 150 144 140 152 149 141 138 138 136 130 131 135 142 142 146 149 255 255 255 255 255 255 255 255 255 255 255 255 255 255 255 255 255 255 255 255 255 255 255 255 255 255 255 255 255 255 255 255 255 255 255 255
136 140 139 131 129 129 135 147 141 131 132 143 146 140 138 139 144 154 156 148 149 145 139 137 137 136 145 145 140 140 143 146 142 148 156 156 149 155 155 148 138 138 147 146 141 148 141 135 139 143 140 141 138 133 139 146 146 148 150 151 151 255 255 255 255 255 255 255 255 255 255 255 255 255 255 255 255 255 255 255 255 255 255 255 255 255 255 255 255 255 255 255 255 255
136 143 147 142 138 134 132 142 140 131 132 146 147 138 137 142 150 154 155 151 148 144 143 141 139 144 148 144 139 143 150 151 148 154 156 149 144 153 149 142 136 136 146 147 146 146 139 138 142 142 143 146 134 127 134 146 143 146 152 154 149 145 147 255 255 255 255 255 255 255 255 255 255 255 255 255 255 255 255 255 255 255 255 255 255 255 255 255 255 255 255 255 255 255
140 147 151 150 145 143 138 143 149 141 134 145 147 139 137 146 151 149 147 148 142 135 135 139 140 148 149 142 140 141 148 150 150 155 151 141 137 149 149 145 141 142 145 142 145 144 141 147 147 140 148 149 137 131 134 145 141 142 150 149 141 134 138 139 145 255 255 255 255 255 255 255 255 255 255 255 255 255 255 255 255 255 255 255 255 255 255 255 255 255 255 255 255 255
146 150 148 152 149 143 140 140 154 148 137 142 145 139 135 139 144 148 144 140 129 119 129 147 145 149 148 139 138 143 148 147 148 147 144 143 140 149 153 148 145 143 141 132 138 139 144 153 152 147 156 156 151 146 145 149 145 144 142 138 134 129 141 143 142 151 154 255 255 255 255 255 255 255 255 255 255 255 255 255 255 255 255 255 255 255 255 255 255 255 255 255 255 255
142 150 146 152 151 142 139 135 143 142 136 139 144 139 135 132 137 145 143 132 123 121 139 158 149 150 148 138 139 143 144 142 141 133 136 145 144 149 151 152 151 143 133 126 134 140 146 156 156 151 161 162 162 159 156 153 152 148 141 137 137 148 166 158 144 148 149 153 149 255 255 255 255 255 255 255 255 255 255 255 255 255 255 255 255 255 255 255 255 255 255 255 255 255
136 144 142 145 146 142 138 130 133 139 142 143 145 145 144 134 133 142 141 127 125 128 149 159 146 149 148 136 136 140 143 140 136 133 139 143 139 144 151 154 152 135 117 115 126 141 148 158 156 153 160 163 166 166 162 158 157 157 145 135 146 161 172 163 152 149 151 149 142 143 149 255 255 255 255 255 255 255 255 255 255 255 255 255 255 255 255 255 255 255 255 255 255 255
135 142 137 136 142 140 131 131 135 140 147 152 150 148 144 135 133 140 139 128 129 135 155 155 143 145 146 135 131 137 142 139 137 139 144 140 137 141 150 152 148 127 111 109 120 140 154 161 157 153 158 164 166 167 164 158 162 159 138 121 132 146 154 156 154 149 149 142 141 146 150 149 145 255 255 255 255 255 255 255 255 255 255 255 255 255 255 255 255 255 255 255 255 255
139 146 138 140 147 141 132 137 140 141 150 157 148 144 145 145 138 139 136 133 139 145 150 143 135 141 143 132 131 134 137 140 139 140 145 141 139 143 148 151 146 126 112 109 123 144 160 162 159 156 160 165 163 165 161 158 163 153 129 106 119 138 146 152 152 150 146 139 138 146 148 142 141 144 147 255 255 255 255 255 255 255 255 255 255 255 255 255 255 255 255 255 255 255
144 149 147 148 150 141 137 140 142 146 149 153 146 144 151 157 145 139 134 138 145 142 139 142 135 137 138 130 137 140 137 136 137 142 148 142 137 143 147 150 146 126 112 113 130 151 160 159 159 159 164 168 163 161 161 159 157 144 118 102 124 151 151 153 152 153 144 136 136 143 141 139 136 141 145 146 150 255 255 255 255 255 255 255 255 255 255 255 255 255 255 255 255 255
148 148 151 152 154 140 134 133 136 141 141 146 145 144 152 158 145 137 137 139 139 132 131 141 140 136 137 133 146 148 133 127 137 147 149 145 141 143 140 144 147 131 124 126 136 151 156 157 158 158 166 171 164 161 160 156 150 125 101 106 135 157 154 156 155 156 145 137 138 136 134 137 135 139 139 141 145 147 255 255 255 255 255 255 255 255 255 255 255 255 255 255 255 255
155 148 147 150 146 133 127 130 139 140 137 142 147 151 153 156 146 137 134 132 130 123 124 135 144 142 143 145 154 152 136 129 141 147 142 141 141 143 132 140 141 129 134 140 143 150 157 162 161 158 165 170 166 166 164 158 146 110 93 116 144 157 154 159 160 158 152 143 142 134 134 138 138 135 129 132 142 145 141 141 255 255 255 255 255 255 255 255 255 255 255 255 255 255
153 144 139 137 129 131 136 140 149 150 145 145 149 152 148 146 142 135 129 127 131 124 120 131 150 154 153 159 161 160 147 141 149 148 139 141 142 143 132 138 134 126 138 144 148 152 157 158 161 161 165 171 170 168 165 157 145 113 102 129 151 152 153 157 156 158 157 150 147 140 141 145 138 132 130 132 143 145 135 133 141 147 255 255 255 255 255 255 255 255 255 255 255 255
147 138 135 129 123 136 146 148 151 150 148 149 151 152 140 135 136 136 131 128 135 130 119 127 154 164 159 167 169 166 153 145 146 145 142 144 143 139 135 142 139 135 144 148 151 151 147 148 159 164 169 170 168 166 161 160 150 122 116 137 149 147 153 155 153 151 153 152 149 144 143 146 136 130 129 132 139 136 126 127 134 138 144 255 255 255 255 255 255 255 255 255 255 255
135 132 134 126 124 139 147 147 149 149 151 152 151 154 142 135 135 136 133 125 132 135 128 135 158 168 162 168 168 161 152 133 130 141 144 142 138 137 142 149 143 146 152 149 146 144 136 137 151 162 166 166 166 164 160 164 146 120 123 137 143 148 153 156 151 148 155 156 148 142 141 145 135 130 130 136 137 127 126 132 138 138 140 142 149 255 255 255 255 255 255 255 255 255
121 128 136 126 125 136 146 144 147 153 157 154 151 153 147 141 141 138 134 125 131 138 134 142 158 161 158 166 166 163 156 135 137 148 148 138 134 138 148 153 145 146 150 147 142 138 134 127 143 159 163 163 165 164 159 161 137 120 131 138 149 152 151 157 153 152 160 158 148 143 147 147 132 128 135 137 127 119 125 134 138 135 137 141 145 147 146 255 255 255 255 255 255 255
130 132 137 124 125 135 145 145 146 152 156 155 152 157 150 142 140 134 136 130 128 130 130 140 153 150 147 159 167 168 161 152 159 160 147 135 138 145 153 157 152 145 144 145 139 139 137 127 135 152 157 160 163 162 159 158 131 120 134 144 157 153 152 159 154 153 162 157 148 149 152 143 131 132 142 141 127 120 121 130 131 134 138 139 144 144 144 148 255 255 255 255 255 255
140 135 136 128 138 140 145 151 149 147 155 159 151 156 149 138 133 125 132 130 129 129 131 138 147 147 148 156 167 167 166 165 167 159 138 128 140 154 162 159 159 150 141 140 131 133 139 133 130 142 149 150 146 152 160 158 128 116 139 154 159 156 156 154 154 157 163 154 149 154 151 139 134 137 147 149 138 127 121 125 128 135 138 142 147 146 150 145 145 147 255 255 255 255
146 143 142 137 146 139 144 153 148 143 154 158 150 152 147 139 134 128 135 131 129 131 139 139 143 148 155 162 168 164 168 167 166 157 127 116 131 150 160 159 160 148 141 142 133 129 137 135 133 144 152 143 135 142 156 155 127 119 146 164 160 158 157 154 159 160 158 150 149 149 143 137 130 127 141 152 148 137 130 136 138 137 139 145 143 145 149 136 134 143 150 255 255 255
149 144 146 143 148 136 137 146 142 139 153 155 149 149 145 145 142 138 142 138 126 126 143 140 139 143 150 160 164 158 164 169 168 155 130 125 135 147 159 160 153 145 141 142 140 132 136 139 141 149 148 137 133 134 151 156 142 141 158 165 160 157 157 156 162 157 154 151 150 147 136 125 120 120 124 135 147 147 150 156 149 140 137 136 139 139 136 124 127 139 146 152 255 255
148 144 149 149 150 139 129 137 136 139 149 151 152 149 149 149 147 141 138 133 125 128 137 134 132 136 150 160 156 150 159 168 168 153 133 131 143 146 153 153 143 139 137 138 140 138 143 146 142 146 140 128 132 141 151 155 156 158 155 152 157 155 158 159 165 155 153 154 151 145 131 115 117 114 109 121 138 152 159 161 155 142 135 135 140 136 136 128 128 133 141 145 142 144
151 148 151 149 148 142 130 133 136 144 148 151 151 148 149 147 140 137 136 136 133 130 122 118 122 130 152 161 156 154 161 165 159 146 126 127 140 145 148 146 139 137 140 138 140 142 149 149 141 140 135 129 139 151 153 160 159 149 138 144 156 156 160 165 165 153 152 154 150 145 132 116 120 114 113 118 133 143 143 158 154 141 134 139 139 141 141 130 125 132 140 139 140 143
151 143 145 142 145 147 141 139 139 150 148 150 151 146 144 143 134 127 135 146 142 130 120 114 119 135 152 162 160 157 157 157 151 141 128 133 138 144 146 148 141 134 142 138 137 145 154 148 139 141 140 139 145 147 149 159 153 136 130 145 157 154 157 166 160 152 150 149 147 143 134 127 123 123 124 122 131 123 124 144 147 141 133 136 137 142 135 126 126 132 139 138 141 142
146 149 148 140 145 151 145 144 138 146 153 149 147 144 143 142 137 128 133 147 142 130 125 116 120 138 150 160 157 151 147 144 147 144 137 143 146 150 146 144 139 133 135 128 131 145 154 151 138 145 148 145 143 142 145 151 148 137 136 146 154 152 155 162 155 146 143 145 144 136 136 130 127 133 132 131 127 120 130 142 141 135 131 131 134 136 131 127 127 131 137 140 139 143
145 155 149 139 142 146 141 148 147 145 150 149 148 144 144 146 146 136 127 137 135 125 122 125 129 142 149 152 150 146 142 134 141 144 141 149 154 154 145 139 138 138 136 125 136 146 150 155 143 151 151 148 148 147 145 146 148 145 143 141 147 153 155 158 150 146 147 150 139 134 138 131 132 135 137 132 123 131 141 143 138 131 132 134 136 135 131 128 128 126 134 141 141 143
147 147 142 139 140 139 140 150 151 150 147 146 147 141 142 140 144 139 127 126 121 115 121 135 134 142 146 145 148 145 142 137 137 141 148 158 159 155 144 137 130 128 134 130 142 144 146 155 150 157 156 151 153 149 145 147 146 142 142 143 153 157 154 154 147 151 150 147 131 131 136 129 129 135 138 132 128 137 143 144 139 133 132 134 137 137 130 131 129 123 126 141 146 141
143 145 144 144 136 130 139 150 150 149 143 136 134 140 141 138 140 141 135 123 119 121 130 141 142 146 151 147 146 142 145 144 134 136 152 157 152 153 151 141 126 120 130 133 142 146 152 159 158 165 156 145 151 152 150 148 133 129 141 147 157 157 154 156 152 151 147 138 121 122 128 120 124 130 136 138 137 141 144 143 141 137 133 135 137 138 131 134 132 127 129 143 150 149
135 139 146 146 133 130 141 150 152 148 139 131 129 147 144 138 138 139 143 133 129 133 140 147 141 143 149 146 143 143 149 150 140 139 148 146 146 155 157 148 137 126 124 130 143 150 156 163 161 159 146 137 147 154 154 144 119 110 127 140 154 158 159 162 155 146 142 132 121 120 127 127 130 129 134 137 138 141 139 139 144 143 136 139 141 138 132 136 138 130 129 142 152 154
