example/E5 - XRays/X-ray-tomography/rastert_juap16.txt
ncols         356
nrows         356
xllcorner     -0.5
yllcorner     -355.5
cellsize      1
NODATA_value  -9999
[rows 294 to 335 of 356, columns 188 to 281 of 356]
131 138 131 137 139 143 126 115 122 137 138 132 123 125 140 144 150 160 171 171 174 173 167 169 174 177 177 174 168 163 160 148 128 112 145 160 163 163 161 163 155 144 150 147 132 130 131 130 136 141 141 128 120 111 120 140 141 140 135 141 141 137 147 150 146 139 141 153 154 149 148 142 143 150 147 144 152 155 159 160 164 164 168 172 172 172 174 171 166 170 170 170 168 164
143 151 144 141 140 142 134 116 112 132 137 126 124 141 148 146 148 154 160 161 174 175 165 172 177 175 173 172 164 158 150 140 127 130 153 150 151 154 157 161 151 139 141 142 138 139 137 126 134 150 146 137 130 126 130 134 128 140 148 149 145 140 144 143 143 142 144 151 158 151 145 146 145 146 144 143 152 163 164 168 170 166 167 175 178 175 170 168 167 171 173 173 172 169
154 154 137 135 134 137 146 137 125 132 134 132 132 141 135 138 141 147 152 153 167 169 164 169 172 170 163 163 151 149 149 145 142 150 162 155 154 150 153 164 159 146 139 136 141 148 146 130 138 159 157 147 144 143 135 133 127 132 145 148 148 141 139 136 138 142 150 152 153 147 140 146 141 142 139 144 156 170 170 172 173 170 164 169 174 174 171 167 167 172 172 175 173 170
151 149 141 142 140 138 144 147 137 133 137 142 148 140 119 118 128 138 147 156 162 157 155 158 164 168 167 158 143 142 150 150 154 161 166 168 168 157 153 162 161 149 137 126 130 140 143 137 145 156 166 159 152 153 138 134 135 132 140 142 139 139 145 142 143 139 146 154 144 135 128 136 140 141 141 146 157 167 169 172 173 170 166 169 174 173 174 172 168 172 172 175 175 170
141 141 145 150 152 147 147 150 142 140 144 146 154 142 125 119 127 137 141 154 163 154 139 144 155 161 165 158 146 139 142 150 157 166 171 166 164 163 163 156 157 144 135 130 133 139 144 143 148 154 162 163 157 162 152 138 140 139 140 134 129 132 144 151 146 137 136 145 143 136 132 134 139 146 151 156 163 167 164 166 173 173 170 174 177 173 172 171 171 171 171 172 178 174
132 132 140 151 154 149 151 153 147 146 144 144 146 134 131 136 138 141 143 150 158 150 136 134 149 153 158 160 148 138 143 154 160 161 167 162 159 166 173 156 145 137 138 137 135 143 144 143 147 149 154 167 166 169 155 139 137 137 136 126 129 135 137 145 143 131 130 138 144 142 144 147 152 158 165 167 169 173 168 165 166 169 171 172 174 175 172 169 173 172 168 171 175 175
129 118 116 125 130 134 140 145 148 150 142 139 135 125 131 146 144 142 145 151 153 150 142 139 149 146 151 157 147 136 142 156 160 156 168 169 163 167 172 163 148 140 143 144 139 146 148 139 139 134 145 169 168 167 151 140 139 131 124 125 134 144 145 145 145 140 140 141 143 148 153 158 163 167 177 177 170 171 169 168 171 168 171 172 169 172 173 169 172 172 165 165 173 171
132 113 95 95 108 123 131 138 137 142 133 122 118 123 139 151 149 148 149 151 154 155 145 145 152 148 155 156 147 143 146 154 161 155 168 170 168 174 167 164 163 153 145 140 140 143 145 136 134 131 141 160 162 162 155 142 145 135 121 126 141 148 146 148 151 146 146 145 142 150 158 164 165 170 180 175 171 172 173 173 174 171 169 171 168 169 175 172 170 170 165 161 171 168
139 123 113 105 109 126 135 141 135 134 126 104 104 122 145 145 142 142 138 142 153 152 149 154 151 148 151 152 150 144 143 151 165 161 167 167 166 170 165 165 166 161 153 139 138 143 144 137 134 137 146 151 154 153 158 147 146 145 143 146 149 147 144 145 153 151 144 142 141 151 163 166 164 166 172 173 169 170 174 178 177 175 174 171 168 168 173 176 175 172 170 168 168 170
140 133 139 133 122 135 143 142 136 125 116 99 101 121 141 145 145 141 135 141 148 144 150 158 153 152 147 146 148 144 144 152 164 164 163 167 167 165 167 169 166 160 153 142 138 142 139 134 132 137 147 145 149 152 153 151 153 154 156 157 156 148 145 137 142 150 146 144 145 155 167 169 167 172 169 171 173 175 169 170 176 177 178 175 167 168 173 179 180 178 175 177 172 168
153 154 161 156 139 147 152 139 130 113 103 92 100 122 143 148 147 146 147 152 154 147 149 154 152 154 147 149 152 151 147 148 155 159 157 161 168 169 166 166 160 153 148 141 140 144 146 140 134 138 145 145 147 152 156 156 162 161 159 155 152 148 144 136 136 147 150 151 155 163 169 170 171 174 169 171 174 177 172 167 171 172 175 179 174 167 167 176 177 176 171 172 177 169
157 162 168 163 148 156 152 135 117 99 95 95 100 120 140 143 141 146 150 155 153 149 149 148 150 154 147 147 149 154 146 140 144 150 152 159 162 164 160 158 150 142 144 139 140 145 148 149 148 147 148 147 152 155 162 160 162 160 156 155 148 147 143 141 142 149 154 155 160 166 166 169 171 173 168 169 176 173 173 172 173 173 170 174 179 178 171 168 172 172 168 167 170 168
156 161 164 161 152 154 145 125 104 93 98 112 120 129 137 143 145 147 147 148 145 148 146 142 145 149 146 148 147 153 149 143 144 144 148 151 151 152 150 145 133 129 138 134 135 143 149 151 148 151 149 147 155 155 163 166 163 160 156 155 145 144 138 138 146 146 151 162 164 169 167 168 171 171 169 167 175 176 173 170 173 178 173 173 173 179 178 171 170 171 169 167 168 170
161 163 162 163 164 164 146 125 112 105 107 119 135 136 133 140 143 141 142 145 144 150 153 145 149 143 142 152 148 151 153 151 152 148 151 146 137 139 140 136 129 120 130 135 132 142 152 152 148 146 146 144 149 151 152 159 163 167 165 160 152 145 139 137 144 144 151 166 172 171 170 173 177 169 167 168 171 173 175 169 171 178 174 171 171 175 180 172 175 174 171 171 169 173
169 167 164 168 171 172 159 149 137 129 123 111 124 133 133 135 140 138 139 145 141 145 140 134 145 135 134 147 142 146 154 148 151 153 156 155 137 134 142 137 133 126 124 135 140 144 153 150 150 145 145 149 149 147 145 151 156 164 170 160 154 146 140 139 140 144 157 167 171 171 171 176 181 175 170 170 170 170 174 174 173 178 176 172 173 171 178 175 172 177 175 172 168 167
170 171 174 179 179 178 175 172 159 155 151 124 124 137 138 135 142 144 138 139 139 148 133 125 130 131 142 148 137 142 152 149 152 159 163 166 155 147 149 143 139 135 129 133 147 152 158 154 153 152 149 153 149 144 141 149 153 157 163 160 152 148 143 142 143 150 166 171 168 173 173 177 176 175 172 175 174 174 173 173 173 177 173 173 175 172 173 173 169 170 173 171 165 159
169 168 177 183 185 183 177 177 167 168 167 147 144 152 150 139 147 152 139 134 140 152 143 135 128 130 143 149 144 147 150 149 155 163 165 166 162 157 154 146 143 141 140 130 140 153 156 161 156 156 160 154 146 143 142 149 154 156 158 158 149 145 147 143 144 149 162 172 169 173 176 179 176 170 166 171 171 174 174 171 171 172 170 171 175 171 169 169 169 171 168 166 162 152
175 174 173 180 188 187 179 178 172 175 178 168 164 158 149 141 148 154 146 144 149 155 159 154 149 140 135 148 153 153 151 147 151 155 161 165 161 163 158 144 133 134 141 136 140 147 148 159 159 155 156 146 145 142 140 146 145 147 158 155 148 144 148 143 139 143 155 164 168 172 173 177 179 172 169 172 169 171 172 170 175 176 173 171 176 176 168 167 167 165 156 155 156 151
179 179 172 174 182 182 181 179 174 178 178 174 172 163 152 145 148 153 151 148 149 154 165 164 158 146 134 144 157 163 155 146 136 134 143 158 159 163 161 149 135 122 122 129 137 138 135 147 157 153 152 145 147 148 138 138 137 138 148 147 143 147 149 143 138 142 152 158 166 172 174 172 173 170 170 176 176 172 171 168 171 177 177 172 171 174 169 165 158 150 142 151 158 153
175 182 178 176 177 177 184 182 176 181 180 173 175 172 161 152 150 154 150 144 147 153 155 166 162 152 145 144 156 165 158 149 124 117 129 149 155 158 161 156 143 119 102 109 123 130 132 143 157 152 150 150 153 149 138 134 131 132 140 146 143 148 148 143 137 144 155 161 166 171 173 171 167 167 170 176 178 179 175 169 166 167 168 172 172 173 164 148 140 143 151 156 166 166
172 181 180 181 173 178 185 184 178 179 178 168 173 178 172 165 157 160 153 145 147 146 140 149 159 160 158 154 158 166 160 155 128 116 128 145 155 157 158 164 153 127 103 104 118 123 130 138 149 151 146 148 154 146 140 139 137 129 135 147 148 149 146 143 137 140 156 168 166 163 160 163 165 160 162 164 162 168 167 161 157 158 161 168 172 160 141 132 139 151 163 167 171 172
174 182 183 182 170 174 178 177 172 176 177 169 171 183 177 169 166 167 159 148 151 143 131 127 144 155 157 159 159 158 157 152 141 133 131 140 149 152 155 169 166 147 126 118 126 131 135 140 146 146 144 148 149 146 143 144 147 136 131 137 145 148 148 145 140 144 152 164 160 149 141 139 144 140 138 142 142 145 151 152 149 147 152 154 146 129 117 129 147 158 166 169 169 171
180 183 181 182 178 174 177 179 173 174 178 175 172 177 173 168 167 164 163 156 156 145 124 112 125 141 150 155 152 148 143 137 138 139 134 135 138 141 150 162 165 155 147 140 133 139 136 135 146 146 142 153 156 146 140 147 148 141 135 137 137 140 149 152 145 153 154 153 152 144 136 132 128 128 128 126 132 135 142 147 147 152 151 145 121 112 119 140 157 164 163 165 168 169
181 181 176 177 182 175 173 180 176 172 176 178 178 172 173 176 170 162 160 161 159 144 126 114 118 135 148 154 149 138 119 113 124 128 126 132 132 130 142 155 156 151 152 149 137 131 125 128 143 146 141 147 154 146 138 140 138 133 133 134 130 132 141 153 153 155 156 148 148 151 145 141 142 141 143 137 132 128 137 144 147 156 151 143 126 127 140 151 157 162 163 162 163 166
178 176 175 180 187 178 171 179 176 168 173 183 180 173 177 179 175 170 160 157 156 145 137 130 130 138 147 157 154 135 110 98 103 107 116 129 133 127 134 146 141 135 145 149 143 130 118 124 140 145 139 141 147 145 140 138 135 130 136 130 118 120 135 144 149 148 150 148 148 152 153 148 153 155 151 141 136 135 142 143 142 150 150 145 138 142 155 157 152 154 164 160 156 160
182 174 172 183 187 179 176 182 175 169 177 183 175 178 182 179 172 172 165 157 154 149 148 145 142 147 152 160 160 144 123 109 102 97 109 129 129 124 133 142 136 134 141 146 145 137 126 131 140 142 143 142 143 146 145 146 146 139 140 134 120 122 139 140 140 141 140 147 152 150 151 145 144 147 145 142 147 147 149 142 139 146 150 149 146 144 153 156 153 151 155 154 153 158
182 176 173 180 178 174 182 182 174 175 180 184 176 176 176 179 172 171 169 157 147 149 155 153 147 151 152 160 160 153 144 132 127 120 123 132 125 123 132 138 135 137 142 147 144 143 138 132 136 142 146 145 145 150 156 156 158 151 140 136 131 131 141 142 134 134 132 138 147 144 141 142 143 146 148 146 149 144 145 140 144 159 160 154 149 146 152 153 155 154 150 150 151 154
175 177 182 180 175 175 181 180 177 180 179 181 182 179 179 179 173 173 171 159 145 151 156 158 152 153 152 155 152 148 149 140 140 143 142 143 132 133 139 135 137 136 137 147 145 141 146 136 134 147 149 144 150 154 163 165 163 159 150 141 136 138 139 141 142 139 133 133 142 141 138 145 149 150 153 151 140 130 133 143 154 175 174 160 149 143 149 154 156 157 150 151 255 255
175 179 186 182 177 179 179 181 178 181 176 170 178 180 181 180 173 172 171 159 150 158 153 152 148 149 147 143 144 145 148 136 136 146 145 145 139 136 140 134 138 138 136 149 150 142 142 141 139 150 154 147 153 156 163 171 168 165 162 147 133 133 139 142 145 143 138 132 142 145 142 145 150 152 148 147 138 128 132 144 158 171 166 154 148 144 145 153 153 160 156 255 255 255
174 177 185 183 174 179 183 181 179 181 175 165 175 179 180 179 171 169 170 159 149 155 151 149 150 151 150 145 146 145 153 144 138 145 146 145 143 133 134 138 139 142 142 149 150 144 138 136 141 148 152 150 155 158 163 167 171 169 165 152 133 127 131 137 142 137 134 131 139 147 140 135 143 150 148 138 133 132 143 150 157 163 154 144 146 150 148 148 146 150 255 255 255 255
179 177 177 179 173 177 184 176 172 175 171 171 180 180 178 179 175 172 170 159 146 148 148 150 148 145 151 152 154 154 158 153 150 150 146 146 145 139 137 142 145 147 146 151 146 138 137 136 143 146 146 149 156 157 166 171 168 167 163 159 143 132 131 134 140 134 130 129 134 138 135 135 146 151 154 140 133 141 152 152 157 160 157 146 147 150 150 148 255 255 255 255 255 255
182 174 173 177 177 173 177 175 174 174 174 187 186 182 181 180 180 175 170 163 148 146 151 149 144 140 143 151 155 158 162 159 162 160 150 148 144 139 142 142 143 150 153 154 148 142 140 136 137 142 143 143 151 156 166 174 175 168 162 161 153 138 134 137 146 139 124 128 130 135 140 135 147 152 150 142 135 146 159 151 151 155 154 148 149 146 150 255 255 255 255 255 255 255
179 180 176 176 175 170 168 175 177 178 180 189 186 179 180 178 174 174 168 165 152 147 151 147 143 144 147 151 157 162 166 160 168 169 162 156 147 136 140 145 149 154 154 156 153 150 144 137 133 137 143 139 146 153 162 168 170 166 163 161 155 141 138 143 145 141 130 127 133 140 148 141 143 152 145 145 145 148 155 152 147 152 152 145 145 255 255 255 255 255 255 255 255 255
175 181 184 181 175 174 174 177 177 174 177 184 178 173 177 176 168 172 170 165 154 147 151 148 149 152 154 157 167 169 171 166 174 179 172 170 160 145 144 152 156 160 157 156 147 143 137 133 130 130 140 137 142 148 155 158 160 160 161 160 157 149 145 146 137 127 121 119 130 137 148 147 142 147 148 149 151 155 153 153 151 153 155 255 255 255 255 255 255 255 255 255 255 255
173 178 185 183 178 179 177 178 178 173 174 180 176 171 178 177 170 175 174 164 146 140 147 158 164 158 159 168 178 176 174 172 176 179 172 176 170 158 154 155 154 152 145 145 135 131 133 135 135 132 139 140 139 140 151 150 155 158 161 158 156 154 143 140 127 117 120 121 134 137 143 151 147 147 147 151 153 161 162 163 155 153 255 255 255 255 255 255 255 255 255 255 255 255
178 177 180 183 181 179 175 177 178 175 174 175 175 169 178 181 173 175 172 162 146 139 146 159 171 168 164 173 181 179 175 178 178 178 177 177 169 160 156 152 145 144 137 137 134 132 139 146 143 135 138 138 141 135 148 153 155 161 160 160 154 152 139 133 135 133 141 142 147 151 152 156 153 146 142 147 153 166 169 168 255 255 255 255 255 255 255 255 255 255 255 255 255 255
180 177 177 179 175 174 174 173 174 172 174 175 170 166 173 180 174 173 172 163 151 143 147 155 170 173 163 172 176 172 169 174 178 173 174 174 162 152 147 146 144 140 138 137 142 148 151 154 147 134 141 138 142 145 146 151 153 160 157 159 150 142 143 145 152 156 157 158 158 162 162 160 157 147 140 146 152 163 255 255 255 255 255 255 255 255 255 255 255 255 255 255 255 255
174 176 177 179 176 171 175 175 175 172 176 179 171 168 177 176 173 172 173 171 158 141 139 153 169 176 165 170 176 171 174 174 176 172 172 173 162 154 147 146 150 147 145 140 142 152 157 152 143 135 145 144 141 152 146 139 141 152 154 152 146 139 145 154 159 163 161 165 164 162 161 156 151 151 142 146 155 255 255 255 255 255 255 255 255 255 255 255 255 255 255 255 255 255
173 172 177 182 177 174 179 176 173 173 181 178 168 170 181 177 172 169 171 172 160 134 133 156 170 175 174 173 177 173 177 181 175 170 169 172 166 162 156 150 150 150 152 144 139 145 154 150 141 141 149 149 141 151 149 134 134 142 148 143 136 136 141 147 150 155 158 160 163 162 154 152 150 153 149 255 255 255 255 255 255 255 255 255 255 255 255 255 255 255 255 255 255 255
174 169 174 178 175 176 177 169 169 174 179 174 165 171 176 173 170 166 167 165 157 132 135 163 170 166 172 173 176 172 171 180 176 172 172 174 169 166 161 149 149 146 153 150 141 143 146 147 140 144 149 147 144 149 150 138 138 144 143 140 134 135 139 142 146 151 154 158 158 157 149 144 152 255 255 255 255 255 255 255 255 255 255 255 255 255 255 255 255 255 255 255 255 255
174 169 174 173 171 179 173 166 171 175 179 176 166 169 175 174 173 170 169 167 160 139 147 169 170 165 171 169 170 169 165 172 172 170 174 175 171 167 163 148 147 142 146 149 145 147 142 142 146 146 147 140 146 150 152 150 146 150 144 140 141 142 145 141 142 147 150 154 152 150 150 255 255 255 255 255 255 255 255 255 255 255 255 255 255 255 255 255 255 255 255 255 255 255
174 169 171 175 173 179 174 168 172 172 177 176 169 168 171 175 174 173 172 172 164 148 157 169 173 174 172 169 169 170 169 170 174 171 173 175 173 170 159 144 146 148 145 141 141 147 148 145 150 151 148 143 149 159 159 160 154 151 146 137 140 144 146 143 145 149 150 154 152 255 255 255 255 255 255 255 255 255 255 255 255 255 255 255 255 255 255 255 255 255 255 255 255 255
