example/E5 - XRays/X-ray-tomography/rastert_juap28.txt
ncols         356
nrows         356
xllcorner     -0.5
yllcorner     -355.5
cellsize      1
NODATA_value  -9999
[rows 168 to 209 of 356, columns 188 to 281 of 356]
172 172 175 178 172 177 164 164 182 184 183 180 176 171 173 172 183 189 180 177 178 175 180 182 177 183 182 181 179 166 167 176 179 169 171 173 171 173 166 164 171 171 181 184 172 172 177 178 171 167 168 173 177 161 164 172 177 171 177 170 172 174 162 154 144 131 139 134 110 115 124 119 114 123 129 137 153 153 147 134 133 140 142 141 144 142 129 123 126 125 128 133 132 134
165 170 172 180 180 183 171 170 176 173 173 176 175 169 178 178 171 177 182 178 179 180 176 171 162 171 174 177 183 176 176 173 173 174 174 171 171 172 163 167 174 173 180 172 165 177 179 175 176 175 167 171 175 163 165 166 174 169 173 172 165 164 166 159 138 118 124 116 97 111 127 124 135 142 130 124 140 147 143 133 129 135 142 142 146 144 140 138 136 129 128 133 134 141
164 168 160 169 185 184 178 180 176 175 169 167 177 170 178 183 169 178 177 170 176 175 177 172 172 172 170 174 168 175 182 176 177 173 175 172 176 177 169 178 185 176 173 173 169 180 172 170 182 182 169 160 168 171 166 163 168 165 166 173 164 170 174 154 125 118 130 124 113 123 131 120 140 151 143 137 148 144 135 133 136 136 138 136 140 137 138 141 135 129 132 135 131 130
168 168 169 164 173 171 171 176 186 186 180 175 179 178 173 180 176 173 177 169 174 172 181 172 173 172 179 175 163 164 171 178 171 173 184 179 177 176 172 178 178 180 176 172 174 182 173 174 175 176 177 170 173 177 167 162 166 165 160 161 157 174 169 145 116 122 148 141 120 119 130 128 141 149 148 142 150 146 137 136 132 121 121 127 136 142 147 146 140 137 143 140 128 124
172 166 177 168 165 173 178 174 183 184 180 177 171 177 180 180 169 164 183 173 174 176 174 180 164 159 170 168 172 174 173 186 170 175 183 174 170 177 174 167 169 184 181 170 166 173 174 177 174 170 179 182 179 175 171 170 170 170 166 160 156 167 160 147 117 112 143 142 126 122 132 144 147 139 133 135 142 143 146 142 131 110 111 121 131 142 151 155 147 141 144 148 145 142
166 157 164 161 167 181 177 178 179 178 181 176 173 175 182 181 178 176 178 171 170 175 164 171 167 162 163 169 182 180 180 195 184 178 182 173 176 181 173 169 180 183 171 164 165 166 174 179 182 178 180 179 174 175 172 171 168 165 161 164 165 160 162 155 132 119 133 133 132 130 130 142 149 138 130 136 138 143 149 146 139 129 131 138 141 146 147 142 133 139 147 147 155 157
170 168 166 153 170 186 173 168 175 178 181 176 180 179 180 175 180 180 164 176 174 169 172 175 173 170 177 181 184 173 165 176 181 176 181 175 176 173 173 172 177 181 171 167 169 170 179 181 181 171 172 175 168 169 172 169 162 158 150 161 161 151 161 159 143 132 139 140 129 127 137 143 150 148 148 149 142 145 144 147 149 144 140 146 148 148 138 125 125 143 153 154 157 159
169 170 163 154 169 170 168 173 179 176 179 184 188 180 185 183 181 176 161 166 173 172 179 178 175 176 181 173 174 177 176 178 175 169 179 175 173 173 175 171 175 186 179 176 174 177 183 182 178 172 176 182 180 177 172 175 172 143 125 149 165 164 156 150 144 141 146 143 127 131 146 146 143 138 146 148 142 141 140 146 147 148 146 147 144 141 134 131 132 135 136 155 159 157
174 165 166 168 168 161 173 179 172 172 175 169 183 180 177 183 182 176 166 169 175 177 169 174 185 187 181 174 170 180 184 175 173 167 178 172 176 186 177 174 179 180 168 172 169 168 182 182 183 182 181 185 183 180 170 171 176 147 130 145 161 167 157 143 140 148 154 144 138 142 149 142 137 134 145 145 140 136 138 140 140 144 144 146 146 147 141 139 134 130 127 143 159 160
176 165 162 163 169 172 177 173 173 178 181 168 169 176 179 183 184 179 171 187 188 180 175 173 178 178 174 176 170 174 182 179 171 167 176 180 189 185 179 181 178 180 170 171 179 175 180 179 176 184 173 173 177 176 177 170 172 168 165 152 150 153 155 151 147 142 142 142 151 154 150 138 138 141 149 141 134 133 131 139 146 145 142 151 158 159 152 146 141 135 130 139 160 168
169 172 173 172 177 179 171 172 183 182 182 168 163 175 181 179 180 173 167 176 179 184 176 171 179 174 173 180 183 178 181 181 176 176 178 192 195 181 182 177 173 180 177 179 189 184 180 178 172 181 179 181 183 182 186 177 173 175 175 160 153 154 160 161 152 151 157 154 157 154 153 147 140 141 149 146 144 140 131 141 145 139 135 143 150 154 156 150 142 131 140 156 166 170
169 176 184 183 169 177 173 171 184 178 176 171 173 170 172 175 182 181 175 173 170 180 172 171 177 170 171 176 187 184 173 174 179 180 176 184 181 173 179 177 181 180 177 173 180 181 173 179 184 180 173 176 182 185 179 171 172 178 176 173 170 168 165 162 151 155 157 146 153 165 168 158 144 142 153 154 151 146 142 142 144 145 143 141 144 147 153 150 139 128 142 163 167 166
171 170 178 172 164 176 176 174 180 176 173 168 175 179 187 187 186 182 175 177 172 175 171 171 180 173 171 181 186 185 182 176 175 178 174 172 172 178 180 172 175 174 175 173 191 187 176 181 180 176 168 177 179 178 165 167 174 176 171 173 177 175 166 154 146 139 138 136 147 166 176 164 150 153 158 158 150 137 134 133 142 151 150 147 154 155 160 156 143 128 139 159 168 167
163 167 175 170 174 175 177 174 176 176 179 174 177 187 185 183 178 179 179 174 174 173 170 173 185 181 172 183 187 180 185 179 175 180 182 177 173 179 179 168 167 169 174 180 189 177 174 175 168 164 170 180 174 178 180 177 173 177 171 168 167 165 165 159 153 136 138 143 145 155 168 164 153 157 158 160 153 132 119 117 127 137 147 155 161 163 161 155 150 141 150 162 168 164
170 174 174 170 176 172 168 177 180 180 179 172 170 179 180 181 177 179 181 170 177 174 166 169 180 186 173 176 189 179 176 167 166 178 176 182 186 177 174 172 170 176 184 185 188 175 169 177 164 153 171 172 173 177 186 179 172 176 169 165 165 171 169 159 151 136 138 143 139 139 147 148 143 148 152 155 142 126 112 116 124 127 139 160 165 166 163 154 151 143 151 159 158 160
167 167 164 162 174 176 171 189 186 177 184 182 177 182 186 179 169 174 176 169 169 170 167 168 177 194 183 180 186 177 169 166 168 177 170 172 175 174 179 179 171 170 179 183 187 181 174 183 172 167 184 170 174 169 173 176 167 165 164 168 171 177 168 147 139 140 143 144 145 133 131 132 135 136 137 147 132 118 111 123 142 140 139 149 151 153 148 142 142 136 151 157 157 163
167 165 175 179 175 180 172 180 179 168 171 175 176 185 184 174 170 175 171 173 173 179 171 174 180 192 178 176 175 168 174 173 174 170 173 174 173 178 178 175 171 168 173 176 177 178 172 184 176 162 176 171 172 168 167 173 169 167 169 172 169 168 158 144 139 149 147 142 147 139 129 126 133 132 128 132 129 125 125 141 151 142 144 153 148 150 144 142 148 148 153 152 153 163
173 175 175 173 169 174 168 172 170 169 168 170 182 185 180 178 179 185 172 178 177 179 178 185 182 182 174 178 182 181 185 171 167 166 177 176 176 179 176 182 181 175 179 174 182 185 159 169 175 154 163 168 168 174 176 174 171 172 166 167 170 167 153 137 143 163 153 139 138 137 122 109 119 136 133 116 126 136 141 151 150 140 144 158 155 155 151 152 159 161 148 144 141 153
168 176 174 175 176 175 171 171 160 161 168 165 173 178 182 180 170 183 175 183 185 175 182 189 185 183 178 182 176 176 181 168 170 183 177 167 175 173 167 179 174 163 177 180 179 180 171 163 170 167 169 169 168 171 170 170 171 170 162 168 177 166 154 143 151 166 155 145 139 137 127 112 112 133 133 120 128 137 146 144 148 147 145 149 153 149 148 147 144 145 136 136 140 150
153 166 172 172 165 167 173 184 167 158 163 164 175 186 188 177 171 178 177 178 182 177 179 183 185 181 177 176 171 167 176 178 179 178 167 164 180 174 171 179 169 166 180 182 175 170 179 166 171 177 171 161 162 173 171 171 172 168 167 172 166 153 150 155 157 153 152 150 143 139 140 130 121 132 140 137 136 140 145 142 154 159 154 145 151 155 153 146 129 122 130 145 152 153
166 161 160 172 174 170 159 167 161 171 164 161 176 183 179 173 178 174 176 169 171 181 171 173 179 168 173 184 183 174 176 183 183 168 161 169 170 168 177 184 178 173 175 170 176 175 171 170 166 156 159 158 166 163 170 181 176 169 165 173 164 148 140 150 158 151 149 148 145 147 148 141 142 151 153 154 152 153 152 148 154 161 155 142 150 158 156 150 135 128 135 152 155 158
172 167 164 177 177 168 160 169 167 169 161 161 173 183 181 171 175 174 172 175 176 174 162 177 184 167 168 180 178 182 173 172 176 175 169 174 169 169 169 171 171 167 168 164 173 174 166 169 165 157 163 163 170 166 169 172 174 176 166 168 160 154 149 147 154 157 147 148 151 142 137 141 151 152 149 157 157 156 158 154 148 156 155 139 141 148 153 147 136 139 141 150 154 155
153 157 169 169 161 166 165 173 174 167 166 167 171 177 176 177 176 171 167 177 185 176 165 175 179 180 175 168 166 181 177 172 170 170 169 173 173 175 165 166 168 169 173 178 180 174 165 163 169 170 167 159 158 167 163 158 165 170 164 167 156 158 163 157 155 154 149 151 148 130 116 124 153 158 152 150 153 154 161 166 161 158 155 138 131 134 137 134 133 140 141 150 153 150
130 127 162 169 157 170 162 155 163 158 168 173 177 175 174 178 176 167 161 166 178 174 170 181 173 175 177 170 167 173 174 174 174 171 169 169 168 166 169 173 174 177 174 170 172 169 174 171 176 171 165 156 159 165 162 160 168 170 167 175 167 159 156 156 148 147 154 156 155 138 109 105 141 157 149 150 162 162 163 168 168 164 154 142 140 135 128 127 133 142 147 152 155 156
146 146 167 177 169 162 128 134 157 156 161 153 164 170 173 171 175 176 171 170 175 176 171 181 167 164 178 174 174 169 168 171 175 177 173 174 173 167 177 175 165 171 176 162 162 172 180 172 171 162 165 167 179 172 162 159 159 164 172 173 168 160 149 141 139 145 156 159 161 152 121 91 114 143 143 152 159 160 162 164 162 157 148 143 143 130 120 124 129 141 149 150 156 161
157 173 174 181 170 148 118 138 151 150 157 147 146 155 167 166 163 166 170 166 164 175 170 171 168 169 175 163 165 173 175 173 171 171 168 179 184 175 178 178 173 173 177 172 162 175 170 160 166 166 169 167 177 167 159 153 156 164 172 164 164 168 148 135 133 139 155 160 155 150 138 100 95 118 136 153 153 157 158 160 155 149 145 139 140 128 114 117 123 137 137 135 147 152
140 154 162 162 143 131 124 138 134 136 151 155 149 148 152 151 148 141 146 145 137 143 154 163 162 160 162 168 160 166 180 183 182 174 164 180 180 172 173 171 177 179 172 166 162 175 170 165 174 170 167 163 166 162 169 171 174 172 168 170 172 169 152 142 128 143 160 161 161 157 151 121 82 75 91 116 130 140 146 148 138 132 129 132 137 124 101 109 122 128 121 115 135 145
136 141 146 140 135 122 114 126 129 138 139 147 152 131 129 132 139 148 145 140 128 127 149 160 157 162 164 176 166 163 167 176 182 178 164 177 175 165 168 165 170 173 166 162 171 172 170 173 175 172 167 166 171 170 169 171 169 158 154 168 172 165 150 152 147 156 168 167 171 164 151 129 89 62 48 56 76 93 116 132 115 97 98 111 123 117 93 96 119 126 121 113 127 141
145 147 133 133 144 131 121 131 139 151 142 147 145 116 98 104 131 158 150 141 129 123 143 157 156 170 170 172 169 170 167 171 169 166 159 168 175 166 169 168 170 166 161 157 176 175 173 174 171 181 179 175 176 167 164 168 166 158 163 164 165 164 157 160 153 152 166 165 161 157 147 134 106 70 42 38 42 52 80 104 107 104 114 123 129 135 110 83 101 126 130 124 127 141
158 155 136 125 131 135 131 139 139 149 148 142 130 111 76 77 121 156 147 127 111 120 134 143 158 174 170 173 171 167 169 173 177 173 160 169 172 168 171 162 163 161 158 160 172 171 173 174 169 179 174 179 181 170 173 169 172 166 163 160 166 169 168 160 140 135 152 158 153 152 145 127 110 88 53 39 35 41 63 85 105 121 135 142 138 138 127 90 87 124 130 126 136 146
163 161 149 131 130 141 135 131 129 153 158 139 133 130 97 95 137 166 146 124 115 134 149 149 164 174 172 172 163 167 173 174 172 171 167 165 161 164 173 166 161 159 151 154 162 164 171 178 175 178 170 177 178 172 173 164 174 166 156 160 164 160 162 157 142 127 132 147 155 155 142 119 108 102 80 53 36 43 76 101 121 130 136 140 134 142 144 112 101 124 118 115 144 153
155 160 143 136 142 143 126 128 137 147 161 152 145 151 135 123 148 161 149 134 126 139 155 163 167 171 173 167 159 169 169 168 164 172 168 159 159 154 171 171 161 167 150 152 159 160 176 177 167 169 172 181 178 176 176 169 176 165 165 165 162 161 167 163 152 130 129 138 140 149 144 129 114 100 90 61 37 45 86 116 131 134 141 137 136 148 143 130 124 121 104 107 141 152
158 149 131 127 131 128 128 146 153 141 149 159 158 159 150 137 144 149 154 147 143 145 157 169 169 169 171 174 164 172 170 162 161 166 163 159 167 159 162 163 153 162 160 166 165 164 174 174 171 174 178 185 181 176 184 184 184 177 170 159 159 168 166 157 150 138 140 144 136 145 148 147 130 113 103 72 45 53 98 132 141 150 155 150 145 136 136 151 144 116 97 110 142 153
169 146 134 128 130 128 144 157 150 148 146 158 172 158 160 167 160 152 152 150 157 165 160 171 170 160 163 168 155 165 171 162 162 163 166 159 166 169 157 155 158 162 154 155 162 164 165 172 176 182 177 178 178 179 188 182 172 170 166 161 161 162 158 150 147 134 135 143 144 154 155 160 150 134 125 108 93 94 120 148 154 155 146 147 147 138 137 156 153 115 91 106 141 156
156 149 144 139 145 142 152 156 140 140 138 146 164 151 159 163 153 158 161 148 148 164 160 164 167 160 164 165 163 167 171 163 159 155 158 165 164 162 158 161 160 156 148 150 165 174 170 171 172 181 180 181 183 182 181 175 167 165 174 172 170 159 153 148 150 134 136 148 139 136 155 161 155 147 137 129 129 134 147 154 151 156 147 138 140 145 143 158 153 123 98 108 143 153
149 141 143 142 138 131 147 162 154 141 138 144 151 149 155 154 150 149 145 146 152 162 166 162 159 156 154 159 164 161 167 165 159 154 164 171 166 155 154 160 155 154 155 168 173 173 178 178 177 185 187 186 182 184 172 164 163 168 173 169 167 161 157 152 143 126 139 153 128 107 136 153 148 148 142 138 146 151 157 157 155 166 162 142 126 134 148 161 156 130 104 112 148 155
148 135 137 122 133 139 146 148 146 140 138 139 147 156 160 167 166 149 148 162 162 168 171 164 160 152 150 160 156 151 160 161 165 166 167 172 173 164 160 161 156 160 169 175 176 171 179 174 174 177 172 170 177 187 175 168 163 166 175 174 162 157 161 153 141 130 137 145 131 106 109 135 138 133 125 119 140 156 154 159 152 154 158 150 128 125 145 158 158 144 123 129 155 158
135 135 125 106 145 155 151 147 151 156 153 151 157 160 165 169 166 168 166 167 162 168 171 162 153 151 156 162 161 157 164 159 159 160 159 165 161 153 159 169 167 164 178 171 168 169 172 174 176 173 171 174 178 174 167 172 165 162 172 168 162 166 168 156 149 141 140 140 124 103 97 115 123 123 121 101 116 149 149 147 142 153 157 152 139 129 144 158 162 151 139 144 154 156
135 130 124 123 147 155 154 156 151 153 165 168 168 160 161 168 158 170 162 154 160 163 158 163 163 164 160 156 169 166 171 163 160 162 157 161 156 153 163 169 162 152 173 173 169 162 162 176 178 173 172 171 174 170 162 158 157 158 165 160 161 164 158 154 152 145 143 136 122 107 95 94 119 135 125 98 99 127 140 135 137 155 154 150 152 145 151 159 161 153 145 144 144 150
152 136 135 137 141 150 159 162 150 148 161 167 168 164 160 164 163 165 168 159 158 158 153 168 163 154 156 151 162 162 164 163 159 159 155 158 158 160 156 156 155 148 162 166 166 160 157 166 167 167 169 168 170 169 154 144 152 156 158 155 159 159 156 153 147 147 143 130 131 119 96 80 106 131 118 96 88 105 128 125 123 133 143 146 156 155 158 162 159 158 155 145 147 150
149 137 143 138 141 152 156 153 156 155 161 159 161 175 173 165 163 164 162 149 157 168 159 162 161 156 165 160 169 166 161 166 156 154 158 161 159 165 157 150 159 156 156 165 172 167 162 171 169 166 164 165 165 165 157 145 154 157 153 150 157 160 163 151 136 146 141 123 125 118 115 109 102 107 109 103 95 93 97 103 118 128 133 142 160 163 164 164 156 157 158 151 153 154
139 137 150 151 152 154 151 152 155 146 158 159 161 182 181 173 159 157 156 151 161 170 157 157 161 165 167 160 171 169 162 161 157 161 164 158 155 162 159 145 154 155 152 160 167 172 171 177 164 166 167 164 170 169 166 151 149 149 149 144 143 143 152 147 136 143 141 121 114 119 130 137 119 104 116 121 108 93 81 85 115 138 132 141 161 160 150 142 142 144 152 160 158 157
