example/E5 - XRays/X-ray-tomography/rastert_juap20.txt
ncols         356
nrows         356
xllcorner     -0.5
yllcorner     -355.5
cellsize      1
NODATA_value  -9999
[rows 168 to 209 of 356, columns 0 to 93 of 356]
255 147 146 141 142 145 136 137 154 156 154 159 158 151 146 155 166 165 158 149 149 151 149 148 137 136 146 147 149 153 149 151 152 148 147 143 137 147 151 148 142 143 145 143 149 152 153 155 146 144 151 159 158 160 159 154 148 149 143 144 140 143 146 144 131 137 141 134 136 140 138 130 134 145 162 160 152 156 158 157 150 144 138 129 132 137 142 144 157 159 155 136 129 132
255 144 136 133 142 150 126 117 137 146 153 155 153 153 149 151 155 157 154 146 139 142 138 141 139 137 136 140 151 149 153 150 138 133 136 140 138 148 150 143 132 132 140 140 141 141 148 146 141 150 156 157 163 170 165 156 146 136 134 135 128 128 131 140 133 135 148 149 148 142 137 134 138 138 155 160 165 169 163 154 155 158 144 129 128 135 143 150 164 162 139 129 138 133
255 144 140 142 145 144 125 118 124 128 145 153 151 153 153 157 157 155 152 142 138 134 127 131 137 139 135 141 152 144 146 151 145 131 122 133 136 139 144 144 140 134 141 140 138 143 143 139 142 150 155 149 156 163 157 159 152 143 143 141 135 129 136 146 141 143 148 146 147 140 138 146 151 138 146 158 166 167 157 155 150 138 130 138 139 135 140 149 158 151 129 132 140 135
255 140 138 145 144 124 113 127 132 130 141 152 156 156 157 159 154 148 141 136 135 132 126 133 139 141 141 148 149 131 119 133 146 138 130 139 140 136 141 141 146 149 151 145 147 153 150 152 147 135 137 142 154 160 153 145 140 148 156 151 139 133 144 144 138 139 138 137 144 143 142 147 153 149 153 153 156 162 157 158 150 141 138 139 138 139 142 138 145 144 127 135 135 133
255 148 145 140 139 123 117 129 135 132 130 136 139 144 148 150 147 140 136 143 140 137 137 139 145 148 149 152 152 131 116 119 133 144 144 138 142 144 143 135 142 158 155 144 141 146 154 156 148 132 121 134 150 152 146 133 130 150 166 165 141 124 136 145 142 145 142 137 139 140 144 154 161 161 158 152 152 154 158 162 154 152 148 138 143 153 145 134 140 144 132 135 123 125
255 147 145 139 136 134 133 134 139 138 130 133 133 137 134 134 140 139 142 149 145 147 150 148 146 153 159 157 150 130 121 128 139 146 148 137 136 142 144 136 139 151 146 141 142 143 150 148 140 139 134 135 140 142 137 126 134 154 156 152 139 123 131 137 138 147 143 138 140 146 155 160 153 152 152 138 133 145 154 155 149 152 151 150 161 163 152 141 138 148 154 136 119 132
255 142 147 150 140 132 132 132 138 138 136 141 143 144 141 142 147 142 145 147 135 143 154 159 156 158 157 149 132 110 105 126 145 150 143 135 137 133 140 145 143 143 141 137 137 136 140 140 139 145 143 137 137 137 136 130 140 149 148 144 146 138 137 129 131 143 140 141 142 146 147 151 140 139 138 107 104 138 153 148 145 155 146 141 148 147 151 142 127 134 140 109 107 135
255 148 146 142 134 130 132 127 128 135 139 144 142 140 145 151 155 150 149 143 126 132 149 159 161 161 157 152 133 106 96 118 140 153 141 132 136 132 138 146 146 146 146 141 142 137 136 141 149 155 145 137 137 133 138 141 142 147 150 142 148 155 149 137 142 147 144 144 142 150 148 155 139 127 125 102 110 140 156 152 148 157 146 140 144 134 136 134 118 101 87 81 105 137
255 150 153 150 142 130 133 137 135 139 142 141 136 136 139 149 153 146 141 135 129 141 152 145 141 146 151 150 144 128 114 126 133 144 145 137 136 140 148 150 150 151 144 136 144 142 140 141 142 150 147 138 133 142 146 138 141 153 149 138 150 163 156 148 143 136 136 136 142 146 145 148 131 125 132 123 131 143 148 149 157 164 145 137 142 143 145 146 140 115 92 102 129 147
150 147 153 155 148 137 134 138 141 145 146 132 129 133 131 141 135 119 123 122 131 152 154 142 142 144 143 138 142 143 137 136 128 133 136 129 130 142 146 143 144 154 148 135 133 136 145 143 145 150 144 145 141 138 136 127 131 140 135 132 139 149 151 149 143 139 134 130 140 143 144 142 133 134 141 145 146 145 144 141 151 151 135 132 133 141 154 157 154 143 132 136 141 148
255 156 154 152 142 136 141 140 144 145 144 131 127 120 115 124 110 106 121 119 131 147 147 145 151 156 151 149 150 150 146 139 137 140 138 137 144 150 146 143 144 151 147 136 135 138 143 136 140 146 142 150 150 137 136 140 140 137 136 140 143 149 147 150 148 140 132 133 138 140 145 147 140 124 131 148 149 141 133 143 154 145 129 131 134 137 151 162 167 163 150 152 149 152
255 161 161 154 136 129 136 141 145 143 143 139 139 128 115 125 125 126 135 127 133 140 139 143 146 150 148 146 140 143 146 141 140 140 145 150 157 155 151 150 149 144 138 133 142 153 155 140 134 141 145 150 145 142 153 152 145 139 139 147 149 151 153 156 150 136 130 134 137 142 147 146 128 116 128 135 138 135 139 143 147 152 137 134 137 139 149 157 155 154 145 155 162 159
255 164 164 158 137 134 142 145 144 140 144 144 141 141 139 144 143 139 138 134 141 146 141 143 146 143 143 141 130 132 135 135 141 146 156 162 163 164 168 160 147 140 142 145 155 161 165 157 151 153 146 137 139 152 164 161 156 152 145 140 142 146 153 151 145 137 133 138 135 129 137 144 138 137 147 148 131 129 153 150 139 140 135 128 131 135 145 145 146 150 136 140 149 137
255 165 162 158 146 148 155 154 152 147 146 143 134 132 136 134 135 142 142 144 146 138 134 139 141 139 144 144 137 135 123 117 127 138 158 164 161 166 170 165 154 148 149 142 143 148 155 159 157 155 148 140 145 154 162 161 161 152 146 142 143 145 147 141 138 136 137 144 146 131 136 153 154 153 151 151 132 127 147 146 141 133 136 134 132 135 141 145 149 158 146 131 131 130
255 156 158 155 150 151 152 156 158 152 144 141 138 138 137 123 119 133 140 148 151 144 138 143 139 138 140 142 143 140 124 126 138 142 151 154 154 158 160 158 155 147 141 134 138 149 161 165 163 155 148 140 142 147 157 154 151 142 136 128 133 136 139 144 142 132 136 144 157 156 155 161 161 163 154 148 141 146 158 148 151 139 130 133 137 142 135 138 145 149 141 140 132 130
255 149 148 150 149 145 144 146 145 142 142 143 143 146 145 131 121 129 139 144 145 147 149 147 131 126 127 137 141 129 120 133 153 159 159 161 160 158 159 160 156 142 125 131 143 155 166 165 157 153 144 139 149 154 150 143 145 141 134 125 127 138 143 141 139 135 135 142 155 167 172 171 168 167 156 153 153 152 154 138 138 132 122 127 130 137 136 139 148 142 128 139 133 126
255 149 146 145 146 147 146 146 142 138 144 147 146 145 148 146 141 139 140 138 137 144 145 140 138 137 133 135 137 124 122 135 148 158 160 155 155 152 154 160 157 141 127 136 144 154 160 155 152 150 138 139 146 145 141 137 143 143 141 140 140 145 147 140 133 139 144 157 162 164 170 167 163 167 164 164 162 145 138 135 132 124 122 125 119 130 143 150 150 150 141 140 134 137
255 157 155 150 147 148 148 151 151 143 146 152 150 147 146 149 151 148 145 136 135 139 137 133 138 139 137 137 135 130 134 143 141 141 143 143 154 157 154 154 152 142 140 147 148 146 153 158 154 148 138 139 149 139 139 135 126 130 133 135 142 149 150 147 147 151 150 156 153 148 159 171 170 169 169 171 165 150 137 134 139 135 135 137 129 129 139 148 154 160 147 134 137 137
255 152 150 146 145 150 150 151 154 150 151 163 162 153 148 149 150 151 149 138 132 136 143 138 133 141 145 143 138 137 145 148 138 135 136 139 144 148 148 148 149 147 144 148 149 135 135 149 153 149 136 138 154 146 134 128 133 141 140 138 145 147 140 138 133 136 147 158 162 164 169 174 176 178 175 177 166 150 136 124 132 131 140 140 135 132 135 145 153 161 148 131 138 138
255 151 149 146 144 150 151 150 147 146 150 162 164 151 140 138 144 152 146 138 135 137 141 141 142 147 147 141 138 141 148 149 140 138 140 140 138 145 149 150 145 142 136 133 134 124 131 140 146 149 136 135 148 141 121 125 144 145 142 145 156 147 123 127 132 132 139 145 156 160 164 173 177 177 172 175 167 155 141 117 118 116 134 142 141 141 144 151 149 151 142 126 134 148
255 154 155 156 149 143 148 150 147 145 150 151 144 129 125 131 141 148 137 129 134 135 133 136 138 143 142 133 131 134 141 144 139 133 138 142 138 142 139 141 141 138 133 126 130 130 135 138 148 146 136 133 140 143 131 132 142 141 138 138 142 137 128 142 150 148 149 142 154 164 169 170 170 165 166 170 164 158 154 137 145 145 136 134 140 141 148 149 147 154 143 117 129 155
255 158 160 155 147 139 140 137 141 149 154 150 140 128 122 130 142 148 141 130 128 127 135 136 128 137 142 130 130 132 129 135 143 139 140 144 138 136 132 136 135 130 133 133 137 141 136 137 150 144 141 140 136 138 132 130 134 136 137 139 136 124 127 146 149 144 140 138 150 164 166 166 170 168 166 161 161 165 158 151 162 162 150 138 136 141 139 140 142 148 147 132 131 138
255 155 154 152 146 142 142 130 138 153 154 149 148 144 135 136 141 144 141 128 129 131 139 145 137 134 140 142 140 134 128 134 141 142 140 139 132 128 136 145 131 117 120 131 131 130 132 138 145 146 143 138 136 136 130 140 140 138 139 145 141 132 139 148 142 143 134 138 140 147 153 161 162 165 169 160 162 170 164 160 160 151 148 150 140 135 143 146 139 140 148 143 140 129
255 152 150 148 145 145 149 143 144 150 150 147 143 144 145 142 136 134 133 123 125 136 141 150 150 138 135 141 141 139 140 137 138 141 145 143 132 129 140 150 139 132 128 133 133 126 128 138 144 143 136 136 143 143 142 153 143 133 139 149 140 132 137 147 142 137 129 140 136 140 153 163 156 157 163 162 165 166 161 160 154 152 147 150 155 151 155 155 145 148 157 143 134 131
255 150 144 143 143 143 144 145 144 138 140 148 147 143 144 142 142 145 142 128 118 121 127 139 147 149 145 139 139 137 127 128 141 148 146 148 141 137 139 145 140 144 148 139 135 141 145 145 142 139 135 136 140 146 151 150 145 137 135 139 137 133 142 154 154 141 132 138 129 136 142 148 155 153 155 159 162 163 156 148 136 140 138 144 154 153 146 154 157 156 162 158 147 140
255 149 144 144 140 137 137 133 135 126 123 140 146 143 146 149 154 155 154 148 130 122 132 138 137 140 139 141 140 115 102 122 144 152 151 157 152 149 152 151 145 150 150 140 145 152 152 150 149 151 144 138 137 142 148 141 145 145 136 138 144 142 149 156 158 156 146 134 131 143 140 133 142 146 139 138 146 150 144 137 131 137 134 134 139 148 146 147 153 149 142 148 148 145
255 151 149 147 139 136 140 136 138 129 121 132 139 135 133 140 152 157 161 161 148 137 138 133 134 139 141 146 141 120 128 148 154 158 164 167 160 160 158 152 150 156 149 142 149 148 147 150 155 158 144 134 137 134 136 131 137 141 141 145 152 150 152 152 148 150 147 133 134 139 135 126 139 144 134 126 135 137 139 142 139 138 132 124 133 150 160 154 148 143 131 138 141 141
255 149 145 143 139 145 147 141 148 150 141 133 133 137 139 141 146 142 141 144 142 140 140 134 137 143 145 140 132 124 137 154 159 161 169 168 161 160 157 155 156 158 151 144 142 141 144 146 147 147 136 127 130 132 136 134 136 137 137 137 147 151 154 154 150 153 142 129 133 132 128 129 141 137 130 122 127 127 131 143 145 136 133 132 145 148 143 152 149 138 128 140 144 145
255 255 140 136 143 161 161 152 155 159 155 141 134 138 142 146 140 123 122 132 139 140 141 140 140 147 149 144 140 144 149 153 156 158 163 162 160 162 157 154 154 153 152 155 149 149 154 152 147 144 144 137 133 137 140 141 139 136 129 125 142 148 148 150 146 149 137 130 141 135 133 149 147 125 122 126 131 135 133 140 150 141 140 141 142 133 127 139 135 127 133 147 148 146
255 255 143 139 152 168 167 161 155 158 162 154 143 134 118 123 129 122 123 126 134 141 146 145 142 145 149 155 159 163 167 165 166 163 160 160 158 163 161 156 156 160 153 155 158 161 162 164 155 149 152 148 141 147 150 147 143 143 145 141 144 150 150 158 152 140 138 141 138 129 130 139 134 123 118 120 130 139 136 132 137 125 131 147 143 130 134 142 133 131 143 151 148 147
255 255 141 144 158 166 165 166 161 160 159 156 153 141 116 120 129 126 131 139 139 138 146 148 150 153 153 154 158 162 168 169 168 167 163 163 164 162 165 162 166 169 160 156 156 159 157 160 155 153 157 156 154 157 152 147 148 149 150 143 139 149 150 147 145 136 138 139 140 142 136 130 136 137 134 134 131 126 130 132 137 131 131 136 137 135 136 139 139 137 143 147 147 159
255 255 144 153 165 167 170 172 170 171 161 154 154 142 125 125 134 135 139 147 144 150 163 162 160 157 154 159 161 158 158 163 169 174 170 160 160 158 159 162 168 164 161 157 155 165 167 161 156 155 156 159 162 156 147 143 146 150 150 147 146 150 149 135 129 130 132 125 137 149 139 130 139 122 114 134 139 128 124 132 143 139 139 135 126 127 128 132 135 143 145 144 152 159
255 255 157 163 166 169 171 171 167 164 161 160 157 146 131 121 133 145 151 152 152 157 165 164 163 158 153 161 163 164 165 166 168 169 167 164 164 165 169 170 163 160 161 161 160 164 166 156 156 159 155 150 156 155 151 149 144 147 148 147 152 149 144 141 137 129 129 127 133 128 128 136 144 126 102 121 133 118 102 114 136 137 139 142 124 122 122 128 136 150 147 140 136 139
255 255 156 159 159 164 162 165 166 165 162 162 154 141 129 124 139 152 157 160 162 160 162 163 159 157 156 163 163 167 169 167 164 166 169 166 165 169 173 168 164 165 163 165 167 163 165 156 158 162 158 155 156 156 151 149 148 150 152 149 151 150 152 148 140 132 132 135 133 119 126 135 145 146 129 125 125 117 109 124 144 139 131 130 127 139 141 141 134 139 130 120 119 126
255 255 152 156 160 162 165 167 164 163 160 159 149 138 137 143 152 157 157 160 166 165 164 164 163 156 158 166 164 167 168 167 165 167 166 159 159 164 170 165 164 165 167 174 172 169 164 153 156 162 160 161 159 156 149 146 140 138 145 138 143 150 154 146 139 133 136 142 136 128 135 146 150 149 146 135 127 134 137 134 142 144 142 130 116 131 148 156 147 139 136 140 136 126
255 255 155 158 158 161 166 159 156 162 164 159 149 144 148 159 162 160 164 169 170 165 160 161 166 161 164 172 173 176 177 175 171 169 163 161 169 163 161 163 170 172 174 170 162 162 167 162 155 157 152 155 157 153 146 143 135 136 142 130 134 143 148 145 146 142 141 141 137 139 146 152 144 139 143 139 137 142 143 136 141 142 146 140 127 135 139 142 145 147 142 145 144 138
255 255 255 162 158 156 157 152 151 157 161 154 146 147 152 157 158 158 167 173 168 164 163 166 164 156 160 171 174 174 174 173 173 171 168 170 172 167 165 165 169 173 175 170 169 172 171 168 160 159 155 159 160 154 154 157 148 141 139 137 138 138 142 142 144 151 156 144 133 140 142 135 122 131 143 138 141 143 139 144 151 146 146 141 142 144 142 144 142 144 138 136 136 138
255 255 255 158 151 148 148 149 152 152 154 146 139 142 147 149 152 158 163 163 161 165 168 169 169 159 158 167 165 164 166 165 167 169 169 169 167 168 170 170 170 166 165 169 166 165 165 166 159 160 162 165 164 163 163 155 138 136 141 144 149 149 140 137 137 147 155 150 142 143 148 149 133 138 141 129 133 140 139 146 143 129 119 118 133 136 139 147 141 136 126 120 131 135
255 255 255 153 147 147 146 147 151 152 148 134 126 126 138 146 152 164 163 160 162 169 169 168 168 163 164 163 162 166 166 166 165 171 173 171 167 165 164 167 172 167 161 167 165 160 160 164 158 156 152 157 162 163 160 153 142 144 143 136 143 147 145 144 134 141 147 144 136 133 136 145 144 142 138 135 135 138 138 141 135 131 121 118 135 141 146 149 136 136 131 123 134 142
255 255 255 150 147 147 148 148 149 150 145 133 129 118 128 143 154 165 166 166 171 174 170 167 163 160 160 162 163 168 167 162 160 169 173 172 170 170 167 167 162 159 160 165 167 164 158 155 159 161 150 150 149 153 154 158 158 150 143 136 139 141 142 148 139 143 145 134 122 124 130 136 144 141 129 135 137 133 133 136 135 138 130 128 136 136 137 136 132 133 134 136 139 141
255 255 255 151 146 142 146 151 150 149 150 147 139 123 133 146 151 159 163 166 166 165 165 163 163 161 161 167 165 162 164 163 162 166 164 160 163 169 170 171 169 165 167 168 163 163 163 154 156 166 157 151 147 155 158 155 156 153 152 143 136 135 144 155 148 149 148 134 122 117 120 130 143 144 130 129 138 146 134 124 142 152 133 127 136 144 143 137 137 131 138 144 140 145
255 255 255 153 148 149 153 156 146 137 146 145 127 122 141 147 151 164 165 163 158 158 165 166 165 154 154 166 170 168 167 166 170 176 172 166 166 168 168 167 168 166 169 171 161 158 162 160 159 159 155 153 152 157 159 157 161 157 156 142 130 127 138 150 143 141 142 134 134 124 118 125 137 144 138 129 136 157 148 133 158 170 140 123 134 148 146 138 138 140 148 153 154 152
