example/E5 - XRays/X-ray-tomography/rastert_juap12.txt
ncols         356
nrows         356
xllcorner     -0.5
yllcorner     -355.5
cellsize      1
NODATA_value  -9999
[rows 168 to 209 of 356, columns 0 to 93 of 356]
255 144 156 159 156 157 161 163 161 162 168 169 169 169 170 166 160 162 168 170 167 166 165 166 163 159 149 139 147 149 141 142 140 142 144 143 147 149 142 135 131 127 133 137 140 149 146 145 145 152 150 138 145 146 140 134 138 142 146 144 142 145 147 143 136 137 132 130 134 143 153 154 153 160 164 161 159 156 161 164 165 148 138 156 165 161 159 154 116 70 83 103 129 140
255 154 159 158 158 162 162 164 168 166 164 164 164 162 165 166 165 165 169 174 174 172 169 164 162 155 141 139 148 151 149 141 137 141 144 142 138 132 131 137 135 124 136 144 140 143 137 139 143 148 148 147 150 148 143 140 140 144 143 141 148 147 152 149 140 141 133 133 139 140 147 148 151 161 158 161 159 152 151 159 162 149 136 148 161 162 151 141 115 79 106 127 121 131
255 161 164 160 162 164 163 166 167 164 161 166 169 168 167 167 170 173 172 167 164 165 169 171 169 162 148 151 157 155 147 137 138 143 147 144 136 132 139 144 140 137 140 137 143 148 142 136 135 144 152 151 150 151 141 136 141 148 145 142 151 150 149 145 148 142 119 125 138 135 138 144 149 152 149 165 169 160 156 154 157 160 151 160 170 173 160 151 145 119 127 128 119 123
255 163 167 168 164 163 166 167 164 163 167 169 168 169 168 165 164 167 171 164 162 159 166 171 167 161 151 148 151 152 140 133 141 148 152 145 140 141 148 149 151 149 146 136 138 143 149 139 128 138 147 145 145 143 137 133 135 144 141 138 133 131 138 137 133 127 116 128 143 146 144 142 145 150 153 158 165 169 176 165 160 170 160 160 163 167 160 156 146 133 131 127 127 116
255 156 158 164 165 167 169 168 166 167 168 166 166 166 167 170 172 165 166 167 168 158 156 161 160 157 152 147 145 148 139 129 141 146 151 147 145 150 149 147 144 141 143 142 146 144 151 144 129 133 142 138 134 130 136 140 136 141 139 141 131 121 121 128 126 135 141 141 146 152 149 141 138 140 151 161 164 160 165 164 158 161 162 161 160 158 157 157 148 143 141 128 113 96
255 158 163 164 165 169 169 169 169 167 165 167 167 168 172 175 173 168 166 162 164 162 162 166 161 156 154 155 150 143 132 127 140 149 152 152 147 142 141 141 127 125 136 140 154 147 148 153 143 130 134 137 130 131 141 145 140 141 141 136 131 134 125 127 129 137 145 148 149 156 155 149 145 133 144 155 156 159 159 158 162 163 162 160 164 156 149 156 153 144 124 110 120 112
255 159 162 161 165 169 167 167 168 167 164 167 167 166 169 171 166 168 170 168 173 175 171 165 161 158 158 154 144 127 133 139 138 147 150 151 144 132 139 140 130 132 139 138 148 139 141 155 156 138 129 137 142 147 151 148 141 137 139 134 131 141 139 129 131 144 150 157 155 161 151 150 151 138 140 146 157 156 156 161 162 168 169 171 163 152 145 150 156 148 125 113 130 126
255 155 160 166 166 163 163 163 162 165 170 171 170 170 163 163 171 170 167 171 174 168 164 161 159 159 156 144 131 117 129 145 140 145 150 143 138 135 146 148 140 140 144 147 148 138 141 148 152 149 139 137 145 155 153 139 129 131 141 147 144 144 141 133 132 146 156 161 160 165 156 154 156 155 149 143 148 157 168 163 158 159 160 162 157 152 145 137 151 160 150 141 134 126
255 159 158 162 163 161 163 166 165 167 167 166 170 171 165 163 169 167 164 164 162 163 164 163 162 156 139 122 124 129 137 146 144 142 146 139 136 137 144 151 144 132 142 150 150 148 142 145 154 152 143 136 141 143 136 138 143 145 143 148 145 138 142 143 134 141 153 165 168 169 167 157 155 159 160 155 145 147 160 156 155 159 163 158 151 145 138 131 140 153 145 146 150 135
162 156 157 163 168 170 171 167 164 165 163 165 168 164 167 168 164 161 163 163 162 163 160 162 165 153 126 100 112 135 141 144 143 141 143 144 151 149 142 143 140 128 141 137 126 139 139 140 149 152 148 144 140 138 137 137 143 149 147 143 131 129 145 152 146 142 143 154 162 161 163 159 172 173 166 163 146 133 146 155 158 159 163 162 154 150 150 139 141 146 138 141 145 139
255 155 162 165 165 163 164 164 168 168 167 167 165 166 166 167 167 167 166 165 161 154 148 150 149 142 124 113 125 138 138 136 137 147 152 154 161 160 155 153 153 139 140 123 104 126 140 140 141 148 150 143 136 137 147 144 139 145 149 148 140 145 148 150 153 144 144 149 152 153 165 168 173 180 177 169 145 118 126 155 161 151 151 155 157 151 141 128 130 135 135 133 133 135
255 160 158 161 163 162 161 166 171 171 171 170 165 164 166 169 169 164 157 158 161 156 148 143 139 139 136 134 134 137 140 138 141 158 163 161 165 164 162 161 162 160 163 146 123 123 138 147 149 150 153 147 138 143 152 149 132 130 139 147 143 147 152 151 147 133 134 147 154 159 165 171 172 172 167 166 151 116 107 134 146 147 150 144 148 151 144 137 144 149 143 121 119 140
255 161 159 161 164 168 168 170 171 168 168 166 165 163 165 168 164 157 153 154 154 149 141 136 141 146 150 146 138 132 134 140 154 169 174 170 167 165 164 164 168 171 171 162 150 133 134 144 154 152 146 145 141 147 156 157 134 125 132 139 141 145 150 146 138 135 143 149 155 158 159 169 174 168 155 146 147 138 122 121 134 145 144 139 143 151 149 143 152 156 146 115 106 134
255 159 160 161 157 157 166 170 167 168 167 163 164 162 158 161 164 159 152 149 145 136 127 117 128 144 152 150 141 135 138 145 158 166 173 172 169 164 168 171 171 175 170 162 154 140 125 132 150 147 138 138 142 144 146 147 143 146 143 136 142 151 147 142 138 140 145 145 161 170 162 167 166 168 162 139 133 135 136 136 133 134 130 125 131 145 146 142 148 151 144 125 115 125
255 154 157 158 154 155 163 162 151 150 158 162 158 146 138 145 154 154 147 138 131 130 128 119 126 139 148 153 147 139 135 143 154 161 162 162 165 165 165 168 167 168 164 156 146 146 145 143 144 140 143 148 144 144 143 147 151 148 149 143 143 144 144 145 139 136 144 144 153 162 155 161 159 160 153 139 136 140 142 147 137 136 137 128 128 144 148 153 150 152 145 139 140 134
255 144 153 153 153 158 160 159 152 143 148 156 149 135 131 140 146 149 148 139 131 137 137 133 140 145 147 150 143 136 132 136 146 156 163 166 164 167 166 166 162 159 160 149 129 131 147 150 141 135 143 151 155 156 149 153 151 142 153 155 150 146 146 141 133 132 140 147 152 150 149 156 165 160 133 129 140 144 136 135 128 128 127 126 135 144 135 137 147 151 137 143 139 114
255 139 147 151 153 157 154 151 146 138 139 146 139 133 138 143 150 153 149 142 142 148 143 144 145 142 144 148 150 150 149 143 141 138 151 161 160 158 160 158 150 152 151 139 128 136 147 146 135 142 156 166 171 176 162 152 141 135 149 147 146 147 139 130 132 140 137 142 156 155 150 144 145 146 144 149 147 146 142 141 131 127 122 117 131 148 147 143 148 143 132 132 115 83
255 142 141 142 145 147 146 145 138 135 140 143 138 137 140 138 146 155 158 148 144 143 140 145 143 138 143 150 162 165 165 155 143 133 136 146 154 158 162 156 144 147 150 140 136 142 148 142 128 143 169 184 184 192 182 162 145 140 150 137 129 137 135 123 126 147 147 148 156 149 139 133 136 137 153 163 148 140 147 144 140 145 146 136 134 149 151 152 147 144 148 139 122 84
255 151 139 134 141 146 145 146 144 144 147 147 146 146 140 130 137 151 152 147 145 137 137 140 136 142 149 154 160 157 158 154 145 138 135 141 149 154 154 149 152 156 151 149 151 143 141 146 143 149 171 181 177 193 182 155 148 142 144 136 127 136 137 127 134 157 165 158 151 150 148 134 133 135 140 150 150 142 143 139 135 138 137 139 136 141 148 155 153 155 151 148 142 102
255 153 144 140 149 154 152 149 146 145 141 140 143 148 145 140 143 150 146 143 143 136 137 137 138 153 159 160 161 158 155 149 145 144 145 140 138 145 152 150 156 162 148 151 157 155 150 144 148 153 173 189 187 195 168 144 147 149 149 145 138 138 137 137 147 155 149 152 148 143 147 138 124 130 144 151 148 138 142 146 138 137 137 140 144 144 146 153 161 163 155 148 137 95
255 148 148 143 147 152 152 150 151 154 140 127 134 144 147 149 148 148 144 143 132 123 134 144 146 156 162 165 163 160 157 151 144 142 145 147 144 150 153 150 153 159 157 163 162 157 152 141 142 142 154 172 178 180 153 145 144 148 153 146 142 137 134 141 146 148 152 154 142 137 133 123 122 135 146 143 140 139 142 152 149 145 146 149 146 147 151 152 156 153 155 149 139 101
255 146 154 152 149 149 149 146 148 154 148 138 136 135 137 146 149 155 144 134 122 111 135 150 146 154 160 159 159 155 150 151 148 141 135 145 151 151 151 153 151 151 157 164 164 166 159 142 143 143 141 151 156 155 149 146 137 138 145 145 150 147 140 142 154 157 153 150 143 147 138 125 123 139 142 127 139 147 150 155 146 144 148 149 145 154 162 163 159 152 148 142 144 129
255 129 143 150 149 144 146 143 144 145 139 134 125 126 136 149 148 153 146 135 125 118 137 137 134 148 155 154 153 150 146 142 140 145 143 143 145 142 139 149 154 150 146 151 157 166 161 151 155 142 138 141 137 140 152 147 129 136 142 143 148 148 144 136 148 162 160 155 156 153 143 133 132 143 139 133 143 143 146 152 148 144 142 144 147 147 140 151 160 163 154 133 131 146
255 108 125 140 145 146 148 142 140 135 128 128 123 133 146 148 140 141 144 146 146 140 144 136 133 138 143 152 152 147 146 135 131 138 140 136 134 139 143 137 142 155 152 151 154 157 151 152 156 148 142 138 136 143 149 147 134 140 151 152 150 156 157 143 149 156 156 152 147 145 134 123 132 143 140 135 137 147 147 144 148 150 149 146 145 140 141 150 154 154 152 135 139 152
255 100 122 145 147 141 138 133 143 152 148 141 140 150 151 145 142 144 142 142 144 147 149 143 138 137 138 139 140 141 141 134 136 138 140 145 146 143 139 131 133 148 156 153 152 150 146 149 142 135 134 139 145 146 145 148 141 143 152 157 161 161 158 154 161 159 152 148 139 139 127 98 99 124 137 129 132 148 142 141 144 148 148 138 141 142 156 164 151 151 151 140 150 153
255 98 125 150 150 137 136 132 137 153 158 151 149 154 148 145 144 142 139 142 138 140 144 138 136 139 139 137 135 131 133 138 141 144 143 148 154 147 130 123 130 143 146 127 116 126 141 145 135 131 129 130 133 135 136 137 143 152 160 167 170 167 166 167 166 165 161 152 146 142 123 96 84 108 140 145 145 149 144 141 144 149 146 140 144 142 149 147 138 147 149 137 142 153
255 116 131 142 145 146 149 148 146 153 155 154 151 145 142 147 145 144 137 140 142 141 144 139 134 135 132 133 138 139 142 147 144 141 143 147 143 139 134 135 140 147 146 123 99 115 140 144 143 145 144 137 133 137 146 147 156 167 167 168 170 174 169 169 168 157 143 129 121 118 116 116 110 127 154 152 148 148 143 134 141 140 135 142 152 145 139 138 144 141 140 142 151 157
255 135 138 139 138 142 145 146 152 158 154 155 154 149 146 145 145 152 149 142 152 155 150 143 135 130 131 133 137 138 140 142 142 141 147 149 145 149 154 152 153 152 152 149 132 133 146 142 135 145 151 147 141 140 146 149 158 160 163 160 162 171 161 164 160 139 111 87 76 75 89 108 118 135 157 152 144 140 131 136 141 127 127 139 150 145 140 141 136 131 140 139 149 149
255 255 144 143 138 137 141 145 149 154 152 154 154 156 151 143 142 145 150 148 152 158 149 137 134 135 136 137 144 144 139 135 144 153 162 164 163 169 170 166 160 155 153 156 155 154 148 130 128 141 146 152 152 150 151 148 156 161 164 167 170 168 158 158 143 107 72 56 67 73 83 104 125 142 152 155 149 146 142 143 135 131 141 143 140 143 138 140 145 146 150 143 151 155
255 255 147 145 146 145 146 144 143 150 156 160 157 156 145 139 145 149 155 154 144 143 144 141 139 135 137 138 149 155 150 144 148 157 167 173 173 170 170 170 171 174 167 163 164 160 151 124 107 118 131 142 149 161 164 158 165 166 159 163 166 154 143 143 130 90 58 57 84 90 97 120 142 149 141 145 141 148 154 145 136 135 147 147 143 150 147 146 146 153 149 131 143 162
255 255 146 148 154 155 154 147 142 150 154 156 155 153 145 139 146 155 158 151 140 138 146 151 147 143 139 137 148 151 150 156 163 170 171 173 171 169 173 168 167 173 171 174 173 160 156 124 88 96 118 139 153 166 164 164 167 161 162 168 160 150 144 136 110 67 54 63 74 86 106 129 135 135 135 137 131 141 153 149 142 141 151 145 143 146 147 145 138 143 146 139 151 153
255 255 151 147 147 143 143 143 139 146 154 158 152 148 146 146 151 153 149 150 146 145 147 149 149 146 144 143 149 155 163 169 170 171 169 174 173 172 172 166 164 168 173 177 170 159 151 115 74 77 108 143 156 162 159 166 167 162 167 169 161 153 143 117 77 41 39 49 57 87 120 142 133 134 146 143 141 143 150 149 145 147 151 145 146 147 144 142 148 150 155 162 162 145
255 255 148 149 150 138 137 144 141 139 148 157 152 143 142 144 146 145 146 151 151 152 147 145 148 143 139 142 147 161 170 171 175 167 166 174 170 167 169 171 178 178 175 172 170 166 156 119 74 71 112 147 160 166 165 170 167 165 167 159 149 135 115 76 41 28 29 41 67 108 131 143 150 155 160 159 160 156 147 140 147 150 152 146 138 142 144 148 158 153 154 147 143 143
255 255 154 153 153 149 147 149 144 143 150 153 151 145 143 139 134 141 147 148 147 151 143 138 141 137 133 145 156 167 168 172 179 164 162 171 168 166 166 169 170 169 169 164 169 168 156 123 82 85 127 147 154 166 168 166 160 167 156 132 109 83 71 47 27 26 42 72 108 137 147 147 155 158 154 155 156 158 145 132 140 136 141 151 145 149 150 153 156 151 143 135 135 136
255 255 166 164 156 151 147 145 139 140 151 147 146 146 147 143 134 135 136 140 148 153 140 127 135 142 142 153 162 167 166 168 166 153 147 159 167 170 170 169 164 169 170 166 168 164 155 126 87 95 133 147 155 164 164 162 159 165 132 83 65 54 57 48 53 69 92 121 136 138 149 153 155 164 158 155 153 159 160 153 148 146 145 148 146 152 148 145 154 146 116 113 125 132
255 255 158 154 147 144 138 132 127 133 146 146 146 148 150 151 148 142 136 140 146 148 139 133 143 150 156 167 167 169 173 173 171 164 146 154 171 176 173 170 172 177 170 166 160 155 150 121 88 103 134 150 160 165 163 166 160 157 120 65 48 41 54 71 94 111 127 144 150 150 156 161 163 169 164 163 160 165 168 164 150 149 146 148 147 144 137 139 139 112 92 113 133 141
255 255 255 147 143 143 142 133 123 131 144 142 140 147 146 142 139 127 126 133 141 151 152 153 151 154 165 174 176 176 175 169 170 164 146 155 173 174 173 175 180 178 171 170 167 156 133 99 83 110 135 154 167 175 174 172 163 157 127 72 48 42 66 103 121 131 142 145 156 163 159 163 168 168 162 158 156 159 158 154 148 148 148 149 142 141 134 133 119 89 95 123 142 146
255 255 255 148 150 150 147 144 140 145 148 136 130 135 130 127 111 91 109 137 148 154 158 159 156 165 169 166 171 174 169 166 169 164 147 145 162 170 168 167 174 178 177 170 171 159 126 89 81 114 140 158 165 167 172 169 164 162 134 67 38 50 99 137 143 142 147 149 152 154 150 159 163 162 159 158 162 160 153 155 155 151 148 138 137 148 141 131 118 98 95 111 138 140
255 255 255 150 146 148 143 146 151 151 152 146 141 142 133 124 104 94 120 149 157 156 160 161 159 164 167 168 172 170 170 170 174 172 162 151 157 170 174 176 176 169 167 160 160 161 137 96 85 116 145 152 155 159 162 166 158 157 145 85 42 59 122 154 158 151 142 147 151 155 157 158 154 155 166 171 167 157 149 157 157 142 135 132 142 152 144 143 148 132 109 110 124 130
255 255 255 158 149 151 150 146 143 133 133 136 133 133 129 126 125 133 146 153 157 159 163 164 167 169 165 164 169 168 171 172 172 165 165 163 168 172 169 176 175 167 168 166 162 160 153 118 94 111 143 140 143 154 155 157 152 155 152 105 51 61 126 156 167 167 158 149 150 157 161 156 158 161 167 166 158 154 143 137 140 129 137 145 144 141 141 153 159 149 134 133 133 134
255 255 255 158 149 146 145 139 122 107 113 124 132 133 132 135 146 154 154 153 159 167 171 167 166 170 174 173 169 165 171 173 177 174 172 171 173 174 170 175 172 168 174 172 167 166 162 136 102 100 132 144 152 157 161 160 155 163 151 118 74 78 127 152 161 162 160 143 144 156 154 152 161 161 162 166 164 160 152 132 136 135 143 144 140 136 137 146 143 145 150 149 146 149
255 255 255 159 154 150 146 137 114 104 117 129 143 149 148 149 158 158 154 158 166 173 175 173 175 173 176 177 170 170 175 174 176 175 171 169 173 175 170 172 168 171 172 163 164 167 165 152 111 100 134 153 159 160 164 168 165 165 152 133 91 84 124 147 157 157 151 143 153 152 141 149 155 158 161 161 153 149 151 142 143 138 141 137 134 135 146 145 131 136 145 147 150 142
