example/E5 - XRays/X-ray-tomography/rastert_juap27.txt
ncols         356
nrows         356
xllcorner     -0.5
yllcorner     -355.5
cellsize      1
NODATA_value  -9999
[rows 42 to 83 of 356, columns 94 to 187 of 356]
133 141 142 140 135 145 153 147 134 112 103 107 114 121 121 121 117 113 120 131 139 149 150 146 142 144 144 144 138 135 144 147 147 145 147 145 137 139 137 141 150 145 131 143 152 140 142 152 143 140 145 143 152 151 143 146 143 143 150 164 170 167 158 153 150 128 128 148 157 156 149 144 155 157 163 155 134 130 135 143 138 134 135 107 99 117 127 127 134 137 136 138 142 148
131 137 138 141 143 148 156 157 143 122 116 110 102 122 128 126 117 94 96 124 132 139 145 146 148 150 138 137 144 142 142 143 140 141 140 141 136 134 137 138 141 144 139 143 146 139 137 142 143 144 141 142 155 149 148 156 149 140 140 152 168 166 157 151 149 128 122 137 143 149 152 156 166 163 160 157 132 125 132 127 134 138 138 123 119 128 130 125 127 132 131 135 147 149
113 129 136 139 149 157 157 159 149 135 124 108 106 127 127 112 105 96 103 122 133 145 154 154 153 153 137 137 151 149 134 134 139 141 141 144 141 133 138 138 132 141 147 142 139 139 130 136 149 148 138 140 156 159 174 190 168 150 148 147 156 156 157 157 149 126 109 111 124 134 140 155 166 165 155 151 136 136 146 126 118 132 137 133 126 123 123 124 135 131 128 139 141 140
92 114 131 137 147 153 155 157 150 140 123 114 126 133 119 98 87 110 133 140 142 156 168 162 154 155 141 142 143 133 129 134 138 142 137 140 144 137 132 142 138 141 146 143 139 136 127 143 149 136 130 129 148 172 198 214 184 152 146 140 142 147 152 155 155 143 125 122 128 132 130 142 156 157 147 145 142 149 156 140 126 123 126 127 126 126 122 119 132 123 119 138 137 135
104 112 130 143 148 150 155 156 148 141 132 120 120 118 114 105 97 122 150 157 151 158 163 166 163 164 144 138 139 130 134 143 139 138 136 142 152 142 128 138 135 139 150 148 145 145 137 143 138 123 123 124 142 174 204 216 182 147 139 137 141 142 149 148 151 150 133 133 141 145 131 121 131 147 148 145 153 164 160 158 139 109 108 113 125 132 128 118 122 122 126 142 137 136
136 130 133 145 150 151 153 153 141 130 134 115 96 96 105 114 122 129 157 169 158 163 166 166 163 160 147 140 137 139 139 145 141 139 139 141 147 143 134 137 135 139 148 145 142 149 147 146 140 131 131 135 144 161 197 205 170 142 136 136 142 139 149 146 140 140 122 120 138 149 137 116 125 149 160 151 155 166 160 166 142 91 84 102 125 132 130 123 123 132 138 146 140 139
145 142 140 149 153 150 147 143 137 124 126 116 99 100 115 123 131 131 152 172 166 163 171 171 163 160 150 149 144 139 134 139 140 139 143 140 132 130 137 141 140 141 145 147 147 148 148 149 148 143 148 152 153 152 171 177 156 138 136 131 127 134 142 139 132 127 114 107 123 141 144 132 143 151 156 153 155 161 158 157 124 68 61 89 123 132 125 121 122 138 143 139 138 141
143 140 142 152 155 147 139 137 135 123 121 124 120 123 132 129 131 128 140 164 174 170 167 169 161 162 158 158 153 141 135 135 138 142 147 144 123 117 132 138 141 144 140 144 151 147 147 145 148 147 155 159 163 152 146 150 149 134 135 141 134 136 133 132 139 131 118 109 112 134 142 133 145 149 145 152 157 157 160 155 112 56 55 77 109 129 120 113 122 142 142 135 134 134
142 145 144 151 157 152 138 136 135 127 131 129 126 135 143 135 130 136 142 154 167 173 169 171 163 161 162 158 154 148 143 139 141 142 144 145 135 132 140 138 141 147 131 138 152 148 145 145 147 155 164 163 163 157 153 154 152 138 134 141 142 135 133 138 145 140 125 125 124 135 126 109 128 143 141 151 157 155 153 149 108 65 72 84 106 128 127 119 130 144 130 133 139 135
141 144 146 156 154 149 135 129 127 127 139 130 128 138 144 145 134 130 131 144 156 167 169 170 165 160 163 153 148 151 145 141 151 150 144 142 147 141 142 145 149 147 122 134 151 144 142 151 148 153 160 162 156 154 154 152 148 142 143 137 141 136 142 143 138 139 127 134 134 134 122 103 120 134 137 144 149 150 139 123 87 72 102 114 125 140 139 128 137 138 122 132 137 133
132 125 133 150 141 136 132 121 116 123 135 133 139 141 144 151 134 96 83 114 149 165 167 170 162 162 164 148 144 150 149 151 155 148 148 146 145 139 139 151 153 144 120 137 145 135 142 158 155 153 149 157 157 158 157 154 148 135 142 141 143 139 133 133 136 138 133 146 138 128 129 132 132 126 130 126 123 125 117 93 77 92 125 139 141 142 138 133 140 135 122 132 138 138
115 101 119 138 133 134 139 125 109 117 132 133 135 135 135 144 125 64 47 90 142 163 165 168 155 156 159 146 144 144 150 152 154 145 146 151 141 132 136 157 159 144 128 143 140 130 148 155 145 150 147 152 156 160 157 152 150 132 133 137 142 143 130 128 136 131 129 135 131 128 136 151 140 119 122 119 107 107 108 97 97 124 137 141 137 125 117 126 136 132 133 146 144 138
105 97 117 132 134 135 139 130 115 122 138 138 119 113 124 132 102 40 41 90 140 163 163 160 155 146 145 140 137 136 149 149 153 156 150 147 130 125 132 146 157 151 144 145 141 139 153 159 141 145 148 156 154 152 153 148 148 142 138 139 142 145 138 135 141 133 133 139 139 143 147 147 132 118 120 120 114 116 124 131 127 137 144 135 121 106 98 106 126 125 133 147 140 129
115 105 118 132 140 136 140 140 138 142 148 153 134 110 119 130 78 29 62 108 139 160 162 156 156 144 140 138 135 145 152 144 148 152 149 138 123 129 143 143 147 150 151 154 149 148 158 162 147 148 142 150 148 139 146 149 146 147 147 150 147 150 144 131 133 140 145 151 149 141 141 145 133 121 118 114 123 128 123 132 137 143 150 143 131 116 107 98 114 123 133 139 129 119
128 122 122 123 135 128 137 151 150 151 153 158 148 120 116 123 76 54 98 129 139 151 161 157 147 135 133 133 133 143 150 144 133 125 124 118 120 132 147 144 143 147 152 160 153 150 157 162 153 154 144 141 140 135 144 150 148 146 146 149 146 145 135 120 128 143 143 144 147 136 129 148 138 129 129 118 133 136 114 120 143 152 142 144 145 133 127 102 109 123 131 137 127 120
133 133 128 114 126 127 134 155 156 156 163 164 154 127 119 117 85 87 125 142 146 152 154 149 124 112 123 134 138 141 142 139 129 114 110 122 140 143 147 146 139 146 152 154 155 155 159 163 158 154 149 139 139 141 147 152 150 147 147 144 138 127 109 108 129 131 129 138 141 138 131 146 142 134 133 127 135 140 128 126 139 152 141 143 155 140 137 116 113 114 121 132 129 124
132 133 128 119 127 137 140 152 154 154 163 160 144 122 119 112 88 94 128 144 151 152 142 132 113 113 132 144 143 138 137 137 135 128 123 127 143 142 144 149 142 149 153 145 148 158 158 158 154 153 155 153 158 150 144 149 141 143 155 153 140 133 111 99 119 120 118 128 128 135 140 144 150 147 139 131 133 140 139 131 132 147 151 143 147 141 140 132 126 123 126 133 135 128
128 137 130 126 132 143 145 144 136 129 141 142 115 103 117 116 90 91 124 137 145 148 146 138 121 133 147 149 147 134 139 141 135 140 136 129 132 135 150 154 147 155 158 146 144 157 155 153 156 160 162 164 164 151 145 152 132 126 146 156 143 144 137 118 125 129 126 125 122 136 147 151 152 140 137 135 136 140 136 131 141 150 155 144 129 140 151 145 144 142 135 133 136 133
128 139 136 134 138 145 145 138 129 120 129 132 113 109 116 111 95 91 106 109 119 132 144 149 143 145 142 141 146 141 144 147 146 145 138 138 137 134 145 146 142 159 166 151 144 153 152 148 149 159 159 154 152 152 149 151 141 126 127 150 155 147 138 124 131 139 145 141 132 142 147 152 150 136 132 137 137 134 132 133 142 147 148 150 131 135 147 152 160 149 128 124 123 124
139 138 133 133 132 143 146 139 142 131 129 128 109 114 124 108 102 112 115 111 112 120 129 137 144 138 128 136 146 142 136 145 151 140 133 135 138 138 136 138 133 147 163 154 146 149 147 148 146 156 157 152 150 157 154 153 149 131 121 136 147 144 140 128 132 129 136 142 133 141 145 150 148 136 134 136 130 118 127 146 146 146 152 151 138 134 134 149 152 129 109 119 117 116
124 121 132 142 138 149 147 141 147 137 132 133 115 117 125 104 97 114 124 132 130 128 133 135 130 117 117 127 131 122 123 135 136 132 139 141 145 153 142 143 138 135 152 152 144 143 143 150 151 154 155 148 145 155 160 157 142 125 126 138 134 144 141 127 135 135 129 134 132 136 140 143 136 129 128 130 122 99 120 155 147 139 148 137 132 137 134 152 149 126 117 124 128 132
106 104 130 142 143 154 154 153 155 149 145 139 125 119 110 90 95 116 128 142 140 131 132 135 126 116 119 117 111 102 120 130 125 129 139 138 139 152 146 147 148 136 138 136 133 139 138 148 147 141 139 140 145 151 148 156 147 127 128 148 144 151 147 130 135 141 134 134 135 139 139 144 135 131 134 134 133 120 131 147 139 136 136 123 135 148 148 155 153 136 134 130 134 139
122 124 131 136 147 157 156 158 158 150 150 143 129 118 110 105 120 138 143 149 148 138 133 129 126 125 125 118 115 117 134 135 140 148 141 131 127 140 138 141 146 148 143 137 140 145 146 150 144 131 128 132 145 152 135 142 146 136 137 144 140 143 146 139 138 148 145 139 136 139 140 136 140 138 143 139 139 142 141 139 134 135 127 125 146 158 158 150 153 148 141 137 136 137
144 138 133 141 151 154 155 162 163 153 144 141 131 126 123 123 137 151 158 155 150 142 135 126 122 128 125 116 123 117 123 140 154 162 152 144 133 130 123 133 140 150 144 143 143 148 154 151 144 137 133 121 131 144 136 142 152 148 145 139 141 142 132 125 138 154 154 145 142 139 144 125 132 140 138 135 135 144 137 126 122 114 117 135 159 164 162 156 157 156 152 150 141 138
146 138 127 137 147 151 152 152 155 152 147 143 134 134 123 113 130 154 164 159 145 132 125 116 119 129 122 112 117 112 118 145 160 166 158 152 147 133 111 119 133 145 145 143 145 148 152 142 135 135 137 136 138 143 139 145 152 144 142 143 144 149 135 131 141 150 152 144 142 144 140 118 118 126 124 131 130 145 149 122 126 121 127 144 161 164 166 162 161 161 154 147 146 149
139 128 128 136 137 145 150 146 151 151 148 143 137 137 131 131 137 156 159 153 140 132 136 123 111 121 121 117 118 117 128 147 161 166 160 162 150 132 107 110 126 142 148 142 151 145 136 134 130 136 147 156 149 142 137 134 142 145 139 140 138 143 147 147 150 154 150 137 134 143 138 124 112 111 125 140 134 135 146 124 138 151 156 162 164 168 171 169 167 163 150 139 139 149
132 121 130 132 130 141 147 146 152 151 146 142 137 127 116 130 137 142 145 139 126 126 135 126 108 118 129 130 125 130 142 148 154 161 160 163 149 132 119 123 134 150 158 152 146 138 127 134 143 142 144 153 148 144 143 137 143 147 137 135 138 141 148 153 157 153 150 137 132 142 138 130 123 113 126 137 138 129 132 125 138 157 161 162 162 168 168 166 170 158 156 153 136 129
128 133 131 124 132 144 144 142 145 145 143 138 141 135 119 129 137 133 132 131 130 128 119 114 113 121 131 127 115 129 146 154 159 158 153 159 154 144 143 148 144 143 152 157 144 137 135 136 138 134 142 149 139 141 149 143 146 150 139 127 123 123 136 151 157 148 147 145 139 136 137 132 132 118 118 127 143 133 134 137 146 160 158 157 160 170 165 162 174 161 165 163 139 127
133 139 142 137 143 149 142 136 139 146 140 129 141 147 140 146 145 132 119 126 136 131 117 116 126 128 134 131 125 130 143 155 156 158 154 157 163 156 153 152 145 143 149 149 146 140 138 132 128 136 149 146 132 141 147 145 147 149 142 122 109 114 135 154 153 150 148 147 140 132 144 141 136 123 124 133 149 129 124 143 146 157 150 157 171 170 161 159 170 167 169 162 153 145
138 135 136 138 145 152 149 139 142 144 141 132 133 143 149 154 151 138 115 122 143 133 128 141 140 129 132 141 139 137 147 160 154 155 163 162 161 161 157 149 145 151 149 147 155 146 131 133 141 150 157 140 126 144 152 147 139 142 150 134 122 124 140 153 143 147 151 144 133 130 145 144 137 135 134 137 147 125 116 148 151 151 142 152 170 165 158 162 166 166 175 166 160 152
135 135 127 130 144 154 152 143 146 140 142 147 138 139 147 152 149 145 137 125 132 135 133 137 136 132 130 140 137 137 149 160 159 161 168 169 166 161 159 154 151 155 146 147 146 141 132 139 159 164 164 147 135 151 153 136 121 130 147 138 138 139 144 139 136 141 147 147 140 135 143 145 137 144 136 132 136 133 129 143 149 147 152 159 158 158 165 170 168 165 173 169 158 144
140 147 136 132 141 149 144 140 140 138 136 145 139 135 145 147 139 131 140 138 131 132 134 128 127 136 136 145 139 142 145 153 162 161 163 165 172 165 158 160 162 159 148 148 135 132 127 130 152 157 154 148 137 140 137 123 108 117 134 139 146 155 158 142 142 129 128 142 134 129 137 153 148 152 142 140 139 141 144 145 152 146 152 159 157 159 166 165 166 167 170 167 155 146
140 145 139 138 137 141 139 144 134 130 133 139 138 133 141 139 128 115 123 136 141 138 134 133 131 143 140 141 139 142 140 150 163 155 159 165 167 164 156 156 160 153 144 135 124 125 121 123 133 150 151 142 137 140 126 118 116 122 129 148 157 155 150 132 121 110 118 127 124 126 133 147 143 142 146 150 143 135 144 140 145 143 144 150 163 164 171 172 174 172 168 163 158 154
130 135 132 138 137 136 139 145 139 129 132 144 146 137 128 126 129 123 122 132 147 143 142 147 140 143 137 138 140 144 145 151 156 150 154 158 154 166 166 163 160 147 139 127 124 116 107 126 132 142 155 149 142 146 130 122 128 141 143 157 165 157 141 128 107 109 130 125 131 134 133 132 133 138 141 148 140 130 134 130 143 145 142 154 168 160 169 172 176 174 163 162 164 154
118 118 127 140 144 135 128 131 131 125 131 140 138 132 127 132 141 143 139 137 140 134 143 158 153 140 127 138 144 153 156 157 155 148 148 154 151 158 161 163 155 142 137 121 127 122 113 136 142 142 151 155 148 149 148 141 137 149 153 160 160 152 141 131 110 114 136 134 132 122 127 129 131 143 143 141 131 122 119 117 143 150 138 160 165 156 163 158 169 175 164 159 160 153
129 107 115 139 146 130 107 109 117 124 134 138 137 135 138 137 143 150 151 145 135 137 152 163 161 147 133 140 146 150 150 148 145 138 140 154 153 152 157 156 155 143 135 129 136 125 123 140 146 156 145 148 156 154 153 151 150 155 157 166 160 150 131 108 97 105 125 141 131 104 121 138 131 140 131 112 114 125 131 122 135 150 150 163 157 151 159 156 165 172 168 165 158 152
137 107 113 143 141 127 111 115 120 131 140 135 139 136 134 133 139 146 149 147 135 146 161 166 159 148 148 146 144 143 140 144 144 136 144 150 152 156 156 151 158 146 130 144 141 121 125 134 139 158 154 160 161 151 147 156 160 156 161 159 150 140 119 89 89 111 130 144 139 127 133 141 136 140 119 100 128 141 137 126 136 146 151 160 154 148 153 158 169 173 167 170 152 145
126 110 123 145 145 150 138 131 126 130 141 127 125 133 139 138 139 134 130 138 135 145 157 162 157 147 149 142 142 142 137 140 146 142 145 150 152 149 146 149 151 143 139 151 138 125 126 137 135 146 160 167 160 154 154 163 161 154 162 154 142 132 119 97 96 130 148 153 157 159 149 145 143 150 143 124 136 135 133 129 139 146 151 158 163 155 147 155 167 171 163 158 142 138
143 137 136 139 145 162 155 145 131 123 128 112 113 125 136 132 122 124 125 129 132 138 152 159 154 146 143 138 142 138 139 141 142 150 144 149 151 134 137 147 144 144 148 155 140 118 111 129 138 144 153 155 151 151 158 158 155 156 154 144 143 144 136 122 117 144 158 162 162 162 152 157 154 150 151 137 133 118 130 139 139 136 144 152 160 157 146 149 163 163 160 155 143 138
152 155 145 138 144 158 156 157 146 125 121 113 119 119 119 114 105 115 121 120 129 135 144 145 144 143 142 141 143 135 136 138 141 156 149 146 147 136 144 149 144 151 154 158 145 106 98 129 145 151 146 151 152 152 155 162 161 157 151 146 147 140 139 140 136 146 155 164 161 161 155 163 164 158 150 141 133 117 129 131 132 129 128 143 151 150 144 146 159 157 159 154 147 140
144 143 147 147 147 151 138 137 145 142 128 117 122 111 104 99 93 113 125 124 130 133 140 141 144 138 134 131 136 142 142 140 139 147 144 150 152 147 156 157 153 159 153 149 145 113 103 134 152 154 149 158 160 155 159 166 162 149 145 148 147 130 127 141 137 142 141 151 153 162 163 157 160 167 157 149 143 140 137 111 116 127 124 140 137 123 130 142 154 159 161 155 155 142
149 145 150 149 149 151 137 132 137 148 135 110 102 88 82 85 88 110 128 128 134 133 140 149 144 137 136 129 135 142 145 146 147 145 150 159 152 144 157 155 154 153 147 144 138 125 117 122 142 157 159 164 165 159 163 161 161 146 137 141 137 122 126 138 127 131 141 150 153 160 166 168 166 172 168 158 151 153 144 103 99 113 121 139 140 132 146 141 146 157 165 159 158 147
