example/E5 - XRays/X-ray-tomography/rastert_juap02.txt
ncols         356
nrows         356
xllcorner     -0.5
yllcorner     -355.5
cellsize      1
NODATA_value  -9999
[rows 252 to 293 of 356, columns 188 to 281 of 356]
169 166 162 170 176 176 179 171 164 160 161 155 167 173 162 167 160 161 170 176 171 164 156 148 137 155 156 159 177 197 193 189 178 162 163 169 167 160 165 164 172 178 169 160 172 172 168 171 162 172 174 169 170 174 168 155 163 166 160 169 171 165 164 174 173 176 180 177 167 161 171 162 162 174 169 177 187 186 178 167 174 180 176 168 167 162 163 170 172 168 171 169 164 168
171 175 157 174 184 184 178 165 159 159 164 153 164 168 150 153 155 162 175 184 170 160 160 164 153 153 149 149 170 196 195 189 170 168 170 171 160 160 167 158 155 159 161 156 160 176 175 174 164 172 173 157 168 179 180 165 164 162 155 157 169 174 166 159 162 173 183 177 169 165 169 175 175 180 177 172 168 171 169 164 166 172 164 167 173 173 176 175 169 173 179 171 168 173
170 179 160 159 168 172 172 161 161 175 182 168 172 168 154 157 154 159 174 177 166 163 155 161 166 162 147 146 167 187 189 191 173 169 167 166 157 161 170 164 163 158 169 171 158 166 175 166 154 169 179 165 163 169 181 177 169 165 160 154 162 175 173 160 152 162 177 175 175 169 168 171 174 175 164 160 160 163 172 176 172 177 168 171 183 183 173 174 171 174 182 180 174 176
159 176 170 167 175 180 175 158 171 180 172 176 169 147 132 145 144 149 170 165 161 174 166 164 169 158 143 149 167 174 183 182 178 170 155 152 154 162 170 175 169 164 172 175 165 160 171 174 167 170 172 172 167 159 167 167 163 165 157 149 154 166 170 166 167 172 182 178 174 166 167 168 161 166 165 168 173 169 177 183 173 173 173 168 169 175 165 167 170 172 180 179 168 164
162 169 164 180 194 189 172 148 158 166 156 165 147 120 114 120 131 148 165 165 159 165 170 165 157 156 144 152 171 172 172 163 167 171 164 164 160 153 156 167 162 167 169 169 165 158 169 175 174 176 177 180 172 163 169 171 166 167 164 162 157 160 164 166 164 170 172 171 167 165 176 174 167 175 179 175 176 164 163 167 164 170 180 174 168 171 166 169 176 174 177 173 166 160
159 152 139 164 192 196 185 168 161 167 164 153 130 99 91 103 134 150 157 166 163 158 160 168 161 157 154 154 162 162 166 165 167 173 171 174 161 167 172 159 150 158 163 168 163 156 166 161 157 171 172 185 190 176 165 170 161 161 172 177 161 161 164 155 156 165 168 164 161 154 171 175 161 169 180 175 168 166 161 166 166 166 175 171 172 176 173 170 175 176 170 162 167 165
162 161 157 161 182 192 180 167 158 160 166 155 132 109 100 115 147 154 154 168 164 158 162 169 166 153 165 162 156 158 167 166 170 167 168 172 159 174 175 163 153 155 160 165 156 152 163 169 173 180 174 196 207 184 168 169 166 161 158 164 167 167 171 164 158 160 167 166 165 156 165 175 167 160 169 176 168 165 163 178 173 168 175 168 162 168 168 162 162 173 176 165 167 172
154 154 170 163 174 179 156 156 163 171 172 162 148 144 147 149 166 166 155 161 151 156 172 171 172 157 174 170 161 173 175 166 177 176 172 171 160 160 159 163 160 162 166 168 168 168 170 169 178 187 189 207 216 207 183 171 168 160 156 162 174 170 172 175 164 151 157 171 174 171 165 168 169 158 169 179 169 168 165 172 176 179 184 177 165 161 162 169 165 172 179 169 164 172
160 160 174 171 166 166 154 162 174 184 172 170 166 164 168 157 149 162 163 164 157 160 173 167 166 158 166 159 155 174 176 163 170 178 176 169 174 166 156 160 159 163 165 168 177 179 170 163 173 184 188 197 217 222 189 174 170 165 166 160 168 164 164 166 166 164 164 171 170 168 158 156 164 163 168 175 169 171 166 165 168 174 181 181 172 164 170 178 175 172 172 172 168 173
169 157 169 181 171 166 166 168 171 177 176 177 170 173 163 158 153 166 165 167 161 173 176 157 160 163 160 166 166 173 173 164 168 176 177 175 187 181 163 162 162 160 165 168 163 162 158 159 165 173 179 185 205 203 181 173 171 166 159 149 159 154 152 156 162 169 168 163 170 168 165 165 168 169 165 169 170 172 167 161 159 163 168 175 173 173 178 177 168 166 173 175 173 170
172 161 170 187 180 183 178 166 166 171 177 177 163 169 164 169 167 168 158 162 169 182 172 153 158 170 166 166 170 177 170 173 180 172 170 170 184 186 172 165 154 148 160 173 159 154 157 160 169 172 179 187 188 182 172 172 172 169 161 154 159 162 156 158 161 165 172 160 164 171 173 176 171 168 159 163 170 167 163 164 168 169 164 164 163 165 169 169 165 163 176 176 176 165
162 168 181 187 164 169 176 169 174 177 173 181 175 180 178 164 155 166 164 162 169 167 160 165 172 173 167 165 162 171 171 164 168 172 178 169 170 181 183 181 170 157 160 162 156 162 169 166 170 163 165 167 164 170 166 174 176 172 168 166 171 181 170 158 163 175 180 164 159 165 170 174 166 170 167 169 176 174 174 172 167 164 168 166 160 159 155 155 161 175 184 177 173 168
158 176 189 208 187 174 180 162 152 159 160 171 175 171 166 153 161 176 181 174 168 168 157 157 169 166 168 170 155 163 181 173 159 168 173 167 167 174 171 180 179 166 164 152 150 163 172 161 160 157 164 164 167 169 167 170 177 175 165 161 169 178 176 173 170 174 174 165 170 171 177 178 170 163 162 166 174 172 175 177 170 160 161 167 166 167 160 159 164 172 179 176 167 171
169 182 196 225 221 213 197 172 162 155 154 166 170 161 164 160 167 169 165 163 157 170 166 154 153 164 172 173 168 179 182 175 161 158 163 167 166 168 163 168 166 163 165 159 159 166 167 150 150 152 163 164 165 161 169 169 166 174 167 166 163 157 163 174 177 174 170 171 174 173 172 174 174 165 157 161 170 172 172 175 170 163 162 172 171 168 162 159 161 158 160 165 167 168
169 179 190 216 227 227 199 180 169 159 156 160 162 163 174 170 168 170 172 168 162 161 156 158 156 168 167 173 175 183 176 177 176 167 163 172 171 166 166 172 170 170 170 163 162 163 148 140 151 155 157 164 164 159 163 164 160 160 162 165 166 155 159 165 173 171 168 175 165 161 161 170 168 174 172 165 173 177 173 177 173 169 167 167 166 158 151 160 161 156 157 157 161 165
175 180 194 218 225 229 199 176 169 167 165 162 162 167 174 174 177 179 178 163 164 162 158 160 166 173 158 158 163 179 177 178 171 165 162 165 165 159 161 168 174 173 167 160 158 155 143 146 160 162 152 156 162 160 157 163 170 165 158 158 170 164 163 164 170 172 167 165 161 164 170 169 168 169 170 167 168 171 172 175 173 166 165 163 164 157 145 151 159 166 171 169 166 164
170 173 192 208 213 207 170 162 162 167 172 166 163 168 171 168 173 176 174 163 176 168 159 165 168 179 171 165 164 164 168 168 161 166 173 169 159 156 153 161 179 178 170 171 159 149 154 161 163 154 151 157 165 162 158 165 169 168 151 145 158 173 169 160 161 170 170 165 173 172 159 157 166 169 167 164 166 163 165 166 169 166 164 158 159 156 158 159 154 162 170 174 170 166
170 173 193 194 187 157 134 149 160 166 165 166 167 171 166 159 161 159 167 166 178 177 160 157 158 168 166 172 166 160 174 166 159 170 171 166 165 166 157 156 172 178 170 169 165 166 164 164 163 154 154 158 161 164 165 173 167 169 167 162 161 168 168 164 163 169 167 155 166 174 156 153 162 165 165 164 167 163 160 164 164 165 170 170 164 162 164 163 161 164 165 164 163 163
165 166 175 168 166 139 135 156 166 165 159 157 161 169 158 154 161 155 164 165 163 175 162 160 166 167 155 163 165 166 175 163 153 160 161 156 165 178 169 157 158 175 171 156 166 169 160 162 164 156 157 153 157 159 161 173 169 170 173 168 152 150 158 163 167 161 159 151 158 175 168 159 158 157 158 159 165 168 160 159 158 164 175 175 169 169 164 160 161 169 167 161 161 165
173 175 171 165 160 126 135 165 162 163 166 156 159 167 160 161 164 154 158 170 175 177 158 163 168 176 169 165 167 163 162 156 149 153 162 162 160 167 170 169 165 168 166 154 162 158 147 165 166 157 160 154 152 151 152 166 171 174 167 166 155 146 147 151 160 154 160 164 162 169 171 172 166 158 150 140 137 144 142 136 145 153 159 161 154 159 159 160 163 162 162 162 164 167
177 176 167 159 160 140 148 169 166 171 161 157 167 177 175 169 163 163 161 172 186 171 156 164 160 163 167 169 167 167 168 171 165 164 169 168 160 162 165 171 168 166 166 166 163 163 156 162 161 149 154 159 159 159 159 160 164 169 166 168 164 152 140 138 155 157 161 171 173 166 163 170 177 172 160 145 119 107 107 97 113 127 128 140 140 145 159 160 166 167 167 167 163 165
175 170 164 156 157 168 171 178 174 173 154 151 174 179 169 157 169 175 161 163 172 161 161 164 163 167 171 177 162 165 169 174 167 161 177 176 157 159 163 160 160 169 170 172 167 161 158 153 156 143 144 158 157 152 162 168 170 163 158 172 165 154 143 136 147 154 165 165 165 169 165 159 173 177 163 148 109 78 84 96 107 122 124 128 140 154 167 172 167 161 166 172 161 160
171 167 175 175 173 186 187 195 200 185 166 157 170 175 160 145 161 171 162 160 164 159 162 156 155 171 175 170 155 165 172 170 169 162 176 182 169 164 163 155 162 169 160 165 168 161 157 157 160 153 151 161 163 144 148 162 167 165 154 169 163 157 147 150 160 155 164 174 164 168 164 162 163 174 171 161 131 101 108 129 144 154 155 153 154 169 177 178 173 158 154 168 166 159
162 160 177 183 185 209 212 202 199 178 166 157 156 167 170 164 164 167 165 166 169 157 168 163 151 163 162 172 169 171 172 172 178 175 168 172 172 173 167 151 146 156 159 161 161 164 164 164 164 160 155 158 157 146 153 157 156 160 153 168 170 164 155 155 171 166 156 166 162 168 166 165 163 172 171 165 163 147 147 160 168 173 168 171 174 184 187 182 177 168 158 164 169 166
166 153 177 201 195 209 214 203 193 172 165 160 159 173 178 174 171 164 153 158 167 156 160 161 159 168 154 160 160 162 163 171 175 173 164 168 176 177 170 159 144 152 165 162 161 159 156 157 159 158 150 155 158 159 167 160 156 161 158 167 166 166 164 156 167 169 162 162 160 167 170 165 162 164 170 167 168 160 159 161 158 165 165 157 178 196 191 177 171 167 163 163 168 165
169 156 176 202 207 209 202 195 197 174 162 167 153 162 169 172 166 160 148 152 153 146 154 155 157 163 157 155 160 167 168 172 169 164 165 175 176 169 161 161 154 147 158 157 153 153 153 158 156 161 158 159 169 160 156 156 157 161 164 169 167 163 164 158 168 166 165 169 167 165 165 164 165 163 166 165 163 159 161 163 160 159 164 163 176 194 188 172 165 161 159 156 162 160
165 165 180 191 207 211 196 189 194 181 171 176 161 157 159 171 169 166 161 157 158 159 162 158 154 161 168 165 157 158 173 169 166 169 169 174 171 163 159 153 153 151 161 157 157 159 158 163 157 162 161 154 159 160 155 150 158 165 167 166 165 167 172 165 168 166 164 169 174 172 168 169 172 167 164 158 165 167 164 164 164 166 166 171 175 181 179 172 169 164 158 152 157 157
159 163 174 175 185 187 178 179 189 187 175 172 169 160 161 176 169 162 165 161 166 165 157 160 157 161 171 174 156 148 170 174 170 161 166 174 173 167 163 156 155 159 160 156 153 155 163 164 159 164 161 156 167 171 162 151 155 165 163 161 158 165 175 165 162 169 167 163 168 177 170 167 175 171 162 155 167 169 169 164 158 167 168 167 173 172 168 166 164 164 159 156 157 161
158 156 171 167 175 171 167 177 181 182 173 170 168 162 167 175 163 153 157 158 170 165 154 159 163 164 162 177 164 160 176 181 177 160 166 171 169 166 159 160 162 165 163 160 159 159 166 166 164 164 153 158 164 167 164 157 160 171 168 165 163 167 172 159 156 164 164 158 160 166 164 157 162 169 164 162 175 176 167 168 163 161 162 160 169 175 166 159 155 160 166 169 165 161
154 161 175 170 175 176 169 168 173 180 175 166 165 156 164 170 162 163 159 155 165 168 168 167 163 165 152 161 169 166 166 169 171 160 167 175 169 163 160 161 164 166 166 165 165 163 168 166 165 160 151 158 162 163 162 163 169 170 164 164 164 166 162 152 149 154 169 173 166 171 168 159 154 158 161 161 162 169 170 167 164 162 160 160 172 174 169 165 157 157 160 163 163 160
160 163 171 166 165 167 165 161 165 173 172 163 164 150 155 168 162 163 166 164 155 157 164 164 158 159 155 161 164 152 155 162 159 152 162 174 169 173 170 166 166 165 167 173 166 157 167 170 168 153 148 155 164 162 165 164 167 173 172 168 164 165 165 165 162 159 165 176 166 164 164 163 156 155 159 156 155 157 166 166 160 163 163 156 162 168 166 172 170 166 165 167 165 160
164 159 168 170 166 157 158 158 160 165 162 164 163 153 156 167 157 144 153 162 159 164 168 164 157 153 157 165 161 153 163 170 167 161 168 172 174 180 178 175 170 166 161 169 160 154 157 164 168 159 153 151 155 152 159 163 163 164 170 174 161 156 162 166 165 165 163 174 163 156 157 158 160 154 160 158 155 154 161 164 160 161 162 158 153 161 155 167 174 170 167 171 168 161
176 164 166 171 165 152 156 165 178 168 157 173 166 154 157 159 148 132 136 152 162 162 164 163 156 157 161 171 174 163 166 165 164 166 173 176 180 174 167 170 171 161 159 167 161 156 158 163 166 166 157 153 159 160 162 164 164 163 165 170 160 160 162 166 163 162 162 171 169 159 159 161 167 154 152 152 156 156 159 154 155 159 159 158 149 155 154 161 165 166 167 167 165 155
187 170 159 166 167 154 160 169 189 175 154 172 163 148 153 162 154 139 143 152 168 174 168 156 153 166 165 164 172 160 158 165 170 170 171 174 176 167 157 165 165 153 157 163 162 160 167 170 164 153 145 144 158 162 165 166 166 168 175 173 160 160 165 169 163 161 159 165 169 163 159 165 173 169 156 152 154 152 153 154 152 156 160 161 154 158 160 155 161 164 164 160 162 160
183 172 159 162 165 161 168 166 177 174 158 171 172 158 155 166 160 155 162 170 180 174 170 159 156 163 158 156 165 162 154 164 167 167 166 169 175 165 158 166 166 159 154 159 156 152 164 168 152 132 130 138 151 151 154 162 164 166 175 171 160 162 164 169 167 167 161 157 166 172 164 164 172 171 162 158 153 153 153 154 155 153 160 160 162 164 168 159 157 161 162 155 157 163
172 165 159 152 162 159 157 157 164 169 165 171 168 167 163 162 159 164 172 175 169 159 166 165 160 159 160 150 160 164 152 154 157 161 163 166 172 166 161 164 166 163 153 160 160 146 151 161 143 126 125 136 144 146 141 144 153 162 166 163 160 167 167 171 174 175 171 170 165 166 167 168 170 165 164 164 159 158 159 157 159 156 158 166 165 165 164 157 158 163 159 157 164 166
166 158 157 150 164 165 164 166 164 164 172 177 161 158 164 157 160 167 173 175 162 166 166 163 160 157 163 148 150 156 157 153 153 158 157 158 168 164 165 168 165 167 155 160 166 146 132 141 138 132 130 142 149 146 144 141 149 164 164 156 159 176 187 186 189 192 177 168 162 159 164 169 172 169 166 164 160 156 156 157 160 164 158 169 169 165 165 162 157 163 160 155 158 164
165 163 171 158 163 165 171 163 159 167 175 179 170 162 166 157 158 167 170 180 170 170 166 155 149 161 169 160 154 151 162 162 167 169 156 153 164 159 159 159 159 169 156 158 158 138 114 115 132 135 138 145 153 158 155 138 142 154 164 155 166 183 195 198 204 207 187 171 164 153 156 161 161 166 161 163 161 158 158 158 163 170 169 172 171 159 164 168 159 155 155 147 152 161
166 173 182 169 157 161 169 159 156 166 170 168 165 164 169 160 159 169 165 178 172 160 158 152 153 160 163 163 155 150 158 155 167 172 158 154 160 157 164 157 151 167 161 163 159 134 118 117 135 152 156 151 152 164 166 150 147 152 166 161 164 190 201 200 206 204 185 183 181 169 160 159 159 164 161 163 164 162 158 155 163 170 169 164 164 161 157 166 168 159 159 150 153 163
161 165 168 165 156 162 166 160 156 164 168 157 158 158 162 158 160 173 162 170 167 159 156 154 158 154 156 159 158 163 158 149 159 161 162 152 158 160 163 155 152 169 171 170 164 144 130 135 149 157 161 156 146 159 168 161 154 161 164 168 166 190 208 211 211 201 181 178 184 178 169 164 162 164 163 158 168 164 152 151 161 165 164 164 155 154 151 158 169 164 156 153 151 158
161 162 166 164 164 157 164 160 153 157 166 156 164 163 161 152 152 167 165 166 162 165 161 150 149 144 149 161 167 167 163 155 156 158 164 155 168 169 167 159 161 168 173 168 162 159 157 160 158 159 162 157 149 160 170 164 157 168 168 158 160 183 201 199 198 193 173 165 173 170 170 163 160 163 164 159 164 166 152 147 156 164 162 168 160 150 149 147 159 164 150 151 142 137
156 158 163 167 161 151 155 152 153 160 165 160 162 162 162 155 150 153 156 158 162 166 160 147 136 133 140 155 157 158 159 165 160 159 166 166 176 177 174 173 167 173 172 161 159 162 169 167 163 164 166 163 158 157 167 167 161 164 168 157 161 174 183 179 179 183 171 164 171 168 164 160 161 165 163 159 157 161 153 148 153 155 156 160 159 150 150 147 155 162 155 152 146 135
