example/E5 - XRays/X-ray-tomography/rastert_juap19.txt
ncols         356
nrows         356
xllcorner     -0.5
yllcorner     -355.5
cellsize      1
NODATA_value  -9999
[rows 84 to 125 of 356, columns 0 to 93 of 356]
255 255 255 255 255 255 255 255 255 255 255 255 255 255 255 255 255 255 255 255 255 255 255 255 255 255 255 153 146 131 143 160 164 161 164 170 170 161 163 166 166 163 154 153 152 143 130 107 96 113 146 154 148 152 147 137 130 122 126 119 111 109 113 124 127 123 115 123 146 148 142 131 116 122 132 134 132 121 125 123 134 146 143 141 127 111 114 129 130 131 135 132 121 124
255 255 255 255 255 255 255 255 255 255 255 255 255 255 255 255 255 255 255 255 255 255 255 255 255 255 142 145 153 140 138 149 156 160 168 171 172 166 161 158 154 153 143 138 145 150 136 122 109 107 136 155 154 149 140 135 129 119 121 112 113 131 136 138 135 126 127 144 157 148 137 131 117 126 136 132 133 128 122 124 135 146 137 133 133 127 125 135 133 126 132 137 129 124
255 255 255 255 255 255 255 255 255 255 255 255 255 255 255 255 255 255 255 255 255 255 255 255 255 255 129 130 147 147 140 137 143 150 160 165 169 166 163 157 146 142 143 138 137 148 146 143 131 106 115 131 136 136 131 127 121 116 120 105 102 132 154 151 140 127 122 133 141 136 132 135 130 134 135 127 137 138 125 124 133 140 133 131 142 134 125 132 137 136 144 148 135 130
255 255 255 255 255 255 255 255 255 255 255 255 255 255 255 255 255 255 255 255 255 255 255 255 255 149 131 135 142 134 132 133 139 148 155 153 144 143 151 158 149 140 141 144 145 144 150 154 146 117 110 120 121 125 124 111 108 111 109 98 104 127 149 150 139 131 123 124 125 130 134 138 134 132 135 124 135 142 135 135 141 137 132 130 138 132 125 130 141 145 149 150 139 135
255 255 255 255 255 255 255 255 255 255 255 255 255 255 255 255 255 255 255 255 255 255 255 255 255 153 134 136 138 128 126 128 138 154 154 142 133 135 139 145 145 142 140 143 158 155 153 156 151 125 112 125 126 129 129 108 99 108 115 119 133 142 133 131 126 129 121 119 121 129 135 140 134 128 130 110 122 141 150 155 152 146 145 140 136 129 122 124 141 144 136 139 135 133
255 255 255 255 255 255 255 255 255 255 255 255 255 255 255 255 255 255 255 255 255 255 255 255 150 148 133 128 131 129 133 129 134 148 150 141 133 134 132 140 147 143 138 132 151 162 161 163 159 131 120 132 129 129 132 118 109 121 136 142 143 146 132 134 132 131 123 123 125 130 137 141 142 141 120 95 122 150 159 160 153 153 150 151 145 134 125 125 137 138 127 135 134 135
255 255 255 255 255 255 255 255 255 255 255 255 255 255 255 255 255 255 255 255 255 255 255 155 145 140 141 139 128 127 139 138 135 140 142 143 136 136 134 137 144 145 150 141 142 148 148 152 149 130 127 137 135 132 138 135 129 131 135 145 148 145 136 138 141 136 128 132 133 126 129 130 130 135 126 112 132 156 161 160 162 158 148 155 148 138 129 134 145 144 134 135 137 135
255 255 255 255 255 255 255 255 255 255 255 255 255 255 255 255 255 255 255 255 255 255 255 146 150 144 146 144 118 107 127 139 139 137 134 142 145 148 142 138 140 141 149 147 143 142 136 135 136 136 136 132 132 134 139 138 136 134 133 139 142 142 139 139 142 142 136 131 137 131 127 131 129 126 137 141 142 148 152 154 161 157 152 161 152 144 141 150 152 148 149 143 137 126
255 255 255 255 255 255 255 255 255 255 255 255 255 255 255 255 255 255 255 255 255 255 137 129 146 151 145 135 109 96 117 133 137 132 129 143 152 152 145 137 138 133 136 139 136 141 143 144 141 139 139 137 141 149 151 142 138 137 132 134 135 135 139 137 135 142 145 138 135 135 134 138 143 140 148 147 143 142 143 148 157 159 156 157 146 138 141 148 151 148 150 140 133 126
255 255 255 255 255 255 255 255 255 255 255 255 255 255 255 255 255 255 255 255 255 255 133 115 132 145 143 130 119 117 119 124 128 125 133 148 153 147 139 137 135 125 135 144 140 145 145 145 144 136 133 140 145 157 163 151 137 138 133 131 131 132 140 139 135 138 142 138 133 139 139 135 139 139 144 142 136 142 149 154 158 157 154 162 149 136 137 137 135 134 146 143 137 137
255 255 255 255 255 255 255 255 255 255 255 255 255 255 255 255 255 255 255 255 255 155 147 128 135 139 139 133 133 140 128 124 129 129 137 143 146 140 130 128 132 131 132 145 145 148 145 140 143 140 137 139 139 147 154 148 135 131 136 132 127 132 131 128 134 133 135 136 137 138 125 119 125 132 135 138 138 144 150 152 150 148 147 155 155 147 148 137 121 125 142 138 141 153
255 255 255 255 255 255 255 255 255 255 255 255 255 255 255 255 255 255 255 255 255 148 151 146 144 143 142 138 141 145 133 121 125 131 138 133 129 128 129 126 127 134 133 142 139 138 142 136 135 133 138 145 144 140 137 139 134 131 140 138 132 135 125 116 138 144 141 147 149 138 128 122 120 132 141 145 141 140 143 145 142 141 147 148 150 147 148 138 125 140 152 142 144 160
255 255 255 255 255 255 255 255 255 255 255 255 255 255 255 255 255 255 255 255 151 141 144 153 149 143 141 137 129 132 138 133 132 132 135 126 119 119 129 140 138 140 140 139 137 132 134 136 135 133 139 148 149 141 136 139 138 135 143 142 139 136 128 123 137 141 139 140 140 137 146 139 117 121 130 134 135 132 139 143 130 129 144 152 153 146 137 133 135 151 157 151 151 161
255 255 255 255 255 255 255 255 255 255 255 255 255 255 255 255 255 255 255 255 148 139 141 151 150 140 138 134 120 111 118 141 152 142 136 131 129 131 136 150 150 147 141 134 140 136 130 137 147 143 147 146 146 146 138 137 137 133 140 132 130 135 142 140 141 139 134 137 134 132 137 138 124 125 131 137 143 131 124 136 131 125 142 151 154 146 138 139 144 149 151 144 141 152
255 255 255 255 255 255 255 255 255 255 255 255 255 255 255 255 255 255 255 151 147 142 141 144 145 143 146 142 136 124 105 122 147 146 140 142 146 146 145 152 155 148 138 137 146 146 140 144 154 150 150 150 151 148 138 141 138 132 135 127 127 132 139 147 147 147 141 138 129 127 135 141 141 139 139 145 144 136 130 128 135 132 137 143 142 143 143 144 142 140 139 137 139 148
255 255 255 255 255 255 255 255 255 255 255 255 255 255 255 255 255 255 255 151 147 143 151 149 142 139 145 151 150 148 129 126 140 148 146 148 152 153 152 155 162 158 140 131 140 143 144 153 160 156 147 146 151 149 144 148 147 141 135 129 134 138 133 144 145 142 140 129 124 127 140 147 148 144 152 155 140 133 138 132 130 135 132 137 142 142 136 132 140 150 146 135 135 156
255 255 255 255 255 255 255 255 255 255 255 255 255 255 255 255 255 255 150 151 147 144 149 148 141 142 148 157 158 159 152 140 139 145 150 150 152 152 152 152 154 159 151 139 137 137 140 147 150 146 138 135 141 141 142 147 143 142 142 134 132 135 137 141 137 126 124 122 130 138 143 146 143 135 144 148 137 132 130 129 134 136 128 134 139 132 135 141 145 156 144 124 130 154
255 255 255 255 255 255 255 255 255 255 255 255 255 255 255 255 255 255 146 146 145 147 150 146 146 151 156 160 157 151 150 146 145 146 149 151 155 154 152 154 151 149 149 150 145 141 142 142 137 132 135 140 145 141 142 147 149 145 141 139 132 124 135 140 134 123 121 129 138 136 130 137 138 131 136 143 138 139 136 131 137 138 122 123 131 125 128 138 137 140 135 126 133 147
255 255 255 255 255 255 255 255 255 255 255 255 255 255 255 255 255 138 139 144 144 143 146 143 143 148 156 160 153 137 140 150 151 146 145 147 149 150 153 154 153 151 148 153 152 143 143 143 138 135 136 142 142 143 145 147 150 153 148 144 139 133 142 141 139 136 128 132 140 140 132 131 134 134 138 138 136 141 135 135 137 134 131 126 126 134 132 125 121 126 128 124 124 139
255 255 255 255 255 255 255 255 255 255 255 255 255 255 255 255 255 134 137 146 149 146 145 145 143 143 151 152 149 139 141 149 149 144 138 138 146 145 151 154 150 151 149 155 157 145 138 137 137 135 138 142 143 146 153 155 152 153 144 143 146 139 142 132 134 145 141 141 138 140 136 129 129 129 136 129 124 133 128 128 138 136 140 133 123 140 136 126 129 131 128 125 121 133
255 255 255 255 255 255 255 255 255 255 255 255 255 255 255 255 137 134 138 140 145 146 140 134 140 150 150 141 142 141 141 144 139 139 137 137 142 143 149 158 154 152 153 154 147 134 131 138 136 127 137 143 145 145 147 152 150 145 134 136 146 139 140 132 137 152 156 157 147 140 135 131 137 133 133 129 124 129 131 127 129 138 144 134 122 138 138 130 134 129 127 134 132 134
255 255 255 255 255 255 255 255 255 255 255 255 255 255 255 255 133 128 134 139 138 135 131 130 136 146 145 136 139 145 143 140 136 138 138 134 134 141 147 156 152 146 148 152 143 131 132 133 134 127 136 146 147 145 142 144 138 137 139 137 140 136 140 142 144 156 158 160 152 147 142 134 141 137 134 135 135 132 130 131 131 139 141 135 127 137 139 134 136 132 139 148 150 153
255 255 255 255 255 255 255 255 255 255 255 255 255 255 255 110 111 113 125 136 131 115 120 140 147 147 148 143 138 139 144 141 138 136 137 139 140 146 146 151 150 148 144 142 139 137 137 132 128 130 137 142 143 135 136 140 131 127 136 140 141 135 133 145 143 148 153 154 149 142 148 140 139 137 130 131 135 135 136 137 132 132 132 126 126 133 137 135 141 147 151 147 150 160
255 255 255 255 255 255 255 255 255 255 255 255 255 255 255 100 100 107 121 135 133 118 123 136 143 143 149 153 147 135 136 132 133 136 140 140 135 137 135 137 150 157 150 142 140 141 138 129 128 135 142 140 130 116 127 142 141 128 133 140 138 134 132 141 142 141 145 151 153 143 139 141 145 146 139 133 124 128 146 142 125 121 128 127 137 138 135 139 144 142 143 135 135 142
255 255 255 255 255 255 255 255 255 255 255 255 255 255 255 104 107 102 114 135 140 137 140 137 134 141 147 151 147 128 118 123 133 137 136 128 130 132 126 130 149 158 153 148 146 147 141 131 133 134 138 138 128 120 137 147 146 136 135 139 139 137 135 140 144 145 143 143 151 151 140 132 142 150 143 140 127 128 144 138 135 137 132 134 145 140 137 141 143 136 135 139 138 134
255 255 255 255 255 255 255 255 255 255 255 255 255 255 88 88 104 99 104 125 137 138 136 130 128 136 141 147 147 133 124 127 136 135 131 128 138 136 123 127 145 154 148 146 142 146 148 141 144 137 133 132 130 125 133 143 142 140 136 135 143 147 145 133 125 136 138 137 140 145 143 118 126 154 156 153 146 141 145 136 145 157 134 124 135 135 139 135 141 141 127 128 137 140
255 255 255 255 255 255 255 255 255 255 255 255 255 255 80 77 91 93 99 116 134 139 131 128 133 131 126 137 147 146 136 136 140 134 131 130 134 135 125 125 142 151 142 140 138 137 140 141 145 144 144 138 128 127 138 149 145 144 139 134 139 152 154 127 116 136 142 137 135 134 144 125 116 145 156 147 136 131 141 143 152 155 137 121 125 132 141 136 139 137 126 123 136 144
255 255 255 255 255 255 255 255 255 255 255 255 255 104 86 79 86 93 104 122 142 147 126 120 138 134 127 132 137 142 134 130 134 135 141 140 126 125 132 131 140 147 141 138 144 142 130 132 142 148 153 152 143 132 137 148 146 146 144 139 138 148 147 126 117 136 147 143 137 120 133 135 115 128 146 140 124 120 133 141 151 150 141 131 127 134 138 132 138 131 121 122 138 144
255 255 255 255 255 255 255 255 255 255 255 255 255 118 105 99 103 110 122 133 145 153 132 116 131 137 141 142 136 137 138 133 132 135 139 139 128 123 133 129 131 140 144 140 142 149 144 139 144 154 156 153 150 138 135 137 139 145 148 148 145 144 143 130 119 126 138 145 141 119 120 136 128 124 127 130 119 115 130 137 142 140 140 138 128 134 139 134 134 127 122 127 135 144
255 255 255 255 255 255 255 255 255 255 255 255 140 136 133 131 127 127 132 138 146 148 120 103 121 136 148 155 152 145 141 143 145 145 139 130 131 132 132 122 122 134 142 140 137 146 157 154 153 156 155 154 154 145 147 139 140 152 150 145 138 131 133 133 130 129 131 141 139 130 130 137 135 137 126 124 118 113 124 133 138 132 132 140 134 135 130 127 124 126 131 140 140 144
255 255 255 255 255 255 255 255 255 255 255 255 145 146 148 146 144 138 134 136 149 140 107 98 119 138 147 154 156 155 139 129 138 142 140 137 139 137 133 133 139 145 141 140 142 149 159 163 163 160 150 148 158 152 148 142 150 158 150 145 137 129 126 129 137 139 140 140 135 132 135 128 126 139 135 135 137 129 125 130 133 131 127 132 135 132 118 114 119 130 134 143 145 146
255 255 255 255 255 255 255 255 255 255 255 255 151 152 150 144 147 142 134 135 143 128 109 114 130 146 149 153 151 161 157 138 136 134 129 135 147 145 130 132 146 143 132 136 151 157 159 164 164 166 158 156 158 155 147 139 144 153 148 144 146 139 129 133 142 147 149 140 129 134 137 135 140 139 124 136 150 143 125 127 135 138 131 135 137 127 126 127 138 145 137 150 148 142
255 255 255 255 255 255 255 255 255 255 255 147 147 149 146 144 147 143 137 140 141 127 123 130 135 145 144 151 150 153 156 142 134 129 119 127 140 143 130 125 142 145 137 144 161 165 158 164 170 170 165 161 160 157 152 140 136 148 148 144 149 148 140 136 145 148 139 136 132 135 133 135 141 135 135 147 152 140 129 136 138 136 132 141 143 131 136 140 144 148 135 150 154 145
255 255 255 255 255 255 255 255 255 255 255 156 147 142 141 149 151 150 148 151 141 124 123 130 135 137 122 126 141 143 136 126 127 133 128 132 140 144 141 130 139 142 140 147 153 160 159 157 161 168 166 162 164 159 147 132 131 140 144 150 147 148 151 141 142 146 136 135 138 134 128 133 139 132 138 149 154 147 141 142 134 132 130 134 143 127 127 144 135 122 129 148 138 130
255 255 255 255 255 255 255 255 255 255 255 157 156 148 139 143 148 153 151 152 135 113 117 131 138 145 135 118 125 137 128 123 132 140 140 143 147 153 155 149 144 130 128 148 156 158 161 158 154 158 162 163 163 161 153 137 131 134 139 152 150 147 152 146 142 143 138 136 142 142 137 139 133 129 133 130 140 141 138 134 127 133 126 113 109 96 106 131 128 121 137 150 132 125
255 255 255 255 255 255 255 255 255 255 149 148 148 147 148 149 147 152 151 145 132 124 134 145 148 150 145 128 132 143 137 134 138 144 155 161 156 157 159 159 149 129 129 143 155 156 158 159 157 157 156 150 147 147 149 147 143 139 137 146 154 157 152 148 148 145 139 137 143 149 146 144 128 123 131 128 129 132 135 127 120 125 118 90 69 73 100 123 131 137 143 148 143 143
255 255 255 255 255 255 255 255 255 255 157 150 149 144 147 155 155 152 149 138 132 144 155 163 162 155 153 145 143 149 144 138 136 142 157 165 168 169 165 156 146 132 134 137 142 147 153 148 142 146 145 142 136 133 136 137 140 135 134 142 142 150 153 146 142 139 143 143 141 144 142 144 132 120 130 143 136 122 111 102 107 125 119 83 67 84 112 132 138 136 139 146 146 151
255 255 255 255 255 255 255 255 255 255 156 157 159 146 137 143 153 153 145 133 130 148 159 164 163 157 162 158 148 149 149 139 134 136 147 160 164 172 170 164 144 130 133 132 138 143 144 140 138 136 136 146 145 137 136 136 147 141 135 137 134 136 148 146 136 133 142 144 144 140 137 138 135 127 134 142 133 98 81 86 110 137 125 99 94 105 132 155 155 144 149 152 153 155
255 255 255 255 255 255 255 255 255 157 153 150 150 145 141 143 150 154 149 141 140 152 164 165 155 149 152 151 149 150 146 132 132 139 152 162 159 164 164 160 145 137 137 135 143 140 136 139 146 139 139 148 144 137 133 128 136 136 137 128 127 143 151 146 141 139 147 143 143 142 136 122 116 128 137 138 123 84 78 103 130 150 145 137 132 132 144 162 165 155 157 159 156 156
255 255 255 255 255 255 255 255 255 146 143 138 130 130 138 138 142 144 151 156 154 155 160 165 159 150 144 142 150 154 151 140 143 143 147 158 160 161 161 154 146 145 144 142 145 141 147 150 142 135 148 150 142 141 143 130 126 128 130 120 111 126 139 138 139 130 131 138 144 145 128 111 115 132 140 137 118 96 98 114 130 152 151 159 160 156 152 157 160 158 159 161 161 159
255 255 255 255 255 255 255 255 255 149 148 143 136 133 135 122 127 138 148 160 160 156 154 156 154 149 146 137 145 151 152 147 152 152 153 156 159 162 155 141 144 158 160 153 146 145 157 157 139 130 145 145 149 149 142 118 115 128 131 132 131 127 135 138 135 129 126 129 139 142 120 107 119 133 133 136 131 114 123 135 138 155 153 164 167 167 164 164 162 165 165 163 159 159
255 255 255 255 255 255 255 255 161 157 152 148 150 149 142 126 128 144 151 160 158 158 160 159 159 154 151 146 146 150 151 149 147 153 166 164 160 166 159 139 136 149 154 154 149 144 155 154 140 136 141 139 149 149 140 119 126 141 139 146 156 142 132 122 125 130 134 129 123 128 127 129 128 126 126 131 136 128 138 143 148 156 158 158 154 162 166 171 165 160 168 164 154 153
