example/E5 - XRays/X-ray-tomography/rastert_juap32.txt
ncols         356
nrows         356
xllcorner     -0.5
yllcorner     -355.5
cellsize      1
NODATA_value  -9999
[rows 252 to 293 of 356, columns 0 to 94 of 356]
255 255 255 255 255 255 255 255 255 255 255 255 255 255 255 255 255 148 147 154 157 153 143 131 124 115 115 113 121 138 147 151 153 147 135 128 128 131 138 134 132 137 142 149 148 148 152 146 137 143 146 144 147 147 137 131 143 147 147 148 137 127 137 146 145 138 135 133 143 147 139 138 143 140 143 146 149 156 159 153 146 138 140 141 136 145 145 150 142 118 105 123 135 129 116
255 255 255 255 255 255 255 255 255 255 255 255 255 255 255 255 255 255 148 154 156 152 143 138 142 142 144 143 147 150 147 145 145 143 134 121 110 100 102 109 109 120 131 138 139 147 146 141 141 144 135 128 140 143 136 129 136 140 139 140 146 138 138 149 151 149 147 142 147 146 145 151 148 141 145 154 156 153 150 152 139 124 135 142 139 146 141 142 135 117 96 108 117 101 99
255 255 255 255 255 255 255 255 255 255 255 255 255 255 255 255 255 255 152 154 146 138 138 140 144 150 157 160 159 154 152 147 136 131 133 132 118 95 82 85 89 100 115 133 142 150 144 143 142 141 136 126 134 135 131 134 137 141 142 141 149 141 143 152 148 152 159 151 146 141 143 156 152 140 144 155 158 159 154 154 134 119 135 142 138 143 139 146 151 146 135 141 142 119 108
255 255 255 255 255 255 255 255 255 255 255 255 255 255 255 255 255 255 255 150 143 134 135 138 145 154 160 165 162 154 145 132 119 118 129 138 129 116 112 97 74 77 106 133 145 147 138 139 141 141 136 121 121 130 135 143 147 149 153 152 148 139 137 140 135 142 154 146 138 138 143 147 145 139 147 159 160 164 160 161 146 131 135 132 131 138 141 150 160 154 150 164 171 160 131
255 255 255 255 255 255 255 255 255 255 255 255 255 255 255 255 255 255 255 154 153 141 135 142 154 161 160 163 158 151 143 126 114 121 132 142 144 145 149 140 109 84 95 124 141 143 139 143 148 147 138 117 103 117 139 150 153 153 155 151 144 147 132 125 121 119 128 131 131 143 139 128 139 146 146 155 165 164 158 163 156 139 128 126 121 124 136 143 148 150 155 173 177 176 157
255 255 255 255 255 255 255 255 255 255 255 255 255 255 255 255 255 255 255 255 146 138 138 151 156 154 155 156 148 138 122 105 106 123 137 148 153 158 151 150 142 123 115 124 140 148 145 147 144 140 144 125 100 111 145 160 156 150 147 147 147 152 135 126 126 122 124 132 130 135 135 122 127 136 140 152 161 165 166 166 153 135 124 118 110 121 135 140 145 156 169 184 187 185 179
255 255 255 255 255 255 255 255 255 255 255 255 255 255 255 255 255 255 255 255 148 143 142 144 142 143 153 154 139 117 92 78 87 113 137 154 157 154 145 155 159 150 145 143 143 143 137 142 139 138 143 131 106 110 141 148 138 136 137 143 147 146 133 132 136 138 136 134 131 132 139 132 126 130 139 148 148 152 157 156 147 130 120 116 125 133 133 133 139 159 172 189 191 182 175
255 255 255 255 255 255 255 255 255 255 255 255 255 255 255 255 255 255 255 255 255 144 145 142 137 136 146 142 126 112 100 87 82 101 136 149 151 156 155 159 157 157 157 152 147 144 138 139 143 144 137 129 119 122 137 128 111 111 126 138 137 141 133 132 144 147 142 137 136 135 140 140 133 135 139 145 138 135 141 137 133 137 141 135 137 138 127 122 131 152 171 187 185 182 170
255 255 255 255 255 255 255 255 255 255 255 255 255 255 255 255 255 255 255 255 255 148 153 155 146 136 139 137 129 126 131 123 106 106 132 144 150 155 154 153 153 161 158 151 149 150 140 128 133 142 140 141 144 145 141 129 120 116 124 136 136 141 137 134 145 143 139 140 139 139 140 133 132 143 143 151 139 129 132 123 125 144 150 141 141 137 127 122 123 144 174 185 182 181 171
255 255 255 255 255 255 255 255 255 255 255 255 255 255 255 255 255 255 255 255 255 255 151 154 150 145 146 152 149 141 143 145 135 113 118 143 154 160 162 161 163 161 150 153 155 153 141 118 121 135 135 138 146 153 149 148 150 139 125 128 139 141 143 150 153 146 141 144 145 146 146 138 147 161 152 155 143 131 121 107 116 147 157 151 148 136 133 132 130 148 175 179 180 183 179
255 255 255 255 255 255 255 255 255 255 255 255 255 255 255 255 255 255 255 255 255 255 148 147 147 145 142 148 152 152 149 146 139 114 107 135 152 158 161 159 162 160 156 153 151 152 146 130 130 137 131 136 151 153 149 150 155 154 141 135 142 145 147 151 145 142 138 142 141 142 151 152 164 169 159 158 153 147 127 114 123 141 148 150 143 134 142 143 143 162 181 176 175 175 170
255 255 255 255 255 255 255 255 255 255 255 255 255 255 255 255 255 255 255 255 255 255 255 149 148 148 147 150 154 157 159 150 136 114 103 128 143 146 150 152 160 161 159 148 145 154 150 141 145 144 136 143 155 155 154 153 155 152 141 133 140 143 141 137 134 136 135 136 129 136 151 153 154 159 162 159 157 157 138 126 130 129 131 144 143 134 148 149 151 169 178 173 171 163 153
255 255 255 255 255 255 255 255 255 255 255 255 255 255 255 255 255 255 255 255 255 255 255 152 150 154 154 153 157 158 160 154 140 117 101 125 140 139 142 149 158 159 161 150 147 154 147 138 142 148 149 157 159 158 155 149 146 148 148 141 145 145 137 132 138 141 148 144 132 135 146 151 146 149 158 159 156 156 146 129 129 124 123 136 137 121 131 139 140 148 147 148 152 145 140
255 255 255 255 255 255 255 255 255 255 255 255 255 255 255 255 255 255 255 255 255 255 255 255 141 143 145 148 156 154 153 154 144 114 101 126 139 137 144 153 163 168 165 154 155 155 144 137 141 147 154 162 157 155 150 144 146 149 151 146 142 140 138 145 152 147 149 145 136 139 149 156 155 155 163 163 156 158 150 129 131 137 134 135 127 104 114 128 130 133 127 128 133 135 140
255 255 255 255 255 255 255 255 255 255 255 255 255 255 255 255 255 255 255 255 255 255 255 255 255 137 141 148 149 150 151 150 144 128 132 146 142 139 152 158 163 165 159 150 155 155 142 129 131 139 148 154 152 147 143 146 149 132 128 136 137 138 138 138 138 139 139 137 138 143 149 149 153 157 162 162 158 157 155 143 143 146 141 137 129 114 122 127 129 136 128 123 121 126 140
255 255 255 255 255 255 255 255 255 255 255 255 255 255 255 255 255 255 255 255 255 255 255 255 255 146 143 140 135 142 146 143 142 147 152 148 139 140 150 154 159 163 160 155 151 143 119 103 119 132 131 137 145 145 142 142 138 118 120 138 142 139 136 131 132 134 137 147 150 145 144 146 155 160 158 156 154 159 162 154 147 143 145 142 133 125 128 129 128 131 131 139 140 128 137
255 255 255 255 255 255 255 255 255 255 255 255 255 255 255 255 255 255 255 255 255 255 255 255 255 255 144 142 143 151 154 145 141 143 143 141 138 139 147 150 157 163 159 154 150 140 119 115 128 124 107 115 129 133 129 124 132 130 135 142 140 139 139 137 140 144 146 155 151 142 141 149 153 154 148 148 157 157 157 151 136 130 137 131 125 124 124 126 129 129 141 156 142 117 125
255 255 255 255 255 255 255 255 255 255 255 255 255 255 255 255 255 255 255 255 255 255 255 255 255 255 148 145 147 151 152 148 144 139 140 139 136 132 140 145 151 156 156 155 156 147 139 139 139 124 100 106 127 122 103 100 127 146 152 151 144 146 146 145 143 140 147 155 145 138 142 149 154 156 146 149 162 160 155 138 129 138 144 140 133 128 120 121 134 140 146 150 134 116 125
255 255 255 255 255 255 255 255 255 255 255 255 255 255 255 255 255 255 255 255 255 255 255 255 255 255 255 142 142 145 148 153 153 144 135 133 137 128 119 125 139 148 153 158 154 146 146 150 150 142 122 125 139 130 111 97 118 145 154 155 147 147 145 146 144 137 144 146 142 132 136 148 159 160 149 148 157 160 156 140 138 139 130 129 131 131 119 121 134 136 136 146 141 130 125
255 255 255 255 255 255 255 255 255 255 255 255 255 255 255 255 255 255 255 255 255 255 255 255 255 255 255 255 148 145 145 149 156 152 134 131 138 127 113 117 139 149 149 145 138 137 150 159 162 164 151 145 144 134 120 100 108 127 133 145 151 149 145 147 145 139 143 139 143 134 133 147 156 156 154 151 152 156 157 151 139 122 102 101 118 123 122 131 132 124 132 141 135 130 120
255 255 255 255 255 255 255 255 255 255 255 255 255 255 255 255 255 255 255 255 255 255 255 255 255 255 255 255 150 147 146 151 160 161 145 138 138 136 132 131 141 145 137 131 126 133 151 161 163 159 147 131 135 146 138 120 113 118 137 154 158 153 151 147 138 137 144 147 145 135 134 144 146 151 161 157 150 150 154 152 142 133 107 98 116 120 128 133 117 111 126 133 130 127 125
255 255 255 255 255 255 255 255 255 255 255 255 255 255 255 255 255 255 255 255 255 255 255 255 255 255 255 255 255 153 155 155 159 157 151 140 135 138 126 117 128 134 131 131 127 137 154 162 159 156 143 127 135 155 149 136 129 131 148 156 159 155 148 141 138 139 140 143 139 135 140 140 138 151 159 159 160 152 146 153 155 153 136 121 123 123 133 131 119 118 122 121 124 129 129
255 255 255 255 255 255 255 255 255 255 255 255 255 255 255 255 255 255 255 255 255 255 255 255 255 255 255 255 255 155 146 143 149 155 151 133 131 132 117 106 117 126 128 131 128 135 152 158 154 151 142 135 137 146 144 140 143 141 143 151 150 145 141 135 140 140 138 145 145 146 150 144 143 153 155 160 160 152 154 157 156 149 138 134 127 125 136 136 131 122 115 116 124 121 120
255 255 255 255 255 255 255 255 255 255 255 255 255 255 255 255 255 255 255 255 255 255 255 255 255 255 255 255 255 255 137 136 147 155 147 128 124 127 125 111 108 114 118 127 128 126 138 150 152 151 143 137 143 143 140 140 146 143 134 142 141 136 138 139 142 143 141 146 152 152 150 148 155 157 152 156 153 150 157 158 153 150 146 144 134 130 133 132 129 117 109 117 121 112 118
255 255 255 255 255 255 255 255 255 255 255 255 255 255 255 255 255 255 255 255 255 255 255 255 255 255 255 255 255 255 255 135 145 149 144 135 128 133 137 125 120 124 116 121 130 124 134 152 153 150 145 144 150 148 145 145 145 148 141 144 146 138 133 135 142 144 143 143 144 145 148 151 156 154 154 160 149 150 159 156 149 155 155 152 139 124 121 121 123 125 131 137 131 129 131
255 255 255 255 255 255 255 255 255 255 255 255 255 255 255 255 255 255 255 255 255 255 255 255 255 255 255 255 255 255 255 141 145 141 136 134 133 134 135 137 141 146 131 127 138 139 140 144 142 138 145 147 146 146 148 149 146 148 149 151 147 138 129 128 136 144 144 138 141 148 150 154 154 155 157 161 153 154 156 149 147 150 153 157 142 119 110 107 112 122 132 134 133 138 137
255 255 255 255 255 255 255 255 255 255 255 255 255 255 255 255 255 255 255 255 255 255 255 255 255 255 255 255 255 255 255 255 154 147 141 139 139 136 135 141 150 159 151 141 135 138 135 136 135 135 148 145 139 149 155 152 141 132 143 149 144 141 136 138 141 143 134 135 146 150 153 156 158 159 154 154 154 155 155 159 153 140 146 151 138 117 113 114 116 120 123 125 138 145 140
255 255 255 255 255 255 255 255 255 255 255 255 255 255 255 255 255 255 255 255 255 255 255 255 255 255 255 255 255 255 255 255 255 151 143 141 144 147 148 152 161 161 148 137 131 134 134 136 130 133 148 146 146 150 141 137 138 131 138 141 139 137 136 139 140 138 131 137 145 145 150 153 159 160 158 160 159 162 163 165 156 142 152 156 139 114 115 121 125 137 133 133 144 139 128
255 255 255 255 255 255 255 255 255 255 255 255 255 255 255 255 255 255 255 255 255 255 255 255 255 255 255 255 255 255 255 255 255 255 136 140 140 143 148 154 159 152 142 138 136 133 132 134 125 127 139 143 150 138 114 118 139 142 135 132 133 131 132 131 127 119 117 130 135 136 143 149 155 157 155 153 156 161 161 158 160 158 157 162 153 133 126 123 127 141 133 130 129 125 134
255 255 255 255 255 255 255 255 255 255 255 255 255 255 255 255 255 255 255 255 255 255 255 255 255 255 255 255 255 255 255 255 255 255 137 142 134 131 140 150 154 145 131 126 133 130 131 132 125 130 136 140 146 134 111 110 125 132 125 130 135 127 125 121 118 104 97 118 134 141 147 147 151 149 148 147 155 158 158 156 167 176 172 168 150 136 128 124 126 125 117 117 126 134 148
255 255 255 255 255 255 255 255 255 255 255 255 255 255 255 255 255 255 255 255 255 255 255 255 255 255 255 255 255 255 255 255 255 255 255 138 139 131 130 141 142 135 126 125 137 137 134 130 126 133 135 132 135 139 125 112 113 120 126 133 137 128 127 124 122 111 100 125 143 146 149 145 140 141 145 147 153 156 155 157 163 170 171 163 144 143 131 114 111 107 99 109 137 146 150
255 255 255 255 255 255 255 255 255 255 255 255 255 255 255 255 255 255 255 255 255 255 255 255 255 255 255 255 255 255 255 255 255 255 255 255 150 139 133 137 131 132 140 139 144 147 147 142 137 139 140 131 132 140 135 124 123 120 118 132 138 128 121 114 118 120 113 124 134 137 145 141 134 135 142 145 148 158 160 161 160 161 156 149 149 152 137 111 101 91 83 105 141 142 140
255 255 255 255 255 255 255 255 255 255 255 255 255 255 255 255 255 255 255 255 255 255 255 255 255 255 255 255 255 255 255 255 255 255 255 255 255 143 140 135 125 129 138 136 139 142 144 138 139 144 146 142 144 150 149 139 138 131 117 127 137 133 118 110 120 125 129 125 125 130 135 137 144 149 151 148 146 154 155 160 159 153 145 137 139 144 142 125 113 101 96 118 146 146 138
255 255 255 255 255 255 255 255 255 255 255 255 255 255 255 255 255 255 255 255 255 255 255 255 255 255 255 255 255 255 255 255 255 255 255 255 255 146 144 141 131 131 137 138 142 142 137 126 138 152 150 152 153 153 149 142 138 136 125 123 132 142 135 128 130 130 131 119 115 121 124 133 148 156 159 155 150 150 152 160 153 141 130 125 133 144 143 132 125 116 123 141 149 149 144
255 255 255 255 255 255 255 255 255 255 255 255 255 255 255 255 255 255 255 255 255 255 255 255 255 255 255 255 255 255 255 255 255 255 255 255 255 255 137 134 135 139 143 143 144 146 137 129 144 153 152 155 151 146 142 137 134 129 122 119 122 139 150 143 137 136 127 112 114 119 122 129 139 151 155 153 154 150 146 151 144 135 128 130 138 146 143 135 124 119 141 154 150 148 145
255 255 255 255 255 255 255 255 255 255 255 255 255 255 255 255 255 255 255 255 255 255 255 255 255 255 255 255 255 255 255 255 255 255 255 255 255 255 255 124 142 149 146 151 149 149 145 141 146 147 147 149 148 149 141 136 136 124 115 116 124 142 155 152 145 145 143 129 127 122 120 131 145 157 151 142 147 152 150 152 139 129 129 135 140 143 140 135 136 135 146 155 156 147 141
255 255 255 255 255 255 255 255 255 255 255 255 255 255 255 255 255 255 255 255 255 255 255 255 255 255 255 255 255 255 255 255 255 255 255 255 255 255 255 255 145 147 151 155 152 155 150 140 136 138 146 151 154 152 141 144 142 130 130 128 129 135 142 152 158 162 161 145 134 124 129 145 153 160 152 136 132 143 153 152 143 136 138 145 148 144 130 129 140 141 138 147 155 142 137
255 255 255 255 255 255 255 255 255 255 255 255 255 255 255 255 255 255 255 255 255 255 255 255 255 255 255 255 255 255 255 255 255 255 255 255 255 255 255 255 146 146 151 150 149 153 146 136 134 143 152 155 152 149 146 150 148 146 147 134 122 120 134 147 155 159 158 149 135 128 139 145 144 153 152 135 127 145 158 154 150 140 137 140 145 143 134 136 145 144 136 137 141 134 135
255 255 255 255 255 255 255 255 255 255 255 255 255 255 255 255 255 255 255 255 255 255 255 255 255 255 255 255 255 255 255 255 255 255 255 255 255 255 255 255 255 150 149 144 145 149 146 139 143 148 149 148 145 143 145 149 150 154 147 133 132 136 141 137 136 142 146 148 144 138 138 139 143 151 149 146 149 152 150 155 153 133 121 108 109 128 145 152 151 145 133 130 138 134 129
255 255 255 255 255 255 255 255 255 255 255 255 255 255 255 255 255 255 255 255 255 255 255 255 255 255 255 255 255 255 255 255 255 255 255 255 255 255 255 255 255 255 147 141 142 141 135 134 136 143 149 149 144 142 149 152 151 149 141 138 144 148 146 140 139 142 138 134 140 144 136 135 147 155 149 142 142 131 129 145 148 131 116 91 83 118 148 158 156 150 132 133 150 141 130
255 255 255 255 255 255 255 255 255 255 255 255 255 255 255 255 255 255 255 255 255 255 255 255 255 255 255 255 255 255 255 255 255 255 255 255 255 255 255 255 255 255 255 145 140 130 129 132 130 140 152 150 142 146 152 152 153 153 146 137 136 141 144 149 149 144 135 129 131 139 134 137 149 151 143 132 129 125 124 136 142 127 122 105 100 128 151 163 160 153 139 137 146 132 127
255 255 255 255 255 255 255 255 255 255 255 255 255 255 255 255 255 255 255 255 255 255 255 255 255 255 255 255 255 255 255 255 255 255 255 255 255 255 255 255 255 255 255 255 139 135 137 135 130 138 144 145 144 147 147 145 148 151 144 135 135 141 149 147 139 141 140 134 130 136 138 145 154 150 139 137 141 145 141 141 139 131 122 112 116 136 152 162 160 152 146 141 139 128 125
