example/E5 - XRays/X-ray-tomography/rastert_juap09.txt
ncols         356
nrows         356
xllcorner     -0.5
yllcorner     -355.5
cellsize      1
NODATA_value  -9999
[rows 210 to 251 of 356, columns 94 to 187 of 356]
133 128 141 140 139 144 138 140 145 140 142 150 149 149 136 124 123 122 132 146 141 137 140 135 132 146 142 148 157 151 146 151 141 144 149 145 135 143 147 146 140 133 96 86 122 147 167 167 155 162 146 134 149 161 154 150 138 127 142 152 156 151 152 161 168 166 164 157 165 175 174 165 156 167 170 166 175 167 164 165 167 161 172 184 182 172 173 169 172 173 172 174 172 167
139 132 139 145 134 132 136 140 142 131 132 141 146 148 131 112 114 126 135 146 140 136 137 136 139 148 148 163 161 146 135 151 159 155 149 133 114 134 135 131 133 114 98 115 140 158 167 166 167 162 141 139 142 152 157 151 144 127 130 142 144 147 157 169 164 163 164 167 170 178 170 168 168 174 166 162 168 164 171 175 178 166 172 176 166 175 177 176 171 165 164 172 177 174
121 119 129 124 111 126 143 149 141 134 135 140 141 145 139 128 133 150 154 149 139 135 143 152 151 156 159 155 142 145 145 144 146 142 138 133 130 140 136 132 125 105 104 128 149 162 163 161 159 149 141 138 138 151 158 164 159 133 129 131 134 154 163 169 159 158 169 168 162 169 162 171 176 167 161 162 169 169 169 176 179 167 163 160 153 167 176 175 161 166 172 169 169 171
116 126 133 127 125 135 141 141 130 141 153 148 140 139 139 145 148 159 155 150 145 141 151 160 155 156 148 142 142 150 147 132 128 129 136 150 141 135 139 141 127 96 99 128 144 151 169 179 156 137 151 153 152 167 167 172 165 139 122 122 146 159 159 168 165 160 160 161 164 167 159 161 170 161 167 167 167 175 170 172 172 172 167 167 166 170 169 166 163 170 172 166 171 184
133 141 149 155 160 153 149 145 138 153 159 153 147 135 139 159 154 152 141 143 148 149 145 148 146 144 141 150 149 131 121 121 108 104 128 141 131 139 149 148 125 84 102 141 153 154 160 168 149 138 151 150 151 163 165 171 160 152 142 132 149 157 167 175 173 168 162 167 170 178 174 164 164 166 169 167 165 172 177 176 176 168 164 180 174 173 169 168 168 166 171 162 161 189
161 155 155 160 159 152 157 158 153 157 148 144 148 142 149 160 154 153 146 149 149 144 132 136 144 147 148 148 134 115 122 138 127 112 128 139 136 142 135 140 131 103 118 146 161 151 135 140 138 144 144 146 154 161 162 161 154 163 164 162 160 157 168 180 179 167 173 172 158 172 180 165 162 169 166 169 173 171 176 162 172 178 168 187 182 171 170 175 174 171 173 167 162 170
170 160 163 161 149 144 146 146 147 148 147 145 144 144 155 150 153 153 146 151 144 138 129 130 142 144 140 129 122 130 140 154 153 146 137 138 141 147 134 142 151 127 131 144 146 141 132 135 131 136 134 133 148 154 158 153 151 156 153 164 164 163 161 159 172 161 167 174 168 178 169 159 170 167 171 186 189 174 172 167 173 174 160 172 176 169 174 179 172 172 175 172 171 174
167 160 166 159 150 149 146 142 146 138 139 147 142 142 152 147 157 155 146 156 150 148 149 145 152 148 150 155 152 164 158 162 157 152 143 142 139 144 141 149 150 135 145 148 144 151 147 146 141 135 128 131 139 146 150 150 165 166 171 174 167 176 164 159 182 178 163 176 186 187 168 171 186 174 179 190 191 189 176 166 164 170 170 171 165 170 174 177 173 167 169 176 164 166
166 158 162 149 143 149 148 146 149 136 135 147 140 140 143 153 156 148 146 145 140 145 148 147 153 149 158 169 158 163 156 155 158 153 151 142 136 149 147 154 145 141 150 143 141 148 148 146 140 133 136 153 146 148 149 147 160 170 171 173 171 169 165 163 170 171 168 177 173 172 170 175 177 177 176 178 181 190 173 169 163 166 174 177 165 166 166 170 183 176 164 173 169 165
166 160 155 147 143 145 135 133 136 137 146 141 120 119 134 147 149 150 150 140 132 142 152 154 152 155 160 160 157 155 155 156 160 164 160 141 133 145 147 155 150 140 137 139 136 142 150 146 139 132 130 148 144 157 159 156 155 162 164 176 176 169 164 156 163 167 172 174 160 171 169 167 170 178 178 183 177 172 174 182 174 169 166 174 179 181 176 174 171 162 162 177 181 178
170 169 159 145 139 143 132 129 133 136 138 125 106 97 119 142 149 143 135 148 151 153 162 158 161 162 158 161 165 155 157 165 163 161 145 134 134 131 140 140 137 136 137 135 123 137 150 151 145 135 135 146 140 149 154 155 159 166 167 175 181 172 159 154 168 173 166 162 168 184 174 183 185 174 171 179 179 171 176 183 180 176 172 177 181 176 173 173 174 175 175 181 177 178
165 170 168 150 142 142 130 120 131 139 131 116 116 114 117 131 145 145 144 157 162 158 154 155 163 160 156 158 162 165 163 162 160 154 135 138 133 118 131 124 124 140 142 135 120 136 147 147 151 147 141 146 149 147 155 160 164 175 173 172 177 173 168 167 176 176 173 176 182 181 170 181 178 168 173 175 176 176 172 182 195 188 177 175 172 163 171 167 171 183 178 173 171 169
160 164 170 161 152 132 106 103 132 142 135 130 132 119 125 131 142 159 159 160 158 157 150 156 164 164 168 162 153 159 159 157 152 151 150 147 137 128 136 135 136 146 141 127 114 132 145 144 149 148 145 159 164 162 167 171 165 172 169 174 172 171 173 174 179 176 175 174 176 172 168 180 177 172 174 173 172 177 170 178 185 189 179 179 179 160 170 171 165 173 168 173 180 164
161 163 164 161 160 132 103 107 140 151 148 155 139 104 114 131 137 147 151 159 158 156 154 159 157 154 161 162 159 167 160 153 155 158 156 143 140 139 140 140 149 150 135 126 110 131 149 142 144 147 159 164 163 165 162 169 170 170 168 171 163 158 168 163 175 187 185 175 172 171 174 181 180 173 166 171 175 180 174 180 183 187 181 185 188 164 155 169 172 171 175 178 174 173
165 163 161 160 163 147 128 126 142 156 153 151 122 72 80 115 136 149 158 166 161 155 156 165 167 162 157 151 159 169 154 148 154 150 143 138 143 141 141 144 155 154 140 138 125 143 161 149 142 157 162 157 158 161 164 177 172 163 162 169 163 159 173 165 174 181 172 170 175 170 168 172 174 167 169 167 167 172 171 180 189 184 179 179 177 178 169 173 174 165 171 175 172 179
168 165 161 160 159 146 131 125 137 149 149 144 107 49 59 111 145 155 164 172 166 163 159 165 169 161 153 142 152 164 155 161 161 148 143 146 152 144 149 153 150 162 160 157 154 151 165 161 150 158 158 167 170 160 165 173 163 155 161 169 170 161 162 165 178 182 174 169 158 160 169 172 167 160 168 165 165 164 169 180 188 183 178 176 174 182 176 174 169 167 165 165 167 173
161 161 161 158 154 140 125 122 133 146 148 147 108 55 78 141 159 156 168 171 167 171 164 164 169 161 151 145 146 155 154 154 157 150 149 147 157 141 147 159 153 164 164 158 155 150 150 147 150 157 165 164 168 159 160 159 150 152 153 150 164 162 161 161 165 175 170 163 156 160 162 158 156 159 165 163 162 160 172 173 177 171 169 177 178 165 168 177 173 175 172 164 158 168
158 152 152 153 151 135 120 123 134 147 155 152 119 86 105 146 158 163 172 169 172 169 162 166 167 163 154 149 146 153 157 142 143 149 159 157 160 153 153 156 160 171 161 156 154 159 151 154 159 155 162 159 169 166 160 174 164 161 154 143 152 163 161 158 164 169 161 160 162 161 152 153 153 157 165 160 156 164 176 172 177 173 173 180 181 172 169 183 182 174 171 167 164 171
162 155 154 158 145 122 118 133 145 147 154 151 120 113 126 143 159 173 170 159 165 166 165 174 169 162 156 144 137 144 149 147 160 161 155 160 165 161 153 152 157 169 163 163 167 161 151 156 165 159 159 163 166 167 165 166 155 155 157 170 167 165 165 168 174 164 157 164 164 162 149 156 162 162 168 164 157 166 174 179 177 179 181 177 173 179 170 181 184 173 169 167 166 164
167 164 160 154 137 113 99 117 140 150 152 153 140 137 144 153 150 159 166 163 160 165 170 170 167 166 156 141 132 130 141 150 162 161 159 162 170 167 159 167 166 164 170 169 159 167 158 149 160 156 155 158 155 165 161 153 158 161 153 174 177 174 168 162 165 156 162 169 164 162 142 152 167 165 167 165 159 170 174 182 175 172 175 175 170 172 166 168 172 179 181 172 167 164
150 147 144 139 137 113 76 92 135 154 148 155 156 149 151 159 152 160 170 172 167 166 163 159 167 173 159 133 109 99 116 142 147 145 154 159 177 164 156 172 175 162 171 178 161 157 153 152 155 150 154 160 163 166 163 158 160 165 161 175 177 171 166 160 163 160 166 163 157 162 155 167 174 157 153 165 174 178 172 177 178 176 178 179 172 175 174 166 160 175 181 172 170 166
145 136 134 123 121 103 76 85 125 146 147 155 152 149 156 166 167 164 157 166 177 170 165 170 174 159 160 141 91 69 87 122 146 151 155 167 176 156 156 164 167 161 165 181 172 154 150 150 167 171 171 169 165 155 155 162 161 169 167 167 171 162 162 165 162 152 154 158 161 167 172 165 169 156 154 170 173 170 165 166 176 170 175 179 171 179 170 170 165 171 177 170 170 170
127 117 127 120 117 111 106 108 124 137 136 145 136 130 147 162 164 160 163 170 172 167 163 172 174 153 163 154 110 81 95 119 150 158 163 175 164 160 171 165 164 174 180 175 164 165 165 156 172 178 170 168 165 163 159 159 156 164 165 159 162 160 160 162 157 156 157 143 145 162 171 160 157 153 161 163 160 174 179 168 167 167 173 171 166 174 172 175 168 163 170 171 168 173
120 105 110 124 127 120 128 136 129 140 147 150 138 133 148 158 160 162 174 170 163 163 163 175 175 160 160 147 107 66 69 97 140 153 158 166 154 160 170 160 166 175 174 169 166 161 157 157 166 169 161 165 166 171 167 162 156 156 159 158 158 157 149 148 157 149 146 121 120 139 154 153 148 145 163 168 157 171 184 181 172 171 174 173 166 167 171 176 173 164 169 175 179 177
109 102 114 130 138 137 140 143 125 136 150 144 139 140 141 153 155 158 167 162 169 171 170 172 170 164 154 135 83 37 40 86 143 149 151 163 158 155 162 165 167 171 167 171 168 161 159 166 169 172 175 164 158 171 172 173 164 166 166 164 173 163 127 120 147 151 151 140 135 149 153 157 164 159 168 171 165 180 177 178 176 168 177 186 177 169 167 177 172 169 163 165 177 178
105 109 130 140 142 141 136 143 129 129 134 134 133 129 120 140 158 157 154 160 172 168 167 167 169 165 147 119 66 33 51 104 154 150 153 161 157 160 162 168 168 168 166 172 168 166 154 155 169 169 175 172 169 174 170 174 176 177 174 164 166 145 98 101 135 153 151 154 156 167 155 152 170 167 166 166 167 180 173 172 166 168 181 190 182 162 174 184 170 169 164 167 170 168
104 109 123 130 128 134 134 141 129 118 117 126 132 123 94 97 125 154 157 159 162 158 168 171 156 152 143 114 67 33 60 110 143 147 157 159 158 175 170 169 165 164 158 162 166 162 149 143 159 162 167 181 168 164 165 170 182 183 170 163 160 130 89 101 133 158 150 150 154 166 162 152 158 163 167 169 170 180 175 173 170 171 176 181 179 163 179 185 173 167 162 172 176 170
86 91 100 104 113 130 135 143 132 119 116 129 136 125 90 69 81 127 148 163 160 156 161 163 148 142 139 109 67 43 79 131 148 149 146 147 149 160 163 169 168 169 158 156 170 159 148 149 171 178 174 178 166 173 170 166 167 177 174 164 155 127 95 99 120 146 146 146 159 173 169 166 169 166 167 178 174 173 174 178 179 168 168 179 187 177 177 174 177 179 172 177 169 155
70 60 80 96 103 117 127 142 136 123 112 124 134 134 122 101 99 124 141 152 157 161 159 160 156 142 128 91 59 41 73 129 146 142 136 153 163 166 165 163 163 158 157 155 151 139 150 169 177 179 171 167 175 181 170 167 164 170 172 168 158 134 126 131 138 145 156 160 159 172 167 168 176 166 167 178 176 169 172 182 187 168 161 172 178 175 169 163 174 175 171 175 173 162
76 55 82 91 103 122 136 142 136 114 89 89 101 120 136 129 131 139 138 133 143 147 154 161 156 141 123 91 62 41 53 99 127 126 137 158 160 168 167 154 159 154 153 133 111 119 151 169 169 169 180 180 173 170 168 173 178 175 172 170 162 149 159 158 152 160 169 166 162 170 171 166 170 170 170 174 175 175 167 169 176 170 167 173 171 178 179 176 182 172 171 176 182 179
102 89 99 96 104 115 135 141 135 109 79 67 75 103 125 122 131 142 145 140 146 144 149 162 162 148 137 126 105 81 73 99 125 135 143 155 161 160 153 147 150 150 141 120 116 134 159 171 172 170 177 178 168 167 174 181 190 180 160 156 154 156 156 161 157 159 162 164 168 171 179 172 169 172 170 177 171 175 168 171 169 167 166 173 176 179 174 161 172 172 175 180 180 183
124 116 114 106 102 105 118 121 119 113 111 109 97 104 121 127 142 156 157 152 149 142 143 144 152 141 130 142 140 122 114 119 120 132 142 145 156 154 146 149 142 147 143 134 144 151 164 173 171 167 171 178 183 182 181 178 182 173 157 163 168 165 165 172 166 157 156 156 166 166 172 174 177 177 167 182 181 183 178 180 184 178 168 173 175 179 166 158 176 175 176 183 182 190
138 131 128 122 121 121 122 114 114 122 136 141 129 124 132 140 155 160 161 156 141 133 140 147 154 139 123 138 139 132 139 138 128 146 147 135 149 153 144 143 144 153 151 148 158 160 159 163 176 181 183 178 183 182 171 171 173 164 149 146 159 155 162 164 165 166 160 147 152 163 184 190 182 173 167 180 186 185 182 179 180 183 182 182 174 177 169 172 175 175 174 173 172 176
136 138 141 139 141 140 129 125 132 136 128 119 121 124 126 136 152 154 152 150 143 125 127 134 144 151 137 141 142 136 140 146 136 151 152 137 143 155 152 151 158 160 158 160 163 165 162 163 174 180 185 179 180 172 163 177 177 170 164 152 158 165 169 163 163 168 160 141 145 167 180 177 176 179 179 180 180 181 178 182 176 174 179 177 176 189 173 166 167 168 164 170 174 173
132 145 153 152 149 141 126 139 147 126 116 123 124 120 129 144 145 141 140 138 134 127 140 132 141 156 142 146 137 117 116 136 138 143 147 142 143 152 152 149 151 152 160 161 159 163 171 165 167 172 175 168 177 174 170 175 168 168 167 166 164 176 168 159 165 161 157 161 162 169 171 165 170 176 173 173 182 184 178 182 179 175 181 181 182 186 171 173 174 172 165 165 169 182
143 151 149 157 156 138 123 135 141 107 106 131 137 137 144 144 135 128 126 115 118 134 147 137 147 158 155 159 139 103 101 137 144 131 117 117 133 153 146 137 149 164 165 159 162 165 173 167 165 165 169 173 183 172 177 176 167 168 154 164 174 170 157 149 165 169 155 159 162 166 164 157 160 168 165 168 177 180 185 174 173 175 176 179 184 171 167 176 173 167 168 170 173 184
143 157 144 149 154 145 132 138 139 117 109 123 142 156 160 148 135 132 129 113 117 143 149 136 146 157 153 153 144 110 99 122 135 129 123 127 139 153 155 151 151 150 151 158 167 168 166 166 171 176 175 169 168 168 175 170 167 174 159 154 173 175 160 156 171 168 161 171 169 166 166 159 158 163 165 174 174 180 185 177 178 179 178 174 175 170 170 170 174 173 171 167 168 178
135 149 146 155 152 141 125 134 138 129 110 111 132 151 155 147 135 134 142 133 132 152 156 140 145 152 149 152 140 98 64 81 129 140 143 152 154 152 152 147 152 151 156 165 169 172 166 165 174 180 178 170 168 177 177 167 162 170 167 160 165 162 153 156 174 170 163 163 159 158 165 172 167 159 161 166 170 172 169 179 179 184 185 176 172 177 181 171 175 174 169 167 169 172
135 137 146 155 151 146 139 139 136 126 112 109 121 137 144 148 134 125 131 133 132 142 151 142 145 135 126 135 122 89 60 82 138 156 158 159 160 151 140 138 153 162 167 169 171 175 171 170 168 169 171 168 166 173 176 176 170 162 170 179 165 157 155 150 162 165 161 154 159 159 162 172 172 163 166 162 158 163 166 174 172 172 178 176 176 180 181 170 171 177 174 182 181 175
136 137 148 154 139 135 148 148 140 131 112 103 122 143 145 149 131 119 130 133 131 136 148 148 144 123 121 130 125 107 92 113 151 163 164 169 172 149 140 142 153 165 165 161 169 168 164 167 162 164 171 167 170 171 177 184 172 159 165 169 163 164 159 159 163 159 166 168 164 161 166 164 171 173 177 178 160 155 162 163 166 177 178 169 172 176 182 173 159 171 178 177 172 171
128 134 145 149 123 108 132 148 137 127 122 119 132 146 146 148 127 122 138 140 134 136 141 143 139 131 137 140 134 124 122 136 153 154 158 165 164 158 151 136 151 164 160 164 179 169 161 166 170 175 172 165 172 176 177 176 174 169 168 167 159 155 158 176 181 169 164 168 159 162 177 169 172 169 173 177 159 150 159 158 163 182 179 170 181 187 193 180 165 160 167 173 175 173
130 137 142 133 118 108 123 142 134 128 130 134 144 145 149 152 129 130 137 133 136 139 146 146 143 145 145 140 132 126 131 141 156 157 155 165 155 153 152 133 146 165 170 164 162 163 168 169 171 170 166 167 176 182 175 172 175 166 158 159 156 159 175 180 165 164 156 166 174 172 175 168 175 169 172 172 161 160 169 162 163 172 169 168 178 183 185 176 164 152 158 167 176 177
