example/E5 - XRays/X-ray-tomography/rastert_juap16.txt
ncols         356
nrows         356
xllcorner     -0.5
yllcorner     -355.5
cellsize      1
NODATA_value  -9999
[rows 42 to 83 of 356, columns 188 to 281 of 356]
90 111 121 116 126 147 150 129 122 141 153 151 146 129 128 148 155 157 155 154 157 153 146 148 151 147 149 148 149 146 139 148 144 141 150 155 155 138 140 148 141 148 152 155 146 152 151 141 144 144 145 144 144 153 154 142 137 140 141 147 143 143 149 153 145 134 133 132 133 132 131 136 139 137 141 141 144 144 134 135 142 141 138 139 140 146 148 150 151 156 153 145 134 134
115 118 119 115 116 129 132 98 91 121 146 149 149 140 135 147 155 154 151 152 153 155 147 151 151 147 151 148 146 134 123 143 146 144 154 158 155 135 140 158 155 158 160 162 148 146 146 143 146 143 136 126 130 149 155 149 142 141 139 144 141 141 150 149 132 121 125 131 134 135 140 141 137 137 142 149 157 152 142 148 153 141 136 136 134 140 143 148 150 148 148 142 133 141
136 127 127 124 115 104 96 78 81 112 140 139 141 149 150 148 152 152 149 147 149 154 148 153 153 149 152 146 142 128 119 140 149 151 153 153 157 146 153 165 164 163 161 159 153 148 143 145 151 140 125 119 130 151 158 157 151 143 141 141 137 139 148 145 130 123 133 139 137 136 148 145 137 137 142 147 148 146 141 151 154 136 130 132 136 143 147 145 142 139 143 145 144 146
141 116 121 134 130 107 94 96 101 119 135 130 135 142 141 144 151 150 148 143 150 151 147 151 150 151 152 148 142 135 141 148 149 150 146 151 159 156 162 166 163 167 164 161 159 154 145 148 151 137 124 126 137 149 158 160 156 146 149 140 135 134 145 145 135 129 137 143 137 137 147 146 136 133 135 134 134 134 135 148 153 139 132 135 143 149 149 144 135 130 138 149 155 151
139 105 108 132 137 126 121 122 123 130 130 131 135 129 127 141 149 147 150 147 149 151 146 149 148 157 157 154 146 143 150 147 144 145 144 151 159 163 163 166 167 172 168 163 165 157 145 148 150 138 133 138 141 145 155 161 158 147 150 145 138 136 142 134 123 120 128 135 131 132 140 138 133 130 130 130 131 130 131 143 148 144 139 142 152 153 150 143 133 125 135 152 160 155
144 118 116 130 137 139 141 123 118 127 126 125 127 124 130 146 145 140 150 146 147 151 150 151 149 152 150 151 148 148 149 144 146 145 149 156 159 165 163 162 171 173 165 166 171 159 148 145 149 144 148 144 140 144 153 157 152 143 148 151 142 137 129 116 108 106 111 117 119 129 134 134 140 133 130 130 133 131 131 138 142 143 137 151 159 156 155 146 135 125 134 154 157 151
144 135 132 134 138 141 143 107 91 109 120 125 123 121 131 140 138 140 148 143 144 150 153 156 154 146 141 152 154 156 150 150 152 144 153 162 162 163 161 159 170 173 162 174 173 158 151 140 151 165 167 153 147 146 147 149 144 138 146 150 145 136 128 122 118 113 115 112 106 122 133 138 146 140 133 136 142 141 142 145 146 141 137 152 152 155 153 142 134 130 138 152 151 149
142 145 147 138 138 141 140 104 82 107 123 133 131 121 125 133 138 143 146 143 147 153 156 157 155 140 138 154 158 157 153 156 157 147 153 164 165 165 164 164 168 172 164 175 167 156 152 144 170 197 193 178 168 154 148 148 141 140 147 147 148 140 135 131 134 133 132 115 99 117 133 139 149 141 131 137 148 146 146 153 147 137 139 145 143 152 149 139 134 136 144 150 149 144
139 144 143 138 136 133 133 111 92 114 134 142 142 126 116 130 145 139 137 140 146 153 162 163 158 146 138 151 151 152 154 155 161 155 154 162 165 168 163 164 168 169 165 173 168 161 156 148 171 200 197 189 182 158 147 148 145 148 149 148 148 139 134 127 132 137 135 116 105 122 135 147 153 137 127 130 146 145 150 158 146 135 134 136 138 146 144 135 134 140 145 148 141 138
145 140 128 130 134 126 119 103 94 123 143 145 149 142 132 139 144 133 133 147 150 151 168 171 161 151 139 151 153 150 151 154 158 156 159 159 161 167 161 163 167 170 169 174 167 162 158 146 162 180 170 166 166 152 144 149 156 155 151 149 141 134 132 126 132 139 133 125 121 128 140 150 151 141 131 131 143 144 152 156 142 134 135 135 138 142 138 130 131 137 142 143 141 141
141 126 121 134 138 130 115 112 109 128 147 143 151 155 149 142 139 141 144 155 155 149 166 167 152 141 135 145 154 153 148 152 155 150 163 161 158 168 167 168 166 169 168 168 167 168 162 145 152 153 142 143 147 144 149 157 158 155 150 150 136 119 115 114 125 137 136 139 134 133 139 139 140 145 139 136 143 142 146 144 137 137 137 140 146 145 141 133 134 136 134 139 143 138
134 121 119 130 136 138 120 123 115 108 136 145 149 153 143 138 141 148 147 147 156 156 159 157 140 132 139 147 157 158 147 150 156 150 159 164 162 169 169 170 164 166 162 163 171 171 164 152 148 134 131 140 146 145 148 154 154 155 151 151 133 98 78 76 102 125 132 139 135 138 140 130 132 143 138 139 142 140 141 140 141 141 137 141 144 143 140 138 141 137 136 139 138 133
129 110 106 117 129 140 124 128 115 96 128 139 138 144 140 147 154 148 145 147 155 156 150 150 146 142 146 145 157 157 149 155 154 151 160 168 164 169 168 166 163 166 163 164 170 170 165 159 147 131 136 146 147 147 145 145 146 146 145 140 124 84 59 67 99 116 112 115 126 144 143 125 133 141 133 140 145 142 139 138 140 143 141 140 143 142 139 137 139 135 138 138 138 137
125 92 84 109 125 143 135 136 125 115 137 144 142 145 146 157 156 141 143 154 153 146 142 144 149 150 148 146 153 146 151 161 154 156 163 165 162 167 167 168 165 170 166 161 164 168 167 164 151 139 148 149 143 145 145 141 142 142 138 121 101 70 71 98 123 124 114 113 126 145 143 135 141 142 133 146 149 145 138 137 137 140 140 139 143 144 138 138 136 128 131 132 139 142
132 105 82 107 133 152 147 143 135 135 143 147 149 145 145 153 151 138 150 160 148 141 145 145 147 152 155 153 151 149 158 160 151 153 157 161 162 161 163 164 168 171 164 159 166 171 169 169 158 149 149 142 140 146 141 132 128 118 99 77 62 61 97 128 145 144 135 133 134 145 146 145 144 139 128 141 147 143 134 134 140 140 138 135 138 142 137 140 136 130 129 126 134 140
130 105 83 114 152 158 149 151 148 142 134 140 147 140 142 146 151 149 156 158 148 141 146 147 144 150 161 153 147 152 153 157 158 149 142 151 159 156 161 163 167 168 162 164 169 168 169 169 160 153 145 142 144 144 124 113 110 95 59 33 37 61 111 137 149 155 148 137 131 140 148 144 138 130 125 137 144 138 132 136 147 146 141 136 141 142 138 138 135 137 135 128 133 135
119 87 72 105 149 157 151 152 149 139 128 139 143 136 135 150 161 157 156 152 150 144 142 149 147 149 156 150 151 155 152 160 160 133 117 136 153 156 163 164 168 169 162 168 170 168 173 168 162 160 149 146 143 121 82 76 101 108 80 60 69 85 118 137 149 154 142 135 130 134 142 136 132 133 135 138 138 138 134 142 156 155 151 145 140 137 135 134 135 139 136 133 135 139
119 82 61 91 142 155 150 149 142 134 136 145 141 136 138 155 161 156 155 151 151 150 143 151 154 152 151 149 155 160 159 162 144 108 102 132 151 154 160 160 162 163 160 171 173 168 173 162 165 166 157 149 138 98 52 53 95 120 118 114 116 118 130 139 143 144 139 137 129 134 132 123 129 139 137 128 131 136 132 143 154 155 150 141 129 129 132 133 137 138 137 135 143 155
120 82 62 88 139 156 149 149 135 109 111 136 144 144 144 144 149 152 147 146 148 149 143 150 152 148 149 151 148 151 160 152 121 89 96 128 146 152 160 159 161 170 165 176 173 167 166 154 166 170 158 147 132 100 59 61 104 132 139 143 137 134 137 137 133 130 125 116 115 129 122 117 126 136 133 126 135 138 134 143 147 146 147 138 130 131 136 138 139 138 141 143 155 164
120 89 71 90 137 154 147 143 119 78 82 113 132 132 135 136 139 148 144 146 142 147 146 145 142 143 149 146 137 143 152 136 104 81 97 121 141 156 162 161 167 175 168 170 172 172 170 164 169 169 156 152 137 113 80 84 120 141 148 151 144 144 142 145 138 127 109 93 107 131 127 125 128 131 136 135 143 145 143 146 140 147 153 143 140 139 141 140 136 138 146 150 159 162
130 99 72 87 131 147 141 142 122 99 107 122 124 99 105 135 141 150 150 151 141 141 148 147 142 144 147 148 147 151 150 136 118 99 114 132 151 161 161 169 172 171 170 166 168 170 173 172 173 167 158 159 149 121 89 90 118 135 142 143 140 143 143 151 146 130 93 75 99 129 131 131 124 125 140 142 152 156 152 143 133 145 153 145 140 138 141 136 135 143 143 142 151 157
139 107 67 77 122 138 131 140 135 132 143 152 146 102 87 123 146 153 157 157 143 141 148 149 147 142 141 149 151 150 151 146 135 122 136 147 158 167 166 171 169 169 175 170 168 169 170 172 174 167 161 159 148 124 89 81 103 124 137 138 133 133 137 145 141 127 92 70 87 114 123 126 122 128 141 142 151 154 150 137 134 142 144 135 132 130 135 136 140 142 134 133 142 156
142 116 73 66 109 136 135 141 147 149 157 164 160 138 114 115 139 154 157 153 140 146 149 146 146 139 136 146 151 148 149 141 132 137 149 150 153 163 167 165 166 169 171 169 167 171 171 169 165 170 168 159 145 121 88 83 101 119 133 134 136 138 137 140 136 139 122 102 106 113 116 119 124 131 141 140 143 144 145 143 144 140 133 125 123 121 130 139 143 136 129 133 146 159
151 125 74 61 94 124 131 135 153 159 158 164 166 163 147 125 123 135 153 159 148 147 147 139 145 141 130 140 150 151 146 137 127 142 154 155 154 167 171 162 168 170 167 168 168 170 171 171 166 173 171 162 146 107 88 99 119 127 127 134 143 149 149 141 133 145 142 133 130 123 122 126 128 128 140 139 137 146 152 143 138 138 128 122 122 122 135 148 147 133 130 138 148 159
151 125 75 59 78 106 118 130 151 152 150 161 163 164 156 148 136 114 122 141 151 150 150 146 151 150 137 146 155 147 134 138 141 146 152 154 158 170 164 160 172 169 165 173 172 166 172 174 169 173 169 161 147 106 87 111 134 139 129 133 140 144 144 129 123 140 148 146 139 132 131 132 131 127 138 135 138 156 155 131 127 131 126 126 134 140 151 155 150 134 136 143 145 156
154 139 93 51 44 64 101 126 144 154 158 165 161 168 165 159 152 110 83 109 147 154 153 156 158 154 149 160 158 132 114 129 150 148 145 150 159 165 155 159 172 164 166 175 169 167 169 171 170 170 163 157 144 104 82 114 142 144 137 138 139 140 137 116 117 140 151 151 146 139 134 137 137 133 139 136 142 154 148 129 128 131 133 139 143 149 151 156 153 139 142 146 147 151
156 142 90 37 28 31 72 118 143 160 161 161 165 172 165 156 152 108 76 100 138 154 154 155 161 159 159 158 142 118 121 138 149 140 143 150 151 159 160 158 165 162 166 173 169 170 163 165 171 168 162 160 142 106 91 118 137 141 139 144 145 141 135 120 127 144 143 148 143 137 133 137 139 136 143 141 147 152 145 133 128 121 129 145 147 143 143 156 156 142 145 150 145 142
153 142 85 36 30 23 44 101 144 156 156 160 168 168 157 149 143 115 98 121 136 144 147 154 162 163 157 147 137 137 150 152 147 143 147 151 149 160 164 155 158 163 170 169 167 172 164 164 166 158 158 159 145 122 112 124 134 140 138 146 149 141 136 133 144 148 144 150 141 135 134 138 137 137 142 142 146 151 150 139 125 109 111 139 152 148 147 155 148 142 149 149 145 139
148 144 97 41 28 23 29 80 139 158 156 156 157 157 153 148 139 127 120 132 138 145 153 160 160 159 147 149 153 157 159 147 141 148 148 151 154 160 155 145 149 161 170 169 162 167 163 164 163 156 161 159 141 125 123 133 136 139 139 148 144 141 143 141 147 146 146 152 147 139 139 142 144 142 139 143 144 148 143 140 135 117 112 136 153 151 151 150 141 141 140 137 139 141
152 142 106 48 24 22 25 61 121 157 154 150 151 153 149 147 138 112 116 134 138 148 155 162 158 153 136 144 147 148 155 147 147 152 154 153 151 156 149 139 138 153 167 167 158 165 164 165 158 160 166 156 139 127 136 141 128 131 146 156 145 145 144 142 146 146 149 152 153 146 140 140 142 134 135 141 145 141 135 146 145 133 131 136 138 141 144 142 138 135 132 133 135 142
152 140 113 57 31 35 41 62 103 132 142 152 154 151 150 148 131 93 109 134 143 150 149 156 160 157 140 147 141 132 140 143 156 155 158 162 157 158 150 139 140 153 154 155 157 161 157 158 152 153 151 140 137 136 146 141 125 134 148 156 150 150 144 137 142 147 146 144 145 138 137 132 134 134 138 145 147 136 137 147 144 141 140 129 125 133 140 139 134 138 143 145 141 142
147 142 130 71 46 64 69 85 112 132 143 152 158 158 152 148 134 108 123 133 144 143 143 142 150 163 151 149 138 129 134 144 161 160 159 161 160 160 157 152 152 148 133 149 157 157 147 144 148 146 133 123 128 136 146 136 134 142 149 149 148 153 151 142 141 148 141 132 121 117 128 133 138 136 137 145 136 121 125 127 130 137 135 126 131 139 137 136 141 151 159 150 140 141
145 146 132 87 86 100 95 112 126 136 145 144 149 157 145 140 140 137 144 140 146 137 139 140 152 171 162 148 132 126 136 153 166 158 153 156 159 165 167 160 152 138 124 145 148 146 135 134 149 149 137 133 130 139 148 131 138 145 152 150 146 153 152 146 146 155 150 135 105 101 124 140 145 140 139 137 112 100 103 109 122 135 134 132 142 148 144 142 148 154 153 141 133 138
143 148 142 117 117 111 109 122 131 138 144 142 146 151 142 141 141 141 152 147 151 144 138 148 164 172 163 145 127 127 140 153 164 161 156 160 161 162 162 159 150 140 133 141 142 136 121 130 147 146 143 140 132 137 140 133 145 143 149 153 144 145 149 152 155 156 154 141 111 110 129 139 144 151 150 133 113 119 122 128 139 148 143 143 147 149 150 151 156 159 146 134 127 129
142 142 148 143 136 115 108 110 126 136 140 142 147 146 144 150 142 139 153 151 156 150 137 158 171 167 158 136 129 139 148 152 153 161 156 160 164 162 158 158 152 143 140 141 138 138 138 140 145 147 145 146 139 138 136 136 142 146 157 162 151 148 154 156 158 159 157 145 127 127 135 140 147 153 152 138 137 150 146 145 152 155 147 147 149 147 147 151 160 162 147 135 133 131
148 144 147 149 147 123 102 95 112 129 134 140 146 143 142 148 142 142 156 158 162 155 144 157 161 157 151 135 139 153 152 153 154 156 153 153 158 162 157 152 150 141 143 140 131 136 152 154 147 152 147 150 151 155 148 139 142 158 164 158 151 149 152 152 158 161 156 148 138 134 134 140 149 150 144 142 148 156 152 151 150 148 143 144 145 141 145 150 154 155 148 150 148 138
145 149 145 142 149 134 102 86 102 125 129 148 149 144 144 143 144 154 160 163 163 154 151 152 152 152 145 139 149 159 154 160 159 156 151 151 152 149 154 150 148 142 147 141 125 128 144 156 152 147 146 150 146 151 150 145 147 159 157 147 145 146 148 154 157 151 146 141 141 137 138 137 144 142 135 145 145 142 148 151 147 144 146 150 147 147 148 148 147 147 148 150 145 143
136 143 140 141 147 142 114 90 99 120 128 155 149 136 140 146 153 155 147 153 153 145 152 155 157 152 142 141 152 151 147 154 159 163 150 145 150 145 155 152 148 144 147 138 120 120 134 152 149 138 143 153 143 137 139 143 150 155 151 150 149 149 152 155 152 150 149 136 135 139 146 141 143 139 134 140 140 141 148 153 153 154 154 153 154 151 148 148 143 140 138 140 142 143
138 143 149 149 146 140 127 91 91 119 132 151 149 136 138 150 145 145 144 151 153 141 146 155 153 146 141 140 148 145 145 150 161 166 145 142 146 137 146 148 145 147 149 142 130 125 134 149 148 142 145 151 139 126 128 139 154 156 152 156 155 151 147 141 142 148 144 126 125 132 139 140 141 138 136 137 142 145 147 150 151 153 149 149 149 147 147 146 145 142 141 141 142 140
134 144 162 161 144 136 133 95 91 114 119 133 151 146 147 151 128 134 140 144 153 145 142 149 142 138 142 141 132 134 153 158 164 163 145 140 138 135 142 151 139 142 143 138 129 127 136 146 156 161 149 146 132 112 121 138 152 158 152 154 151 148 143 130 130 142 136 125 131 136 140 139 141 141 138 139 144 142 147 152 148 150 145 143 141 140 140 141 138 143 151 143 140 142
137 136 162 160 135 139 133 94 80 83 107 140 156 152 150 150 121 124 137 138 141 144 143 142 135 134 133 136 126 132 156 164 170 168 149 141 145 141 136 137 128 137 142 137 132 131 142 154 164 165 153 150 126 109 131 150 154 151 149 150 143 139 137 124 123 126 122 126 136 140 145 148 146 144 143 151 154 148 144 146 146 147 140 142 144 142 142 146 140 146 153 143 142 143
145 135 157 155 136 141 111 70 51 51 102 152 157 159 152 149 130 132 149 151 143 146 144 138 128 135 136 129 130 141 156 163 172 175 159 156 161 151 139 135 137 150 151 140 140 141 150 161 162 170 167 151 120 117 141 152 148 139 146 153 146 137 125 118 119 117 120 130 137 140 143 149 149 148 151 162 165 159 147 141 141 141 140 142 144 149 149 151 140 142 145 145 149 144
