example/E5 - XRays/X-ray-tomography/rastert_juap13.txt
ncols         356
nrows         356
xllcorner     -0.5
yllcorner     -355.5
cellsize      1
NODATA_value  -9999
[rows 84 to 125 of 356, columns 94 to 187 of 356]
129 148 153 147 148 154 160 141 132 123 128 144 135 139 150 145 159 161 157 160 150 150 154 155 153 145 140 138 152 155 151 154 159 157 151 155 145 129 123 131 148 147 150 156 153 149 144 135 115 80 71 75 78 95 112 114 128 132 149 156 142 139 142 129 122 125 126 128 127 111 89 104 136 138 119 110 115 124 124 122 119 103 109 129 123 94 94 105 110 130 146 144 143 154
129 143 152 152 152 151 161 152 128 118 138 150 128 129 143 148 148 153 152 154 153 150 149 154 149 146 152 141 141 154 159 150 159 155 139 147 151 141 134 139 147 143 140 149 155 153 138 114 87 67 79 103 109 115 140 150 140 134 144 149 154 154 148 139 141 132 125 120 115 115 101 107 138 138 130 121 110 128 140 127 107 81 82 111 105 87 103 121 127 133 140 147 143 151
120 134 146 153 150 145 148 149 140 131 136 147 134 137 149 147 139 149 146 144 147 152 153 149 147 147 154 151 143 148 162 153 153 151 141 149 154 147 141 141 143 146 150 147 150 142 110 83 81 94 115 135 138 128 144 152 137 133 141 152 160 158 151 148 149 141 140 126 118 120 123 130 132 128 130 128 119 128 144 139 115 81 84 117 116 105 120 121 129 136 128 143 148 148
130 143 147 151 147 145 147 137 137 144 139 142 143 141 150 149 137 147 148 141 135 154 161 146 144 143 137 145 148 151 160 155 152 151 146 146 147 148 145 148 154 151 150 147 143 130 97 80 97 122 140 151 149 141 141 142 139 136 141 154 156 155 153 153 148 147 154 146 137 145 149 150 142 139 139 145 139 128 137 140 127 97 89 109 103 96 115 120 138 145 118 125 149 149
136 144 144 139 141 147 153 139 136 150 144 141 151 141 143 151 141 149 150 147 145 154 152 146 149 150 137 136 143 152 149 147 154 152 154 156 142 144 148 154 155 149 153 150 132 119 112 109 121 137 145 154 154 152 144 146 147 140 143 147 149 151 154 149 148 149 154 159 150 150 148 152 150 145 146 145 124 125 139 127 121 118 110 106 83 67 80 93 131 141 118 122 140 141
135 141 142 145 149 150 147 138 142 154 150 145 150 144 139 139 136 148 151 152 154 164 154 144 146 154 144 133 136 150 148 144 152 146 150 152 142 149 149 147 146 144 155 156 132 118 131 132 132 141 143 150 152 156 155 151 146 137 142 145 147 153 161 155 149 143 150 161 152 146 147 155 150 147 146 146 136 125 118 111 112 127 124 113 95 68 61 48 79 106 115 137 139 137
139 145 137 143 145 144 147 141 146 148 151 147 144 138 136 130 127 147 155 152 151 162 153 131 131 151 148 141 141 148 155 148 153 148 150 145 138 151 146 143 143 144 143 148 135 130 145 144 143 150 150 152 152 153 154 145 142 134 134 145 154 156 156 158 153 141 145 154 144 143 152 151 150 148 142 146 151 132 112 118 119 118 127 130 125 104 80 49 53 74 107 146 150 143
153 148 145 147 145 144 155 151 146 146 151 148 138 127 130 133 126 138 147 153 152 151 151 143 139 147 149 145 141 142 142 145 152 144 147 143 144 148 138 142 151 151 139 136 133 136 141 138 145 158 159 160 151 151 154 141 141 142 137 144 153 154 158 153 149 152 151 139 130 141 152 144 144 143 145 142 145 135 127 130 133 123 134 140 136 133 107 76 65 87 117 132 143 143
157 140 137 140 144 145 145 152 147 149 155 152 139 127 126 130 127 129 142 151 156 157 160 153 140 143 152 141 135 141 144 145 147 144 149 142 148 149 143 144 145 147 140 136 134 138 137 142 145 146 147 154 150 150 154 143 141 140 140 148 153 151 155 153 150 158 154 141 127 137 152 141 141 145 144 140 150 146 138 129 137 141 138 138 134 130 118 97 84 99 113 118 140 138
162 152 134 133 136 137 142 155 158 153 158 160 148 132 122 128 126 127 137 134 141 151 156 152 137 147 155 141 141 148 145 144 146 141 151 143 140 151 152 152 143 142 139 141 134 137 134 141 154 145 146 153 152 145 149 146 146 147 144 151 154 154 152 148 155 164 155 153 139 140 150 143 146 143 137 136 147 142 138 134 136 142 133 131 137 128 117 112 106 105 111 117 136 124
152 153 132 121 133 142 139 148 162 152 147 152 154 150 133 130 128 128 132 121 134 147 142 144 139 142 143 142 145 149 138 143 150 142 139 144 145 155 156 153 138 141 142 142 141 142 138 142 159 153 159 157 150 144 144 147 149 149 143 148 157 160 166 160 159 158 151 148 136 143 153 144 143 134 139 139 138 138 138 138 132 131 133 128 132 136 128 125 130 117 110 110 124 126
137 137 130 125 136 146 137 140 151 146 142 148 149 158 144 133 133 131 132 127 135 150 144 144 146 144 142 144 146 150 144 141 146 148 143 153 150 149 152 150 136 138 146 149 146 139 139 140 153 154 156 152 144 147 142 148 151 151 146 145 159 161 160 156 158 161 160 152 138 133 142 143 141 131 139 141 133 134 139 136 137 140 139 132 133 136 134 134 138 129 116 106 120 143
140 144 145 144 151 154 140 147 155 154 151 155 152 153 151 144 139 133 133 131 131 138 142 144 143 142 147 145 151 155 153 149 147 146 148 149 138 143 146 145 141 142 152 152 145 136 142 142 143 143 151 152 149 150 146 152 145 144 139 136 146 151 151 148 147 154 155 153 149 138 138 137 124 124 142 146 139 131 130 136 146 146 135 136 142 142 142 141 133 135 130 120 125 146
136 145 152 149 151 153 142 142 153 155 151 150 159 165 152 153 148 133 131 139 136 131 137 147 140 138 148 146 143 145 148 151 150 151 153 141 130 143 147 140 146 150 161 161 159 148 148 144 143 142 149 157 158 156 151 150 145 149 148 138 143 144 144 153 147 153 146 144 149 148 138 145 139 144 150 145 139 121 121 136 143 145 139 142 143 143 151 149 138 142 141 141 134 136
139 140 146 143 146 150 149 143 148 147 145 149 153 167 159 155 155 137 129 136 137 129 132 144 145 144 149 150 147 148 146 147 145 143 151 146 136 139 143 141 150 153 157 149 151 144 146 149 155 153 143 152 158 153 154 146 145 159 159 145 148 140 137 155 152 156 148 148 149 149 146 159 158 159 152 143 135 121 129 136 134 136 135 136 138 139 145 141 146 161 151 150 143 139
149 142 146 146 149 145 155 152 146 144 150 162 156 160 162 157 156 148 135 127 137 133 135 140 141 144 148 150 158 160 153 153 156 144 145 148 147 141 134 139 142 152 154 138 137 136 150 152 152 154 145 150 156 156 163 155 151 157 156 144 152 148 137 151 155 152 150 154 152 148 146 158 160 155 140 142 148 145 139 140 138 132 133 138 135 132 142 139 141 155 155 150 149 145
154 144 139 147 154 136 140 147 147 143 142 157 158 156 156 151 151 155 142 128 140 140 140 139 141 150 153 145 149 149 148 152 159 150 138 138 148 144 133 143 145 145 143 140 140 134 147 150 145 155 153 156 158 156 160 157 157 153 153 148 150 150 142 146 148 145 148 146 151 153 143 151 153 144 138 138 144 148 132 132 141 135 124 129 127 124 136 141 140 134 147 148 149 147
146 142 129 137 147 136 140 143 143 146 153 159 156 150 145 138 140 147 149 137 140 139 140 139 139 150 154 149 152 150 149 152 149 146 135 131 150 146 135 152 158 145 141 147 145 140 145 154 148 154 150 156 158 152 161 159 154 152 150 148 145 146 149 144 136 138 142 137 143 146 141 148 148 147 149 136 133 139 137 137 147 143 123 126 128 129 139 140 139 131 140 145 153 148
132 139 134 140 149 146 141 142 144 140 143 147 151 146 142 140 140 147 151 138 142 145 141 136 144 153 147 153 152 148 149 148 146 144 140 131 143 150 140 148 156 147 146 144 130 139 144 154 153 148 147 155 157 159 164 165 160 156 143 139 149 147 143 139 133 133 128 125 132 134 136 145 148 147 139 128 133 134 143 146 149 150 144 140 128 132 136 130 130 130 143 145 152 145
138 137 140 143 141 145 136 139 149 146 145 140 150 143 143 142 138 146 145 142 144 150 148 136 141 152 150 152 150 144 144 137 140 138 137 132 142 162 155 148 146 138 139 132 121 136 138 147 154 149 150 153 150 157 155 160 160 152 153 151 152 153 141 139 138 137 134 124 119 122 129 141 147 145 139 129 130 131 140 149 149 143 136 137 132 137 135 133 132 127 133 150 159 155
141 141 154 146 137 142 134 133 142 150 154 147 155 154 156 153 149 153 149 145 142 145 149 145 145 149 156 154 148 151 151 139 135 132 141 143 149 155 150 146 146 137 133 135 130 138 136 142 148 149 153 148 151 159 147 150 152 146 152 146 138 150 150 150 142 141 145 113 96 117 126 132 136 137 141 138 133 133 133 145 147 143 132 131 138 140 141 145 141 136 134 144 148 158
137 150 161 143 130 132 135 138 136 143 151 146 150 153 152 145 147 152 156 153 143 142 142 148 152 153 163 165 149 151 148 136 137 133 138 136 143 149 144 149 153 147 140 136 130 133 135 144 144 151 159 148 146 153 142 144 143 142 145 137 140 151 141 145 148 140 135 104 85 102 116 128 137 141 132 132 139 137 132 141 148 145 140 138 137 139 144 147 139 140 143 147 147 156
138 150 156 148 141 134 138 145 131 128 139 138 146 154 152 143 145 145 151 149 139 139 148 147 152 154 156 168 160 147 147 139 142 141 139 129 136 146 142 148 147 150 147 140 138 139 135 140 143 146 147 148 142 147 143 148 147 136 139 140 149 147 136 148 149 132 123 115 104 101 120 133 137 148 134 131 139 138 136 140 147 142 134 141 137 130 138 141 141 143 138 150 158 159
136 141 143 147 147 140 131 138 123 117 132 139 150 146 133 130 143 137 142 142 137 138 147 147 158 164 153 152 154 144 140 139 138 137 138 138 141 144 134 141 146 153 143 137 143 145 136 131 137 142 140 147 147 143 141 144 148 142 142 150 146 135 139 150 143 130 130 132 127 121 135 138 124 124 130 141 143 139 142 143 142 143 131 139 145 132 131 142 144 139 142 152 154 160
133 139 140 139 136 141 134 141 138 134 134 132 141 138 131 128 141 148 148 145 133 137 147 150 158 162 159 143 143 151 138 135 134 137 139 141 144 149 143 144 151 155 140 134 140 148 142 137 140 143 146 143 147 148 149 146 146 148 138 148 142 131 142 143 139 138 133 129 129 123 132 128 101 87 118 155 148 140 147 139 136 141 140 146 150 133 130 143 144 140 147 147 153 162
132 141 142 133 134 141 141 145 152 145 136 132 133 140 141 138 142 145 134 138 129 136 151 148 149 154 167 156 146 151 143 136 133 140 146 154 148 147 147 148 152 159 151 143 139 134 130 137 135 140 150 138 136 144 149 148 154 155 139 143 148 142 142 135 134 139 133 133 135 126 128 120 107 95 130 162 148 141 140 134 138 145 146 148 142 133 136 139 140 134 135 147 148 144
131 129 119 125 146 159 156 153 161 144 130 139 138 149 148 149 147 136 124 130 132 138 149 137 135 139 149 152 156 149 138 136 142 148 148 159 158 145 151 157 154 159 157 146 142 124 116 135 141 143 144 143 138 131 142 151 147 143 143 144 151 143 126 128 137 133 123 124 124 119 120 114 121 123 145 162 150 141 134 131 137 143 142 148 143 138 140 139 138 130 135 152 141 130
120 120 110 116 146 157 155 149 141 128 124 133 140 154 146 154 154 150 144 138 141 138 143 134 121 125 126 130 157 152 127 125 143 151 146 158 158 152 157 158 154 147 149 142 140 133 125 137 142 143 145 152 149 140 138 149 147 145 151 144 138 132 128 136 145 139 120 109 120 109 108 123 130 129 142 155 150 143 142 140 142 141 143 150 149 141 140 139 141 138 142 145 138 130
125 131 123 122 146 149 144 131 113 111 118 128 139 164 156 155 159 159 155 147 150 142 140 136 114 122 126 120 143 148 132 139 150 150 150 157 152 150 147 144 151 146 150 141 133 134 130 136 132 139 151 143 144 148 139 147 150 149 140 129 130 124 131 148 150 140 122 109 116 102 109 131 133 135 145 156 154 148 145 143 148 139 138 141 143 142 139 137 143 142 147 149 147 143
137 148 145 139 142 145 139 128 112 111 115 121 134 156 163 161 164 152 146 149 155 153 147 140 116 121 135 131 142 152 145 154 169 160 153 155 150 147 144 142 154 153 150 139 127 127 122 134 137 145 161 147 140 149 154 156 149 144 139 130 134 130 138 145 135 121 106 100 100 89 111 136 144 144 145 152 160 147 128 123 136 137 132 137 147 141 136 139 152 154 151 159 155 150
122 135 141 149 153 158 155 145 127 110 109 124 135 143 150 149 161 160 147 145 150 144 139 134 119 123 141 144 144 151 149 149 158 159 149 150 148 142 145 145 157 156 150 143 133 132 135 135 139 147 161 150 142 147 151 149 155 149 147 133 120 128 138 120 115 107 83 72 76 75 105 139 154 161 163 154 157 138 108 105 122 135 139 153 165 148 144 147 156 159 150 163 160 148
119 129 134 137 146 165 160 152 137 119 115 133 138 140 145 143 155 157 148 148 156 142 142 145 132 136 149 153 151 151 149 155 158 157 150 147 143 138 140 137 144 155 154 146 142 144 144 140 153 150 153 145 148 140 137 145 159 151 143 131 123 137 136 104 104 95 55 44 65 91 122 149 156 163 169 153 146 134 114 109 117 132 140 155 155 145 153 155 163 164 152 149 149 153
121 132 136 139 141 158 155 150 132 132 139 140 141 149 155 147 148 148 146 143 147 143 148 150 139 138 145 149 145 143 149 155 154 152 149 145 142 142 147 141 139 156 158 149 143 144 133 135 152 147 149 147 149 135 131 148 151 144 141 136 130 130 113 73 76 81 42 37 74 118 139 155 162 163 171 165 143 126 125 122 126 142 144 146 153 144 144 153 162 158 157 150 146 151
124 133 136 150 156 156 155 149 128 124 135 135 139 156 154 149 150 150 155 143 144 146 147 153 148 148 154 148 139 140 149 150 148 150 153 145 138 147 159 158 151 150 149 152 142 136 134 144 149 142 145 136 144 141 131 145 147 142 140 136 125 113 111 90 73 58 40 40 76 123 146 150 165 166 165 169 152 138 122 122 131 133 140 142 150 145 142 148 156 150 147 145 148 148
127 140 145 147 150 154 156 151 142 139 145 144 138 149 152 151 151 143 155 151 146 147 150 156 150 156 163 152 143 141 144 142 147 148 156 150 135 140 151 152 154 150 152 152 131 132 147 144 145 139 138 128 140 146 131 135 148 148 140 132 116 107 119 116 85 51 59 64 88 136 156 157 170 169 167 169 158 156 131 129 134 131 140 143 147 153 148 140 144 145 141 145 151 149
150 145 143 145 146 151 150 144 151 158 160 162 158 156 163 160 159 148 149 152 156 149 149 154 147 139 143 151 149 140 138 140 149 146 150 160 158 156 155 152 155 154 146 146 130 143 155 140 139 132 135 126 133 134 123 134 148 146 134 123 114 111 116 107 83 65 87 102 120 144 157 166 166 170 178 169 154 158 144 140 135 132 138 127 121 135 147 137 140 139 143 154 160 164
157 147 138 153 158 152 151 148 151 160 166 166 167 167 166 164 165 165 160 154 152 150 153 149 149 136 129 152 157 142 133 138 146 146 153 159 163 166 155 154 146 148 134 141 136 142 150 142 127 118 123 123 130 117 129 147 143 142 127 116 111 108 115 117 104 98 109 115 126 135 156 161 160 170 167 166 160 154 139 137 129 120 114 96 95 112 145 142 139 140 146 154 160 169
144 153 156 161 163 164 165 161 164 171 167 166 164 168 161 163 163 166 167 162 148 146 151 144 147 147 137 149 153 140 142 142 136 140 160 154 146 156 145 147 140 142 140 142 147 153 155 149 128 124 121 127 134 114 135 149 141 139 128 129 119 102 104 127 122 96 99 113 128 135 156 163 169 172 166 168 168 150 119 117 113 100 93 80 93 111 132 142 134 134 138 146 151 162
131 150 162 161 161 162 162 166 163 168 166 164 166 175 165 160 170 167 164 163 154 150 147 143 148 146 143 148 148 145 148 145 141 142 149 148 144 158 149 145 140 138 140 151 154 151 148 146 138 136 129 127 128 116 135 153 146 138 134 141 119 99 106 119 124 98 98 122 138 145 152 161 171 171 163 163 151 126 93 79 82 82 88 96 111 130 137 145 139 137 139 141 151 160
137 157 169 162 153 151 159 173 164 164 165 164 165 164 165 161 167 172 173 170 165 166 163 166 164 156 154 153 152 153 150 150 148 147 145 151 153 161 156 137 124 137 146 152 149 140 135 141 140 136 137 132 125 124 139 146 144 147 133 137 119 108 115 110 130 118 119 135 135 144 147 150 153 159 153 148 116 96 82 60 75 91 96 119 128 143 143 147 148 148 147 143 146 156
152 162 166 160 160 159 162 171 159 160 171 174 171 162 165 164 163 168 170 171 171 167 162 166 161 160 161 153 152 155 155 158 156 151 153 155 150 144 151 142 135 140 144 151 148 143 142 145 138 140 140 127 130 134 136 137 143 149 129 124 101 95 97 90 118 124 127 134 137 143 152 155 153 156 143 128 110 103 97 98 115 120 119 125 123 135 139 144 139 138 149 148 142 151
143 158 168 164 160 166 169 175 171 166 174 171 167 166 164 166 167 167 169 171 167 169 167 163 159 167 162 155 164 162 151 154 149 138 152 154 143 145 148 148 147 128 128 147 152 145 146 151 143 138 125 124 132 125 128 139 138 132 116 118 98 91 83 64 98 125 135 140 148 144 155 157 153 157 139 131 118 109 113 131 143 134 126 126 135 138 139 144 131 134 152 153 149 147
