example/E5 - XRays/X-ray-tomography/rastert_juap46.txt
ncols         356
nrows         356
xllcorner     -0.5
yllcorner     -355.5
cellsize      1
NODATA_value  -9999
[rows 126 to 167 of 356, columns 0 to 93 of 356]
255 255 255 255 255 255 255 255 159 157 150 148 153 153 152 147 141 132 133 140 144 143 143 148 144 141 132 129 135 128 128 137 137 137 144 153 148 141 138 139 135 125 129 136 140 149 154 136 127 133 141 144 138 142 147 154 157 153 150 145 148 142 120 121 120 132 147 151 147 142 135 123 113 128 145 148 141 133 129 125 123 132 140 149 143 146 154 153 154 149 152 153 147 145
255 255 255 255 255 255 255 255 157 152 149 148 153 151 150 143 135 132 136 142 144 146 147 156 155 137 122 119 129 132 136 141 134 131 135 144 140 137 132 130 129 124 124 124 130 147 163 163 152 142 139 146 145 141 147 156 160 147 138 141 143 138 128 137 130 125 142 158 157 146 144 131 120 131 147 152 140 133 137 133 131 137 147 158 140 135 148 153 153 146 145 151 152 149
255 255 255 255 255 255 255 158 149 149 152 153 157 157 152 139 130 134 139 141 147 154 155 165 166 145 137 140 138 141 143 141 136 134 134 131 127 125 121 128 137 143 147 139 134 148 159 161 158 145 140 153 161 147 136 138 145 142 131 137 141 135 128 132 125 121 131 139 149 152 151 140 123 132 146 145 135 129 133 137 152 157 159 154 142 143 142 140 144 154 152 156 153 142
255 255 255 255 255 255 255 155 150 150 154 160 159 160 155 140 131 138 149 149 145 148 148 154 149 140 142 150 147 149 143 136 133 131 133 131 126 127 127 127 136 141 145 145 132 132 145 155 155 147 144 153 155 139 131 136 139 142 136 136 130 124 123 119 109 124 139 137 138 145 151 144 131 140 143 136 132 134 133 135 152 151 150 153 155 158 153 149 155 161 157 157 156 147
255 255 255 255 255 255 255 155 156 155 151 158 160 157 148 138 138 140 148 155 147 137 137 142 132 124 132 145 148 142 125 125 132 129 127 134 132 132 134 128 136 141 138 145 134 131 142 147 147 143 138 145 143 127 121 134 141 144 141 136 130 125 123 122 119 130 131 130 136 148 151 143 144 150 149 143 141 146 143 140 146 142 143 156 158 157 157 159 157 152 150 149 152 149
255 255 255 255 255 255 255 153 150 148 148 150 154 155 148 141 143 144 144 152 146 137 142 140 120 108 125 141 141 135 122 123 131 131 133 141 140 138 136 129 136 143 141 144 141 141 143 136 131 134 135 133 128 127 122 131 140 149 146 133 130 136 130 130 135 139 132 126 135 140 137 136 141 138 142 147 138 134 139 139 142 147 149 150 157 151 149 159 153 147 150 151 145 130
255 255 255 255 255 255 153 145 141 142 145 148 147 147 144 142 143 149 150 149 136 129 137 139 118 97 107 123 129 127 122 125 127 123 127 137 142 145 136 125 127 135 137 143 153 147 138 135 132 131 139 128 117 126 133 135 132 143 138 129 124 123 119 133 141 143 150 144 137 131 132 134 142 141 142 148 143 139 142 140 140 150 154 148 150 151 153 160 157 151 149 154 145 118
255 255 255 255 255 255 146 139 138 139 145 152 145 140 135 133 136 144 146 147 133 120 130 143 135 112 104 114 133 130 117 120 130 137 131 128 127 134 133 126 131 130 127 134 148 146 138 140 145 132 130 126 125 127 128 136 133 137 130 122 114 113 119 134 145 149 153 147 141 141 132 128 137 147 153 151 153 152 140 142 145 143 146 152 154 156 155 148 149 153 156 151 142 118
255 255 255 255 255 255 147 143 140 140 141 139 134 138 135 131 135 141 138 146 145 133 131 141 146 137 126 119 131 138 132 134 138 145 143 131 125 130 127 115 117 121 126 128 137 143 144 140 137 130 126 124 130 135 131 142 147 140 130 128 129 137 135 134 144 146 144 145 138 137 133 134 133 127 141 151 155 156 139 138 142 141 143 150 157 160 153 146 144 144 157 150 132 106
255 255 255 255 255 255 146 140 127 122 121 116 117 130 138 144 147 143 136 141 151 151 141 142 145 140 132 122 133 141 142 138 131 127 129 124 129 135 132 122 122 135 150 147 144 142 149 135 120 129 135 134 134 128 123 133 143 145 141 134 133 145 143 140 138 138 137 149 146 139 141 144 142 130 135 150 149 154 147 143 144 142 149 151 156 156 150 147 144 142 143 137 115 91
255 255 255 255 255 150 145 132 115 116 117 118 122 128 140 151 151 148 146 148 154 161 156 155 159 152 143 131 142 151 144 128 114 106 107 108 118 127 140 150 153 161 165 157 150 147 150 133 124 135 134 134 139 141 139 134 137 145 151 147 142 147 144 142 137 137 138 139 140 141 146 145 140 143 139 139 142 146 147 141 133 140 151 149 146 131 135 139 134 132 128 125 109 91
255 255 255 255 255 153 149 142 138 140 135 130 129 127 137 146 148 146 145 152 154 152 150 146 152 155 150 139 143 153 143 121 111 113 118 110 115 134 147 157 160 161 165 160 157 158 154 132 120 137 143 142 142 138 134 134 147 151 153 159 152 150 155 157 143 136 135 131 132 137 144 142 141 151 143 126 137 149 142 133 129 144 156 146 138 117 118 132 131 120 117 117 99 92
255 255 255 255 255 148 151 159 160 153 151 144 135 130 128 128 136 138 139 146 148 144 143 144 148 146 144 142 140 143 138 133 132 130 134 122 132 155 159 158 160 164 175 172 163 156 153 140 124 135 149 149 144 137 126 127 145 155 150 152 154 148 149 158 155 146 138 134 135 144 151 142 140 146 136 128 133 141 137 134 137 147 155 147 136 115 113 129 125 108 104 110 101 91
255 255 255 255 255 139 150 163 163 155 157 155 142 133 130 134 136 137 146 145 137 142 146 147 151 148 142 144 138 138 139 143 138 122 129 138 147 156 156 155 161 164 165 168 165 160 155 146 146 151 145 132 131 142 141 146 149 152 152 155 156 149 147 148 150 150 151 147 140 141 145 143 142 151 138 130 138 143 136 137 139 140 148 144 130 122 119 125 112 98 105 114 110 94
255 255 255 255 152 140 145 149 149 149 152 156 144 134 141 151 148 142 144 139 121 126 145 152 156 154 144 139 133 142 144 141 131 118 134 151 152 154 156 161 164 163 156 158 161 162 158 147 149 154 151 137 130 140 151 153 151 149 150 152 149 147 152 154 150 152 155 157 149 136 138 143 141 150 153 147 140 139 145 154 153 135 131 133 123 122 115 105 102 107 108 115 116 102
255 255 255 255 153 150 150 141 134 136 144 153 144 134 136 143 140 136 140 135 122 126 147 158 160 154 145 138 133 142 147 146 137 135 152 157 153 158 160 167 167 168 166 163 164 161 149 136 138 147 154 142 134 146 149 146 150 152 148 146 148 145 146 156 158 156 145 143 149 147 147 142 141 145 143 144 133 136 146 151 151 139 132 128 127 116 105 96 104 117 99 97 113 102
255 255 255 255 151 151 151 139 135 136 125 131 133 133 123 115 122 137 151 146 131 129 138 148 161 161 145 136 128 129 130 131 125 138 159 156 155 165 167 164 158 163 167 164 159 156 150 143 142 149 149 139 136 147 150 148 145 142 142 145 150 144 139 147 154 161 153 145 141 140 146 139 133 134 138 135 131 139 144 144 148 139 124 115 121 99 84 94 107 115 103 101 108 98
255 255 255 255 152 150 146 132 130 131 118 119 123 132 122 107 110 131 154 159 147 129 128 137 150 155 142 132 116 105 112 125 130 143 159 162 162 169 169 166 159 158 162 163 153 142 146 146 143 142 139 139 137 135 137 138 139 137 138 143 152 150 144 145 146 149 152 154 144 132 136 143 135 131 141 144 145 145 148 151 155 143 115 100 101 87 80 94 105 108 114 114 112 105
255 255 255 255 144 138 129 124 130 130 132 133 128 129 120 114 111 121 148 158 149 129 125 129 134 144 142 133 110 95 114 137 148 151 151 158 163 164 163 163 161 156 151 145 142 131 136 138 136 139 138 139 147 144 139 133 137 144 142 148 152 145 136 137 151 152 146 146 139 130 133 145 145 142 143 136 142 147 146 145 138 129 116 99 87 81 81 102 122 115 105 105 101 100
255 255 255 151 138 133 129 130 138 134 139 153 150 140 128 123 122 128 146 149 142 128 122 124 128 140 147 139 118 117 136 146 151 154 153 158 157 157 153 154 153 153 149 141 141 143 144 145 147 153 146 143 155 158 140 134 138 143 146 153 146 145 144 144 156 158 146 141 147 143 137 132 135 142 144 137 143 142 135 141 133 116 108 106 97 92 98 114 119 113 103 100 100 111
255 255 255 151 137 133 133 131 133 135 138 150 154 152 147 140 137 137 135 139 144 132 118 120 131 137 140 135 131 138 148 150 151 157 156 160 162 163 155 154 151 151 151 142 140 145 145 152 152 152 149 148 152 150 136 143 146 146 159 156 146 146 143 147 152 146 143 140 143 143 140 141 137 137 133 133 148 148 135 137 128 121 120 102 90 98 114 122 120 118 106 100 109 123
255 255 255 150 140 134 129 125 131 135 133 141 153 162 162 156 149 145 128 123 135 131 118 116 134 137 136 135 141 139 145 153 155 162 161 165 173 172 165 156 150 143 142 144 147 147 154 159 157 154 150 144 138 138 140 145 152 151 150 141 142 146 139 144 147 142 145 141 138 145 143 141 134 122 124 135 146 139 130 129 118 112 120 108 100 110 122 123 127 133 119 110 122 116
255 255 255 152 149 146 134 125 128 127 132 151 160 165 167 168 162 155 131 113 122 129 125 120 135 138 134 125 134 144 150 156 152 152 153 155 165 164 157 151 154 144 141 144 143 144 145 146 153 153 144 140 134 130 134 144 152 148 138 138 148 151 142 142 136 137 153 148 138 145 144 142 140 128 133 136 130 119 122 123 123 115 104 109 115 123 135 133 131 132 127 124 133 120
255 255 255 145 147 152 137 128 136 124 129 152 163 162 162 168 166 159 138 116 120 136 138 128 135 143 143 127 121 143 160 159 155 151 151 149 150 146 139 139 150 142 143 151 148 143 136 136 139 140 136 140 144 137 140 156 148 135 131 138 142 146 144 144 136 128 141 149 142 145 136 138 140 130 134 132 124 116 119 117 113 114 110 120 120 131 136 139 137 128 130 138 144 129
255 255 255 140 145 150 135 129 131 115 129 153 161 161 157 158 162 162 146 126 124 131 127 114 122 136 145 133 113 136 163 162 156 151 146 147 143 138 144 141 141 140 139 147 148 144 140 143 145 146 141 143 145 142 141 150 141 124 127 142 140 139 137 133 138 135 130 140 145 148 131 119 125 125 127 124 119 117 110 107 97 91 108 130 133 142 139 131 136 137 136 140 145 138
255 255 151 143 149 151 141 139 132 118 131 148 153 162 163 160 163 162 147 131 119 113 117 113 120 138 148 140 116 128 154 159 155 154 146 141 137 137 151 154 145 142 137 127 131 137 145 144 146 156 151 141 142 148 145 142 137 126 129 136 140 141 135 131 140 145 138 137 143 152 141 123 134 138 134 136 124 111 95 100 100 96 113 132 141 143 144 139 147 151 147 143 148 153
255 255 154 150 156 154 145 145 145 139 135 135 140 148 156 161 155 142 137 137 129 128 134 125 127 146 151 143 126 127 139 146 153 155 145 139 138 139 142 141 140 136 141 137 137 138 146 145 144 146 144 137 142 152 153 147 147 142 140 134 138 135 136 136 141 148 143 136 133 148 146 133 139 141 137 136 133 126 110 108 113 117 129 142 148 146 146 146 153 157 143 133 139 149
255 255 155 151 153 155 152 147 149 150 146 143 145 142 151 151 135 123 127 142 147 153 148 133 131 141 145 143 136 140 142 142 144 144 141 139 130 131 137 141 136 128 139 148 140 132 141 151 147 138 139 141 139 141 141 143 150 143 144 146 143 132 138 133 133 145 141 131 130 141 144 136 133 130 127 120 127 133 115 108 120 121 129 142 149 153 147 147 149 148 141 133 146 149
255 255 154 151 150 154 161 158 154 152 147 142 143 145 149 135 122 127 125 138 153 155 151 144 140 140 146 146 139 142 147 148 142 136 137 134 126 133 138 143 141 137 136 131 125 129 134 139 142 136 133 140 135 132 133 140 152 150 148 147 143 137 135 133 137 149 145 133 133 133 131 129 133 131 122 115 118 125 119 112 121 118 125 143 153 153 146 149 145 140 145 138 149 149
255 255 150 151 153 149 156 157 152 151 145 136 135 137 132 121 130 145 137 137 146 147 150 150 150 147 140 135 135 140 141 144 140 136 142 138 136 139 140 144 143 139 128 121 123 129 136 133 131 133 126 131 132 130 138 143 149 150 147 140 137 133 128 135 141 145 144 138 137 141 137 123 123 122 112 110 116 117 120 119 127 128 129 139 148 156 163 158 149 146 143 129 131 133
255 255 151 152 154 147 146 152 151 142 139 140 136 133 130 126 141 152 154 150 149 145 143 144 148 146 135 133 140 148 144 139 136 136 142 136 141 138 140 149 146 141 130 129 136 135 138 134 125 130 133 128 136 140 144 147 143 143 140 138 136 131 126 130 128 134 143 138 138 138 139 130 122 117 111 109 116 121 129 141 145 146 147 148 141 146 152 144 145 148 140 134 137 137
255 255 153 151 149 149 146 146 145 136 135 134 138 147 156 150 150 147 141 139 142 144 141 138 135 137 135 139 143 142 140 138 142 147 149 140 139 143 151 151 146 141 124 120 131 138 143 142 139 136 131 127 131 140 142 139 131 133 127 131 137 138 130 127 131 129 138 138 146 145 145 139 135 131 120 115 122 128 129 138 144 148 153 151 142 146 145 134 139 144 140 133 139 140
255 255 143 146 146 142 141 140 134 135 139 123 127 145 158 153 152 144 132 128 135 143 143 139 131 129 135 141 142 140 136 142 150 148 145 134 134 145 158 154 148 141 128 130 135 142 153 150 140 137 131 130 136 131 130 136 139 138 129 132 136 135 127 126 127 118 126 129 138 149 147 148 146 132 123 116 122 138 134 133 139 145 147 140 143 154 160 149 138 131 136 134 134 133
255 148 141 141 139 132 130 127 119 123 137 130 123 136 147 139 142 142 139 141 141 141 136 134 135 135 141 149 149 152 146 151 151 145 140 135 137 137 149 154 148 140 142 145 139 140 146 138 126 132 135 137 143 132 134 137 137 133 132 137 141 137 132 132 126 118 121 121 125 135 140 145 142 128 122 118 128 142 143 139 142 145 141 134 143 145 146 157 144 134 146 141 131 135
255 149 140 136 133 133 135 131 126 126 131 132 129 139 141 134 141 143 140 139 135 137 138 139 142 147 152 158 157 153 151 152 153 153 150 146 146 134 135 135 131 136 143 142 142 144 144 135 130 132 134 139 139 137 146 145 144 130 119 127 131 127 126 128 124 119 125 128 122 117 126 130 128 123 123 135 143 143 142 132 128 136 141 139 141 144 145 153 150 148 150 143 139 145
255 147 142 140 140 142 145 141 142 144 146 144 138 137 130 128 141 143 137 127 118 127 133 136 150 158 165 165 158 158 160 159 158 155 146 140 141 139 131 125 126 134 142 145 147 148 141 133 134 131 131 139 133 132 142 148 147 126 105 109 118 118 113 117 123 116 126 132 116 110 127 131 124 123 128 144 148 151 151 141 136 140 139 131 130 144 144 144 153 159 160 158 157 161
255 145 149 145 141 143 144 142 144 146 150 151 145 139 133 128 130 131 132 131 125 123 138 141 151 161 166 165 157 158 161 156 154 152 147 138 128 130 128 129 135 135 139 142 140 140 140 137 135 129 127 140 136 131 130 136 140 131 120 121 124 121 111 116 135 135 137 136 123 116 129 135 129 133 135 138 141 142 141 140 146 142 134 138 142 149 142 141 143 150 156 156 152 165
255 145 146 144 138 134 136 136 142 145 147 146 145 145 135 123 125 126 139 148 137 124 143 153 156 163 170 175 167 159 156 154 156 152 151 141 126 124 125 124 131 137 139 135 134 132 128 129 136 132 131 140 141 140 129 133 136 136 138 131 120 118 126 133 143 145 144 140 136 119 118 118 124 138 143 139 136 129 127 132 134 138 141 146 143 138 136 140 134 141 148 146 153 165
255 144 136 136 140 140 140 132 134 144 149 144 143 149 141 131 139 141 144 141 130 128 146 153 155 157 161 168 169 163 147 141 146 146 142 138 132 134 135 126 125 130 133 129 132 132 124 132 142 142 146 140 137 137 135 138 143 137 140 138 123 119 129 137 138 135 132 131 135 124 121 114 119 129 134 133 135 128 119 133 146 149 144 146 142 138 143 149 144 140 132 130 156 165
255 144 145 145 144 143 139 131 127 127 132 138 142 147 141 140 149 149 150 145 138 147 156 151 155 159 157 160 162 159 131 118 131 134 126 128 134 137 132 124 120 117 122 129 135 129 128 140 139 134 141 140 140 137 130 128 141 144 138 142 133 135 136 126 122 128 132 135 140 135 129 127 134 137 138 136 131 125 119 129 153 156 146 138 135 142 142 146 147 140 134 132 139 144
255 139 150 154 148 140 135 139 139 129 128 139 140 134 137 149 155 156 157 155 150 152 153 146 149 162 163 159 158 151 126 118 134 134 123 129 135 135 129 131 136 129 129 130 132 124 125 136 133 129 139 143 138 139 135 135 134 141 143 141 137 140 147 137 127 130 130 133 139 135 132 131 132 139 148 144 140 142 143 147 154 154 158 156 144 154 150 145 149 145 141 147 141 134
255 131 140 145 142 143 141 141 141 137 136 135 126 121 137 155 160 158 149 145 152 155 150 148 149 154 160 159 158 155 142 137 139 128 120 130 135 134 131 132 133 126 133 130 129 127 130 134 132 134 139 147 144 147 150 152 143 143 149 138 135 132 140 138 135 139 132 133 126 122 127 129 130 136 142 141 144 147 146 153 150 150 158 157 145 154 153 148 146 144 144 153 153 140
