example/E5 - XRays/X-ray-tomography/rastert_juap54.txt
ncols         356
nrows         356
xllcorner     -0.5
yllcorner     -355.5
cellsize      1
NODATA_value  -9999
[rows 84 to 125 of 356, columns 0 to 94 of 356]
255 255 255 255 255 255 255 255 255 255 255 255 255 255 255 255 255 255 255 255 255 255 255 255 255 255 255 152 145 151 149 140 139 126 111 100 110 132 139 147 149 149 141 139 146 148 142 145 149 142 141 141 145 143 142 141 140 141 148 159 154 147 141 142 142 150 150 135 130 137 137 128 137 147 140 138 137 135 133 128 111 117 142 138 134 134 137 151 160 148 147 158 152 141 144
255 255 255 255 255 255 255 255 255 255 255 255 255 255 255 255 255 255 255 255 255 255 255 255 255 255 153 150 143 145 149 147 143 136 127 113 107 119 142 155 158 158 153 145 145 140 135 140 144 135 133 136 144 141 140 143 145 134 135 156 152 136 124 137 149 151 140 138 140 137 130 128 138 148 149 146 141 141 143 136 122 120 126 127 131 136 139 148 148 136 140 147 142 141 152
255 255 255 255 255 255 255 255 255 255 255 255 255 255 255 255 255 255 255 255 255 255 255 255 255 255 156 143 135 142 146 152 144 140 141 132 109 98 129 151 157 157 152 147 144 138 141 143 141 135 138 143 152 146 143 143 142 135 130 143 149 141 132 139 146 149 138 143 149 138 131 130 130 137 147 150 141 135 132 133 144 131 116 127 136 132 133 137 142 146 144 139 138 141 152
255 255 255 255 255 255 255 255 255 255 255 255 255 255 255 255 255 255 255 255 255 255 255 255 255 159 157 144 132 140 146 149 139 137 144 146 123 94 107 130 143 144 141 137 135 138 146 147 149 148 147 149 152 144 146 152 145 142 134 135 149 149 149 146 138 137 138 153 156 137 137 139 134 133 140 140 130 128 132 132 134 123 117 133 142 131 125 132 144 153 145 139 145 147 149
255 255 255 255 255 255 255 255 255 255 255 255 255 255 255 255 255 255 255 255 255 255 255 255 255 148 149 145 144 148 148 145 132 135 145 150 139 112 100 115 132 137 143 143 142 140 146 150 152 151 148 149 148 139 142 153 149 145 132 127 146 152 154 154 145 139 141 154 155 143 140 136 137 132 134 135 134 134 144 143 132 130 127 132 140 134 136 140 146 152 144 138 139 145 144
255 255 255 255 255 255 255 255 255 255 255 255 255 255 255 255 255 255 255 255 255 255 255 255 153 143 143 141 142 144 145 145 135 142 155 153 143 131 111 111 129 140 150 155 160 156 145 145 144 141 141 148 157 152 140 137 138 141 128 123 145 154 154 155 154 151 143 141 147 148 143 133 137 134 134 131 137 142 142 146 140 141 139 134 131 130 142 144 149 156 147 136 140 139 137
255 255 255 255 255 255 255 255 255 255 255 255 255 255 255 255 255 255 255 255 255 255 255 158 152 142 145 139 135 139 139 138 137 145 157 152 139 133 124 120 131 139 147 154 158 158 139 136 135 135 141 147 160 166 147 131 131 136 136 144 159 159 155 149 152 152 139 139 145 146 145 140 140 133 138 135 133 137 134 140 136 135 139 137 123 129 149 142 146 159 151 136 143 142 140
255 255 255 255 255 255 255 255 255 255 255 255 255 255 255 255 255 255 255 255 255 255 255 148 148 148 147 138 135 142 145 141 141 140 143 147 141 134 128 123 126 142 153 157 155 156 141 136 138 135 140 145 149 150 141 132 137 142 146 155 164 160 158 146 140 142 137 146 153 155 154 147 144 138 139 144 143 134 131 134 133 138 134 130 127 131 149 147 143 152 148 135 136 139 142
255 255 255 255 255 255 255 255 255 255 255 255 255 255 255 255 255 255 255 255 255 255 153 143 142 150 149 144 143 141 144 139 140 145 141 140 142 138 134 130 132 150 159 160 156 151 139 132 140 135 130 140 139 127 128 138 145 148 154 154 153 152 153 148 142 139 138 147 154 159 159 158 152 141 141 146 148 140 133 131 127 136 136 130 133 133 138 148 145 143 141 139 139 137 134
255 255 255 255 255 255 255 255 255 255 255 255 255 255 255 255 255 255 255 255 255 255 146 138 138 146 151 150 149 145 151 148 144 146 144 140 133 132 137 135 137 151 158 160 159 153 146 135 140 142 135 147 145 130 124 133 141 144 148 150 154 154 149 146 149 149 148 153 152 158 158 158 157 144 142 143 140 140 133 128 127 135 143 134 130 129 138 152 145 139 141 146 148 145 137
255 255 255 255 255 255 255 255 255 255 255 255 255 255 255 255 255 255 255 255 255 156 146 139 141 143 146 142 136 139 152 149 146 143 139 140 137 134 137 132 124 132 147 148 144 151 155 139 132 139 140 147 145 142 132 135 146 147 143 142 155 156 152 144 140 145 149 159 158 158 159 156 156 149 140 135 132 130 130 135 137 139 145 137 134 130 133 143 140 138 140 145 147 151 151
255 255 255 255 255 255 255 255 255 255 255 255 255 255 255 255 255 255 255 255 255 147 146 142 140 136 141 143 129 125 138 142 144 145 141 134 135 141 145 130 109 115 136 132 124 138 146 140 133 136 138 142 142 145 139 138 142 146 144 136 147 149 151 152 140 137 140 146 162 166 159 154 156 154 142 133 133 130 139 140 136 134 135 132 141 140 130 131 138 139 137 144 147 152 150
255 255 255 255 255 255 255 255 255 255 255 255 255 255 255 255 255 255 255 255 151 137 132 137 136 132 135 140 134 133 138 141 141 143 149 146 141 145 151 143 131 134 141 130 124 139 142 137 134 141 143 143 142 140 134 138 144 146 145 134 140 144 142 152 151 146 138 126 135 152 155 149 147 150 147 137 130 126 139 138 138 141 135 127 139 147 145 136 136 148 144 148 139 135 141
255 255 255 255 255 255 255 255 255 255 255 255 255 255 255 255 255 255 255 255 154 143 131 135 135 130 134 140 138 143 144 140 144 155 155 151 150 146 147 152 151 155 154 138 135 146 145 137 133 139 145 147 144 141 134 141 146 146 149 147 143 142 138 151 160 155 145 134 132 142 144 141 132 130 132 134 135 121 122 131 134 137 140 133 141 145 141 143 142 154 156 155 138 124 135
255 255 255 255 255 255 255 255 255 255 255 255 255 255 255 255 255 255 255 154 150 146 139 141 144 132 123 131 136 143 143 133 133 145 144 140 148 148 147 149 150 157 158 145 143 148 148 143 141 140 134 146 156 150 140 136 139 143 144 149 147 145 139 143 154 152 145 145 147 146 134 121 105 107 123 133 135 128 123 137 136 128 139 139 145 147 142 143 140 148 151 149 136 125 132
255 255 255 255 255 255 255 255 255 255 255 255 255 255 255 255 255 255 255 149 143 141 141 142 148 139 115 110 123 136 139 131 133 137 132 129 139 148 150 145 143 144 136 130 140 144 141 139 141 141 136 143 147 145 138 134 131 136 138 139 140 147 148 143 152 157 151 144 138 131 129 126 118 126 148 151 136 129 125 132 132 121 132 137 145 152 155 151 139 141 140 132 132 140 141
255 255 255 255 255 255 255 255 255 255 255 255 255 255 255 255 255 255 150 148 143 140 141 142 143 141 126 121 128 131 139 138 140 146 140 138 141 149 155 150 148 147 142 134 134 138 145 146 144 146 145 145 140 139 135 135 134 129 132 138 141 142 139 133 144 153 148 150 147 133 130 140 141 141 155 158 136 129 126 127 131 134 143 143 147 150 150 155 140 140 143 132 133 138 132
255 255 255 255 255 255 255 255 255 255 255 255 255 255 255 255 255 255 160 152 144 138 135 139 141 142 132 132 140 140 145 142 138 141 138 140 148 148 148 152 157 157 154 150 140 136 145 146 143 144 150 157 149 141 140 139 144 136 132 139 139 135 126 117 132 148 148 142 143 143 132 140 155 148 149 145 131 129 137 132 118 125 143 146 151 152 145 147 140 144 148 146 145 135 120
255 255 255 255 255 255 255 255 255 255 255 255 255 255 255 255 255 165 166 164 158 150 138 134 141 149 142 137 141 143 146 140 133 134 136 138 147 149 143 149 153 154 155 149 137 134 136 134 142 135 125 137 147 149 148 137 143 142 137 143 131 128 128 126 125 133 145 134 125 132 125 126 139 146 145 139 128 118 128 122 116 123 126 127 134 142 145 139 133 142 147 146 143 133 119
255 255 255 255 255 255 255 255 255 255 255 255 255 255 255 255 255 160 162 166 165 158 150 141 140 148 146 141 136 137 147 144 131 134 141 139 146 155 142 132 136 143 152 149 138 137 137 133 139 129 112 123 132 140 143 137 137 130 133 142 134 126 127 134 130 131 143 139 127 118 117 125 126 138 141 137 137 127 121 113 118 133 136 134 128 130 141 143 138 137 142 145 140 131 119
255 255 255 255 255 255 255 255 255 255 255 255 255 255 255 255 162 164 164 163 158 146 147 149 145 148 143 139 138 133 141 149 140 138 137 131 136 152 148 127 122 132 139 145 142 139 145 142 140 138 132 135 133 138 139 139 142 137 135 138 137 134 127 135 143 143 138 132 125 116 123 129 128 135 127 121 133 135 125 125 126 138 147 144 134 131 142 153 151 141 144 152 142 130 129
255 255 255 255 255 255 255 255 255 255 255 255 255 255 255 255 158 157 163 161 155 142 140 143 141 143 142 136 141 143 140 149 154 145 138 131 130 140 150 139 130 134 136 140 138 140 145 147 147 145 142 139 143 144 135 135 144 150 138 131 133 140 140 144 147 141 133 128 118 114 134 133 125 132 125 125 135 142 135 131 136 147 148 146 137 133 143 144 138 138 141 148 137 130 145
255 255 255 255 255 255 255 255 255 255 255 255 255 255 255 158 154 153 155 149 148 149 143 138 140 138 143 141 146 152 147 141 150 147 143 141 138 139 147 146 140 144 146 140 135 145 146 146 147 143 144 133 137 145 141 133 128 136 134 135 133 137 143 141 145 134 121 121 112 115 135 137 132 141 144 145 142 143 143 133 137 140 140 145 138 131 139 140 131 135 139 143 135 130 145
255 255 255 255 255 255 255 255 255 255 255 255 255 255 255 157 155 155 149 144 145 145 144 140 151 145 136 142 152 158 154 148 154 152 146 142 142 142 143 147 146 150 152 143 135 145 150 145 137 126 137 140 135 137 139 131 123 126 131 140 139 143 145 139 136 128 109 107 116 118 121 132 137 142 136 135 135 136 140 130 133 134 126 130 137 133 135 136 135 142 139 139 132 128 133
255 255 255 255 255 255 255 255 255 255 255 255 255 255 255 157 157 159 155 151 147 144 142 138 155 154 137 141 150 151 145 143 147 146 143 136 136 135 132 137 144 145 148 149 140 138 139 139 140 137 133 141 137 131 120 112 112 117 128 140 144 145 139 141 133 127 118 106 122 121 128 145 139 130 122 122 131 135 140 138 138 135 131 138 140 129 130 126 131 141 135 135 135 135 130
255 255 255 255 255 255 255 255 255 255 255 255 255 255 153 150 155 160 159 152 148 149 144 135 148 151 142 151 153 143 130 130 142 147 146 139 139 137 135 134 141 143 144 151 147 138 131 137 138 140 136 135 131 127 109 96 108 120 132 140 143 143 135 143 140 128 121 101 115 129 145 163 147 126 123 127 135 136 140 142 137 131 140 147 145 133 127 127 137 141 130 133 136 134 119
255 255 255 255 255 255 255 255 255 255 255 255 255 255 153 150 151 152 155 153 156 162 155 139 141 149 145 142 137 130 119 118 133 147 148 144 139 140 143 142 145 144 143 148 147 145 136 144 138 129 131 129 122 113 106 114 129 125 121 134 143 146 138 143 150 144 129 112 119 138 146 150 140 121 124 136 140 141 144 142 141 135 142 138 136 138 127 123 130 138 138 141 139 132 117
255 255 255 255 255 255 255 255 255 255 255 255 255 150 152 147 146 144 147 152 157 156 154 150 150 154 150 141 126 124 124 127 134 137 137 139 137 141 146 143 143 141 137 143 145 146 139 141 139 140 135 124 120 110 115 143 153 138 128 139 140 141 144 150 156 154 144 134 135 143 144 148 134 108 118 133 143 145 143 138 140 133 138 143 135 137 132 124 125 136 140 146 148 147 141
255 255 255 255 255 255 255 255 255 255 255 255 255 139 135 133 133 130 131 137 142 145 154 158 159 162 161 155 144 142 144 148 143 136 138 143 143 141 142 143 142 139 140 140 140 142 139 134 131 140 145 133 125 124 135 152 164 163 151 151 140 140 147 142 145 153 144 137 140 139 143 155 136 101 98 115 133 145 147 141 139 137 139 148 141 135 141 141 134 143 148 150 148 154 155
255 255 255 255 255 255 255 255 255 255 255 255 145 133 122 119 118 113 115 119 130 145 158 159 158 163 168 167 164 165 166 162 151 146 142 135 140 140 140 146 150 144 143 146 141 142 147 146 135 128 131 134 128 130 148 158 165 170 158 152 147 137 134 136 129 134 142 141 137 132 132 143 146 111 89 118 141 146 152 154 144 137 137 141 147 134 132 134 132 148 154 153 157 161 158
255 255 255 255 255 255 255 255 255 255 255 255 157 155 145 140 138 131 131 135 145 155 160 162 160 158 157 162 167 166 166 164 156 154 146 128 132 138 139 140 148 152 145 145 136 135 141 139 135 133 124 127 139 147 161 167 167 164 158 148 143 128 121 130 126 130 146 151 138 131 131 136 144 107 91 129 150 154 152 157 159 146 136 129 133 131 129 132 140 159 157 154 159 156 145
255 255 255 255 255 255 255 255 255 255 255 255 162 167 163 160 157 146 142 144 150 152 154 162 161 157 151 154 165 170 167 166 159 153 144 128 134 142 143 137 140 148 141 140 132 135 144 140 136 136 133 131 144 146 157 170 167 164 160 149 144 131 121 112 115 136 139 140 131 129 137 142 135 101 102 142 161 164 155 160 160 152 135 115 119 137 143 143 154 167 157 155 161 150 138
255 255 255 255 255 255 255 255 255 255 255 165 164 164 165 166 163 155 146 137 143 147 153 157 150 149 150 153 163 171 166 165 156 146 143 130 132 137 140 140 145 145 137 137 135 134 146 149 138 135 143 143 145 149 155 160 158 164 163 151 145 132 125 118 120 135 135 145 142 130 130 130 119 114 134 158 162 168 167 170 161 153 135 112 119 141 151 148 151 164 159 162 158 140 144
255 255 255 255 255 255 255 255 255 255 255 170 172 169 168 166 163 159 150 132 131 144 159 163 152 147 152 155 162 165 163 162 162 158 151 139 130 126 132 137 141 142 139 133 134 133 138 144 140 143 150 147 143 148 163 163 161 163 162 155 146 131 127 131 132 135 130 135 139 126 125 129 123 131 149 162 162 159 160 168 167 163 147 132 140 153 156 156 164 170 163 168 161 149 150
255 255 255 255 255 255 255 255 255 255 255 167 170 169 169 170 167 163 158 146 139 139 149 159 153 153 159 159 158 160 164 162 162 168 161 143 132 130 137 138 130 129 134 133 136 137 132 139 137 141 151 152 148 142 150 160 158 151 147 150 142 130 129 126 129 141 137 124 132 125 126 136 140 148 157 159 163 156 151 154 153 157 156 151 152 155 160 152 156 165 161 164 162 160 156
255 255 255 255 255 255 255 255 255 255 170 166 166 165 164 169 173 166 161 156 153 139 137 149 148 149 158 162 158 156 159 158 154 163 167 152 144 135 134 139 131 125 135 144 144 141 134 138 137 138 148 152 156 150 138 147 154 149 143 149 145 134 130 129 134 144 148 140 139 137 139 146 152 161 167 162 154 148 148 132 128 134 152 161 158 157 164 160 160 163 166 167 161 155 156
255 255 255 255 255 255 255 255 255 255 177 173 168 171 171 167 168 168 165 160 158 152 148 145 144 153 162 163 158 159 161 163 159 156 158 152 149 139 131 139 134 128 135 148 149 145 140 134 133 135 143 148 154 156 143 135 139 146 145 152 152 145 133 132 136 141 146 157 150 144 151 154 155 156 160 163 153 150 150 121 125 131 139 150 156 161 166 167 169 168 171 168 169 156 142
255 255 255 255 255 255 255 255 255 255 165 169 170 173 176 174 172 173 169 164 165 165 164 155 149 155 163 161 165 170 163 167 169 162 150 141 141 138 136 139 141 141 141 141 142 149 150 144 138 135 137 140 140 144 146 140 132 139 137 141 142 133 128 133 136 146 154 160 143 136 152 153 153 153 160 160 156 149 138 129 143 143 135 141 153 164 158 161 162 161 162 159 168 159 140
255 255 255 255 255 255 255 255 255 167 164 165 169 171 172 174 175 170 168 167 166 162 168 172 162 154 157 156 162 170 166 169 167 163 154 143 131 127 133 138 143 147 141 135 137 145 145 146 146 139 129 122 132 143 147 144 134 137 136 137 133 131 133 138 149 164 166 149 128 134 149 151 146 154 166 158 159 152 131 128 135 132 131 146 164 169 166 168 165 158 159 161 163 159 150
255 255 255 255 255 255 255 255 255 176 171 168 169 169 170 169 167 164 168 167 165 164 166 168 159 150 148 147 154 162 166 161 154 156 154 150 141 130 128 133 131 134 127 129 141 149 142 140 143 142 138 125 140 144 138 141 141 146 150 152 147 136 134 140 148 158 158 139 129 145 150 148 141 147 160 155 150 151 137 123 111 118 138 153 165 167 169 169 171 171 167 160 157 153 149
255 255 255 255 255 255 255 255 255 173 172 170 171 168 168 171 169 168 168 167 170 170 169 163 157 149 143 143 151 157 160 148 141 148 144 141 147 146 141 143 135 128 125 132 143 148 146 144 139 142 149 143 151 152 134 132 136 143 146 144 148 136 129 136 136 140 147 140 135 142 144 154 149 140 145 143 134 141 133 116 106 123 144 152 159 164 164 163 168 165 166 159 155 144 147
255 255 255 255 255 255 255 255 170 171 173 172 172 172 169 176 176 175 171 168 168 164 164 167 165 157 148 147 155 155 154 146 142 150 146 136 147 156 155 152 147 145 143 139 143 149 147 152 150 146 146 144 144 150 138 132 125 130 131 136 148 141 133 135 136 131 144 151 144 141 134 144 147 142 141 144 144 146 137 118 113 131 151 156 160 171 167 157 155 155 155 150 147 144 148
