example/E5 - XRays/X-ray-tomography/rastert_juap41.txt
ncols         356
nrows         356
xllcorner     -0.5
yllcorner     -355.5
cellsize      1
NODATA_value  -9999
[rows 252 to 293 of 356, columns 188 to 281 of 356]
142 154 164 157 157 163 158 154 144 140 145 147 150 149 160 169 165 160 163 158 161 157 154 160 165 172 175 171 170 163 166 176 179 172 173 169 171 179 167 166 169 163 158 153 140 139 132 115 114 121 128 137 149 158 153 140 136 128 126 137 144 145 144 138 146 141 132 126 129 144 135 127 140 141 138 138 135 128 128 129 124 123 117 115 110 106 96 73 66 86 122 137 132 135
152 155 159 162 163 160 155 158 140 130 138 150 158 152 161 166 165 163 167 170 165 158 169 172 165 164 173 173 168 162 171 175 178 178 181 173 164 170 167 167 167 166 154 149 149 151 135 109 112 129 132 137 145 154 153 149 149 138 131 143 154 158 149 137 141 139 134 132 135 149 151 143 143 136 127 123 133 144 143 134 125 123 114 115 121 123 113 93 74 82 124 145 142 142
153 151 156 169 165 152 153 160 156 151 142 136 147 156 165 172 168 160 161 165 158 156 168 167 160 160 166 162 166 164 170 173 172 171 176 177 168 164 165 172 171 170 163 159 155 155 140 127 132 138 136 142 146 150 156 158 155 151 142 137 144 147 139 125 127 132 141 140 136 148 154 152 141 125 114 115 128 150 149 138 129 129 129 128 136 139 123 108 95 93 119 133 129 131
166 164 161 165 162 153 149 149 161 170 153 141 146 155 164 172 170 161 155 160 161 168 176 172 160 158 159 159 171 164 161 167 169 170 173 173 172 162 162 175 177 176 171 161 154 152 139 128 133 137 138 141 146 148 155 150 141 142 133 127 131 140 134 123 125 127 138 144 142 159 159 156 145 133 115 106 117 141 144 141 136 135 138 131 134 138 126 115 109 106 121 124 112 113
160 157 157 163 162 155 145 142 156 171 156 148 146 151 164 165 158 149 150 157 167 171 178 180 172 171 165 160 168 158 153 158 161 166 174 169 169 166 163 170 172 176 168 162 154 146 137 122 127 137 138 141 146 147 157 147 131 131 131 125 119 120 123 129 143 142 149 156 152 161 160 154 147 136 109 84 97 130 137 136 139 134 127 116 116 135 136 134 123 115 129 133 123 126
162 162 160 164 163 159 148 143 152 163 150 139 138 152 163 155 148 143 156 167 179 174 176 175 177 176 166 157 158 161 157 161 161 163 175 171 167 172 170 165 163 170 161 159 153 145 139 125 129 138 136 138 139 142 149 144 132 130 136 130 116 116 133 143 151 152 152 160 162 167 164 157 144 117 93 87 109 135 135 132 134 122 114 111 115 133 141 148 140 127 131 139 142 151
168 161 158 157 151 155 149 144 143 149 140 121 129 141 151 146 139 146 161 166 168 172 175 164 172 171 164 154 155 162 157 161 161 166 175 174 167 173 172 173 164 168 162 155 149 145 139 134 143 142 138 131 129 142 147 143 136 133 138 138 128 136 157 159 158 153 149 152 156 163 164 156 138 105 102 133 157 154 141 140 136 122 120 126 137 144 143 143 132 124 132 142 146 153
152 144 144 144 138 152 141 137 140 131 118 111 133 132 136 132 128 147 162 165 160 169 177 173 172 167 167 157 157 159 157 166 163 170 174 171 162 169 175 179 171 165 160 154 152 147 141 145 146 136 134 130 129 143 149 144 137 136 142 148 147 146 158 165 165 162 155 151 153 159 152 137 119 106 129 157 165 160 148 144 141 132 128 143 149 146 144 133 114 101 130 157 158 155
142 143 151 157 153 154 134 130 136 126 109 103 127 125 130 132 136 157 168 171 173 170 172 180 172 165 167 161 162 161 158 167 163 167 168 164 156 163 169 169 174 170 165 161 155 140 127 132 135 132 130 129 133 143 151 152 149 149 150 155 156 158 154 158 161 163 162 157 162 160 144 120 109 119 148 159 158 156 151 147 146 142 135 144 148 138 130 120 104 90 125 157 161 160
151 156 161 158 154 150 139 134 130 123 91 74 101 124 131 131 139 159 164 175 183 175 166 170 166 159 152 154 156 162 162 164 160 169 165 158 156 166 168 162 171 172 169 162 148 125 106 108 121 125 119 122 131 138 152 161 160 161 157 153 152 162 160 155 152 158 161 153 148 148 140 126 127 138 154 167 170 168 159 154 148 144 144 137 134 129 126 120 107 92 127 155 156 156
156 155 163 166 159 148 139 141 138 133 101 71 75 95 117 134 146 161 168 174 168 172 171 172 172 162 146 148 158 165 166 166 164 171 177 171 164 171 174 171 173 173 161 149 134 105 96 107 120 116 111 121 139 148 159 168 167 169 166 155 158 163 163 157 153 160 163 154 142 145 146 143 139 141 152 164 170 169 161 154 147 140 138 135 121 115 116 119 117 108 132 155 154 151
150 155 161 155 151 143 138 140 144 156 146 124 89 74 109 143 151 166 174 173 165 175 179 175 171 166 150 147 161 163 162 165 163 163 179 178 171 173 169 170 173 170 156 146 129 99 94 115 132 122 112 119 142 160 167 171 167 171 176 164 164 163 160 157 158 157 154 151 141 144 154 151 131 124 135 149 158 161 157 150 144 140 132 126 117 105 106 125 132 129 138 149 152 148
142 150 137 125 129 140 153 152 155 166 161 157 124 91 112 134 141 164 172 173 171 174 172 168 160 162 156 151 164 171 162 159 163 158 167 171 176 174 171 169 164 158 149 142 125 99 99 119 136 131 114 113 134 158 163 166 166 164 172 165 159 160 160 162 157 151 152 154 150 150 155 155 138 122 127 138 147 147 149 147 142 138 130 131 130 112 102 124 145 142 141 146 148 147
125 136 130 126 130 142 158 169 174 173 165 165 141 108 118 125 134 159 165 170 171 173 169 167 161 161 162 158 160 166 159 158 169 162 167 169 174 165 168 174 165 157 134 125 121 104 109 121 130 127 116 115 134 155 163 167 165 164 171 170 163 162 159 165 163 149 148 159 164 156 152 161 154 142 144 143 144 139 138 138 135 131 129 141 147 120 98 116 147 149 138 140 146 153
109 132 135 130 134 144 150 166 177 174 169 169 158 133 129 131 137 148 153 160 162 167 170 168 164 162 161 157 150 151 153 156 158 152 162 167 171 167 164 168 161 148 120 114 124 112 113 116 117 113 119 130 145 166 173 169 163 166 173 173 165 162 162 162 163 153 144 151 158 148 145 156 160 157 159 159 158 155 142 135 136 132 131 148 152 124 98 111 145 151 142 144 149 157
114 127 132 116 109 133 143 159 169 166 161 161 163 140 129 137 147 149 148 151 156 160 168 167 161 156 152 151 150 151 151 149 138 129 140 149 156 168 164 157 152 144 145 146 147 136 127 117 114 116 125 131 154 172 174 169 165 170 175 172 160 164 168 164 158 155 150 149 150 142 146 157 163 163 162 165 159 156 142 125 134 140 137 144 143 128 112 120 147 156 152 155 157 157
121 129 137 122 122 138 139 146 158 156 148 148 156 136 120 126 143 146 143 142 141 149 162 159 145 145 150 146 146 150 145 138 120 111 126 125 122 142 150 151 151 155 166 168 163 160 149 130 122 123 119 120 153 170 175 173 166 170 172 170 163 166 161 156 153 146 140 141 141 141 154 161 169 170 168 168 162 157 146 129 132 141 139 142 136 123 122 129 142 151 152 148 146 148
126 137 136 130 136 133 131 134 147 157 152 149 148 141 117 107 130 136 128 127 125 135 154 151 140 149 157 149 143 141 139 134 130 126 132 130 123 122 131 142 154 167 170 168 161 163 159 139 123 114 120 130 159 173 172 175 172 166 165 167 173 169 157 148 145 138 133 133 143 145 160 164 167 172 170 174 170 167 159 143 143 148 144 142 135 124 125 134 141 147 152 149 140 143
128 138 139 134 130 126 131 134 144 159 166 162 151 147 127 121 135 134 123 121 123 132 143 142 146 156 155 150 149 146 140 133 139 133 136 142 138 133 133 142 159 166 168 166 163 164 159 140 119 107 124 138 149 157 161 168 167 160 157 156 167 166 155 141 133 134 134 132 143 150 161 161 158 161 166 174 169 165 158 140 140 148 151 144 138 139 137 136 142 151 154 153 147 147
127 134 136 133 127 131 138 136 125 126 149 156 145 141 135 135 148 144 139 135 129 129 131 140 152 161 158 160 158 153 145 130 133 133 137 139 136 140 139 150 162 159 162 161 159 161 154 138 126 118 119 134 136 138 146 155 155 157 152 144 153 154 152 141 124 129 134 133 141 146 157 162 162 164 164 170 173 169 156 139 134 140 146 140 132 138 142 136 130 140 149 153 156 154
127 128 131 126 125 138 141 137 119 97 109 128 136 143 135 127 145 153 152 148 142 136 135 143 150 156 161 170 168 163 160 153 144 136 140 141 138 143 142 150 159 159 162 158 157 161 148 131 136 133 128 136 132 128 129 130 135 149 148 138 139 144 149 154 144 142 147 141 145 140 150 160 163 168 166 165 170 166 149 135 132 135 136 133 133 136 139 140 132 134 147 155 163 162
131 128 131 129 126 139 137 137 120 82 83 113 128 134 128 128 139 151 149 140 137 134 134 144 149 147 157 175 170 166 167 171 165 143 139 140 139 149 152 156 159 159 161 160 157 150 134 124 137 138 143 134 120 116 117 116 123 138 143 141 138 142 145 161 165 152 150 150 151 139 145 155 155 161 160 161 163 157 138 120 122 129 137 139 142 143 142 145 139 134 140 151 156 154
135 115 116 126 127 140 143 144 124 91 94 122 133 123 114 121 122 133 144 139 129 126 133 146 147 130 135 161 163 162 164 168 164 147 134 132 136 148 154 159 162 161 158 158 156 137 118 117 130 136 144 136 124 122 121 123 131 136 142 147 153 154 150 162 164 149 144 157 158 146 147 143 140 139 138 143 143 142 136 123 119 128 140 145 146 144 139 141 134 129 132 143 149 145
127 116 107 115 130 147 150 152 139 124 126 134 133 117 119 126 121 131 147 147 136 139 145 149 151 127 117 137 158 168 165 162 159 142 127 132 140 147 150 152 155 164 161 160 161 140 123 133 147 148 139 137 134 133 131 129 132 138 150 154 153 160 159 154 149 142 147 156 151 139 139 133 132 131 124 124 135 143 149 143 133 124 132 140 146 147 138 135 131 129 135 146 147 142
110 128 121 125 142 158 160 164 160 148 143 137 127 117 135 140 136 150 157 150 142 147 149 153 156 139 132 138 157 166 164 161 154 134 120 128 138 144 144 150 154 166 166 162 161 148 137 140 151 154 138 134 138 139 135 133 128 134 152 154 152 159 155 140 132 134 140 140 140 133 122 123 130 133 129 127 136 152 165 162 151 132 125 131 142 146 139 137 133 138 142 145 150 149
105 123 132 139 152 166 172 175 167 159 161 148 119 102 120 140 151 162 166 157 152 153 137 139 154 151 151 144 145 146 158 162 149 136 129 132 134 135 134 145 153 160 162 160 149 139 140 139 137 145 144 142 143 140 132 134 133 137 156 158 157 160 152 137 124 127 136 137 137 137 123 123 129 129 133 135 133 148 161 161 160 149 135 128 132 139 144 150 145 140 141 142 147 152
131 135 142 147 160 168 166 168 160 157 167 153 126 100 110 135 150 159 164 159 156 156 135 123 145 150 149 151 153 149 150 156 145 143 144 137 129 134 137 145 151 153 151 156 146 132 142 145 133 139 139 134 140 142 138 136 132 140 162 167 163 162 160 148 134 136 141 141 143 143 129 130 136 137 139 143 136 137 149 148 150 152 142 133 123 126 142 156 155 145 141 143 147 150
145 144 145 150 162 170 165 169 165 155 161 152 137 126 133 142 147 163 173 164 154 155 145 127 136 145 150 160 159 150 145 154 150 150 147 140 134 140 143 145 152 149 143 147 146 139 138 137 139 140 133 126 138 150 139 132 138 148 160 169 166 166 169 161 145 142 146 140 142 145 138 137 138 140 141 143 138 137 139 136 136 150 150 142 132 121 131 151 160 153 147 149 149 153
143 142 140 156 167 167 166 169 166 160 157 153 145 147 154 148 148 160 165 159 152 151 147 136 140 155 160 162 156 154 150 156 158 157 152 149 148 151 149 144 147 141 141 140 143 146 141 134 142 150 140 136 144 150 140 135 151 158 162 163 162 166 168 168 159 147 150 147 143 144 141 138 139 136 137 137 137 140 140 137 140 149 154 147 137 128 128 137 147 146 141 144 142 142
135 137 142 160 175 164 159 168 171 166 163 163 157 161 162 152 154 151 144 146 158 160 150 144 146 155 158 155 156 158 150 147 152 155 151 145 151 158 157 147 138 131 136 138 142 143 139 132 135 147 146 150 152 151 150 151 157 159 161 159 159 164 162 162 159 149 151 151 147 145 143 139 138 137 136 133 137 145 148 147 148 148 149 147 138 125 125 131 134 132 124 131 134 126
130 139 147 155 166 165 168 166 164 169 169 162 159 157 153 148 153 146 136 138 158 161 152 149 146 146 146 139 145 153 151 152 151 147 135 127 142 155 158 153 141 140 141 146 150 146 137 132 139 150 150 155 156 158 161 163 157 159 166 168 165 169 166 159 155 150 157 157 149 150 149 145 139 134 139 138 143 155 160 161 157 147 139 146 142 126 127 139 135 125 122 131 135 124
134 148 152 154 159 163 171 173 167 168 168 163 154 148 140 136 147 153 143 137 152 156 149 150 151 145 136 129 135 151 159 160 159 159 142 122 130 141 145 157 152 153 156 157 164 154 144 146 153 157 155 151 147 150 156 153 154 161 171 172 168 170 170 163 155 150 155 155 151 155 154 149 142 133 144 147 152 162 166 166 162 146 134 140 145 132 123 131 131 124 127 138 146 134
137 153 154 157 160 159 159 163 162 157 158 157 148 145 132 134 152 156 153 145 149 150 141 140 143 136 132 134 137 146 152 156 158 163 154 135 133 137 142 149 149 157 155 154 156 152 150 155 155 156 162 158 153 157 156 146 147 160 170 167 164 166 168 171 154 144 148 146 148 156 154 150 143 132 140 149 157 161 164 169 163 147 137 138 144 134 126 127 124 125 129 140 153 143
146 152 154 156 155 161 158 156 156 143 133 138 142 137 123 137 160 157 156 150 143 145 144 139 132 120 113 126 137 148 153 161 162 169 169 158 150 143 151 147 144 152 148 144 139 133 148 155 159 163 167 165 158 160 156 149 150 159 167 171 170 166 162 168 154 147 152 149 153 160 161 157 147 137 139 143 150 155 158 169 165 154 145 139 137 133 133 132 117 117 126 133 137 138
141 140 145 147 143 145 149 148 144 136 128 133 139 133 121 134 148 146 148 150 138 139 144 141 131 111 96 109 131 148 159 163 160 172 174 169 165 152 151 146 139 148 150 143 127 112 140 153 158 167 166 164 158 154 150 155 154 153 159 165 172 170 165 161 153 155 155 150 156 163 166 166 155 147 143 139 144 148 153 162 163 158 150 139 133 136 138 135 120 116 130 137 125 120
145 141 149 143 136 134 141 141 133 133 133 133 137 133 132 142 140 132 135 144 140 138 134 134 132 116 106 110 137 153 164 172 173 175 169 166 166 158 159 153 139 141 147 140 113 97 125 146 156 168 163 162 160 155 155 163 161 147 147 154 164 161 158 158 152 152 155 153 156 165 170 169 159 150 145 136 141 148 151 161 163 158 152 137 125 131 136 132 130 134 142 136 121 113
153 142 151 150 144 140 141 142 132 134 144 133 134 137 135 143 143 135 136 142 146 139 126 131 136 129 122 125 158 168 168 175 178 175 165 166 162 160 171 170 153 144 143 139 102 70 79 108 143 162 158 161 162 154 154 162 162 141 135 142 156 161 155 159 157 156 158 155 158 160 163 169 165 158 150 144 143 141 140 154 159 154 142 134 129 130 136 137 136 140 140 128 118 119
154 143 142 142 136 135 134 140 131 131 144 132 126 130 129 138 143 137 134 136 141 136 127 130 138 140 133 140 168 176 175 177 173 170 166 171 170 166 176 178 163 152 145 143 113 68 49 70 123 155 160 157 155 154 159 162 163 152 139 135 147 158 153 154 152 155 155 155 163 160 157 160 160 162 154 150 145 130 132 144 148 142 130 128 129 134 136 138 139 132 130 122 118 125
142 137 140 146 132 128 132 137 132 130 136 134 122 114 123 145 147 142 133 126 129 134 135 130 136 142 140 151 166 172 175 178 172 174 171 173 179 172 171 172 169 164 157 153 133 88 49 51 96 134 152 151 152 164 169 171 169 168 160 147 150 165 159 153 149 153 153 151 163 167 165 167 165 164 158 155 150 130 132 140 140 134 125 125 124 129 132 134 133 125 116 120 127 134
137 134 143 155 140 137 135 141 145 146 143 140 125 109 124 147 145 139 126 113 112 131 136 124 123 132 143 157 164 171 175 181 175 178 177 171 177 178 177 173 177 173 166 164 146 114 76 63 87 112 131 149 155 168 168 171 175 172 166 159 155 167 163 153 154 153 147 146 164 166 169 177 171 165 159 155 153 139 135 134 129 132 134 129 125 123 128 134 127 121 113 119 132 141
144 132 138 152 147 153 144 148 156 161 152 137 124 113 130 145 139 137 127 115 103 121 129 112 102 120 149 160 164 172 170 176 183 181 181 172 170 176 178 181 180 176 169 169 157 139 114 103 109 112 122 146 160 164 160 163 168 171 165 164 165 165 160 150 152 152 145 148 165 168 166 177 171 161 158 154 146 134 132 132 129 133 140 139 124 114 123 134 132 129 128 131 140 146
137 130 138 142 145 150 146 147 154 167 152 132 126 131 148 150 135 135 127 120 100 119 133 112 98 119 152 159 163 176 172 173 180 177 178 171 166 171 177 178 174 172 170 167 160 153 138 125 119 107 115 139 155 155 154 161 163 170 166 164 164 164 156 145 146 151 148 152 163 170 164 168 167 160 157 151 140 129 127 131 131 131 136 141 124 100 108 129 137 140 143 142 143 144
