example/E5 - XRays/X-ray-tomography/rastert_juap41.txt
ncols         356
nrows         356
xllcorner     -0.5
yllcorner     -355.5
cellsize      1
NODATA_value  -9999
[rows 84 to 125 of 356, columns 0 to 93 of 356]
255 255 255 255 255 255 255 255 255 255 255 255 255 255 255 255 255 255 255 255 255 255 255 255 255 255 255 153 144 127 126 128 132 150 153 147 142 147 140 119 80 64 72 60 77 132 156 158 155 153 150 153 159 165 165 166 160 160 168 165 163 164 164 159 157 161 161 154 153 154 157 147 139 127 115 115 131 141 138 136 144 146 154 165 162 155 161 163 153 147 142 138 129 139
255 255 255 255 255 255 255 255 255 255 255 255 255 255 255 255 255 255 255 255 255 255 255 255 255 255 149 142 135 128 126 120 119 134 147 147 144 150 141 120 95 88 103 91 101 134 152 163 156 156 157 156 157 162 161 164 161 157 163 163 158 159 172 168 161 163 157 151 154 150 145 140 143 141 132 133 139 145 144 139 141 138 139 149 155 157 158 157 153 150 138 126 134 138
255 255 255 255 255 255 255 255 255 255 255 255 255 255 255 255 255 255 255 255 255 255 255 255 255 255 150 137 131 132 132 129 132 143 149 150 143 138 130 124 119 109 119 104 112 144 155 164 163 163 160 158 156 159 166 171 166 160 160 159 160 154 164 168 163 165 159 158 158 144 132 136 138 133 126 133 140 138 143 147 146 137 140 137 132 128 121 124 145 148 132 118 135 135
255 255 255 255 255 255 255 255 255 255 255 255 255 255 255 255 255 255 255 255 255 255 255 255 255 153 149 139 133 131 133 141 148 151 149 148 144 131 121 118 125 117 118 107 113 143 155 156 162 162 158 159 157 156 164 168 164 164 164 161 165 161 158 163 162 165 160 152 152 145 131 131 133 124 123 134 143 139 142 143 142 143 141 135 123 111 108 113 136 145 141 132 133 126
255 255 255 255 255 255 255 255 255 255 255 255 255 255 255 255 255 255 255 255 255 255 255 255 255 148 139 130 127 123 130 147 154 154 151 145 133 125 126 122 129 126 120 110 108 129 146 147 152 158 163 163 164 156 158 161 161 170 171 163 160 158 158 160 152 150 149 141 137 141 133 115 126 131 133 143 147 150 149 146 141 140 134 127 123 130 140 145 148 152 151 148 135 127
255 255 255 255 255 255 255 255 255 255 255 255 255 255 255 255 255 255 255 255 255 255 255 255 147 144 139 134 127 123 131 152 157 158 155 154 144 123 123 123 131 131 111 91 91 110 139 150 150 152 162 167 171 160 157 160 164 173 174 172 163 158 159 150 138 140 148 142 127 125 124 116 130 142 138 143 148 151 150 147 138 128 135 134 125 136 147 155 157 160 154 140 126 129
255 255 255 255 255 255 255 255 255 255 255 255 255 255 255 255 255 255 255 255 255 255 255 150 139 133 136 138 132 139 145 155 156 156 155 149 143 128 126 129 134 133 108 81 91 110 136 155 153 154 159 159 166 167 162 159 164 169 160 161 161 162 161 145 138 135 138 139 132 121 124 135 144 147 148 153 149 146 147 144 139 127 129 132 127 141 154 153 153 156 143 122 123 127
255 255 255 255 255 255 255 255 255 255 255 255 255 255 255 255 255 255 255 255 255 255 255 137 138 138 141 137 127 143 153 158 154 154 154 140 132 135 140 147 150 145 127 104 112 124 136 151 148 152 162 157 162 168 163 160 160 167 159 151 150 152 147 134 138 131 124 133 137 134 134 136 148 156 154 158 152 150 153 147 142 132 133 138 134 139 150 156 146 136 125 120 130 133
255 255 255 255 255 255 255 255 255 255 255 255 255 255 255 255 255 255 255 255 255 255 148 133 139 147 149 132 119 136 151 160 155 146 145 141 131 134 145 154 156 155 148 137 137 142 145 153 152 149 159 159 156 159 159 157 160 166 163 158 151 141 130 126 141 137 128 138 139 137 139 136 144 156 156 155 155 158 166 161 155 137 132 136 138 146 141 141 131 112 107 120 136 135
255 255 255 255 255 255 255 255 255 255 255 255 255 255 255 255 255 255 255 255 255 255 146 138 144 145 140 118 102 114 134 147 151 148 144 139 125 130 148 155 159 165 160 153 150 156 153 147 154 153 156 162 157 158 168 160 160 159 158 156 143 133 133 136 144 144 133 136 137 130 134 139 142 147 150 152 160 163 168 160 158 146 133 132 143 152 147 139 127 106 108 122 137 136
255 255 255 255 255 255 255 255 255 255 255 255 255 255 255 255 255 255 255 255 255 161 148 142 149 154 152 130 106 105 122 138 145 148 148 140 128 130 143 153 157 164 160 154 151 157 158 149 154 158 159 164 163 158 161 158 157 153 152 144 129 127 136 144 141 141 131 126 132 138 134 132 132 142 148 151 159 155 163 159 151 151 148 143 144 142 141 147 146 118 114 138 152 150
255 255 255 255 255 255 255 255 255 255 255 255 255 255 255 255 255 255 255 255 255 151 145 148 157 164 165 153 135 128 132 140 149 148 139 135 138 137 132 138 141 147 150 148 146 148 158 154 156 158 162 161 160 155 145 139 143 142 142 139 135 135 140 144 140 141 136 127 128 142 137 121 113 126 146 151 159 150 158 159 147 149 150 141 132 137 143 145 148 136 134 151 157 156
255 255 255 255 255 255 255 255 255 255 255 255 255 255 255 255 255 255 255 255 152 147 148 154 164 166 164 162 155 153 150 146 150 151 142 139 142 138 132 137 140 141 150 149 143 145 157 159 161 161 162 158 158 153 144 132 134 142 139 136 137 132 138 143 140 137 133 126 130 134 134 127 114 120 133 137 150 150 146 139 135 145 147 142 137 140 151 151 148 155 154 147 148 152
255 255 255 255 255 255 255 255 255 255 255 255 255 255 255 255 255 255 255 255 154 156 158 158 164 168 169 168 166 167 164 159 153 147 148 152 146 136 135 137 136 137 144 142 139 140 147 155 160 165 162 155 151 146 144 132 132 138 132 134 134 131 136 140 140 139 141 135 135 142 141 139 129 131 134 136 144 152 148 142 140 150 146 141 149 144 152 162 155 150 150 142 140 143
255 255 255 255 255 255 255 255 255 255 255 255 255 255 255 255 255 255 255 160 157 162 162 162 169 175 174 174 168 168 169 168 155 142 145 156 152 145 147 142 135 138 139 137 138 142 148 151 150 152 152 142 136 132 132 132 134 137 128 126 127 132 135 137 143 145 146 145 140 149 147 137 135 140 145 146 135 136 146 145 140 149 141 125 140 143 139 150 159 152 151 139 139 137
255 255 255 255 255 255 255 255 255 255 255 255 255 255 255 255 255 255 255 150 152 158 161 166 172 180 175 171 168 167 164 166 156 142 142 150 155 154 156 148 137 136 137 135 136 136 138 142 142 134 129 128 127 123 125 134 134 136 139 133 121 118 131 143 146 148 143 138 142 147 137 131 132 138 148 140 126 131 139 135 134 144 146 139 139 133 131 139 151 151 155 141 135 128
255 255 255 255 255 255 255 255 255 255 255 255 255 255 255 255 255 255 154 152 152 154 158 169 174 175 171 169 168 176 172 166 152 133 134 145 155 163 162 149 137 136 139 136 129 123 124 132 132 131 130 130 131 130 132 135 142 140 140 141 135 130 135 148 151 150 142 129 127 129 126 127 128 131 140 129 125 139 138 127 133 144 143 151 155 141 132 143 152 149 153 148 141 127
255 255 255 255 255 255 255 255 255 255 255 255 255 255 255 255 255 255 159 160 159 159 159 165 173 174 172 174 173 176 175 158 137 127 138 146 152 160 160 150 137 130 140 138 125 121 122 120 125 126 126 129 133 134 136 134 136 139 141 139 140 143 139 139 144 150 143 130 122 119 125 131 130 134 132 124 117 126 132 136 143 154 149 152 156 149 136 137 141 143 148 153 147 135
255 255 255 255 255 255 255 255 255 255 255 255 255 255 255 255 255 165 164 160 160 169 173 169 171 176 175 176 174 162 159 153 140 134 146 151 152 154 152 142 123 116 133 130 118 124 128 114 121 123 120 131 137 140 139 138 130 130 146 151 144 144 135 131 141 150 149 135 138 137 132 134 130 138 133 120 125 133 134 137 142 150 154 153 142 141 143 140 139 139 135 144 143 138
255 255 255 255 255 255 255 255 255 255 255 255 255 255 255 255 255 162 162 154 160 173 178 180 178 179 175 170 167 151 145 149 153 157 159 159 154 153 147 135 113 107 128 132 123 127 132 125 134 133 123 131 138 143 143 146 139 137 149 152 146 140 130 129 138 142 143 133 134 131 121 131 130 135 134 118 123 138 132 121 131 144 143 147 144 138 139 139 149 151 137 139 145 147
255 255 255 255 255 255 255 255 255 255 255 255 255 255 255 255 161 158 160 159 165 171 172 172 175 174 172 167 160 146 147 149 148 161 168 169 163 155 145 136 121 108 117 122 114 113 135 142 147 143 131 138 143 144 150 155 145 138 137 134 136 140 133 134 137 138 138 130 131 127 122 136 132 122 116 107 108 123 124 107 116 132 122 127 136 130 133 139 149 155 146 140 148 148
255 255 255 255 255 255 255 255 255 255 255 255 255 255 255 255 167 157 160 169 174 174 172 168 167 167 166 155 149 143 140 140 137 152 163 167 163 155 146 143 138 123 114 100 87 87 121 149 157 151 142 146 149 152 154 151 137 126 117 122 134 144 138 134 130 130 135 126 133 134 126 126 117 110 114 119 120 123 130 125 120 126 123 123 132 131 137 146 153 154 149 137 139 148
255 255 255 255 255 255 255 255 255 255 255 255 255 255 255 159 165 160 160 168 177 178 173 173 171 164 151 142 149 148 144 143 139 149 162 163 160 156 145 144 150 145 142 125 110 108 125 133 132 136 147 152 151 152 149 144 133 138 126 127 140 141 139 140 131 125 136 133 130 127 127 127 125 125 135 142 140 131 133 139 135 125 121 125 139 146 149 148 148 151 147 137 137 153
255 255 255 255 255 255 255 255 255 255 255 255 255 255 255 155 158 156 164 168 171 176 174 173 170 151 127 130 150 154 156 154 146 148 160 164 164 161 142 139 153 155 159 155 149 147 146 133 120 128 148 158 159 154 144 138 130 139 140 139 139 131 138 142 140 130 128 131 135 129 130 143 140 132 131 134 140 135 130 133 137 126 110 117 143 155 153 143 141 146 144 144 144 153
255 255 255 255 255 255 255 255 255 255 255 255 255 255 255 150 150 149 161 169 169 171 172 165 155 129 105 119 149 151 151 153 147 144 154 161 160 158 142 136 151 154 157 161 162 164 162 154 150 154 157 158 157 158 146 139 141 138 135 141 140 135 143 137 138 133 124 128 141 145 140 142 138 132 122 120 141 149 147 143 131 130 120 115 130 145 149 138 139 149 146 142 142 142
255 255 255 255 255 255 255 255 255 255 255 255 255 255 158 154 151 153 158 164 164 166 166 157 145 125 109 121 147 147 138 141 144 140 146 151 137 131 128 127 142 153 162 167 166 170 171 168 161 160 163 164 156 158 151 142 154 151 138 142 143 138 145 148 145 134 122 128 137 141 142 138 123 120 127 124 138 149 147 151 137 139 140 134 139 140 137 133 143 152 147 127 121 122
255 255 255 255 255 255 255 255 255 255 255 255 255 255 159 159 160 160 154 154 156 156 153 149 148 137 123 128 144 143 140 140 133 119 125 140 126 114 114 115 134 151 161 165 164 164 161 167 166 162 160 164 163 158 154 149 158 156 144 143 145 136 140 156 158 151 145 139 133 133 136 135 121 118 132 138 142 148 141 143 141 138 133 137 143 138 136 140 146 144 145 133 121 117
255 255 255 255 255 255 255 255 255 255 255 255 255 152 156 160 163 164 154 143 144 148 146 139 139 136 132 132 142 138 140 143 130 112 119 134 136 128 122 113 128 144 154 161 165 165 155 158 162 165 164 162 161 155 153 156 157 148 136 133 141 136 137 151 161 166 157 139 128 130 140 148 149 143 140 142 147 149 141 136 143 147 141 133 132 136 141 142 135 134 143 145 132 117
255 255 255 255 255 255 255 255 255 255 255 255 255 155 155 157 163 163 156 146 148 148 140 134 141 140 134 133 135 133 136 137 136 129 130 129 130 134 135 132 134 142 148 150 155 164 164 163 160 158 160 164 165 163 151 150 154 145 137 133 141 141 140 147 162 171 154 134 134 136 142 150 152 151 145 142 141 143 143 135 140 146 146 140 139 142 136 129 119 116 124 129 126 123
255 255 255 255 255 255 255 255 255 255 255 255 161 160 162 162 162 157 148 148 154 150 140 141 149 143 130 129 131 134 136 130 130 136 138 130 128 135 141 137 133 131 137 153 152 155 166 174 173 170 165 166 164 165 165 165 156 144 142 139 139 141 138 141 145 153 149 139 142 146 145 144 140 145 145 139 138 141 144 141 144 146 142 143 146 134 122 132 137 130 126 124 139 143
255 255 255 255 255 255 255 255 255 255 255 255 158 156 158 158 155 155 153 150 148 145 140 140 140 136 131 130 136 143 145 139 136 139 132 130 138 150 161 152 139 123 114 139 161 161 156 161 168 172 165 167 163 157 160 167 166 155 147 146 140 139 139 140 142 135 133 144 153 158 147 144 146 149 157 148 148 155 150 141 142 151 149 141 140 130 127 142 148 131 125 136 154 155
255 255 255 255 255 255 255 255 255 255 255 255 158 156 153 151 147 145 151 150 146 143 134 122 125 132 135 134 139 147 153 149 150 148 137 135 134 137 151 155 144 125 95 94 135 157 157 161 164 170 167 164 163 158 160 166 164 157 152 148 139 132 135 136 141 135 130 147 159 154 147 149 149 149 152 144 142 147 154 148 144 148 151 146 137 121 126 121 114 104 124 152 160 157
255 255 255 255 255 255 255 255 255 255 255 159 158 153 153 150 146 145 147 147 149 145 128 114 123 132 138 144 146 148 154 151 152 155 148 142 133 130 138 146 142 122 81 68 96 133 158 164 163 163 164 160 161 158 159 163 163 161 153 148 145 140 136 134 138 134 133 141 145 140 136 145 142 140 141 136 134 133 142 147 154 151 147 147 134 119 113 100 94 97 133 151 148 152
255 255 255 255 255 255 255 255 255 255 255 157 161 157 148 145 148 154 154 150 143 139 133 127 123 124 139 155 155 153 152 152 154 158 150 143 144 137 138 150 150 135 101 86 88 114 148 167 171 161 155 159 154 151 155 160 161 161 154 153 155 153 146 142 143 140 139 139 134 136 135 135 133 137 139 129 131 135 131 137 152 158 151 140 126 132 130 122 96 87 126 148 147 145
255 255 255 255 255 255 255 255 255 255 255 149 154 155 150 146 148 153 149 143 137 138 140 140 136 132 144 157 159 164 163 158 155 158 154 141 144 148 145 147 143 141 132 121 115 131 149 162 165 161 155 155 153 155 161 170 166 162 154 154 158 152 149 153 147 144 141 139 137 133 133 131 138 137 126 120 126 127 122 133 140 157 154 133 126 137 150 134 85 64 91 118 124 122
255 255 255 255 255 255 255 255 255 255 153 150 153 157 157 150 146 149 140 135 137 140 135 126 134 145 154 157 159 166 164 162 157 157 160 139 136 147 144 140 139 141 139 134 135 145 153 158 160 163 163 151 153 158 158 160 162 162 148 146 152 144 144 157 160 152 139 132 132 132 129 122 135 125 99 108 126 137 135 137 130 138 141 134 141 140 139 122 88 65 70 85 84 87
255 255 255 255 255 255 255 255 255 255 154 152 155 160 160 153 143 145 139 133 139 143 146 137 132 137 155 163 158 158 159 159 159 154 157 142 139 142 128 130 138 139 141 143 145 148 154 157 159 162 166 154 152 157 158 152 145 154 152 144 146 149 148 152 155 152 138 135 126 132 137 123 128 108 82 99 123 132 137 140 146 143 129 129 134 132 133 132 120 111 108 106 105 110
255 255 255 255 255 255 255 255 255 255 149 143 151 164 159 150 146 144 132 121 133 144 146 142 131 127 145 160 158 152 161 162 159 157 156 148 143 141 130 132 141 141 138 143 150 147 148 152 156 161 167 161 156 156 160 162 151 153 155 149 148 148 153 155 146 137 127 133 128 130 144 138 126 110 103 109 117 120 139 151 164 160 146 144 141 145 151 148 140 143 148 145 145 140
255 255 255 255 255 255 255 255 255 153 146 142 149 160 155 148 143 134 119 112 124 140 141 140 136 129 133 142 143 135 140 137 129 129 133 139 135 141 141 136 133 139 140 139 151 149 143 139 144 152 154 151 149 147 147 157 156 153 153 150 145 142 151 148 136 133 128 128 119 128 148 148 134 127 134 126 119 131 150 154 157 157 163 155 149 159 161 163 160 151 153 154 160 156
255 255 255 255 255 255 255 255 255 150 147 150 148 147 145 146 139 122 109 109 113 124 131 134 134 130 128 127 116 108 108 100 100 101 106 116 128 138 142 149 142 137 141 138 144 152 149 146 144 150 154 152 152 146 139 144 147 151 157 154 148 143 148 146 135 137 135 128 122 129 139 142 139 138 148 136 127 145 149 150 155 154 164 163 157 159 163 166 173 165 156 152 155 159
255 255 255 255 255 255 255 255 255 146 143 148 146 143 137 136 133 125 120 124 121 123 122 116 117 127 130 127 109 100 105 104 111 111 112 112 119 130 137 150 155 147 147 145 140 146 143 147 150 150 154 154 154 148 143 141 142 144 144 145 142 134 141 145 133 136 138 129 125 132 141 143 145 138 144 140 137 154 154 153 155 155 159 161 163 160 163 163 167 165 147 146 155 153
255 255 255 255 255 255 255 255 154 146 142 143 144 142 137 133 137 135 128 132 132 131 123 111 116 121 123 129 126 117 113 113 120 113 118 121 110 114 131 140 149 147 144 142 137 142 138 135 142 142 144 148 148 147 144 139 135 140 143 135 135 132 138 140 128 134 135 134 143 140 136 123 119 112 128 137 139 148 154 157 158 157 158 161 167 163 160 167 162 166 155 147 145 144
