example/E5 - XRays/X-ray-tomography/rastert_juap24.txt
ncols         356
nrows         356
xllcorner     -0.5
yllcorner     -355.5
cellsize      1
NODATA_value  -9999
[rows 42 to 83 of 356, columns 94 to 187 of 356]
136 146 151 143 131 127 130 145 146 130 118 121 125 127 125 126 125 120 129 134 140 148 150 142 138 142 141 139 127 121 137 144 148 151 146 138 127 128 132 144 152 151 138 131 130 131 142 139 139 143 116 77 96 134 146 154 160 162 163 164 160 164 160 149 144 147 148 156 154 154 153 153 134 120 152 164 164 164 152 153 163 165 160 147 135 127 127 140 137 119 119 137 154 157
136 148 157 155 138 134 139 149 152 141 127 120 113 110 120 128 131 126 129 132 138 142 137 140 137 132 140 143 144 143 138 139 145 147 147 155 141 123 118 132 148 150 141 138 137 128 143 147 141 144 121 81 98 135 140 141 153 156 155 159 157 158 159 152 145 152 154 156 153 155 158 155 134 126 152 163 160 160 159 153 160 166 159 152 149 139 132 137 137 132 135 143 153 154
145 142 150 161 157 150 144 150 160 152 130 123 123 116 126 132 132 128 128 125 132 136 130 135 139 137 140 142 148 151 138 130 131 133 135 153 149 124 106 128 151 155 152 144 142 131 136 147 149 144 128 102 113 135 137 135 146 155 153 156 156 149 150 151 143 140 141 145 149 153 156 145 125 131 157 166 159 159 168 160 154 162 159 154 153 136 128 132 126 117 127 142 149 150
148 149 152 158 165 164 149 146 154 148 133 134 134 129 137 131 128 128 129 126 125 134 138 136 143 147 141 138 137 139 134 130 132 137 139 146 137 114 105 128 150 153 153 137 136 137 135 146 155 150 128 105 115 132 135 138 147 156 156 152 152 145 142 141 127 124 136 135 136 143 147 133 109 121 156 165 159 161 170 161 147 162 161 153 150 132 113 113 100 81 93 120 133 139
148 148 156 157 156 161 154 149 144 132 127 137 134 127 130 126 127 135 137 144 142 145 153 148 145 145 140 138 138 141 140 139 145 153 153 146 137 127 125 123 134 147 149 134 132 141 141 144 148 142 127 113 112 119 136 144 147 153 159 150 143 145 139 127 116 130 144 138 137 137 138 130 112 122 154 163 155 159 170 161 148 161 160 153 149 125 97 94 99 90 97 116 126 138
158 151 153 155 153 155 156 152 137 125 127 136 135 123 120 125 126 131 139 156 157 153 156 157 147 140 134 136 133 135 145 150 151 151 151 148 141 134 136 126 129 144 146 141 131 129 136 127 126 136 136 133 129 128 140 141 141 146 150 147 131 131 133 128 126 138 145 140 141 130 128 129 124 137 157 164 160 163 167 157 156 159 158 160 153 118 95 96 117 123 126 138 140 153
162 160 157 155 156 151 151 152 136 126 128 125 121 116 116 126 125 123 134 152 153 152 156 159 152 146 132 135 131 134 144 158 162 159 158 153 145 138 135 132 128 138 140 137 139 139 146 140 140 155 148 144 146 138 128 130 141 139 131 130 116 118 132 138 139 132 139 135 133 128 125 129 125 134 149 154 158 161 157 150 151 149 152 154 140 111 106 110 129 139 141 154 149 156
159 159 155 156 163 154 148 146 141 127 124 128 118 119 130 136 133 124 132 143 143 145 153 153 147 149 136 137 138 145 148 155 163 164 159 155 148 146 138 134 130 136 145 134 142 156 159 159 156 161 157 159 158 138 114 126 144 138 132 123 103 113 135 136 136 129 132 127 127 129 130 135 131 125 135 146 151 157 149 146 149 144 138 137 126 106 108 116 136 146 152 158 149 148
157 154 149 155 165 155 149 144 138 130 126 139 138 136 141 139 129 121 128 133 134 134 148 152 147 147 140 142 145 145 147 153 159 166 155 149 146 144 139 139 131 127 141 139 137 153 162 164 167 164 163 170 167 152 129 131 147 145 143 131 109 117 129 123 135 135 130 130 139 139 136 122 119 117 127 153 149 155 155 150 146 141 132 133 132 123 116 115 135 145 149 145 145 144
155 156 150 150 149 140 145 145 139 135 135 140 146 153 144 134 123 118 128 133 127 117 134 150 153 153 147 147 148 142 143 153 157 162 151 137 137 144 143 143 129 120 129 138 144 156 165 166 171 173 168 169 172 165 155 146 146 150 143 133 119 122 120 119 134 132 128 132 133 120 110 82 83 107 126 154 147 150 151 135 126 134 137 140 146 141 125 120 133 142 144 136 142 144
158 158 145 143 137 125 128 128 138 139 140 134 133 143 137 133 128 124 124 130 127 118 117 132 142 148 146 146 149 146 136 139 151 151 144 141 141 148 142 139 134 122 122 136 140 153 167 165 168 173 169 164 166 169 170 161 153 148 145 136 128 130 125 126 129 125 134 132 121 107 97 67 67 109 133 145 145 141 136 119 120 135 147 152 146 141 134 129 134 138 142 141 143 146
159 152 141 136 133 126 124 119 131 134 136 129 125 125 125 132 134 134 128 128 128 129 123 125 135 144 139 140 151 141 128 133 152 158 153 150 150 148 149 148 136 121 121 141 136 136 153 158 164 174 173 169 166 167 171 168 160 148 154 151 137 133 134 132 131 128 135 131 128 126 120 102 97 119 140 146 144 137 136 127 128 139 146 147 135 128 133 134 139 138 135 141 145 146
156 140 130 121 128 132 138 139 134 128 132 131 125 122 125 126 120 113 115 128 127 125 141 146 141 139 140 135 137 132 136 148 155 161 160 154 147 149 156 162 153 138 130 133 139 142 141 144 160 173 173 169 165 169 174 168 163 155 153 155 150 131 121 123 135 137 140 140 146 145 136 133 130 127 137 140 139 145 149 143 138 144 140 137 133 130 133 139 143 131 119 136 144 142
146 136 127 114 116 125 134 143 139 130 130 135 127 129 125 96 70 59 85 124 130 126 144 155 149 137 143 137 123 135 145 151 153 156 156 157 151 154 159 163 161 151 132 110 127 138 134 144 160 168 172 169 164 166 169 167 164 154 147 151 160 138 124 124 132 138 144 146 156 153 142 140 131 121 124 129 138 146 149 152 142 140 133 136 144 135 131 132 135 132 124 135 147 146
135 129 130 122 118 130 132 136 138 137 138 132 129 132 121 72 30 28 76 129 136 132 143 148 151 148 137 131 128 144 148 145 151 156 151 153 162 158 156 163 165 157 146 118 108 106 111 137 157 166 170 166 160 161 164 160 160 151 142 148 156 150 140 132 138 143 137 143 158 149 136 123 111 115 112 110 125 139 143 145 142 141 130 130 144 134 128 127 123 138 141 138 150 150
130 127 129 124 122 133 134 134 133 139 142 133 135 131 115 77 53 57 85 123 130 131 140 144 143 147 138 137 132 136 146 143 145 153 148 147 168 163 157 162 165 159 160 146 120 97 90 118 146 159 165 165 157 162 168 156 157 153 146 146 151 157 153 136 136 139 133 136 143 138 125 112 95 102 88 73 98 129 142 150 151 144 133 135 144 141 135 137 133 140 141 135 145 148
121 116 124 129 126 124 134 138 133 140 144 139 132 113 98 95 105 106 114 128 129 132 138 148 145 140 140 146 140 129 139 154 159 157 148 152 167 164 163 164 166 162 159 156 147 126 113 133 150 148 152 158 151 152 152 145 148 156 155 143 148 160 162 151 141 133 132 132 132 130 106 98 101 105 82 67 101 129 137 151 155 148 142 143 143 141 131 136 142 139 138 142 140 138
113 111 128 136 132 127 135 143 144 145 144 131 117 105 103 110 119 120 130 131 130 139 137 144 147 149 147 137 139 139 150 178 190 167 149 155 163 166 167 165 171 169 162 158 155 148 146 151 153 146 149 153 151 145 138 145 155 159 153 148 153 158 162 159 149 137 134 126 127 127 97 78 96 112 90 83 111 118 125 137 144 144 138 144 141 141 128 130 145 141 143 147 134 130
99 99 129 141 140 141 136 134 134 132 139 132 121 123 120 116 122 124 134 135 128 131 136 141 139 145 137 123 131 141 155 173 178 157 147 152 159 170 171 166 168 173 165 165 162 152 159 158 156 154 154 149 152 153 148 151 161 155 147 153 155 155 156 161 151 139 129 101 109 129 123 99 101 121 114 108 121 120 121 131 140 146 137 146 143 135 127 135 152 145 141 138 127 132
101 88 108 129 140 142 132 131 128 123 138 142 123 122 119 112 123 130 135 135 135 132 139 147 136 131 125 126 127 122 139 156 160 151 150 159 164 168 172 172 168 170 165 167 166 165 167 158 160 157 141 110 115 136 154 157 159 154 148 157 155 155 153 155 154 149 127 89 98 127 145 137 125 131 121 123 131 136 130 137 144 148 140 144 145 133 126 136 149 143 138 134 122 118
125 113 120 128 130 127 123 124 129 133 139 137 124 119 116 112 121 133 138 133 134 133 143 144 132 125 124 124 119 112 130 148 155 152 152 163 167 165 175 177 171 166 167 165 159 167 171 163 164 159 146 112 101 118 146 161 158 157 155 161 157 153 150 151 154 153 140 113 113 135 154 152 130 130 121 126 134 142 137 138 140 146 151 141 137 142 142 140 138 133 131 130 130 117
135 133 129 127 126 129 131 124 131 132 131 131 131 126 116 113 127 135 141 141 139 133 131 130 127 119 123 120 114 117 129 144 150 155 159 162 164 164 171 179 176 166 166 167 161 158 167 168 168 171 163 141 131 128 143 155 154 158 159 153 153 157 157 159 160 157 153 134 126 143 151 152 129 121 124 125 129 134 124 130 137 145 150 136 133 145 145 137 132 132 132 131 135 127
140 147 133 122 121 126 139 139 140 132 131 136 136 128 113 113 133 137 144 152 150 136 127 121 118 108 110 110 107 115 130 147 156 164 175 169 168 168 162 169 174 176 172 164 162 155 162 170 173 174 167 153 152 148 149 149 149 152 155 151 149 158 158 160 156 153 152 146 139 147 148 150 140 127 132 129 127 130 121 122 133 139 138 138 142 145 138 137 136 138 135 135 132 129
137 146 130 124 128 122 121 130 140 141 142 137 133 129 119 124 136 144 156 161 146 125 121 114 101 108 114 111 98 99 129 152 158 168 176 169 166 168 167 175 173 168 168 158 165 163 151 162 167 164 160 156 157 151 148 141 143 141 142 148 148 141 144 162 160 152 146 140 146 153 156 144 135 133 137 135 124 129 132 125 132 145 142 145 146 151 148 149 145 149 143 140 134 134
144 140 127 130 133 120 117 130 149 151 149 140 131 130 129 134 135 148 158 162 143 123 116 100 80 100 123 130 103 94 126 153 165 167 169 168 168 171 168 167 170 166 171 166 170 171 147 149 160 163 164 159 157 149 135 114 101 102 130 152 148 134 135 158 169 165 145 132 145 149 140 118 109 126 132 129 107 106 124 129 129 147 153 152 144 146 150 150 144 145 144 143 140 141
154 141 133 138 135 131 130 131 147 158 158 146 131 132 140 140 140 149 152 153 134 115 111 105 91 93 107 116 93 79 104 140 165 171 168 163 161 167 169 163 170 173 176 169 165 167 154 141 150 161 168 165 156 150 125 78 55 66 115 150 145 135 134 147 168 173 139 129 139 130 124 107 105 123 126 119 94 95 120 120 120 139 150 153 143 142 137 145 143 138 148 154 145 143
148 140 129 129 125 136 138 130 135 149 158 154 132 122 131 137 136 140 155 150 125 115 120 120 120 111 94 87 83 80 94 126 152 166 170 166 163 170 173 168 171 169 172 166 162 161 161 147 148 161 173 169 157 148 118 64 44 52 99 130 125 121 127 140 150 156 136 128 129 107 121 133 137 140 129 116 101 106 126 121 124 136 141 150 134 134 137 150 153 146 147 152 137 133
140 141 127 119 124 147 151 144 136 137 146 152 135 126 127 131 133 134 151 146 128 127 130 128 126 121 104 90 101 106 111 128 153 170 172 171 167 169 171 167 170 172 171 173 164 156 155 148 150 155 167 169 158 148 118 76 63 62 87 99 103 115 126 146 150 148 140 124 119 111 123 129 140 148 128 128 120 119 125 125 130 134 131 140 132 135 142 149 148 146 137 143 133 132
138 150 140 129 133 151 157 151 136 132 131 130 126 134 133 132 138 137 143 143 138 140 131 132 124 115 121 117 122 123 126 134 150 170 171 168 167 170 170 170 175 173 164 172 165 159 164 155 148 148 154 165 158 138 121 112 114 113 121 122 118 124 127 147 157 150 143 133 125 131 142 135 139 144 131 143 124 109 110 109 122 134 135 137 137 146 145 145 141 137 123 123 128 132
137 146 138 128 137 145 148 143 134 130 124 126 131 133 127 130 130 121 135 144 140 142 132 134 124 115 120 123 120 121 130 130 139 162 169 167 168 179 180 162 170 173 162 170 166 164 169 169 158 153 145 147 147 132 127 135 144 143 153 153 140 136 130 138 157 149 136 136 135 145 149 142 140 134 131 136 110 86 95 101 123 138 138 139 140 153 148 141 136 138 121 110 114 124
142 145 134 119 126 143 146 134 125 125 128 135 137 135 139 135 124 108 125 133 128 134 130 137 124 103 91 97 107 114 132 128 131 150 165 168 163 174 183 164 162 170 165 167 168 168 162 167 163 152 147 144 144 133 125 122 142 150 154 157 157 151 138 139 163 150 128 129 138 147 142 137 133 124 121 117 114 110 113 120 136 137 128 133 144 154 147 135 125 136 139 129 126 131
150 147 138 128 122 132 142 132 121 121 123 122 129 139 155 142 127 118 127 128 127 127 123 132 112 85 67 75 104 117 132 124 119 142 161 167 163 173 179 166 159 168 169 167 169 168 158 155 147 138 142 145 149 147 125 105 134 158 156 157 172 162 140 144 164 143 138 135 137 147 141 138 137 127 126 130 140 145 139 137 137 125 127 140 145 139 129 129 128 136 147 144 134 123
145 148 140 137 133 125 138 142 130 126 128 123 135 146 151 151 153 140 141 137 133 131 126 130 109 79 63 75 107 127 139 131 126 146 155 158 155 159 165 160 167 172 171 165 168 167 155 149 133 132 140 146 146 141 117 95 113 143 156 160 170 161 150 151 156 133 148 150 135 143 143 140 148 148 147 151 159 156 151 143 135 116 125 141 144 138 129 134 140 139 134 129 133 127
141 149 143 138 134 122 132 143 136 136 139 139 145 149 149 152 158 145 147 143 138 128 121 124 108 90 85 90 110 135 150 148 141 150 152 154 160 152 157 156 165 163 159 151 156 160 145 142 131 126 136 141 140 124 104 94 88 107 143 152 159 163 159 150 147 135 153 156 147 153 154 149 153 152 154 152 153 156 163 143 119 107 120 127 136 146 140 143 149 139 125 116 117 124
142 153 153 149 141 128 123 129 132 134 138 139 149 155 148 147 146 134 137 133 128 105 95 109 101 92 105 113 117 135 154 162 154 151 151 146 157 155 159 148 144 148 145 144 152 163 152 137 114 111 134 140 147 136 113 111 102 102 134 132 137 158 153 138 138 146 157 152 152 160 154 153 154 148 154 151 150 159 161 137 114 123 140 132 137 150 140 137 141 133 125 124 121 125
130 145 152 153 152 141 131 130 131 138 144 140 145 154 151 144 142 130 121 107 96 76 72 85 94 96 114 131 130 135 145 158 161 158 156 146 141 152 161 154 139 153 149 146 153 159 148 136 117 119 145 149 157 159 127 101 83 87 122 132 133 138 137 135 138 141 153 157 158 156 150 158 154 155 154 148 153 164 148 131 130 144 157 148 134 138 142 135 135 136 129 130 139 140
139 145 150 150 148 139 133 136 136 144 147 144 136 137 140 134 127 105 88 71 59 52 55 66 84 105 121 140 142 138 141 147 155 163 151 139 133 142 143 147 139 149 154 149 149 151 141 140 136 140 158 152 154 167 145 115 85 82 98 104 117 131 137 133 135 143 152 162 166 165 155 156 148 149 153 154 158 148 119 108 122 141 146 148 136 133 148 141 137 143 140 138 142 152
145 148 150 153 150 142 134 136 137 142 138 140 135 135 130 119 93 58 47 40 37 33 41 52 78 109 122 138 150 143 143 149 152 159 144 129 141 147 142 142 141 147 149 143 145 144 139 153 158 154 160 158 154 166 158 148 132 121 111 100 100 116 133 131 132 151 161 157 158 169 155 147 146 138 143 152 152 114 86 94 108 128 127 139 136 131 144 149 146 137 134 144 139 151
128 138 146 152 152 144 139 138 126 124 125 132 131 133 115 89 65 45 40 30 32 31 42 49 69 110 130 136 144 142 137 146 146 142 135 136 152 146 143 141 142 148 146 143 145 145 142 151 155 153 152 162 166 170 164 157 157 156 146 136 125 124 115 112 123 147 155 143 145 160 155 152 142 131 136 138 122 79 88 119 126 140 133 133 131 124 137 149 149 140 137 147 138 142
119 132 146 148 145 139 129 119 107 108 126 140 135 126 99 71 57 44 37 31 36 36 48 62 75 117 143 145 142 139 128 136 147 139 132 147 155 137 137 147 140 140 142 142 136 138 139 146 151 153 152 164 168 170 167 158 162 164 158 149 144 126 97 97 112 130 144 141 138 150 152 158 144 141 137 128 101 62 93 132 135 136 135 141 144 139 131 134 146 149 151 151 137 137
132 131 145 148 145 142 127 114 109 116 135 150 144 123 99 79 58 43 40 40 44 51 62 86 105 125 136 133 126 115 103 122 149 133 125 144 147 139 138 144 138 129 131 131 125 132 140 148 155 154 158 171 166 164 170 166 162 157 155 153 144 126 103 95 102 117 138 137 127 147 154 154 151 155 140 126 112 94 103 124 137 129 129 143 139 135 124 132 145 148 156 155 144 131
140 136 141 147 145 145 138 132 130 133 140 139 134 108 92 81 68 57 53 49 54 74 91 109 126 130 130 124 111 103 105 121 137 132 135 148 146 150 143 138 142 136 131 135 143 143 141 152 153 148 162 167 161 162 175 172 165 154 150 152 150 139 112 99 109 124 135 128 124 139 157 155 155 162 150 132 133 126 118 119 130 123 124 124 110 117 124 141 153 151 156 163 159 142
