example/E5 - XRays/X-ray-tomography/rastert_juap53.txt
ncols         356
nrows         356
xllcorner     -0.5
yllcorner     -355.5
cellsize      1
NODATA_value  -9999
[rows 0 to 41 of 356, columns 188 to 281 of 356]
255 255 255 255 255 255 255 255 255 255 255 255 255 255 255 255 255 255 255 255 255 255 255 255 255 255 255 255 255 255 255 255 255 255 255 255 255 255 255 255 255 255 255 255 255 255 255 255 255 255 255 255 255 255 255 255 255 255 255 255 255 255 255 255 255 255 255 255 255 255 255 255 255 255 255 255 255 255 255 255 255 255 255 255 255 255 255 255 255 255 255 255 255 255
149 150 158 160 156 157 158 167 255 255 255 255 255 255 255 255 255 255 255 255 255 255 255 255 255 255 255 255 255 255 255 255 255 255 255 255 255 255 255 255 255 255 255 255 255 255 255 255 255 255 255 255 255 255 255 255 255 255 255 255 255 255 255 255 255 255 255 255 255 255 255 255 255 255 255 255 255 255 255 255 255 255 255 255 255 255 255 255 255 255 255 255 255 255
133 146 155 158 155 152 153 158 159 159 158 161 159 157 158 159 255 255 255 255 255 255 255 255 255 255 255 255 255 255 255 255 255 255 255 255 255 255 255 255 255 255 255 255 255 255 255 255 255 255 255 255 255 255 255 255 255 255 255 255 255 255 255 255 255 255 255 255 255 255 255 255 255 255 255 255 255 255 255 255 255 255 255 255 255 255 255 255 255 255 255 255 255 255
114 142 151 152 153 146 145 147 152 157 156 163 162 159 160 164 162 162 164 169 169 162 255 255 255 255 255 255 255 255 255 255 255 255 255 255 255 255 255 255 255 255 255 255 255 255 255 255 255 255 255 255 255 255 255 255 255 255 255 255 255 255 255 255 255 255 255 255 255 255 255 255 255 255 255 255 255 255 255 255 255 255 255 255 255 255 255 255 255 255 255 255 255 255
96 130 149 153 155 147 148 153 158 157 153 160 163 161 162 167 163 161 164 166 162 156 158 158 159 157 156 255 255 255 255 255 255 255 255 255 255 255 255 255 255 255 255 255 255 255 255 255 255 255 255 255 255 255 255 255 255 255 255 255 255 255 255 255 255 255 255 255 255 255 255 255 255 255 255 255 255 255 255 255 255 255 255 255 255 255 255 255 255 255 255 255 255 255
93 119 148 158 156 151 155 158 160 156 153 158 159 156 157 164 163 161 165 163 155 154 158 156 155 151 153 159 153 149 153 255 255 255 255 255 255 255 255 255 255 255 255 255 255 255 255 255 255 255 255 255 255 255 255 255 255 255 255 255 255 255 255 255 255 255 255 255 255 255 255 255 255 255 255 255 255 255 255 255 255 255 255 255 255 255 255 255 255 255 255 255 255 255
113 126 147 158 154 153 155 158 160 156 155 158 153 150 154 164 161 160 166 162 156 155 159 157 154 153 155 156 155 155 161 158 150 145 147 255 255 255 255 255 255 255 255 255 255 255 255 255 255 255 255 255 255 255 255 255 255 255 255 255 255 255 255 255 255 255 255 255 255 255 255 255 255 255 255 255 255 255 255 255 255 255 255 255 255 255 255 255 255 255 255 255 255 255
125 137 149 156 153 154 156 159 158 156 160 158 146 147 156 166 159 161 167 164 162 155 156 158 156 156 157 155 157 162 164 160 157 152 154 155 149 151 150 255 255 255 255 255 255 255 255 255 255 255 255 255 255 255 255 255 255 255 255 255 255 255 255 255 255 255 255 255 255 255 255 255 255 255 255 255 255 255 255 255 255 255 255 255 255 255 255 255 255 255 255 255 255 255
129 145 149 154 152 154 158 160 161 159 162 158 143 143 152 160 155 159 165 161 159 152 150 159 154 155 158 156 159 164 162 161 164 161 161 162 157 154 148 146 151 155 255 255 255 255 255 255 255 255 255 255 255 255 255 255 255 255 255 255 255 255 255 255 255 255 255 255 255 255 255 255 255 255 255 255 255 255 255 255 255 255 255 255 255 255 255 255 255 255 255 255 255 255
137 150 149 150 147 154 160 158 158 156 162 161 148 146 154 158 154 158 163 156 153 148 149 159 154 154 156 159 160 163 161 163 165 164 160 163 159 155 148 144 148 152 152 150 155 255 255 255 255 255 255 255 255 255 255 255 255 255 255 255 255 255 255 255 255 255 255 255 255 255 255 255 255 255 255 255 255 255 255 255 255 255 255 255 255 255 255 255 255 255 255 255 255 255
147 151 148 150 148 153 158 155 155 156 162 164 158 156 163 159 160 162 162 154 154 151 150 158 153 151 149 156 159 162 163 161 163 159 156 161 159 158 147 143 146 148 147 144 152 150 148 155 255 255 255 255 255 255 255 255 255 255 255 255 255 255 255 255 255 255 255 255 255 255 255 255 255 255 255 255 255 255 255 255 255 255 255 255 255 255 255 255 255 255 255 255 255 255
141 146 142 150 157 158 155 155 160 160 158 158 162 165 167 159 163 161 160 157 157 157 155 157 152 149 143 153 158 161 159 158 162 152 154 161 161 159 149 145 146 147 143 143 146 144 143 151 154 153 154 255 255 255 255 255 255 255 255 255 255 255 255 255 255 255 255 255 255 255 255 255 255 255 255 255 255 255 255 255 255 255 255 255 255 255 255 255 255 255 255 255 255 255
135 141 141 154 165 163 155 154 160 161 153 150 158 161 160 159 162 159 157 158 160 155 147 151 152 149 143 148 152 153 152 159 159 151 154 156 160 158 148 140 144 144 138 138 141 143 145 151 155 151 151 149 152 148 255 255 255 255 255 255 255 255 255 255 255 255 255 255 255 255 255 255 255 255 255 255 255 255 255 255 255 255 255 255 255 255 255 255 255 255 255 255 255 255
141 140 140 153 162 159 155 155 156 156 153 145 153 161 162 160 162 156 155 158 155 143 138 143 148 145 143 143 141 142 149 157 157 154 151 154 162 157 146 132 132 138 138 133 138 144 147 152 152 146 149 150 146 141 149 156 255 255 255 255 255 255 255 255 255 255 255 255 255 255 255 255 255 255 255 255 255 255 255 255 255 255 255 255 255 255 255 255 255 255 255 255 255 255
147 140 144 153 156 155 155 158 156 154 153 142 146 159 161 157 157 155 155 156 149 136 140 148 149 144 142 139 135 136 144 153 159 160 154 156 159 151 134 116 119 134 139 134 141 145 148 148 147 143 142 141 133 136 145 148 148 149 255 255 255 255 255 255 255 255 255 255 255 255 255 255 255 255 255 255 255 255 255 255 255 255 255 255 255 255 255 255 255 255 255 255 255 255
149 144 151 157 153 155 158 159 158 157 151 141 140 156 160 151 152 156 155 155 145 138 148 155 149 142 143 140 135 134 139 149 161 166 155 153 152 142 121 101 114 134 140 137 142 144 144 144 148 139 131 131 129 138 144 144 149 154 158 154 154 255 255 255 255 255 255 255 255 255 255 255 255 255 255 255 255 255 255 255 255 255 255 255 255 255 255 255 255 255 255 255 255 255
150 142 150 157 152 156 164 161 159 161 150 143 145 155 157 153 156 159 155 154 144 140 152 152 147 146 146 146 142 141 144 149 159 167 155 153 146 137 120 111 132 144 143 141 145 148 148 146 145 133 128 128 135 142 145 147 152 157 160 156 155 157 154 255 255 255 255 255 255 255 255 255 255 255 255 255 255 255 255 255 255 255 255 255 255 255 255 255 255 255 255 255 255 255
149 136 142 155 158 160 165 162 158 159 152 147 152 156 157 155 158 161 156 151 143 138 145 141 142 148 143 146 148 148 141 137 147 154 150 150 141 129 124 132 150 153 152 153 154 157 155 145 136 128 130 132 140 141 144 147 152 157 160 157 158 159 152 148 150 255 255 255 255 255 255 255 255 255 255 255 255 255 255 255 255 255 255 255 255 255 255 255 255 255 255 255 255 255
147 136 141 155 160 163 165 159 153 152 148 143 150 155 158 155 155 161 156 154 148 140 138 135 139 143 136 139 146 141 130 128 138 145 147 149 142 130 129 142 156 155 155 163 161 163 155 143 129 127 136 137 138 138 142 147 150 157 160 159 161 160 155 153 153 150 152 255 255 255 255 255 255 255 255 255 255 255 255 255 255 255 255 255 255 255 255 255 255 255 255 255 255 255
144 144 149 157 162 162 164 159 153 152 151 143 143 144 149 153 151 155 154 157 153 149 142 138 143 138 130 135 144 139 131 138 145 144 147 150 146 137 132 140 153 155 160 166 161 162 154 140 125 131 142 137 131 135 143 148 152 156 159 159 160 159 156 158 160 154 154 149 143 255 255 255 255 255 255 255 255 255 255 255 255 255 255 255 255 255 255 255 255 255 255 255 255 255
146 153 154 157 161 161 158 157 152 152 154 149 142 139 146 153 151 148 152 159 151 148 142 141 148 142 134 142 149 145 144 151 149 145 151 153 144 135 136 138 143 147 154 160 160 163 157 136 118 130 141 133 130 138 142 147 155 156 157 158 159 159 158 163 165 160 158 147 138 141 145 255 255 255 255 255 255 255 255 255 255 255 255 255 255 255 255 255 255 255 255 255 255 255
150 156 156 159 158 160 153 154 153 149 157 152 147 151 147 150 155 148 152 160 149 142 139 143 152 153 145 145 149 150 148 150 147 147 153 148 136 129 138 135 135 130 136 154 163 167 157 132 121 133 141 133 138 144 139 140 145 147 156 161 160 161 158 161 169 165 157 148 141 142 142 140 145 255 255 255 255 255 255 255 255 255 255 255 255 255 255 255 255 255 255 255 255 255
150 157 155 155 154 156 155 156 154 149 156 155 153 154 145 147 156 153 158 164 156 147 140 141 150 153 147 139 145 149 144 146 140 142 145 138 132 130 136 139 139 123 118 139 160 165 149 133 129 141 138 124 135 149 142 136 132 133 150 161 161 161 153 159 168 162 159 157 149 152 152 146 140 133 118 255 255 255 255 255 255 255 255 255 255 255 255 255 255 255 255 255 255 255
151 157 151 151 160 159 155 154 149 150 154 157 155 150 145 147 154 158 164 169 162 152 144 139 139 142 143 141 148 153 150 146 136 136 145 141 136 136 140 144 143 125 112 124 145 151 142 140 137 143 126 107 124 146 143 139 132 128 144 160 160 160 158 162 169 166 163 159 156 162 161 152 132 120 123 117 96 255 255 255 255 255 255 255 255 255 255 255 255 255 255 255 255 255
153 155 151 147 160 163 158 154 148 151 159 160 154 148 146 148 151 156 163 167 160 153 153 149 142 136 137 143 155 158 151 142 129 132 147 143 139 139 136 136 132 120 111 123 142 142 143 150 146 142 128 115 128 144 144 145 139 130 140 156 158 161 167 166 169 168 165 163 162 163 165 157 139 125 126 133 129 113 255 255 255 255 255 255 255 255 255 255 255 255 255 255 255 255
152 154 155 150 153 160 157 152 150 154 159 158 154 152 143 142 151 156 159 163 159 155 156 160 155 142 137 140 148 152 146 133 120 125 138 142 139 138 129 124 119 114 114 125 141 139 144 157 152 147 143 135 138 143 141 143 136 131 138 151 156 161 167 165 169 168 163 163 163 164 164 158 150 141 135 131 129 132 124 98 255 255 255 255 255 255 255 255 255 255 255 255 255 255
143 149 157 155 148 154 154 148 144 147 153 156 157 159 144 142 153 156 152 157 163 157 155 165 162 152 143 142 146 145 142 137 129 133 139 144 141 138 128 123 119 113 114 124 137 137 147 158 154 152 149 145 142 143 142 137 129 126 139 153 156 156 162 162 168 167 164 162 163 165 162 160 157 157 147 136 127 127 131 125 119 122 255 255 255 255 255 255 255 255 255 255 255 255
142 149 153 154 146 152 159 151 146 144 149 154 161 160 144 141 150 152 144 151 158 152 157 162 159 157 148 144 148 145 141 145 144 145 143 144 139 134 124 121 120 120 125 132 139 141 148 155 156 152 153 153 147 148 147 140 123 115 131 147 149 151 160 164 169 167 164 164 166 169 168 163 162 159 151 146 135 125 126 129 130 132 143 255 255 255 255 255 255 255 255 255 255 255
146 156 147 142 147 157 160 154 149 145 148 149 156 156 144 139 148 147 145 149 149 155 162 164 158 156 151 143 144 142 144 146 147 149 147 142 136 128 118 119 125 128 138 142 145 145 148 154 157 151 153 156 154 153 153 145 126 116 130 142 147 150 157 165 167 163 165 169 168 174 169 165 162 157 151 150 142 136 135 136 134 136 143 148 150 255 255 255 255 255 255 255 255 255
149 158 146 139 146 152 146 146 151 152 157 148 150 153 150 149 155 147 149 150 150 162 161 163 161 161 149 137 143 141 144 145 145 150 148 138 134 126 119 123 133 131 140 139 138 143 152 159 158 156 153 157 160 162 155 149 137 126 132 143 149 152 156 161 163 165 167 164 164 172 168 165 164 159 150 150 148 144 140 141 141 139 148 153 149 145 149 255 255 255 255 255 255 255
150 153 150 142 139 145 143 146 161 163 161 147 147 152 154 152 156 149 151 152 149 158 155 165 164 158 138 132 143 145 149 153 148 147 142 134 128 124 128 138 146 137 130 121 118 136 155 159 156 160 154 157 161 161 149 148 139 126 132 144 144 144 148 146 152 166 165 157 162 171 166 166 168 163 152 151 150 148 142 144 145 146 155 153 147 145 148 154 255 255 255 255 255 255
150 151 153 143 132 134 140 143 153 157 160 153 145 145 153 147 148 149 143 143 147 153 151 164 158 144 136 137 148 151 157 155 146 141 140 140 137 132 135 146 154 144 128 118 121 133 148 153 154 158 154 156 159 155 149 150 140 126 130 140 131 126 131 128 133 145 151 154 165 169 167 171 172 166 158 156 157 152 147 149 152 156 150 144 146 146 147 155 172 167 255 255 255 255
154 155 155 145 133 125 123 134 150 152 157 161 149 144 151 142 137 147 141 144 147 151 151 157 149 135 141 145 151 157 154 149 145 140 141 143 137 130 134 149 156 145 131 130 135 137 144 148 150 154 152 151 152 148 146 146 139 134 128 131 120 109 113 115 114 115 126 139 153 159 161 166 162 161 161 158 159 151 146 147 156 156 144 141 142 143 144 153 159 157 152 255 255 255
150 154 155 148 143 132 123 138 156 152 155 159 151 154 149 134 132 143 135 135 145 150 151 151 149 139 143 149 155 162 155 148 146 142 144 134 119 109 116 138 145 136 127 133 141 143 146 141 144 152 143 139 136 130 131 131 132 134 120 116 112 100 98 105 108 111 124 135 148 154 153 152 146 150 158 158 157 150 146 144 151 149 147 145 140 140 138 144 148 149 142 136 255 255
146 151 154 154 152 144 140 150 158 153 158 159 159 163 150 139 138 138 118 114 139 150 153 151 152 148 151 152 155 158 152 143 139 138 141 125 114 119 121 131 141 137 126 131 140 145 146 138 143 151 140 134 131 131 132 125 128 136 123 117 119 107 102 110 116 120 126 133 145 148 150 148 141 144 157 159 155 149 146 143 141 141 143 142 141 137 135 144 149 146 138 137 141 141
143 153 156 160 158 151 150 157 160 159 162 162 160 160 156 149 142 136 120 119 144 151 155 152 154 157 161 159 154 148 148 142 127 121 120 113 119 138 136 142 148 139 122 128 130 134 135 131 136 144 146 143 141 139 134 129 131 140 132 125 127 119 112 120 123 117 114 115 127 137 150 154 145 145 152 153 153 147 142 140 140 143 141 134 136 135 136 147 150 149 149 147 146 145
145 155 155 155 156 143 137 153 157 164 162 163 163 160 160 150 142 140 137 139 149 148 149 151 152 156 161 158 153 146 150 138 112 100 97 94 111 137 136 149 150 137 122 122 121 126 125 124 130 140 146 147 142 136 136 135 135 139 133 131 131 123 117 124 126 113 105 104 117 135 148 154 147 144 144 148 143 138 137 137 145 151 141 133 134 132 138 152 156 159 159 156 150 143
143 151 152 149 147 130 124 153 158 161 158 163 168 164 160 149 147 148 146 148 149 144 145 154 153 156 157 157 158 155 149 137 116 97 89 86 114 137 136 146 149 144 131 115 112 115 119 127 134 137 141 143 140 138 139 142 140 138 128 130 128 115 115 130 130 119 112 112 124 140 144 149 143 143 147 146 136 138 142 140 145 146 138 140 137 134 146 159 160 166 168 161 150 145
136 143 147 144 142 132 130 150 154 154 161 165 165 158 156 149 148 149 145 145 145 143 145 152 154 152 154 157 156 148 143 137 127 119 112 101 122 138 130 127 134 139 127 111 109 113 115 126 135 131 131 135 137 139 135 140 141 131 119 121 118 112 120 136 133 129 132 133 139 144 146 150 144 147 152 148 143 149 150 147 147 140 139 141 139 136 144 152 154 164 170 159 153 149
132 135 139 140 138 143 152 153 153 157 165 166 160 150 149 149 146 146 148 148 145 144 143 148 150 148 154 153 145 135 137 133 128 134 131 114 117 134 135 122 125 126 113 105 110 114 112 119 129 126 129 131 135 137 131 136 134 120 112 108 104 111 127 141 138 140 145 145 142 135 140 146 145 149 151 151 152 155 156 156 150 145 143 142 139 132 136 143 140 155 163 159 155 143
130 130 133 134 128 138 153 151 156 167 167 165 157 146 144 147 144 148 153 151 146 143 147 145 143 146 150 148 140 131 138 135 127 133 130 114 107 124 136 119 111 104 99 98 109 111 109 112 117 120 128 127 128 131 127 125 120 116 118 110 111 124 138 145 145 145 145 146 137 126 135 143 147 154 154 156 158 157 161 161 156 154 149 145 139 134 141 138 133 149 159 161 152 143
131 127 133 133 123 120 128 140 152 167 165 162 155 148 146 145 144 152 154 151 149 148 152 143 141 147 140 131 135 137 143 132 117 134 133 110 94 105 111 93 88 87 93 96 104 108 110 113 111 115 124 120 117 125 119 113 112 116 119 122 134 138 144 144 148 150 148 145 131 123 135 144 153 161 158 158 161 157 160 160 159 158 156 153 146 142 150 141 141 154 164 161 150 147
