example/E5 - XRays/X-ray-tomography/rastert_juap26.txt
ncols         356
nrows         356
xllcorner     -0.5
yllcorner     -355.5
cellsize      1
NODATA_value  -9999
[rows 252 to 293 of 356, columns 0 to 93 of 356]
255 255 255 255 255 255 255 255 255 255 255 255 255 255 255 255 255 159 157 151 155 154 143 136 139 147 149 149 147 143 137 133 139 144 150 154 150 146 131 123 136 137 129 140 146 143 133 133 139 135 130 133 140 130 132 131 137 152 150 134 132 138 145 141 138 139 153 155 148 137 141 148 141 132 131 113 79 78 110 135 134 128 132 133 101 70 77 103 121 131 135 143 137 119
255 255 255 255 255 255 255 255 255 255 255 255 255 255 255 255 255 255 144 142 147 138 126 122 133 147 155 155 154 151 153 152 155 151 146 143 139 138 134 133 141 135 126 139 147 144 140 142 138 126 120 126 134 130 137 136 145 153 149 142 138 134 135 134 136 141 147 145 145 147 142 139 137 132 128 116 87 76 102 128 129 122 130 140 98 49 49 69 99 125 130 135 126 110
255 255 255 255 255 255 255 255 255 255 255 255 255 255 255 255 255 255 148 149 149 140 127 119 132 150 156 158 154 154 158 155 157 152 145 143 138 136 139 139 145 145 139 139 146 153 153 154 144 123 116 130 143 142 142 137 146 157 155 148 141 141 138 131 136 143 139 136 141 146 143 140 141 142 137 124 111 100 112 133 141 145 145 144 102 52 42 60 102 135 121 108 103 108
255 255 255 255 255 255 255 255 255 255 255 255 255 255 255 255 255 255 255 149 146 141 122 110 124 150 156 150 147 154 159 157 157 152 146 143 146 146 143 142 146 151 148 147 158 166 163 165 163 146 130 141 151 145 138 133 140 145 145 143 144 150 142 131 135 139 140 138 136 140 137 141 152 153 144 133 136 126 119 137 150 154 146 139 105 67 56 66 99 128 121 108 101 111
255 255 255 255 255 255 255 255 255 255 255 255 255 255 255 255 255 255 255 154 155 150 130 117 130 148 144 132 130 134 141 153 155 146 140 141 147 154 148 140 135 146 155 161 165 165 160 163 161 155 144 146 149 141 131 123 134 141 144 145 152 149 140 139 144 147 149 146 145 146 134 139 151 151 148 144 151 147 131 141 151 151 152 154 141 115 99 98 98 109 129 131 128 134
255 255 255 255 255 255 255 255 255 255 255 255 255 255 255 255 255 255 255 255 152 146 135 129 140 147 146 137 135 131 136 144 144 142 137 138 146 146 140 129 123 143 159 164 167 169 165 162 160 156 144 142 139 127 125 128 137 143 156 154 150 146 143 144 144 147 147 146 147 143 140 144 142 146 152 147 149 155 147 152 159 152 158 164 155 140 128 118 98 93 120 135 142 152
255 255 255 255 255 255 255 255 255 255 255 255 255 255 255 255 255 255 255 255 146 145 144 141 145 147 150 138 131 135 135 134 137 142 138 139 148 148 148 143 127 137 158 167 166 167 166 168 166 152 130 123 123 120 132 145 146 142 147 148 144 141 139 147 145 144 147 143 142 141 144 140 133 145 146 138 139 141 141 149 159 157 156 154 148 148 149 142 122 99 118 147 151 150
255 255 255 255 255 255 255 255 255 255 255 255 255 255 255 255 255 255 255 255 255 154 158 155 153 154 153 133 123 129 122 112 116 129 132 136 144 151 154 153 138 136 154 161 163 169 171 170 161 147 130 124 125 124 133 142 140 137 136 137 143 143 141 145 143 145 144 140 143 147 144 139 138 139 133 129 132 130 131 146 162 166 162 160 160 160 158 165 156 125 128 147 146 149
255 255 255 255 255 255 255 255 255 255 255 255 255 255 255 255 255 255 255 255 255 152 154 156 155 157 155 141 136 134 118 93 92 117 139 141 142 153 159 156 139 138 155 158 164 169 166 164 159 148 136 131 131 127 132 132 131 137 139 139 142 140 144 143 138 143 142 145 149 149 141 142 142 138 139 137 135 130 129 144 161 166 161 161 161 160 164 166 154 138 134 141 144 152
255 255 255 255 255 255 255 255 255 255 255 255 255 255 255 255 255 255 255 255 255 255 159 160 157 154 152 153 153 149 132 108 104 127 146 137 137 154 163 156 144 149 165 169 173 172 167 163 151 141 140 137 134 123 129 137 141 141 137 138 142 133 132 141 145 145 139 141 143 145 148 146 142 137 139 138 131 130 131 135 143 155 156 159 159 158 166 164 157 150 129 134 146 151
255 255 255 255 255 255 255 255 255 255 255 255 255 255 255 255 255 255 255 255 255 255 164 155 152 149 151 158 156 153 150 139 132 142 144 121 119 144 154 149 145 151 164 168 167 168 162 153 141 140 151 155 149 136 129 136 141 129 124 129 133 129 134 143 146 145 143 140 135 135 143 143 147 146 140 138 136 143 134 120 128 149 161 165 162 161 162 158 158 153 122 116 141 148
255 255 255 255 255 255 255 255 255 255 255 255 255 255 255 255 255 255 255 255 255 255 255 141 144 144 144 151 154 159 159 151 144 141 134 113 112 134 143 147 145 149 157 154 149 151 148 148 144 143 150 149 139 134 130 130 132 118 113 125 127 131 144 146 139 139 145 140 126 127 131 138 149 148 140 140 135 135 122 104 117 142 157 162 158 161 160 160 160 156 138 125 144 150
255 255 255 255 255 255 255 255 255 255 255 255 255 255 255 255 255 255 255 255 255 255 255 139 141 142 143 146 145 151 148 139 134 132 131 121 122 133 136 143 143 146 146 136 134 137 139 146 148 147 146 143 136 136 136 132 134 131 126 134 139 139 140 137 133 145 143 122 100 107 127 139 144 150 146 141 134 125 120 111 121 135 146 156 155 157 154 157 162 160 156 147 148 149
255 255 255 255 255 255 255 255 255 255 255 255 255 255 255 255 255 255 255 255 255 255 255 255 144 138 137 137 133 132 130 131 133 138 137 130 129 128 126 132 132 132 127 114 115 120 130 143 148 153 154 153 145 142 139 130 139 144 140 137 140 139 134 137 146 160 148 118 88 82 110 135 145 152 141 133 132 131 130 118 113 118 141 155 154 155 157 163 162 157 168 163 150 143
255 255 255 255 255 255 255 255 255 255 255 255 255 255 255 255 255 255 255 255 255 255 255 255 255 131 123 125 134 137 143 145 149 155 151 145 137 136 134 130 124 125 130 114 109 118 128 145 151 154 157 156 151 152 143 123 130 143 144 142 148 145 135 134 142 151 148 128 94 72 102 134 140 146 142 140 141 138 138 119 96 105 142 153 153 160 163 166 160 158 162 160 158 152
255 255 255 255 255 255 255 255 255 255 255 255 255 255 255 255 255 255 255 255 255 255 255 255 255 132 119 121 133 148 159 164 166 165 160 156 149 144 137 130 128 130 135 120 110 115 122 141 149 149 156 157 160 165 149 117 120 141 143 140 141 143 145 146 149 152 144 128 110 90 111 132 130 136 148 152 156 156 146 134 106 96 129 148 152 155 150 157 160 162 158 156 160 155
255 255 255 255 255 255 255 255 255 255 255 255 255 255 255 255 255 255 255 255 255 255 255 255 255 255 135 127 133 152 162 168 166 159 157 157 150 143 142 139 132 128 126 121 123 125 122 133 143 149 155 154 157 159 141 112 114 136 137 131 129 144 156 158 153 144 130 125 130 113 112 128 139 144 150 152 155 158 152 154 138 112 125 143 141 144 154 164 161 159 157 154 152 147
255 255 255 255 255 255 255 255 255 255 255 255 255 255 255 255 255 255 255 255 255 255 255 255 255 255 146 132 133 152 159 164 168 168 170 166 156 150 150 148 137 129 124 124 134 138 134 140 147 151 153 150 152 155 139 115 118 136 135 129 138 155 159 157 152 145 135 133 139 124 115 124 132 136 150 153 149 154 155 156 153 139 139 147 132 135 146 152 151 149 146 148 142 137
255 255 255 255 255 255 255 255 255 255 255 255 255 255 255 255 255 255 255 255 255 255 255 255 255 255 255 136 132 150 160 170 175 174 175 168 158 160 161 158 155 153 142 135 143 146 144 140 138 142 144 144 147 149 139 126 128 141 145 143 147 152 158 160 157 149 146 150 150 136 128 130 129 126 140 139 136 154 161 162 158 134 129 144 144 139 135 143 149 145 141 147 144 147
255 255 255 255 255 255 255 255 255 255 255 255 255 255 255 255 255 255 255 255 255 255 255 255 255 255 255 255 137 151 158 166 167 163 167 165 163 168 166 163 168 169 158 147 145 142 134 132 138 139 140 145 146 140 137 139 138 139 139 140 140 146 164 167 160 153 154 158 145 139 140 134 120 106 116 119 121 151 168 169 157 120 111 128 141 144 141 154 160 149 147 151 152 157
255 255 255 255 255 255 255 255 255 255 255 255 255 255 255 255 255 255 255 255 255 255 255 255 255 255 255 255 146 154 158 160 158 161 167 162 163 165 164 164 167 169 163 151 139 128 128 131 132 138 144 144 144 139 136 142 143 135 126 133 137 138 154 158 156 156 158 160 147 147 152 144 114 85 102 122 117 138 162 167 160 120 102 121 134 139 138 140 141 142 145 149 149 150
255 255 255 255 255 255 255 255 255 255 255 255 255 255 255 255 255 255 255 255 255 255 255 255 255 255 255 255 255 159 162 162 164 170 166 161 163 168 171 172 171 174 169 154 136 124 134 136 131 139 146 140 132 138 146 146 146 139 125 125 127 124 145 154 153 152 153 155 151 149 144 138 119 97 103 122 130 139 149 157 154 117 102 124 138 141 138 139 138 146 145 151 155 155
255 255 255 255 255 255 255 255 255 255 255 255 255 255 255 255 255 255 255 255 255 255 255 255 255 255 255 255 255 154 158 160 163 168 164 165 170 177 174 170 166 168 167 157 145 134 135 139 144 144 144 139 132 140 145 140 142 144 132 125 121 112 133 146 145 149 149 147 144 139 136 139 136 127 114 110 138 136 131 147 153 138 129 129 144 146 141 144 142 145 141 148 155 161
255 255 255 255 255 255 255 255 255 255 255 255 255 255 255 255 255 255 255 255 255 255 255 255 255 255 255 255 255 255 159 159 162 161 156 161 166 169 169 168 166 167 165 155 151 148 143 146 146 140 134 127 128 137 132 130 134 139 136 132 131 120 123 135 141 148 148 141 134 135 145 145 134 134 120 103 123 116 118 143 157 156 146 137 147 147 141 137 135 144 151 158 158 161
255 255 255 255 255 255 255 255 255 255 255 255 255 255 255 255 255 255 255 255 255 255 255 255 255 255 255 255 255 255 255 163 159 151 154 164 169 169 166 165 165 163 157 154 157 157 149 146 137 129 126 115 106 118 124 128 130 131 136 142 141 135 132 139 148 155 148 134 132 141 150 145 138 142 132 124 137 127 135 152 159 158 145 134 139 145 148 143 136 142 144 156 157 158
255 255 255 255 255 255 255 255 255 255 255 255 255 255 255 255 255 255 255 255 255 255 255 255 255 255 255 255 255 255 255 156 148 147 156 162 165 164 163 166 166 161 154 157 162 161 155 149 137 131 130 116 101 115 129 137 135 134 136 138 142 145 148 155 157 157 152 147 142 144 147 141 148 151 133 142 158 141 146 164 165 157 142 131 132 139 141 141 138 145 150 156 157 160
255 255 255 255 255 255 255 255 255 255 255 255 255 255 255 255 255 255 255 255 255 255 255 255 255 255 255 255 255 255 255 255 150 153 156 154 157 163 164 159 159 157 155 159 158 159 155 146 140 142 138 123 116 123 139 145 137 136 135 135 141 146 151 153 153 153 148 143 137 137 141 140 144 138 126 143 157 141 138 150 153 140 127 125 132 139 143 148 151 154 156 156 159 157
255 255 255 255 255 255 255 255 255 255 255 255 255 255 255 255 255 255 255 255 255 255 255 255 255 255 255 255 255 255 255 255 255 148 147 144 147 151 146 144 144 144 145 145 146 155 155 146 141 144 139 130 132 132 140 141 135 137 138 142 148 147 146 145 149 147 140 141 140 141 144 144 143 138 132 146 159 154 145 142 143 132 125 127 140 151 155 154 151 152 157 158 148 139
255 255 255 255 255 255 255 255 255 255 255 255 255 255 255 255 255 255 255 255 255 255 255 255 255 255 255 255 255 255 255 255 255 255 143 137 136 137 135 137 136 133 134 133 143 155 153 144 139 141 142 138 145 137 133 139 144 140 137 144 151 145 135 137 143 136 137 146 143 145 151 142 138 139 138 149 156 151 148 145 139 128 127 137 152 156 151 146 145 145 147 150 136 134
255 255 255 255 255 255 255 255 255 255 255 255 255 255 255 255 255 255 255 255 255 255 255 255 255 255 255 255 255 255 255 255 255 255 144 138 129 127 129 138 141 133 132 139 153 156 147 141 138 142 146 143 140 127 128 141 144 137 138 145 147 140 129 128 137 140 146 151 143 140 146 139 139 143 147 146 142 143 152 150 133 123 127 139 149 151 142 138 143 146 147 151 148 155
255 255 255 255 255 255 255 255 255 255 255 255 255 255 255 255 255 255 255 255 255 255 255 255 255 255 255 255 255 255 255 255 255 255 255 147 140 137 134 140 133 118 121 139 146 140 136 139 138 141 149 150 136 126 138 143 140 140 141 145 147 148 142 137 141 148 150 149 140 135 137 142 151 159 158 146 141 146 157 158 146 143 145 153 152 149 149 151 155 155 154 159 158 167
255 255 255 255 255 255 255 255 255 255 255 255 255 255 255 255 255 255 255 255 255 255 255 255 255 255 255 255 255 255 255 255 255 255 255 255 149 150 150 147 133 115 122 138 139 136 142 142 142 145 151 156 148 133 136 138 137 140 140 142 148 149 143 138 138 144 146 147 140 137 141 145 150 156 148 132 139 149 154 151 144 151 156 161 152 146 146 142 146 149 154 158 156 159
255 255 255 255 255 255 255 255 255 255 255 255 255 255 255 255 255 255 255 255 255 255 255 255 255 255 255 255 255 255 255 255 255 255 255 255 255 159 156 152 153 148 144 142 146 146 147 147 146 143 149 154 152 138 135 141 143 140 139 141 145 147 141 131 127 132 139 137 129 134 144 143 140 145 141 134 140 144 144 138 129 136 146 149 140 137 134 129 132 135 137 143 151 159
255 255 255 255 255 255 255 255 255 255 255 255 255 255 255 255 255 255 255 255 255 255 255 255 255 255 255 255 255 255 255 255 255 255 255 255 255 152 151 151 155 153 147 139 143 140 140 149 146 139 141 144 147 146 144 140 136 137 137 133 138 145 147 138 131 131 136 132 125 129 140 143 140 143 141 146 148 142 138 139 138 142 147 154 152 145 140 144 151 146 139 146 155 160
255 255 255 255 255 255 255 255 255 255 255 255 255 255 255 255 255 255 255 255 255 255 255 255 255 255 255 255 255 255 255 255 255 255 255 255 255 255 145 149 150 151 147 141 139 133 139 143 139 138 136 134 135 139 139 135 132 136 138 137 144 148 145 137 131 123 128 129 125 126 137 142 135 137 139 142 144 136 135 146 152 154 153 156 156 158 156 158 158 151 149 156 158 149
255 255 255 255 255 255 255 255 255 255 255 255 255 255 255 255 255 255 255 255 255 255 255 255 255 255 255 255 255 255 255 255 255 255 255 255 255 255 255 145 145 148 147 141 137 138 143 142 137 133 129 125 121 127 137 145 139 136 141 145 151 146 139 140 127 119 131 131 129 128 135 137 132 142 148 142 139 132 133 147 151 150 149 149 149 155 158 156 152 148 151 152 153 142
255 255 255 255 255 255 255 255 255 255 255 255 255 255 255 255 255 255 255 255 255 255 255 255 255 255 255 255 255 255 255 255 255 255 255 255 255 255 255 255 130 138 146 146 145 147 147 142 136 139 139 128 116 129 147 152 142 140 146 149 153 143 138 135 119 114 125 122 118 121 131 130 130 142 145 146 144 140 140 152 159 159 152 144 139 143 148 147 147 146 153 156 154 148
255 255 255 255 255 255 255 255 255 255 255 255 255 255 255 255 255 255 255 255 255 255 255 255 255 255 255 255 255 255 255 255 255 255 255 255 255 255 255 255 124 134 145 146 145 147 147 142 139 145 148 134 123 136 149 150 148 151 151 153 153 137 125 125 120 113 116 111 104 110 121 123 128 141 146 153 153 159 157 155 159 160 155 143 128 127 141 150 155 152 157 161 146 136
255 255 255 255 255 255 255 255 255 255 255 255 255 255 255 255 255 255 255 255 255 255 255 255 255 255 255 255 255 255 255 255 255 255 255 255 255 255 255 255 255 141 141 142 147 152 151 143 135 138 143 138 136 143 148 151 152 154 151 154 151 134 116 118 127 121 118 111 103 108 122 135 147 156 160 163 162 168 163 158 158 158 164 156 145 139 144 155 163 159 158 156 142 137
255 255 255 255 255 255 255 255 255 255 255 255 255 255 255 255 255 255 255 255 255 255 255 255 255 255 255 255 255 255 255 255 255 255 255 255 255 255 255 255 255 255 140 142 145 148 144 137 129 132 143 144 141 140 144 147 150 153 147 143 142 140 130 123 125 117 117 122 125 127 144 160 164 167 165 165 164 166 167 169 167 164 166 162 158 155 152 153 155 159 160 153 147 149
255 255 255 255 255 255 255 255 255 255 255 255 255 255 255 255 255 255 255 255 255 255 255 255 255 255 255 255 255 255 255 255 255 255 255 255 255 255 255 255 255 255 255 140 141 139 134 133 128 135 141 143 141 132 132 135 138 139 136 136 139 150 146 132 126 114 122 140 146 145 156 163 167 168 161 167 167 166 168 164 159 160 158 149 149 152 154 150 144 150 151 144 142 149
255 255 255 255 255 255 255 255 255 255 255 255 255 255 255 255 255 255 255 255 255 255 255 255 255 255 255 255 255 255 255 255 255 255 255 255 255 255 255 255 255 255 255 255 146 141 138 134 130 137 140 145 145 138 128 122 121 122 129 136 140 147 140 129 129 129 143 153 145 142 152 164 169 166 167 174 173 169 161 153 153 156 149 147 147 142 148 152 150 145 146 139 134 141
