example/E5 - XRays/X-ray-tomography/rastert_juap48.txt
ncols         356
nrows         356
xllcorner     -0.5
yllcorner     -355.5
cellsize      1
NODATA_value  -9999
[rows 294 to 335 of 356, columns 95 to 189 of 356]
145 142 139 146 147 146 148 148 156 155 151 152 145 147 149 156 173 196 215 218 215 207 214 210 201 187 174 157 141 107 72 80 103 130 151 146 131 121 118 122 130 134 154 152 135 142 145 134 132 118 104 120 137 132 130 136 138 129 125 130 130 132 138 131 131 124 131 133 127 135 132 137 144 136 142 147 141 145 151 151 151 152 156 156 159 156 155 159 143 128 130 122 109 116 133
146 146 146 141 133 138 147 150 161 163 157 151 142 143 147 170 196 223 234 229 229 224 227 217 211 198 181 167 150 112 79 83 108 135 145 140 124 122 131 127 118 122 142 135 123 123 126 128 137 125 114 126 136 134 134 134 137 136 131 134 138 143 147 148 144 136 141 142 131 126 121 129 141 136 133 146 145 142 148 154 158 152 155 157 159 162 167 170 162 148 145 145 134 141 145
139 136 140 140 141 153 160 163 167 169 158 146 136 143 162 192 213 224 227 225 232 233 235 218 209 201 188 181 161 123 101 103 120 138 144 139 120 101 106 102 97 114 129 134 129 117 116 122 135 132 125 128 132 126 122 130 141 139 138 139 142 148 153 151 142 136 139 146 143 126 119 126 136 136 137 153 155 151 154 160 156 152 162 163 163 166 169 171 162 144 135 141 136 150 147
126 106 116 138 150 157 166 169 163 164 160 153 151 170 193 210 217 223 233 230 235 242 236 221 213 201 194 193 180 148 110 98 109 127 131 118 97 67 58 74 106 131 132 134 133 121 119 127 133 137 129 120 129 124 116 132 143 149 152 143 148 153 148 138 127 131 140 148 147 137 133 139 145 137 136 147 154 151 149 153 149 158 163 161 168 169 164 165 159 136 113 115 123 146 141
117 93 103 134 155 160 168 165 156 160 162 154 145 164 193 206 219 230 243 240 243 255 244 224 211 203 208 207 197 170 115 91 103 117 108 89 85 80 80 104 132 141 137 135 136 126 117 128 134 135 135 120 123 132 131 135 139 153 154 141 148 152 146 135 122 132 148 149 143 145 147 147 144 135 136 139 148 147 137 134 145 160 161 166 176 174 168 163 166 144 111 105 118 133 130
117 105 116 143 163 163 162 164 166 165 160 137 111 139 189 206 220 235 247 248 249 255 250 227 211 205 209 209 201 170 113 92 104 114 105 91 97 115 126 135 143 140 130 127 123 123 118 129 133 130 134 120 118 135 143 139 143 151 147 142 147 150 146 127 110 124 143 142 138 150 154 150 143 133 147 155 150 142 127 121 141 162 162 165 173 173 168 162 168 155 125 120 133 123 113
124 126 128 140 154 155 155 160 155 150 141 108 73 105 169 202 220 236 245 238 232 238 238 222 214 211 205 203 196 160 101 88 108 124 126 121 123 137 145 140 141 137 126 120 119 128 122 125 129 127 128 120 119 137 151 146 140 136 139 143 144 144 138 113 96 116 133 137 143 149 147 145 139 134 155 162 141 130 122 127 151 166 168 166 167 169 169 168 166 154 127 123 138 118 104
138 141 138 147 155 157 154 152 141 134 115 81 59 88 153 200 216 226 226 217 216 224 226 216 213 214 209 197 183 139 80 78 105 123 137 139 144 148 149 139 135 135 129 127 130 137 127 123 135 137 132 127 131 138 146 150 143 133 138 137 132 130 122 110 110 126 140 147 146 141 132 126 128 138 147 139 119 119 128 144 164 173 175 170 162 168 173 172 164 153 133 125 137 131 120
140 143 151 159 156 156 151 154 151 142 119 99 87 107 154 194 209 216 215 208 210 217 215 214 217 218 210 189 163 111 65 79 106 121 137 144 150 151 152 147 140 142 141 142 144 145 130 117 124 128 125 128 137 134 127 137 139 131 141 141 140 140 129 122 128 140 157 156 142 140 130 113 121 133 130 111 104 127 147 157 166 168 172 173 170 173 176 170 160 145 131 131 142 143 143
149 156 167 166 157 150 145 150 153 148 142 135 119 123 148 182 204 207 206 203 210 212 205 210 216 213 198 171 139 90 62 84 112 129 145 146 152 161 165 158 151 148 149 151 148 144 132 119 107 110 122 129 141 143 125 111 117 131 146 153 160 153 136 129 141 153 163 157 144 146 135 115 125 137 133 122 129 153 161 165 172 170 173 176 178 177 174 167 157 143 137 139 136 140 151
162 162 166 167 154 150 150 150 153 152 155 155 140 131 145 178 201 205 206 205 209 208 204 205 208 204 183 158 129 92 74 95 115 135 148 144 150 160 159 154 153 151 153 150 144 140 135 139 125 112 123 126 136 149 133 87 82 120 146 159 163 151 134 134 157 170 168 165 156 143 118 109 123 144 149 151 155 159 162 166 172 168 171 174 169 167 162 160 151 141 131 136 133 140 155
162 158 159 164 162 161 163 162 164 164 161 155 143 126 137 176 200 206 209 206 204 201 199 200 198 189 173 155 130 116 106 112 124 144 146 143 155 159 147 146 150 153 156 148 147 144 141 138 130 124 131 132 132 139 130 94 83 116 143 148 159 160 145 143 161 167 164 169 161 136 114 117 128 143 148 158 159 157 168 171 170 160 165 173 169 164 160 157 144 136 131 130 133 143 147
160 163 163 164 162 159 161 163 162 160 160 156 142 119 125 165 189 197 201 196 196 198 195 187 183 173 160 149 136 134 126 125 134 142 138 144 155 158 146 147 153 157 155 149 148 145 142 124 116 124 132 134 133 132 135 131 120 121 133 142 153 156 148 141 142 129 125 140 145 139 129 129 128 135 144 155 156 159 171 170 162 161 166 166 167 163 160 156 142 141 138 129 128 140 138
162 167 165 164 158 162 167 165 161 161 159 153 144 128 120 139 164 176 182 190 193 187 185 172 156 147 142 145 145 140 135 133 128 125 131 143 147 155 153 149 150 148 149 151 152 143 128 123 120 122 123 118 120 130 136 141 136 123 129 141 141 141 144 143 129 103 100 112 126 134 125 123 131 140 144 148 155 160 167 166 155 156 160 157 164 164 158 148 142 141 130 125 122 134 136
165 166 163 166 162 167 165 162 162 160 153 144 139 137 126 121 137 145 156 170 171 162 158 157 144 137 143 153 148 144 150 148 138 127 132 143 139 146 149 145 148 143 141 143 145 137 129 137 139 132 126 116 114 129 136 145 140 132 136 137 139 143 143 138 128 122 126 125 125 130 123 123 138 147 146 144 147 148 150 154 150 145 145 146 153 157 156 146 147 136 122 122 115 124 138
164 165 164 165 165 167 162 162 167 163 155 141 129 134 128 117 119 115 120 130 144 144 139 147 151 145 143 153 153 158 163 156 151 134 127 134 135 138 145 148 151 142 135 132 130 133 137 138 137 124 124 128 121 131 140 148 143 141 141 133 142 147 136 127 129 136 139 137 134 128 124 140 153 148 154 153 143 139 133 132 138 133 135 137 138 141 149 149 150 134 120 118 108 115 137
166 170 166 162 163 164 167 169 169 165 156 135 110 116 132 135 121 111 111 111 131 149 148 152 153 147 143 149 153 153 158 158 154 141 139 140 139 140 151 148 146 145 137 124 122 131 131 129 125 114 115 127 129 138 141 141 135 134 135 134 148 146 142 141 147 150 150 150 148 141 137 152 159 153 159 155 144 141 131 128 134 128 136 138 129 133 149 152 144 134 128 117 104 118 143
167 168 164 162 158 161 170 169 166 160 150 136 112 107 135 153 145 143 136 117 128 149 151 150 147 144 149 146 141 139 147 157 159 148 146 140 142 152 157 140 133 135 135 129 134 142 134 124 124 128 124 127 127 133 137 140 139 138 142 138 144 144 155 161 167 161 161 158 151 147 148 153 160 162 161 149 142 141 140 139 134 128 133 136 130 137 150 148 137 134 137 126 116 122 136
163 163 166 166 160 171 179 165 165 162 150 142 122 113 138 156 160 163 156 140 134 146 145 138 137 142 150 149 142 140 143 151 155 146 138 132 135 147 143 129 128 130 129 133 141 148 144 132 133 142 137 136 134 133 137 137 135 141 149 137 136 145 157 156 161 161 166 158 142 142 141 145 157 155 146 135 136 143 147 143 135 131 130 133 138 146 150 146 126 116 122 120 122 126 128
165 167 167 163 167 176 174 163 168 163 150 143 127 129 146 151 157 164 167 162 157 159 146 130 122 119 132 154 158 148 139 133 137 141 139 134 127 131 127 128 136 126 105 111 125 133 134 124 127 133 134 136 141 145 152 143 130 139 147 139 135 142 148 146 147 150 160 159 149 143 126 132 147 139 125 126 137 150 155 146 135 137 135 140 149 152 149 143 115 101 107 113 122 131 133
167 167 163 161 170 171 171 168 166 160 148 143 132 141 157 159 162 168 170 164 167 164 151 137 114 87 101 143 159 153 145 131 127 141 147 144 131 124 122 129 132 116 86 85 99 109 112 107 111 106 100 119 142 148 156 149 131 137 144 140 146 151 153 150 140 140 154 162 158 140 106 106 119 119 112 128 138 141 146 145 142 144 145 153 160 156 154 144 117 106 114 123 133 142 143
163 165 161 160 169 168 171 163 161 163 147 139 139 153 163 165 166 173 169 166 172 169 157 146 119 90 94 129 149 153 149 141 128 135 145 145 137 122 120 131 129 118 97 85 90 104 115 119 120 98 73 99 137 143 148 149 140 139 136 132 147 160 164 158 150 150 154 158 158 137 94 76 86 93 97 119 130 126 128 133 143 151 156 161 166 159 157 142 120 119 127 136 148 153 156
156 161 160 164 172 171 170 162 170 169 144 129 136 153 158 163 169 175 167 169 171 168 156 141 115 109 109 120 136 140 134 130 122 123 133 138 135 121 127 143 136 129 128 123 123 132 143 150 152 131 103 105 123 134 147 146 140 139 131 134 151 163 164 157 154 156 157 160 160 136 100 89 102 105 111 131 142 137 135 132 138 149 157 164 167 159 153 141 127 131 141 141 149 154 155
152 160 167 168 171 170 169 169 176 163 144 132 130 148 159 166 167 171 167 164 163 165 154 126 95 101 110 116 127 121 111 116 125 124 128 136 137 136 149 145 127 127 141 148 147 151 157 164 167 154 132 113 113 129 137 134 137 137 129 137 155 162 164 161 156 153 159 167 160 139 114 105 116 130 141 154 158 152 151 136 130 143 154 163 168 157 148 143 126 125 140 146 150 155 156
149 159 167 165 169 171 176 176 172 161 148 137 137 152 159 164 167 169 168 162 162 163 154 126 83 80 102 127 137 119 104 125 148 151 149 146 138 141 144 133 125 133 149 150 148 153 159 161 166 162 146 125 121 135 134 129 128 133 136 143 156 160 163 163 155 152 159 164 161 148 119 106 121 140 148 155 156 152 156 146 128 131 140 151 159 152 140 140 118 109 131 149 155 157 159
139 154 161 165 168 169 175 176 169 161 147 139 148 155 157 167 173 171 168 165 166 161 150 126 85 78 106 131 137 128 119 138 157 160 156 150 138 138 136 129 135 143 151 149 149 157 165 165 169 166 160 140 131 137 136 134 129 135 136 138 152 160 166 168 157 154 158 156 160 150 125 120 130 139 140 145 150 149 158 152 130 121 125 137 149 146 132 133 119 110 132 150 161 163 164
135 149 160 168 167 172 173 171 166 158 149 145 150 154 160 164 166 166 163 167 167 157 152 136 99 95 125 135 136 135 134 141 146 145 149 149 139 139 139 133 143 149 155 155 158 163 167 170 170 163 159 146 142 144 140 134 134 140 135 132 144 156 160 163 162 163 164 154 147 141 136 131 133 142 140 142 147 145 154 149 128 121 118 125 140 143 133 131 129 125 138 149 160 161 163
144 151 158 162 167 170 167 162 154 146 141 145 150 156 165 162 162 163 163 169 165 150 144 134 111 118 140 144 143 135 133 139 132 131 134 140 142 145 145 146 155 156 156 159 171 171 166 168 166 160 159 153 152 155 149 139 138 143 130 116 120 135 146 156 161 164 163 156 143 135 139 139 141 151 152 150 149 146 150 140 123 126 127 129 135 138 139 137 140 140 146 151 157 156 159
152 146 146 155 159 156 155 149 144 138 130 144 150 151 157 153 157 159 161 164 156 143 133 130 128 139 141 144 148 136 135 141 130 129 131 135 138 144 148 152 158 161 162 161 170 169 162 163 163 157 156 153 151 155 148 139 138 133 120 108 102 112 133 153 159 158 158 159 150 141 144 143 139 147 156 154 152 152 151 139 126 128 133 136 134 136 142 145 149 148 149 154 160 157 158
152 143 139 144 143 143 148 142 139 135 133 147 149 145 144 148 157 156 157 156 147 130 124 131 135 141 140 148 153 139 134 143 141 140 139 136 135 140 142 150 159 159 168 165 167 166 161 163 168 163 155 151 151 155 154 147 142 131 130 129 120 118 127 145 154 151 154 156 151 148 150 146 138 143 151 154 155 159 157 149 134 131 138 137 133 136 138 146 148 142 149 161 160 160 160
145 141 134 137 138 139 143 141 135 138 144 145 143 140 142 146 156 155 161 154 139 125 124 131 132 134 137 144 149 143 138 140 139 141 136 132 135 138 133 138 150 154 165 165 160 157 160 164 166 160 146 140 148 152 154 149 143 137 144 146 142 133 128 143 150 147 152 152 148 148 148 145 138 135 140 145 149 157 159 153 141 140 144 140 135 134 138 145 140 131 140 156 157 162 162
139 141 133 130 130 135 148 137 125 136 143 140 137 142 145 146 154 155 156 146 135 125 126 132 134 131 127 133 147 146 145 141 133 129 122 123 132 135 127 126 135 150 159 162 162 159 161 159 156 146 135 127 133 139 148 142 136 133 136 139 140 131 126 139 146 147 148 147 143 143 145 145 138 133 140 137 144 158 159 149 142 142 147 148 141 136 142 146 141 137 144 154 155 161 161
145 142 134 131 135 140 153 139 124 130 138 137 138 144 143 144 154 149 148 140 131 123 130 138 141 135 128 137 149 150 148 138 129 124 121 119 125 130 123 124 131 138 141 152 158 157 153 149 142 137 131 124 128 130 135 123 115 115 118 123 125 119 115 121 135 148 142 131 131 137 140 142 144 140 141 137 141 157 159 146 143 146 149 152 146 135 139 143 139 144 154 159 158 162 165
145 135 127 132 146 147 152 141 130 131 135 138 136 138 140 146 156 152 153 135 112 113 133 138 136 138 139 146 147 146 136 125 123 122 127 123 117 121 119 123 121 115 116 129 138 139 130 126 123 129 129 122 129 130 127 112 104 108 113 121 126 113 96 96 121 143 140 120 116 127 135 143 151 143 140 140 141 150 152 141 147 156 154 151 146 139 141 139 134 145 161 161 161 164 164
142 131 123 131 143 139 138 131 125 129 134 137 134 133 137 146 154 154 150 124 98 106 127 134 126 135 148 148 132 128 124 127 135 131 136 134 125 125 124 116 108 108 109 112 111 102 89 100 112 116 124 125 132 129 126 127 126 125 126 132 134 127 109 97 115 138 144 131 122 130 137 142 148 147 143 141 147 152 145 137 148 154 154 147 140 144 144 134 122 131 151 156 159 160 161
147 143 135 132 134 131 131 127 119 120 125 130 135 138 139 148 151 148 145 129 117 122 129 130 123 134 149 140 111 108 127 144 151 151 153 153 150 147 138 122 117 119 117 104 89 78 69 92 111 115 125 130 132 129 133 147 149 138 135 138 138 136 126 117 123 139 144 141 138 144 143 142 145 149 148 145 148 152 145 142 152 151 153 147 142 147 148 132 116 112 132 150 155 154 157
156 154 144 135 134 135 130 119 118 120 125 134 143 143 146 146 139 133 141 149 150 148 140 132 125 132 141 132 104 105 133 153 164 164 159 165 167 161 157 149 144 135 119 96 83 91 95 110 124 133 133 136 135 134 138 150 150 141 134 131 133 136 137 132 133 141 147 144 144 157 154 147 144 148 148 145 148 152 144 145 148 147 150 151 153 155 156 143 121 102 110 127 134 139 152
157 155 148 140 134 130 126 117 126 136 136 135 138 138 148 140 127 114 122 140 154 160 153 144 134 137 139 128 113 118 134 156 166 160 163 169 166 162 166 165 161 144 126 105 90 106 116 123 134 141 141 141 142 139 140 151 151 139 125 114 120 132 138 137 143 145 148 147 146 155 156 150 147 152 146 142 148 150 144 150 145 141 147 152 160 161 160 152 133 107 89 89 97 118 136
156 155 147 141 134 130 133 139 149 152 141 134 135 138 147 137 123 99 88 110 139 149 151 149 142 147 143 128 124 130 135 159 165 160 167 171 165 160 166 172 169 148 138 127 111 112 114 122 132 131 134 132 135 139 144 150 140 117 95 80 90 118 133 139 142 143 143 141 141 146 147 142 145 155 148 145 150 149 146 149 143 141 142 149 160 159 158 155 144 127 94 68 70 96 114
153 152 145 146 146 140 143 155 160 154 143 139 137 135 142 144 141 115 85 98 120 130 142 143 142 150 145 135 131 133 136 153 159 164 167 171 165 162 171 175 169 155 152 144 132 126 116 120 124 112 108 106 115 135 144 138 121 91 61 52 72 111 129 135 137 143 143 138 138 140 135 126 131 146 148 147 153 151 151 150 143 139 141 149 160 158 159 151 139 141 119 86 74 89 101
255 149 144 146 147 145 145 148 148 151 148 141 138 136 146 159 161 140 115 117 121 131 140 142 144 144 137 137 136 133 135 143 153 164 167 170 166 167 172 169 166 162 157 149 145 144 134 131 121 99 85 79 99 128 135 120 99 69 43 48 76 119 134 138 139 141 142 137 135 140 135 122 122 136 150 154 155 153 154 149 138 132 139 149 154 151 145 128 122 142 145 130 110 110 114
255 255 255 140 147 153 146 144 150 151 144 143 146 149 150 161 167 154 144 143 139 146 146 144 140 132 127 135 134 125 126 138 155 162 168 172 171 172 174 169 167 167 161 157 158 160 149 141 122 102 91 93 110 129 129 104 80 58 35 46 81 121 136 144 147 142 137 125 125 134 137 135 139 142 152 157 155 152 151 148 137 125 130 141 148 141 127 109 116 143 156 149 139 134 129
