example/E5 - XRays/X-ray-tomography/rastert_juap30.txt
ncols         356
nrows         356
xllcorner     -0.5
yllcorner     -355.5
cellsize      1
NODATA_value  -9999
[rows 294 to 335 of 356, columns 190 to 284 of 356]
168 169 161 163 162 162 145 127 135 142 138 135 136 134 138 137 137 131 124 129 145 161 154 153 147 137 143 139 137 141 138 130 127 131 133 120 104 99 125 139 141 142 140 148 150 134 122 123 127 144 154 157 154 144 134 134 140 148 158 158 145 145 144 139 119 113 123 130 139 137 125 112 115 132 133 134 145 142 138 139 145 145 135 143 156 156 151 140 141 143 147 148 142 141 141
162 169 164 162 159 158 145 131 139 144 141 137 137 143 148 143 137 136 139 136 142 161 158 149 144 140 152 151 140 134 139 143 135 139 138 134 125 112 123 132 137 140 135 139 151 144 135 133 126 134 146 158 156 144 131 129 136 147 154 159 154 160 160 155 129 112 115 124 134 135 117 96 107 121 119 120 134 142 142 143 147 153 145 146 158 158 151 145 148 149 150 154 156 153 144
161 161 160 160 150 144 138 135 143 150 149 147 142 143 148 147 134 133 147 147 145 150 150 145 146 142 149 149 136 121 130 145 139 136 131 134 137 132 136 136 134 141 134 129 140 142 143 142 131 131 139 148 146 136 127 128 132 148 157 162 165 166 168 164 146 124 116 128 134 132 119 101 109 122 109 101 113 129 143 143 145 151 153 148 154 156 152 151 155 152 152 155 156 158 152
154 153 152 157 149 138 132 132 137 144 148 150 149 145 143 142 135 138 148 150 151 154 151 149 151 147 149 149 138 121 127 140 140 140 131 131 134 134 144 138 132 137 132 127 132 133 139 140 134 134 142 141 138 131 133 134 129 144 160 166 167 167 169 165 157 148 138 141 144 138 129 125 128 132 115 104 112 125 144 145 140 145 155 158 159 159 159 159 163 157 152 155 154 160 160
153 155 146 150 151 141 141 140 137 141 144 144 151 152 149 148 135 139 141 139 146 149 148 149 148 146 143 143 135 124 133 139 138 140 135 137 137 135 146 139 132 136 137 136 140 134 137 139 139 138 144 139 138 139 144 146 139 151 161 167 168 166 169 165 157 156 153 150 148 142 137 142 145 151 136 118 120 129 145 149 136 138 151 161 165 166 165 163 167 164 155 154 153 161 162
152 154 139 141 147 144 152 151 146 149 152 150 153 153 156 156 142 141 141 133 140 143 137 142 150 147 140 143 135 126 135 141 139 145 141 143 147 143 149 145 139 142 147 146 147 143 140 138 150 151 142 135 139 140 143 146 145 153 164 171 172 169 176 172 161 162 159 153 146 139 135 141 145 149 141 128 123 128 138 140 134 134 146 154 160 168 169 168 164 163 164 161 158 162 164
154 148 139 146 151 149 159 156 151 156 159 164 164 151 153 153 148 148 146 136 138 143 133 140 151 150 145 147 142 134 136 142 137 147 145 143 149 147 151 151 145 148 147 141 141 142 139 135 151 161 151 143 144 139 137 141 147 154 165 167 169 167 172 175 165 164 163 155 146 137 134 138 146 147 136 122 118 122 133 135 140 144 152 153 155 168 170 171 163 158 163 164 159 158 159
143 137 136 149 148 144 155 154 154 162 160 165 162 148 152 150 145 150 155 143 142 146 137 144 152 150 142 141 144 140 134 138 135 137 141 136 145 149 151 146 137 134 136 130 129 134 137 138 142 147 147 140 136 132 129 137 144 152 166 168 164 165 168 170 165 161 161 150 140 137 132 138 148 147 135 122 119 126 135 136 143 151 159 162 160 166 166 166 166 156 155 165 164 163 164
134 135 140 149 143 139 148 151 152 159 167 165 156 149 151 145 130 134 149 144 147 154 146 151 154 149 145 144 147 145 143 142 137 126 129 131 137 140 146 138 118 108 115 115 120 130 137 140 135 131 131 128 127 123 125 131 138 150 163 167 162 161 165 166 160 153 147 141 139 141 138 135 144 145 135 131 132 134 141 139 142 157 162 169 168 164 163 163 163 158 155 157 160 164 166
136 138 149 151 140 139 143 142 138 145 163 160 153 154 154 145 122 125 138 136 139 149 149 157 156 152 151 145 141 140 144 141 135 126 120 123 127 128 133 135 116 106 117 110 107 117 135 145 135 132 135 131 132 130 129 125 132 147 158 158 161 160 159 158 145 135 131 136 140 145 150 139 142 146 144 142 148 147 142 141 143 159 166 170 169 163 163 168 166 164 159 152 154 158 161
149 149 152 146 142 140 137 141 131 137 157 154 147 154 153 145 131 129 132 129 127 137 148 159 153 154 151 145 141 140 145 143 139 138 128 124 130 129 129 135 131 126 131 120 107 105 126 142 141 144 148 149 149 145 142 135 129 138 147 144 149 156 159 153 138 126 126 140 147 148 149 141 142 147 154 155 154 154 148 148 151 161 167 166 164 163 162 165 166 163 156 145 145 158 163
157 153 147 143 148 141 142 153 143 145 157 155 146 145 134 139 142 139 138 132 129 131 149 161 153 151 148 146 143 142 146 146 145 145 140 135 141 144 139 140 141 135 136 132 121 109 125 142 147 153 153 156 160 156 155 150 140 136 134 135 139 147 155 151 140 130 138 144 152 152 144 136 141 146 155 161 156 156 156 153 156 163 166 167 162 161 161 165 168 164 154 148 143 151 163
158 150 141 145 156 148 149 155 148 148 154 159 155 145 120 127 143 144 148 139 131 123 138 147 145 143 144 148 145 140 139 146 150 146 149 146 144 148 139 134 137 135 138 142 135 124 127 140 150 165 164 160 163 166 165 164 156 146 132 128 133 140 150 148 143 140 150 148 151 153 145 140 146 153 154 163 159 157 158 158 162 169 168 169 166 163 160 162 167 167 160 156 154 154 161
155 142 143 152 154 148 148 149 152 156 158 159 153 143 131 131 135 138 140 135 125 117 126 134 139 141 144 148 144 140 138 142 148 150 153 149 147 147 135 125 130 132 138 144 139 132 127 137 155 169 169 167 165 168 168 166 161 156 137 114 117 126 144 148 141 144 154 156 156 152 145 147 155 162 158 163 165 161 163 164 166 170 171 168 164 161 159 159 165 166 161 161 161 159 160
156 150 152 146 140 143 142 137 146 151 155 159 154 146 145 140 123 113 118 127 123 120 127 131 137 139 143 146 144 144 143 143 146 152 151 145 143 144 144 139 136 133 135 137 136 141 135 133 150 164 166 166 164 168 167 163 161 162 150 120 109 116 137 147 143 145 151 156 158 157 153 152 160 162 160 166 172 164 160 163 167 162 168 164 163 160 161 159 159 164 164 166 165 163 160
148 152 154 145 137 141 144 142 148 147 146 154 153 149 145 138 115 98 109 126 132 130 134 130 128 130 140 140 140 147 148 149 148 152 148 145 144 141 147 151 148 142 142 141 142 144 134 125 139 152 164 164 161 165 166 166 161 160 158 140 125 123 137 144 143 148 149 150 153 157 160 162 166 162 162 165 170 168 163 162 167 165 165 163 161 158 164 164 158 157 163 170 170 167 163
139 144 149 148 144 139 145 147 148 145 146 154 154 152 143 137 120 114 128 137 143 139 134 115 108 124 134 141 144 146 149 153 149 154 146 145 146 140 141 147 145 141 143 143 142 146 143 132 140 142 151 154 154 160 162 166 162 156 152 143 139 135 141 146 140 143 148 147 153 157 159 166 166 161 160 165 166 166 165 164 165 168 169 167 161 155 161 164 159 160 163 170 173 168 166
138 137 140 141 144 141 146 148 144 148 155 158 158 156 147 138 129 124 138 138 142 138 124 97 90 112 129 144 149 149 151 152 152 152 147 149 148 144 142 141 141 137 133 134 137 142 144 142 142 139 137 139 141 150 153 155 156 148 141 140 144 142 140 145 141 135 139 144 152 162 162 164 164 160 158 160 164 165 164 167 166 163 166 167 165 163 162 166 161 158 166 171 173 171 168
139 138 142 137 138 144 150 152 146 146 156 153 158 161 159 150 141 133 132 125 129 132 120 101 99 116 133 147 144 149 152 154 154 148 146 145 150 148 146 144 141 137 127 121 125 137 139 139 135 130 130 135 137 140 144 146 146 141 132 131 138 136 141 149 144 140 141 144 149 159 165 166 165 162 161 162 165 167 164 163 167 167 164 166 167 170 170 166 165 161 166 173 173 169 165
139 142 146 142 140 146 152 152 148 147 152 150 157 159 160 159 147 143 140 128 125 125 123 117 121 131 139 151 149 151 154 158 154 145 140 136 147 154 151 149 147 144 128 124 130 145 148 139 132 128 132 137 137 136 136 139 139 137 128 127 129 124 139 156 149 141 146 149 150 157 168 168 169 167 160 163 163 167 172 168 168 170 168 166 163 171 177 167 161 166 171 173 173 167 162
143 145 149 151 149 146 150 154 148 143 148 153 157 159 164 165 155 152 153 142 138 132 134 130 137 143 150 156 157 151 153 158 150 140 135 128 135 147 150 150 148 150 141 134 142 155 155 146 136 131 136 138 141 137 135 140 142 144 140 136 129 119 120 133 139 136 148 160 157 156 167 167 165 168 161 159 161 162 168 171 165 165 166 169 166 167 172 165 158 162 173 173 170 168 168
147 146 147 152 152 148 152 157 156 148 155 158 157 158 162 168 164 162 161 152 147 140 141 133 142 154 159 162 165 159 155 157 152 141 129 114 119 133 142 146 147 150 150 141 140 150 149 142 136 134 138 137 137 136 141 144 148 151 146 147 134 115 102 96 109 124 142 159 163 164 164 164 162 163 161 155 159 160 161 165 160 158 157 165 167 163 166 162 163 163 170 175 169 173 177
150 146 148 153 149 140 144 155 153 145 159 166 161 159 159 164 169 168 166 163 158 153 145 132 139 152 158 161 162 159 154 152 156 152 133 116 117 128 141 150 149 147 143 141 139 148 147 139 139 139 142 144 143 141 144 150 150 147 142 148 142 122 102 83 89 111 132 149 157 162 165 163 160 156 161 159 157 160 165 165 159 157 159 158 160 162 162 160 162 169 173 176 172 169 174
157 150 154 156 149 142 137 144 147 144 159 166 164 162 160 164 172 170 168 168 165 166 152 138 141 150 158 166 162 155 151 149 153 155 147 133 132 137 142 148 148 146 134 132 133 146 154 146 147 147 144 147 151 150 143 144 143 141 138 144 143 136 119 103 102 116 131 139 151 160 167 166 160 158 158 163 162 162 165 167 163 157 162 160 160 164 165 164 157 167 171 168 169 168 164
160 159 160 162 157 156 149 143 146 145 159 166 165 167 162 164 170 168 166 165 162 167 152 142 142 149 157 167 164 158 152 149 150 153 153 142 138 147 150 147 142 144 137 130 131 141 156 155 154 156 149 150 155 155 148 140 136 140 142 146 142 138 134 125 124 128 140 141 145 153 160 167 162 161 158 159 161 161 162 161 164 160 160 160 157 164 164 165 156 158 163 162 160 162 255
161 157 159 168 164 164 163 157 155 155 168 170 166 168 165 163 165 163 166 169 163 164 152 140 138 146 161 167 164 165 157 152 145 141 149 144 132 141 150 145 138 141 141 138 137 139 148 152 152 155 151 152 159 156 148 142 146 149 151 147 143 137 134 129 132 135 141 143 146 153 155 161 164 162 160 160 161 159 159 159 161 157 157 162 153 157 159 161 161 156 158 163 164 255 255
165 156 160 170 168 168 172 166 159 166 177 169 166 168 168 166 168 169 166 168 166 163 149 129 126 145 160 167 165 169 162 156 139 132 149 154 142 143 145 140 134 133 138 136 136 138 143 147 147 153 148 146 156 154 151 147 155 160 157 152 144 136 127 120 127 140 142 144 144 150 156 162 167 167 162 159 158 160 160 159 162 159 155 164 162 155 158 161 164 163 163 161 255 255 255
168 159 164 171 168 168 174 168 164 169 175 168 168 167 171 168 169 171 170 170 164 158 141 115 115 144 159 163 161 163 162 157 143 135 142 152 155 151 143 142 135 127 133 130 130 131 137 147 147 154 152 148 157 156 153 158 163 164 158 156 152 142 127 113 123 142 141 142 146 149 152 158 165 165 162 162 161 156 158 157 160 160 158 164 166 156 160 166 164 161 255 255 255 255 255
171 163 164 169 167 168 171 166 164 165 164 163 168 170 173 170 167 169 174 176 164 160 145 121 118 136 156 159 155 157 157 152 147 142 143 141 149 151 142 147 150 140 142 135 130 134 140 145 146 149 152 153 158 157 155 162 165 165 159 156 160 149 133 112 123 141 145 141 144 151 154 150 156 155 154 159 160 156 152 152 159 161 154 156 160 158 155 162 167 255 255 255 255 255 255
172 174 170 171 168 170 168 166 163 161 156 161 170 173 169 169 167 168 170 176 168 164 156 141 130 125 142 154 155 152 152 148 148 144 143 139 142 148 140 144 155 155 159 152 143 140 141 142 142 148 156 157 158 160 162 167 168 168 164 160 161 148 122 116 133 142 146 147 148 150 154 151 149 151 153 158 156 154 150 148 150 160 153 154 158 160 158 159 255 255 255 255 255 255 255
174 175 169 171 171 169 168 168 164 164 166 168 173 170 167 167 167 173 171 171 168 167 164 158 140 121 127 145 155 150 145 141 145 152 149 149 146 143 136 136 144 154 161 156 152 149 143 143 144 148 157 156 159 164 166 168 171 170 172 167 157 141 114 122 147 146 140 143 143 147 154 155 146 147 149 155 156 150 150 152 147 150 150 152 158 161 255 255 255 255 255 255 255 255 255
175 168 164 167 171 173 172 168 165 163 173 172 169 171 166 164 164 172 175 171 170 171 168 167 147 121 115 130 142 139 136 137 144 154 155 158 154 145 135 136 143 149 157 154 152 154 151 151 152 148 149 147 152 164 171 169 172 173 170 171 157 139 123 134 154 148 137 130 127 139 151 154 146 144 150 147 151 153 155 158 155 151 148 148 158 255 255 255 255 255 255 255 255 255 255
170 162 163 167 168 170 174 173 172 169 173 169 169 172 172 166 165 165 174 173 170 169 171 169 161 139 128 128 133 132 135 139 145 154 158 160 153 147 136 137 144 147 150 149 150 148 149 154 156 151 145 142 144 159 167 167 166 173 167 166 159 142 134 144 157 149 135 125 123 135 147 145 147 147 153 148 150 157 158 162 157 153 146 255 255 255 255 255 255 255 255 255 255 255 255
169 164 169 171 171 170 169 174 175 175 175 166 171 174 172 169 166 164 172 173 173 169 170 165 164 156 150 146 139 137 139 139 147 152 155 162 152 147 138 133 141 147 150 150 147 146 148 155 161 157 143 137 141 150 161 166 166 172 169 164 156 145 140 146 155 151 139 131 128 133 137 137 147 149 153 154 153 160 161 162 157 255 255 255 255 255 255 255 255 255 255 255 255 255 255
168 168 168 168 170 169 165 170 178 175 173 167 169 173 170 173 167 166 170 170 171 170 167 164 162 165 163 157 146 145 147 141 144 145 145 154 152 152 149 138 137 145 150 147 145 148 152 157 160 159 146 132 133 133 138 153 162 171 170 156 145 145 142 145 151 149 142 141 133 128 126 129 146 151 149 155 159 163 162 159 255 255 255 255 255 255 255 255 255 255 255 255 255 255 255
170 171 168 166 172 170 166 168 173 171 171 167 170 175 171 169 165 169 169 168 168 168 168 165 162 167 166 161 149 142 145 145 146 147 144 146 147 154 156 150 144 139 144 145 145 149 153 161 160 161 150 136 128 117 114 133 157 166 164 151 140 142 148 147 148 142 139 146 136 118 116 126 140 148 145 151 162 165 255 255 255 255 255 255 255 255 255 255 255 255 255 255 255 255 255
171 172 171 171 173 171 171 172 171 168 168 168 171 175 173 165 163 170 170 166 167 168 172 166 164 169 166 162 151 141 139 142 142 141 141 147 145 149 150 147 145 139 135 143 144 149 154 163 166 167 159 150 142 125 111 119 149 160 154 145 141 144 156 157 146 141 141 142 132 118 115 127 140 147 149 153 255 255 255 255 255 255 255 255 255 255 255 255 255 255 255 255 255 255 255
173 175 172 178 175 170 170 175 175 173 172 176 173 175 176 165 160 167 171 165 168 170 172 170 170 173 172 164 154 147 139 138 130 130 138 151 151 152 150 146 146 144 135 141 147 150 159 168 171 173 168 162 155 137 120 122 142 155 151 139 142 150 156 155 147 145 151 144 131 125 123 128 141 148 147 255 255 255 255 255 255 255 255 255 255 255 255 255 255 255 255 255 255 255 255
173 174 169 173 168 170 170 172 173 179 170 170 173 175 177 170 164 167 168 165 170 171 171 173 173 178 178 166 155 148 132 125 119 122 131 146 151 153 155 151 148 148 144 143 149 147 158 169 172 174 165 164 159 145 130 130 141 148 152 144 142 151 156 152 152 155 155 146 140 139 143 142 143 255 255 255 255 255 255 255 255 255 255 255 255 255 255 255 255 255 255 255 255 255 255
176 172 168 170 167 172 172 171 173 179 172 165 168 166 170 172 170 169 170 170 173 175 170 171 174 176 175 168 159 151 128 108 110 126 136 144 146 151 155 150 145 149 151 146 148 144 148 162 172 174 166 158 156 151 142 137 145 145 146 148 148 148 153 154 156 159 153 143 141 142 151 255 255 255 255 255 255 255 255 255 255 255 255 255 255 255 255 255 255 255 255 255 255 255 255
175 171 171 172 169 173 170 171 171 172 174 168 169 168 171 174 176 177 170 170 172 174 171 170 174 176 174 170 163 157 139 114 110 126 142 146 144 150 156 152 142 145 153 156 154 147 147 153 162 166 162 155 153 151 155 151 152 150 147 151 152 150 149 150 156 154 149 144 142 255 255 255 255 255 255 255 255 255 255 255 255 255 255 255 255 255 255 255 255 255 255 255 255 255 255
173 176 173 172 170 172 170 172 177 171 173 169 167 174 180 184 183 178 171 168 170 173 174 167 169 175 175 173 168 166 157 133 112 111 127 139 142 150 156 158 151 151 156 159 160 150 146 147 151 155 156 151 151 152 162 163 160 152 147 150 153 148 146 148 152 152 150 255 255 255 255 255 255 255 255 255 255 255 255 255 255 255 255 255 255 255 255 255 255 255 255 255 255 255 255
