example/E5 - XRays/X-ray-tomography/rastert_juap36.txt
ncols         356
nrows         356
xllcorner     -0.5
yllcorner     -355.5
cellsize      1
NODATA_value  -9999
[rows 210 to 251 of 356, columns 188 to 281 of 356]
155 174 176 174 166 163 169 169 167 161 157 160 176 178 179 179 183 184 180 177 171 170 172 175 177 182 178 171 173 178 169 169 174 168 169 172 175 174 173 182 165 164 175 167 169 173 175 178 170 178 180 175 172 172 170 167 165 174 176 172 175 167 161 172 174 178 175 167 158 167 159 140 124 124 136 146 152 153 159 157 145 137 131 133 140 149 148 147 147 138 139 149 146 130
155 172 173 169 165 168 168 171 166 168 166 161 178 181 180 174 176 180 179 179 176 171 172 173 168 174 167 162 166 177 173 172 177 179 177 170 179 171 161 175 171 170 177 171 173 170 176 179 170 175 177 176 172 179 178 176 177 177 172 169 177 176 167 164 168 171 166 164 158 157 160 148 132 132 141 143 147 153 160 154 147 148 148 150 149 150 147 150 151 149 150 149 142 126
154 172 167 167 171 173 168 170 171 170 166 156 171 180 178 171 172 176 181 176 174 173 170 166 165 176 174 180 174 180 184 177 172 178 182 177 177 175 167 169 167 164 175 177 174 170 179 182 173 176 182 185 171 176 178 170 167 172 178 175 171 175 175 169 168 169 164 164 158 136 137 151 141 129 135 138 139 145 150 149 143 149 158 161 153 151 149 145 147 148 143 134 136 133
145 161 157 170 174 166 161 164 160 154 161 160 162 168 171 180 170 163 179 176 166 174 172 164 165 174 174 182 179 173 182 179 173 169 173 178 177 175 170 172 178 178 178 168 168 171 174 177 177 176 177 186 176 170 170 173 167 167 171 168 166 159 160 167 166 163 153 149 152 135 128 148 142 124 132 141 139 135 135 148 143 143 147 154 159 163 160 144 141 150 146 137 145 154
154 156 160 171 173 176 178 175 171 171 186 181 169 170 173 184 177 165 171 171 165 177 183 177 176 180 174 172 175 168 175 179 174 171 174 182 176 174 175 176 172 169 175 170 171 171 176 177 176 177 169 175 176 172 168 173 167 170 173 164 161 156 160 162 159 154 150 147 143 135 130 146 135 124 144 152 147 136 135 142 144 141 134 135 145 152 156 150 145 151 146 146 154 161
157 148 160 173 164 165 177 173 177 174 181 175 165 170 174 174 172 169 166 168 172 177 176 172 185 184 172 176 170 166 174 162 165 175 176 174 171 178 177 167 164 171 172 172 176 180 183 176 173 181 177 180 174 171 168 168 165 165 168 158 150 153 163 158 152 151 150 148 136 128 126 137 130 127 139 144 147 144 145 139 135 132 131 132 139 143 151 158 155 149 136 138 148 151
150 151 157 173 167 164 177 170 176 169 165 162 164 174 173 160 161 177 175 174 172 175 171 169 186 184 168 175 170 163 170 161 169 178 172 168 176 175 170 172 172 168 166 168 168 174 174 169 169 175 175 184 181 172 165 162 170 167 158 145 143 144 148 151 149 143 143 144 143 143 137 136 135 138 145 146 140 138 140 132 124 125 135 148 151 145 148 158 150 138 135 132 131 133
151 161 166 176 169 173 180 171 174 172 168 169 162 162 172 170 173 178 174 180 175 174 172 164 181 189 177 175 172 168 168 176 181 178 167 167 174 177 168 172 175 176 181 174 164 166 170 169 168 173 173 180 181 170 168 166 165 162 153 143 141 142 140 138 139 131 138 144 148 144 136 132 137 144 150 149 138 130 130 132 128 132 137 136 141 140 145 158 145 127 122 114 110 120
152 152 163 167 161 166 166 159 167 173 168 165 163 163 167 177 183 180 175 180 173 168 178 174 175 176 180 170 160 164 166 178 180 171 173 176 169 174 168 162 163 166 169 170 159 162 174 172 166 168 165 167 169 160 161 166 163 152 145 148 146 145 140 135 139 135 143 150 146 136 135 139 144 144 139 144 143 130 131 135 131 131 137 132 134 134 141 153 143 128 105 90 102 119
157 162 174 177 162 160 169 165 169 175 169 166 172 172 173 186 184 180 177 178 171 168 174 175 167 167 172 171 163 167 173 179 173 162 174 177 163 166 162 151 157 162 161 164 160 162 170 170 171 171 167 165 159 151 151 156 165 162 147 148 147 135 128 120 134 146 154 161 157 146 139 146 147 147 138 139 142 132 136 136 126 120 134 137 131 132 143 148 145 139 103 79 91 109
157 161 163 170 163 162 171 167 166 173 179 174 175 173 175 181 169 170 178 175 165 169 173 172 173 176 165 172 174 168 170 176 174 165 159 162 152 156 159 153 151 155 150 155 161 161 167 164 164 157 157 158 161 156 143 140 160 172 160 157 153 128 108 99 129 153 153 156 156 152 138 137 143 153 139 133 136 129 127 124 113 117 134 141 140 146 160 165 148 130 95 69 85 104
154 161 150 148 147 162 171 160 169 173 172 171 172 171 173 173 164 175 178 169 168 174 175 172 177 174 159 159 163 169 175 164 159 163 158 158 154 148 150 160 159 155 148 151 155 142 149 150 147 142 140 137 148 155 153 151 154 163 162 158 150 127 107 107 126 145 154 157 151 146 140 138 140 150 136 119 109 104 99 90 89 106 135 153 156 157 158 166 148 113 76 65 98 122
165 165 154 153 154 166 174 159 164 168 164 170 173 169 164 169 171 177 171 166 170 170 170 170 169 160 160 160 158 167 174 160 150 160 162 160 156 151 149 157 158 155 149 145 153 150 148 154 152 146 142 136 142 149 157 167 159 157 159 153 147 141 125 132 131 136 153 156 145 137 138 138 143 145 134 110 74 60 67 73 79 91 128 155 164 164 152 156 150 111 81 83 123 148
157 167 163 159 164 165 171 162 166 171 167 170 168 170 164 159 167 172 166 169 170 171 177 176 175 169 160 160 157 161 168 169 164 170 164 161 153 150 150 147 143 142 140 139 149 153 152 156 157 142 140 144 147 150 162 172 163 157 155 141 134 141 134 142 137 134 145 143 131 132 136 132 142 141 137 119 71 41 53 84 107 111 132 149 155 164 152 147 140 120 107 112 143 163
155 166 171 166 159 153 161 169 176 169 163 174 170 168 162 158 172 174 162 169 169 169 176 168 164 170 169 164 151 162 172 174 167 167 160 159 154 155 163 154 137 128 131 142 150 146 151 156 157 147 146 150 157 154 161 168 164 161 148 127 113 126 138 144 133 128 139 143 124 117 131 131 143 140 140 138 95 60 70 107 132 136 139 137 136 149 148 143 138 132 127 125 148 164
153 162 169 171 165 156 156 160 167 173 173 173 163 161 163 171 175 166 163 163 166 168 172 173 163 164 169 166 152 166 170 166 161 160 159 152 156 164 161 151 142 133 132 145 153 139 150 162 157 151 159 162 168 158 157 170 163 164 154 138 124 124 138 138 131 129 136 137 121 112 125 125 143 148 143 146 106 80 102 127 133 131 134 128 130 140 148 148 145 139 131 121 136 158
155 157 157 164 163 160 161 157 159 160 166 173 165 165 175 173 162 153 154 157 161 161 164 178 182 173 161 158 146 159 166 161 167 165 165 154 152 160 157 151 145 134 132 144 154 147 155 172 164 147 154 152 153 154 164 173 157 157 155 147 141 130 128 127 132 143 142 131 120 111 121 130 151 160 154 152 131 120 133 136 131 132 138 130 131 145 149 149 149 139 129 129 137 143
154 161 158 165 164 168 167 160 160 150 157 173 170 165 171 165 159 148 136 144 154 158 167 175 180 166 145 140 149 170 172 156 158 161 165 151 133 145 155 149 140 143 145 146 153 154 154 168 162 145 155 153 146 153 160 165 165 165 155 147 144 137 134 136 132 135 139 131 121 103 110 140 162 167 167 164 147 140 138 134 135 139 143 133 129 146 147 145 148 137 136 148 148 140
159 164 161 166 156 160 162 158 162 158 160 162 165 162 163 153 149 139 127 137 143 149 165 171 162 143 140 148 160 167 162 152 162 163 155 147 126 141 157 151 146 151 148 146 150 142 151 160 152 140 148 152 157 165 164 160 170 170 161 155 147 140 135 136 128 125 134 131 129 118 125 155 164 164 164 163 143 128 125 121 130 143 146 142 135 146 141 129 136 142 148 164 159 142
161 156 158 168 152 143 152 164 161 154 155 150 157 154 155 152 143 136 132 140 136 134 156 159 151 146 158 162 166 158 152 156 161 159 153 149 147 155 155 154 150 147 146 150 153 143 154 160 148 138 141 145 156 163 171 173 179 169 166 161 149 136 127 125 119 115 124 122 132 141 149 167 171 169 162 154 142 123 120 123 136 146 146 146 144 150 143 128 138 154 158 165 166 149
158 154 156 158 156 151 157 163 153 147 156 151 156 154 145 131 131 133 132 142 144 143 155 161 164 163 169 162 168 161 157 162 159 162 162 155 160 162 151 150 147 154 160 155 154 156 158 151 140 140 142 143 153 163 174 172 173 168 170 166 150 133 124 129 127 109 104 103 121 146 148 163 169 164 164 155 146 144 150 145 148 150 144 142 140 153 152 135 140 160 167 165 164 149
154 151 152 150 155 157 159 154 149 150 159 146 151 153 134 107 106 118 120 120 132 147 162 158 164 157 154 153 161 164 163 165 167 168 164 157 159 159 152 155 150 155 157 158 161 163 162 155 146 131 125 137 152 164 165 164 164 167 172 164 150 134 106 104 116 106 100 100 122 150 153 166 167 151 151 151 151 153 159 149 145 150 149 147 144 151 147 134 139 161 170 164 157 145
146 149 152 153 154 145 145 143 143 150 144 133 141 142 125 99 98 111 116 128 139 149 166 151 153 152 152 151 154 164 162 166 178 167 153 160 167 165 160 162 158 158 159 154 156 157 154 155 154 133 119 130 145 156 162 171 169 162 165 163 152 129 90 71 90 101 101 100 119 145 156 165 164 154 150 153 141 129 135 145 144 148 155 155 149 153 148 147 156 164 164 169 154 138
133 141 144 144 152 140 136 124 130 146 132 130 138 132 128 112 108 116 121 142 148 161 175 160 163 161 162 158 155 165 164 160 162 155 156 167 166 166 172 165 162 170 175 163 157 160 155 150 151 142 132 134 137 148 166 173 172 169 167 171 158 135 122 98 101 104 93 103 121 137 153 161 159 155 151 151 122 99 106 134 151 153 155 154 155 160 160 163 165 163 159 166 154 130
135 137 150 158 152 127 120 109 123 138 137 146 139 129 142 137 129 128 131 149 152 161 172 173 172 165 164 162 165 170 162 147 149 161 172 173 163 157 165 161 162 161 163 168 165 163 149 129 126 139 144 144 140 150 170 172 171 171 174 173 160 148 146 129 110 94 91 112 132 140 157 163 157 155 157 153 109 76 91 129 154 154 153 155 156 158 162 168 166 160 160 162 152 128
131 128 159 186 166 137 131 120 127 128 131 143 137 129 129 128 132 145 153 162 161 163 166 172 163 167 165 158 163 164 156 151 164 169 167 172 173 169 169 168 164 155 154 164 162 160 139 102 86 114 143 143 144 149 166 170 169 171 180 170 157 154 146 134 114 78 82 108 138 154 165 172 168 166 164 151 113 80 100 139 153 151 157 161 157 153 150 156 159 164 168 165 150 124
114 121 141 157 159 149 146 138 132 124 117 126 128 130 118 110 123 142 157 161 153 162 165 168 162 165 162 166 166 159 164 169 166 174 176 167 165 171 171 170 162 163 158 160 160 154 138 103 61 84 143 154 160 162 168 169 171 174 177 168 160 162 154 141 131 104 108 122 146 161 169 174 167 168 162 144 122 101 111 140 144 142 155 162 161 156 152 154 151 159 163 160 148 118
103 127 124 116 125 124 122 121 124 130 117 122 123 134 129 114 121 134 148 148 148 162 163 168 169 160 161 176 172 166 166 172 158 168 179 176 170 172 172 171 163 168 154 150 161 164 148 118 69 68 128 153 157 161 161 167 169 167 169 169 162 156 155 146 137 123 131 140 152 163 167 164 158 157 148 135 122 110 118 136 141 142 144 150 155 158 161 164 153 156 155 147 135 105
119 135 119 101 94 100 107 99 111 132 130 129 125 133 136 130 141 147 147 143 145 151 156 166 169 170 170 175 163 164 166 165 161 167 169 179 175 168 167 173 169 172 166 151 158 166 151 127 86 60 101 146 155 164 159 157 153 153 164 176 169 156 144 132 120 103 118 139 151 160 161 158 156 149 137 129 117 98 111 132 141 145 131 135 146 156 160 170 163 155 149 137 123 108
143 145 123 104 101 113 113 96 106 122 134 143 146 146 133 126 133 134 140 152 155 158 159 167 168 178 177 175 164 170 166 163 173 172 164 167 170 172 168 171 169 166 166 157 162 162 145 130 102 59 81 136 156 168 155 138 138 146 158 169 167 164 146 133 115 97 112 131 148 158 160 164 159 148 135 132 118 84 89 120 135 148 139 130 135 141 147 162 160 147 138 133 116 112
143 145 132 119 118 129 124 118 119 121 135 138 139 135 122 113 122 131 139 159 156 162 168 163 159 163 167 168 164 172 163 165 170 169 175 172 172 176 162 159 160 158 163 166 165 154 137 118 88 50 71 120 145 157 152 134 142 156 160 165 164 169 156 147 126 110 122 129 148 154 158 165 161 145 133 138 123 92 89 114 135 146 138 122 118 120 128 142 143 137 134 129 108 101
118 132 123 107 115 134 131 126 128 127 127 133 131 133 132 125 131 142 144 158 162 170 170 165 160 171 176 167 163 169 165 172 170 170 175 174 172 169 160 162 159 160 173 170 160 160 147 107 59 37 74 123 143 153 151 142 150 162 173 176 166 165 151 152 147 136 136 139 153 153 157 160 153 148 141 145 135 117 109 122 144 148 142 126 109 101 108 125 124 124 126 112 85 74
99 115 120 102 111 122 113 103 103 114 121 138 131 136 143 139 137 150 153 160 171 172 166 172 169 178 181 168 165 172 176 181 178 173 173 170 163 165 166 170 163 155 165 164 155 155 133 77 34 36 75 118 145 158 150 141 152 161 175 184 172 166 148 145 150 141 130 128 142 153 156 155 148 142 135 139 140 139 133 135 147 147 143 137 121 101 101 122 129 130 119 88 66 70
100 113 128 108 94 97 90 82 89 103 115 132 132 134 142 147 149 157 156 164 174 172 163 168 168 164 172 176 170 170 171 170 172 166 173 170 165 167 166 165 164 157 160 174 159 145 110 50 23 32 63 102 136 153 160 155 155 157 160 178 175 166 150 138 143 143 127 122 142 160 160 148 139 136 133 139 147 153 149 140 143 150 144 139 124 96 88 121 144 135 120 92 79 88
122 135 136 103 80 83 64 61 98 115 116 126 136 140 142 149 157 157 154 170 174 166 158 160 169 169 182 181 171 168 168 166 166 164 175 177 173 166 166 168 169 168 162 172 164 150 110 57 32 29 64 107 138 145 156 158 165 165 159 171 171 166 154 138 135 141 130 126 142 149 151 142 134 141 142 143 145 146 143 125 129 145 143 139 127 96 75 101 132 129 120 107 108 114
146 152 146 116 96 87 49 48 94 121 126 129 139 145 151 161 161 153 155 171 177 165 164 169 168 166 172 170 169 167 173 175 167 166 168 176 179 175 171 169 169 168 161 165 166 155 116 74 46 36 70 111 143 150 151 151 168 173 169 172 166 163 156 134 128 140 136 124 130 128 134 148 143 146 148 148 136 123 111 94 116 146 147 143 138 121 100 103 120 120 117 114 123 127
157 151 156 141 126 113 70 62 87 114 127 131 139 144 150 165 156 161 167 164 173 166 169 170 171 167 168 167 170 168 170 170 164 168 167 173 173 174 170 162 166 166 164 163 156 145 110 77 59 54 86 123 156 165 157 150 157 172 173 173 169 167 157 129 116 131 139 133 141 136 136 156 155 147 145 144 132 113 92 86 119 153 154 147 144 135 116 106 110 100 105 120 131 128
155 151 170 165 145 134 111 102 101 105 121 131 140 149 150 154 143 156 165 164 173 167 173 171 169 165 162 156 158 165 169 166 163 170 171 169 166 171 168 163 172 172 167 164 153 136 103 77 58 56 89 119 154 168 166 161 160 171 167 165 172 173 162 148 133 136 139 140 152 152 150 155 147 138 137 141 138 120 96 94 127 161 160 151 143 130 103 82 79 68 82 116 134 131
168 165 168 162 152 143 124 126 123 111 130 142 141 151 155 154 146 152 160 157 165 163 166 176 173 162 160 161 161 166 171 168 166 165 163 169 172 173 164 160 172 178 168 160 147 125 90 67 43 44 91 121 151 165 166 168 168 171 162 156 171 176 166 161 158 150 142 133 144 149 152 157 141 129 116 115 124 124 115 119 130 148 156 149 137 116 79 51 46 44 69 115 138 143
172 171 161 156 164 146 114 109 122 130 145 151 149 154 158 158 156 162 168 163 159 163 164 178 179 167 171 174 165 161 169 168 158 163 164 172 169 166 157 160 165 174 166 150 136 112 77 61 47 48 101 135 153 167 171 173 169 172 160 153 166 173 168 161 154 140 133 128 133 139 145 149 144 137 113 92 109 122 128 138 130 133 141 138 126 104 69 39 32 34 66 116 138 144
166 161 168 166 173 154 116 99 103 113 134 151 157 159 161 160 160 164 172 169 162 170 164 171 174 163 173 182 172 158 163 163 153 160 162 165 163 166 157 168 167 163 161 141 114 84 59 51 53 66 116 151 160 166 174 179 172 171 155 153 164 170 167 158 152 140 126 129 141 141 138 138 141 141 127 95 108 130 144 142 129 129 134 134 117 96 71 42 35 36 63 112 140 145
174 174 185 171 169 158 131 116 102 101 127 146 161 169 167 162 161 162 171 172 171 172 167 173 179 170 178 182 172 155 155 157 159 164 164 161 162 164 159 170 173 158 145 123 90 60 44 36 44 74 124 157 163 167 170 171 173 179 165 160 163 161 160 153 147 142 130 131 137 128 132 135 130 129 124 101 102 118 132 128 127 134 137 136 113 85 62 44 47 61 89 123 138 149
