example/E5 - XRays/X-ray-tomography/rastert_juap22.txt
ncols         356
nrows         356
xllcorner     -0.5
yllcorner     -355.5
cellsize      1
NODATA_value  -9999
[rows 294 to 335 of 356, columns 94 to 187 of 356]
149 148 154 156 158 166 166 162 160 159 166 163 163 164 158 151 149 145 143 151 156 157 155 153 152 153 162 164 155 161 171 157 155 152 145 149 157 150 145 148 145 143 140 143 147 130 105 113 131 129 123 130 150 155 156 159 155 154 159 156 150 144 140 144 151 148 149 144 144 141 142 151 146 139 143 146 157 155 155 153 148 152 154 145 132 133 147 150 146 144 146 153 152 143
155 152 151 154 161 166 163 158 152 156 166 162 162 160 152 146 148 153 152 151 149 150 151 152 158 163 170 167 159 173 172 163 163 150 145 146 152 147 147 146 143 145 146 145 139 125 110 122 135 145 152 144 145 152 156 157 148 150 157 158 156 148 142 136 138 142 148 144 146 146 147 159 157 155 159 155 162 157 157 158 154 153 153 147 136 130 139 142 142 146 142 146 145 139
158 155 154 159 163 160 155 155 147 154 164 163 164 158 151 149 154 162 155 146 142 143 151 154 156 158 163 164 163 170 162 164 157 146 147 136 140 149 150 143 144 141 143 145 134 128 120 124 130 146 152 141 143 153 154 144 134 143 152 154 146 140 135 130 144 148 146 149 148 149 148 156 153 155 155 148 157 163 162 156 153 148 150 148 141 142 144 140 139 144 138 145 144 137
155 154 166 166 158 157 159 157 154 159 161 160 160 155 150 157 159 160 150 141 140 140 140 144 155 161 167 171 169 164 159 160 153 151 150 139 145 152 153 148 150 144 137 136 131 132 139 132 120 139 149 149 148 148 141 123 130 147 146 141 131 130 133 135 152 148 144 153 150 155 157 159 152 152 152 152 158 160 155 149 151 150 155 157 155 149 143 141 141 136 132 141 141 139
160 157 173 180 171 163 158 160 161 161 160 159 161 160 157 160 154 160 154 144 140 133 126 136 156 162 161 164 163 168 168 160 148 148 145 137 143 150 154 152 150 141 133 130 116 122 143 138 128 140 143 145 150 144 120 110 138 157 145 134 122 122 138 152 154 144 149 152 149 158 161 162 159 160 160 161 164 156 150 156 154 154 158 162 162 150 141 145 150 133 131 145 147 138
160 159 179 202 192 168 157 156 163 160 162 164 166 162 155 154 158 169 164 141 126 123 128 136 145 151 154 155 155 162 156 146 142 147 140 132 134 135 138 149 151 137 137 140 117 121 139 137 141 139 136 147 156 144 120 114 141 154 142 136 132 124 134 151 153 150 156 148 143 155 159 156 164 166 165 165 165 162 161 165 159 160 156 162 168 161 149 154 157 139 133 145 152 143
156 155 168 189 183 159 150 149 157 151 157 165 169 162 155 157 157 158 150 106 87 111 137 140 140 141 146 152 154 154 148 148 148 149 141 131 126 122 137 155 150 136 142 152 138 138 137 134 139 133 126 140 156 151 138 136 153 149 143 143 139 133 134 145 156 157 158 147 148 156 153 152 162 163 167 168 164 167 169 167 168 174 164 164 163 149 142 155 159 148 140 138 143 146
159 162 158 164 161 149 146 149 151 151 156 163 166 165 158 152 141 139 123 69 54 92 125 135 136 138 141 148 155 150 141 149 155 151 138 130 134 141 150 158 149 137 142 142 143 149 144 136 131 133 124 130 146 153 152 147 150 146 143 141 143 145 151 155 158 158 155 153 161 162 153 154 165 168 169 170 167 166 171 173 171 170 169 171 158 137 139 158 160 146 142 140 141 144
157 167 164 162 156 157 157 150 150 150 153 162 168 165 156 142 130 128 109 66 68 93 111 124 128 136 137 141 142 134 136 138 138 134 129 135 154 162 153 153 148 139 138 137 141 147 141 135 130 128 127 133 138 140 144 144 147 147 139 137 145 153 160 156 159 160 152 156 165 162 158 161 171 173 170 167 170 169 169 174 171 164 166 168 159 143 151 161 156 157 148 141 141 143
155 165 162 155 153 161 159 152 151 145 148 156 159 155 150 141 121 106 99 87 102 119 123 124 127 131 134 145 133 123 132 132 129 132 137 143 158 161 159 162 158 151 141 138 146 150 135 132 129 126 132 131 134 135 142 148 153 149 142 143 146 151 151 152 160 162 154 159 166 163 165 168 175 166 160 160 163 168 169 173 174 171 172 165 161 149 157 166 161 162 150 142 145 144
148 157 155 151 157 164 159 158 147 132 134 142 143 145 138 127 115 98 101 117 125 132 132 123 131 140 138 145 131 117 127 139 139 142 145 145 150 154 159 155 154 151 140 133 141 146 133 131 132 131 135 130 128 138 148 147 147 145 148 151 151 154 151 151 156 160 157 163 165 158 161 166 172 165 157 153 153 164 175 181 177 176 180 173 165 147 144 153 158 158 150 144 146 142
144 152 156 158 164 162 157 163 148 129 122 130 135 136 113 87 92 103 121 136 136 140 136 126 131 139 138 138 134 127 132 140 146 146 139 143 149 157 157 144 143 139 129 128 140 147 135 126 135 138 131 125 127 138 147 144 145 143 146 153 152 156 156 150 151 151 153 159 157 158 167 170 167 164 155 152 159 164 169 178 180 174 172 176 172 160 150 144 156 157 149 151 148 142
148 151 154 158 161 157 154 155 147 131 116 120 130 133 109 80 95 115 125 128 139 145 141 143 138 139 137 130 136 141 139 140 149 147 131 140 149 152 151 146 147 143 133 137 145 147 138 126 135 141 132 126 132 137 147 145 146 145 145 151 153 158 160 155 153 156 161 164 163 165 169 171 170 171 164 164 169 167 168 171 179 174 172 179 171 168 162 151 157 157 153 160 151 151
157 160 153 154 157 151 145 146 152 141 127 122 130 141 127 106 114 121 127 130 140 148 154 156 148 144 138 138 144 141 141 141 148 151 143 145 146 140 144 149 148 145 146 148 145 144 129 126 134 138 143 140 132 126 140 148 147 144 147 154 158 161 158 156 155 153 161 166 168 161 163 171 169 171 170 170 167 169 171 167 175 179 175 174 169 170 162 157 159 159 158 157 152 159
156 161 153 149 153 148 139 144 155 145 141 138 135 141 136 135 140 144 151 146 143 152 157 153 147 136 132 140 143 142 146 148 150 157 154 150 148 143 143 146 141 140 148 151 150 143 130 137 137 136 146 144 124 107 123 141 143 140 140 145 149 158 158 160 154 150 161 164 166 162 167 176 170 170 173 170 160 161 163 166 172 176 170 169 173 165 154 159 158 158 158 158 159 162
158 159 149 144 150 148 140 144 149 143 141 138 136 143 149 147 139 142 152 149 143 148 149 148 143 132 133 137 144 149 151 160 156 159 158 154 151 146 148 147 140 139 142 151 156 143 137 137 132 137 131 125 117 108 119 128 142 142 134 141 148 157 156 157 154 157 161 158 165 163 165 172 171 172 177 172 155 141 139 156 167 170 176 176 172 164 156 161 156 162 163 160 165 163
153 149 140 146 150 139 129 132 141 140 132 134 143 150 149 141 127 127 139 146 143 148 143 133 135 141 147 143 145 145 148 162 159 158 160 166 161 156 159 156 146 143 145 151 153 145 140 139 139 137 111 103 115 116 115 118 142 148 141 152 158 158 157 159 160 162 167 162 163 165 167 167 169 174 178 170 163 149 135 143 156 164 173 172 168 161 155 162 158 160 163 159 164 162
151 141 136 145 148 138 131 133 140 140 140 143 145 138 129 125 125 126 130 146 152 150 134 123 131 151 158 144 135 136 146 158 163 165 160 163 162 162 164 164 162 161 154 149 150 153 144 142 145 135 110 106 119 118 111 117 142 148 149 157 155 155 162 166 165 159 162 162 159 165 166 164 172 173 172 172 174 171 159 152 155 167 174 169 163 159 161 161 157 155 157 161 162 162
143 134 139 144 144 136 138 143 142 139 137 142 140 130 118 118 131 128 128 147 157 149 136 133 139 152 149 139 131 139 147 147 154 164 162 157 157 164 168 167 167 168 163 155 153 162 156 154 153 144 126 114 110 108 114 123 134 140 143 150 152 157 166 168 167 163 162 163 161 163 167 170 176 172 174 179 172 171 164 164 161 170 168 161 157 157 159 153 152 152 158 162 157 158
132 130 135 130 130 131 136 140 136 133 134 144 147 143 133 135 140 131 135 149 149 144 142 142 144 146 144 143 139 144 144 137 142 154 160 153 153 165 169 167 167 164 163 158 153 158 158 164 160 151 140 122 95 92 118 127 124 129 133 144 154 159 163 162 165 165 163 162 169 167 166 169 172 171 172 174 165 167 167 169 168 171 168 163 153 144 144 150 153 150 156 162 161 160
127 132 128 122 128 131 130 122 124 134 140 147 154 157 149 149 147 142 143 146 133 128 139 141 140 143 144 139 134 135 138 136 140 149 153 149 155 168 172 166 168 165 162 156 160 163 161 164 156 151 144 122 76 63 99 114 113 124 137 147 157 160 156 158 162 161 162 164 168 168 169 169 168 170 173 171 162 166 169 169 174 170 166 162 145 139 144 154 161 159 154 160 169 165
137 133 124 123 133 141 134 117 124 141 153 159 159 157 155 156 153 147 148 141 118 114 131 135 140 148 143 133 132 136 138 140 146 148 149 151 163 171 167 160 166 167 161 158 163 161 161 162 153 151 146 119 70 53 73 84 101 125 143 153 154 158 162 163 157 158 164 167 171 176 176 174 172 174 174 173 167 171 170 167 177 166 160 162 152 150 151 153 160 164 157 155 162 167
147 135 130 132 131 138 139 131 141 157 164 164 159 161 159 159 159 158 155 143 123 116 126 135 142 146 140 136 140 148 148 149 150 145 147 158 163 163 165 165 168 164 155 159 165 160 164 161 151 154 153 123 83 70 71 73 100 130 147 156 152 157 163 167 162 167 173 172 174 176 174 173 172 175 172 176 169 172 172 167 165 154 151 157 156 157 158 155 158 161 159 155 155 165
151 145 143 136 131 130 123 125 146 160 160 161 161 166 164 167 173 170 158 151 133 121 135 147 145 144 142 141 142 148 153 156 152 147 149 163 162 160 168 169 169 171 165 166 165 161 169 170 156 155 154 128 105 97 92 92 114 134 147 156 154 159 163 163 163 170 171 172 173 170 172 169 167 172 171 172 167 167 172 169 156 150 152 153 148 147 152 159 167 163 163 159 160 171
148 150 148 136 133 127 105 105 130 147 153 160 163 165 161 167 170 159 149 152 139 127 140 152 150 146 148 148 142 146 154 156 151 149 154 160 156 157 160 162 166 169 162 160 159 160 167 166 153 159 157 136 119 107 109 115 129 138 148 160 158 166 172 162 161 165 161 164 170 165 165 170 170 173 172 168 165 162 163 163 154 155 151 148 147 147 153 162 168 164 165 165 168 176
143 143 137 130 130 129 111 102 121 142 154 159 162 162 160 164 164 157 153 155 147 141 142 146 150 148 150 150 137 141 149 143 144 155 159 156 156 161 163 164 166 166 157 151 153 160 166 161 155 165 156 137 112 95 104 111 130 143 153 160 160 167 169 163 162 162 162 165 165 163 169 172 166 168 168 167 163 162 154 150 149 151 145 148 150 159 161 165 169 165 163 159 168 175
146 140 131 127 130 137 133 124 126 136 140 149 154 153 154 155 160 158 152 153 149 144 136 138 144 141 141 138 128 138 145 136 145 157 152 152 157 160 157 160 161 165 163 151 153 159 163 157 159 165 151 132 104 90 100 110 134 148 157 156 156 165 166 168 167 164 162 169 164 157 166 169 163 165 165 165 161 161 151 143 139 142 142 154 161 164 162 159 164 162 160 155 172 178
147 141 136 135 140 147 141 132 128 127 130 144 144 140 139 146 151 144 142 146 140 134 131 134 141 135 131 128 128 135 140 139 149 153 147 151 156 156 161 165 158 163 164 153 155 155 158 160 160 161 147 128 101 91 103 122 141 151 159 160 158 167 170 164 164 165 156 160 158 152 164 169 167 164 164 165 163 159 149 142 142 143 147 164 164 163 166 156 158 157 153 149 168 173
143 142 145 143 144 146 141 135 136 137 142 149 142 134 138 146 140 132 135 136 132 131 135 140 144 141 135 127 131 137 137 139 145 149 146 143 149 156 163 163 156 156 154 149 148 148 153 159 153 145 137 122 100 97 104 120 136 151 159 161 158 168 167 159 161 165 155 157 152 150 158 160 163 162 163 168 166 160 159 157 157 156 161 170 165 161 163 158 157 158 160 156 166 172
142 142 138 135 138 144 144 142 147 150 149 147 145 145 147 144 140 138 137 129 131 134 137 144 139 133 134 134 136 138 139 146 141 143 143 138 149 158 161 161 155 151 150 148 143 141 144 151 145 134 134 124 105 108 108 116 134 155 163 162 161 164 158 158 162 163 158 160 156 154 152 153 160 158 157 169 168 164 168 168 166 168 168 166 165 162 160 163 160 161 162 163 170 172
133 128 119 122 133 145 143 144 151 153 148 147 148 153 147 141 145 147 141 127 117 109 113 124 125 128 133 136 135 138 141 144 132 132 137 141 149 152 154 155 149 147 150 141 138 142 144 149 145 134 139 131 112 114 110 112 135 155 164 160 159 158 152 154 160 166 160 155 154 154 150 151 153 148 151 165 170 167 169 171 172 170 167 168 169 167 164 171 167 166 168 171 175 177
125 118 113 119 133 144 144 147 150 155 151 148 145 150 140 134 137 139 136 129 107 84 79 95 115 126 124 129 133 137 140 136 127 132 139 145 146 144 142 144 144 145 143 133 131 135 144 148 146 140 151 144 119 116 115 121 144 156 161 156 159 157 152 149 155 161 163 158 153 155 152 152 144 137 150 167 171 171 173 174 174 170 168 169 174 174 175 174 166 168 173 171 176 181
124 112 114 126 136 143 144 144 144 152 150 142 137 142 144 141 134 134 137 133 121 100 84 89 110 120 121 129 134 137 139 133 132 138 143 142 134 132 135 140 144 139 132 125 121 124 138 143 142 137 149 154 133 123 129 142 155 158 153 151 159 158 155 154 156 160 163 164 157 151 149 151 141 135 150 168 167 170 176 179 180 173 170 169 172 170 169 172 171 172 173 172 177 182
133 117 120 133 138 145 144 142 135 138 142 137 133 139 148 153 140 137 140 134 133 121 110 107 111 124 134 138 140 140 138 131 133 141 144 137 127 129 136 143 140 134 135 131 125 125 132 141 145 140 147 155 148 143 146 152 159 160 151 151 159 156 154 159 157 161 160 160 155 150 155 161 152 142 152 166 165 169 171 173 175 169 170 166 165 166 162 168 171 169 169 174 174 177
147 134 138 146 147 148 139 137 127 131 142 143 139 143 154 158 145 141 141 140 138 128 125 124 122 134 139 140 138 137 135 134 138 145 151 143 133 135 137 139 139 139 142 137 133 132 138 146 149 148 153 152 146 150 152 148 158 159 147 151 158 158 162 161 155 162 163 163 158 155 165 170 163 151 153 163 167 168 171 171 170 168 172 168 164 165 165 171 171 171 173 176 174 173
148 147 152 154 154 145 136 133 128 135 146 149 146 148 151 152 147 144 141 140 137 131 131 137 140 140 135 138 141 135 131 137 142 149 154 151 145 138 135 132 133 138 139 134 138 145 153 154 149 144 148 140 135 141 143 144 161 160 149 155 163 164 163 158 157 160 159 161 163 161 165 170 165 157 161 167 169 169 171 170 169 166 170 172 164 170 169 167 170 172 173 177 178 171
150 155 150 146 146 139 141 140 139 144 150 152 146 145 145 147 145 142 140 138 140 146 147 148 147 141 134 136 141 135 135 140 145 152 154 152 150 141 136 136 138 144 145 144 143 143 150 150 140 133 137 128 122 124 134 148 159 156 154 156 161 161 158 160 162 162 163 165 167 169 167 167 164 161 165 169 170 173 173 166 170 167 169 171 169 174 169 164 171 169 167 173 174 169
161 162 151 138 130 136 147 150 150 152 153 152 143 138 141 151 148 140 141 139 139 150 154 148 141 131 117 111 126 138 142 144 148 155 156 152 151 139 135 137 147 151 149 150 143 143 150 142 128 133 141 133 128 128 141 152 158 158 159 158 156 156 158 164 166 161 165 174 170 171 172 170 168 169 170 172 171 173 170 169 172 171 172 174 172 171 171 167 173 169 166 168 172 173
163 165 159 141 134 148 157 158 153 150 146 144 136 134 140 151 146 141 143 144 137 143 141 131 118 103 86 84 119 146 150 148 146 150 144 143 142 136 138 139 151 152 144 142 137 143 149 133 119 134 147 143 139 145 147 150 156 157 158 158 153 156 160 165 168 163 168 176 171 170 171 171 169 168 168 171 172 171 164 172 173 173 175 173 175 170 170 170 176 172 164 169 173 174
160 165 161 149 145 152 153 151 145 142 142 141 133 131 140 142 137 142 146 152 147 144 126 112 108 93 80 86 127 153 154 148 145 142 136 137 134 139 144 144 147 148 142 139 140 145 148 137 125 129 137 139 141 148 141 141 150 155 158 156 155 158 160 163 166 168 172 172 170 170 170 174 171 167 165 165 167 170 166 169 173 174 175 169 173 172 166 169 171 165 162 173 173 170
255 255 148 144 144 144 145 142 139 138 138 139 133 131 139 137 135 143 151 157 154 145 121 107 117 112 105 108 135 153 152 150 149 144 142 139 136 143 144 141 137 139 142 143 142 147 153 143 130 125 134 142 145 146 134 135 143 153 158 153 156 160 165 167 166 167 170 168 168 170 175 173 169 167 168 164 164 171 170 169 174 172 171 166 170 169 162 170 168 162 162 173 174 167
255 255 255 255 137 142 143 136 135 136 136 133 133 130 133 131 131 143 153 156 149 130 101 99 122 124 121 122 136 150 154 158 152 144 142 134 134 142 136 136 132 135 139 137 136 146 143 133 127 121 130 142 147 147 143 141 141 146 153 154 155 163 167 162 164 170 171 165 167 169 172 170 167 169 168 164 165 167 167 167 171 167 168 168 168 165 171 178 173 168 168 171 174 168
