example/E5 - XRays/X-ray-tomography/rastert_juap37.txt
ncols         356
nrows         356
xllcorner     -0.5
yllcorner     -355.5
cellsize      1
NODATA_value  -9999
[rows 42 to 83 of 356, columns 94 to 187 of 356]
111 132 145 142 142 141 132 127 141 152 157 164 159 132 98 89 103 124 134 138 133 136 127 115 116 118 102 59 69 115 129 129 126 108 128 155 152 141 142 139 132 138 143 138 137 142 141 139 143 136 134 127 134 144 138 134 144 148 151 153 156 150 136 146 141 139 137 138 148 145 135 126 134 141 149 154 160 165 164 165 154 148 148 149 149 157 159 153 164 164 169 160 145 138
128 142 148 137 140 144 136 137 142 148 154 150 126 101 91 92 94 112 125 132 129 131 133 131 119 93 79 61 81 126 138 131 120 107 126 144 151 141 141 140 136 143 142 144 145 148 146 136 138 143 139 136 137 140 131 131 146 153 152 159 162 155 140 140 138 141 144 132 136 146 139 132 138 149 150 150 160 163 162 166 166 160 161 154 151 164 165 156 166 166 167 162 145 140
149 151 145 128 132 148 145 145 146 152 150 124 104 95 102 111 102 114 129 129 121 114 117 127 118 99 98 97 106 129 138 133 125 118 133 138 147 148 146 146 137 143 145 144 152 151 149 142 144 153 140 136 141 138 131 135 144 157 159 162 164 159 146 136 134 133 143 138 136 138 135 138 142 146 148 152 162 164 164 173 176 168 170 163 153 163 164 157 166 174 166 159 143 139
158 154 150 134 135 148 153 154 150 151 151 123 107 98 89 100 109 118 122 112 101 103 112 122 120 123 135 136 134 137 140 137 136 130 138 145 149 151 152 158 146 144 147 146 150 151 146 147 156 155 148 139 138 134 133 134 144 155 159 161 163 154 133 130 133 129 138 143 145 136 130 135 141 137 144 157 164 159 162 175 182 172 171 168 151 151 156 160 164 171 164 153 140 138
152 148 150 150 152 153 152 152 152 152 151 126 113 108 83 75 102 118 115 99 89 101 112 122 133 147 155 153 148 144 144 144 143 145 149 148 141 141 143 154 155 151 148 149 152 148 138 144 160 155 152 143 138 132 130 134 145 147 150 154 152 143 129 132 139 129 133 145 148 136 126 129 139 141 144 152 162 159 160 169 178 173 161 161 149 144 151 159 164 163 158 148 136 135
153 149 147 154 161 156 150 148 146 152 148 117 95 96 80 82 110 123 123 108 96 92 101 118 140 158 165 164 154 151 145 140 141 150 152 157 148 146 145 145 149 151 150 145 147 143 135 142 149 147 152 137 138 140 138 150 154 150 149 147 141 140 139 139 150 140 130 139 136 123 131 137 137 145 152 152 161 167 166 167 170 165 147 151 158 144 144 153 151 145 142 141 133 137
150 153 152 153 156 153 150 148 142 144 145 126 98 88 98 121 136 132 133 121 108 92 104 124 140 154 160 168 161 151 139 127 134 150 146 152 150 154 152 136 138 149 151 141 146 143 139 149 147 137 138 124 131 143 139 148 151 145 133 127 132 136 146 147 150 147 132 132 126 121 132 139 142 145 145 152 159 163 164 167 165 158 144 147 156 141 135 141 136 128 134 143 133 135
152 152 157 153 157 154 150 157 157 146 143 145 134 123 132 145 148 137 138 132 122 113 126 131 133 149 158 164 160 146 140 131 132 149 149 148 145 149 152 139 134 147 149 143 150 148 144 148 150 135 125 119 122 131 131 136 143 142 136 132 130 117 134 143 139 142 133 130 129 134 129 136 154 155 142 150 157 153 154 162 155 148 144 149 155 146 135 140 141 132 136 144 136 131
159 156 158 154 154 153 154 161 157 150 148 149 146 147 146 151 156 142 138 145 143 135 143 140 129 139 155 159 150 142 142 135 130 139 148 148 138 144 152 142 136 143 144 147 148 145 141 143 138 121 120 125 128 137 131 129 141 141 143 144 139 122 132 140 128 131 128 129 136 150 148 154 165 158 151 152 153 146 147 158 149 143 148 151 149 144 136 143 143 135 136 141 137 130
153 155 153 160 152 147 152 155 150 151 153 151 147 143 129 128 142 132 135 148 150 148 153 157 152 144 151 159 147 141 142 137 136 136 145 144 133 136 144 143 143 144 145 150 147 142 134 133 114 83 90 103 124 143 149 145 146 150 150 144 142 138 133 144 136 135 137 144 150 159 167 169 170 157 151 150 150 148 143 144 145 141 148 156 151 143 138 140 140 134 138 147 142 126
153 154 152 155 149 147 148 149 148 149 155 154 149 137 114 100 111 117 127 141 143 146 156 160 162 159 158 158 149 147 150 146 151 150 147 148 147 138 137 141 147 144 148 153 145 134 121 118 104 74 75 92 114 130 152 161 152 160 162 151 148 139 132 148 152 143 143 153 155 160 173 171 163 150 144 153 155 156 143 135 147 146 146 150 150 142 138 129 132 136 138 144 139 131
151 152 155 154 147 147 150 151 154 152 152 153 145 134 124 121 126 128 121 125 132 142 150 154 154 160 160 150 139 147 154 151 150 159 155 151 155 153 146 138 143 141 145 146 135 121 113 116 120 102 94 103 115 130 149 165 156 165 168 156 158 144 132 140 145 141 137 136 153 163 166 163 153 139 141 150 152 153 144 136 144 140 143 144 145 149 146 137 137 142 144 149 144 139
147 151 151 154 148 144 148 151 154 151 145 145 142 136 139 146 148 146 129 121 122 127 132 138 143 146 144 133 130 145 157 159 154 156 154 152 159 158 152 138 135 136 142 137 131 113 91 96 126 134 128 117 120 138 152 163 160 161 164 158 160 152 140 136 137 140 142 131 141 153 152 150 147 140 148 152 148 144 142 143 145 138 139 142 141 148 150 145 147 149 151 151 140 137
143 145 149 147 149 147 143 145 146 137 132 139 146 148 155 163 157 156 146 133 124 121 131 136 138 143 139 132 132 143 155 159 155 156 156 157 155 148 151 151 143 126 123 118 118 106 79 72 102 124 131 126 129 141 155 164 165 164 160 157 160 150 141 141 139 142 148 146 136 138 142 146 153 149 155 156 148 143 145 145 142 141 139 145 139 138 144 137 150 155 149 147 142 145
139 135 137 134 135 138 131 125 126 127 140 151 156 164 165 166 160 155 151 136 127 122 135 142 136 144 145 137 135 141 149 149 151 161 153 153 152 146 153 156 144 114 101 104 114 104 95 86 93 108 122 135 133 139 160 163 164 165 161 154 160 149 141 146 145 146 151 148 132 135 139 138 156 163 156 153 151 151 147 138 138 146 142 146 142 137 142 136 151 157 141 143 157 161
130 133 130 123 124 119 108 110 128 137 153 163 164 171 172 167 162 156 152 132 130 123 116 126 130 139 145 136 129 137 145 147 150 158 151 152 156 154 153 152 135 100 92 104 121 118 118 105 110 129 131 142 140 137 151 157 160 163 168 158 147 140 142 150 148 147 153 146 133 136 140 132 145 152 145 141 141 158 156 139 137 144 138 137 140 148 141 133 146 158 151 150 163 166
126 129 129 127 124 100 69 72 113 134 151 167 168 168 169 169 164 150 138 130 135 127 110 113 123 133 136 130 115 115 130 144 152 150 150 159 159 152 145 147 133 104 100 113 124 120 116 117 135 154 143 147 145 135 139 155 158 155 159 154 144 134 137 145 143 137 142 145 139 138 145 144 142 144 141 135 138 156 152 137 136 143 139 140 144 154 141 139 147 153 157 160 164 164
137 140 136 131 122 98 60 55 93 116 132 151 162 170 170 166 159 147 131 121 131 137 129 118 116 119 118 115 95 93 115 130 147 152 151 158 158 154 153 148 138 127 127 131 125 107 93 117 145 157 149 150 147 142 139 141 151 150 144 145 144 134 136 140 139 138 144 142 137 141 146 150 139 139 148 143 140 147 141 141 141 147 146 149 147 148 142 146 146 145 153 159 160 162
138 150 145 139 136 123 104 107 122 117 123 134 138 145 151 138 129 137 140 123 128 138 133 126 117 112 122 125 101 91 110 121 136 153 152 150 154 154 154 147 134 129 134 136 111 93 101 132 155 152 148 145 144 151 150 133 134 145 142 139 144 138 133 141 138 145 156 153 147 156 161 156 139 134 146 142 144 145 140 154 161 151 147 143 135 143 139 140 144 146 147 154 156 155
134 149 154 152 151 142 133 131 141 129 126 139 131 122 131 124 120 126 140 139 132 125 118 122 114 108 129 133 119 102 106 117 125 143 150 145 145 147 147 141 133 128 129 115 93 97 130 146 153 147 141 143 145 158 158 143 131 129 126 127 137 138 134 148 141 152 163 169 161 158 166 164 150 142 147 135 144 151 149 159 167 150 147 141 132 137 129 132 142 148 149 154 150 143
129 136 144 150 154 148 141 140 143 137 130 140 135 123 132 128 126 126 130 138 134 129 120 116 121 122 134 132 128 127 115 114 120 130 149 153 144 144 144 142 140 137 132 116 113 123 147 151 140 138 145 150 152 162 156 144 133 122 114 120 131 136 138 149 146 161 172 167 166 155 159 163 156 147 150 134 137 147 153 154 153 135 136 145 145 138 123 134 140 139 138 147 144 144
133 131 133 145 148 147 147 149 143 145 136 136 139 134 132 122 129 134 124 132 132 133 128 119 123 127 130 130 128 131 129 125 124 126 142 150 147 147 142 138 131 135 140 133 137 144 148 152 150 138 141 149 155 165 158 140 133 130 120 119 128 138 142 147 145 155 163 162 175 165 158 156 149 144 147 142 141 146 148 141 137 129 136 155 152 142 131 143 138 131 127 142 149 155
136 120 123 142 141 143 149 147 137 139 136 132 131 135 135 127 132 137 135 140 133 131 129 132 132 134 136 136 132 128 133 139 139 137 141 143 143 146 146 140 131 141 150 147 145 143 137 149 160 148 144 144 141 154 155 145 145 139 115 115 131 138 139 143 140 138 149 162 171 163 148 144 146 144 143 141 139 142 142 135 134 142 150 165 153 147 134 144 145 139 140 153 154 153
139 118 119 142 143 142 138 130 133 136 126 125 131 134 134 132 133 136 145 150 145 146 145 144 137 138 141 133 126 129 136 143 144 144 146 146 147 139 141 142 137 139 139 130 133 138 134 144 149 140 146 150 139 137 138 145 157 148 126 118 123 134 140 135 129 136 155 166 164 156 141 139 141 139 142 144 138 136 140 145 139 136 145 157 150 147 137 144 152 151 149 159 159 155
147 127 118 133 147 145 128 119 130 137 131 123 131 135 133 131 133 143 159 156 152 157 157 157 144 133 131 118 118 128 135 145 150 139 136 142 153 144 136 142 141 132 129 113 114 134 135 145 136 127 137 154 151 138 125 136 159 156 138 125 124 138 142 138 137 142 151 153 143 143 140 136 130 127 132 139 139 137 139 144 134 125 135 146 148 154 151 151 149 149 149 155 152 158
151 135 114 116 142 147 137 129 133 132 128 118 126 133 131 131 144 156 169 166 165 169 161 162 155 139 127 117 117 118 122 134 148 147 142 142 148 142 133 141 147 136 129 120 119 132 130 141 135 130 136 149 155 133 127 143 155 147 134 125 129 138 139 141 145 146 142 144 142 139 135 132 126 124 118 131 139 144 149 144 141 130 133 133 134 148 152 150 145 146 143 147 140 148
153 150 136 125 136 143 142 136 131 118 115 114 124 128 122 129 150 158 163 170 171 172 167 166 160 151 133 118 128 130 132 137 144 150 149 146 141 133 135 150 155 147 132 136 139 135 134 138 133 143 155 151 157 140 153 174 161 144 141 131 133 144 145 146 143 139 143 148 149 139 126 125 130 141 131 130 134 151 159 143 146 143 138 137 131 140 146 142 138 142 140 143 142 154
152 151 149 142 133 131 141 143 132 115 115 115 114 115 117 134 156 161 156 163 167 171 170 171 166 162 149 123 130 137 142 148 148 143 138 139 141 139 136 148 150 141 129 134 144 136 127 129 130 140 150 145 151 150 193 219 176 159 157 136 137 145 148 147 145 138 139 153 144 134 126 126 129 137 139 128 125 145 155 137 139 149 143 145 139 141 139 135 134 145 144 141 145 154
146 135 144 154 143 128 137 145 138 125 126 123 115 125 133 148 161 162 158 159 160 169 167 169 162 159 158 136 132 128 131 140 144 139 130 133 143 148 138 139 143 135 126 130 146 140 118 120 129 138 149 149 153 153 215 254 183 165 163 140 133 133 135 140 143 137 138 150 132 125 131 137 133 131 136 129 135 141 151 149 140 144 141 137 130 135 138 138 138 142 142 144 150 154
139 134 144 155 153 146 148 145 137 122 116 118 122 139 150 156 164 170 168 164 161 168 167 167 160 159 155 132 119 116 112 122 134 135 130 134 145 147 139 144 146 136 129 135 147 142 126 128 140 151 154 153 156 148 212 255 192 164 153 139 133 132 131 142 145 140 156 159 131 119 129 138 134 136 143 136 146 150 149 159 154 148 147 141 122 129 146 151 144 137 131 136 145 153
140 145 149 149 153 159 157 150 143 126 112 115 123 134 148 152 160 169 170 162 158 165 166 161 157 155 147 132 117 112 114 121 134 133 121 128 144 139 133 149 147 139 135 142 149 144 132 131 139 150 159 160 147 136 191 225 173 157 142 135 129 129 135 136 138 144 160 158 137 127 126 132 136 139 146 148 151 162 165 161 161 161 156 141 123 127 153 160 147 148 142 137 142 149
146 151 150 147 152 162 164 157 150 144 135 128 125 131 145 153 158 158 161 162 158 163 166 158 145 131 138 141 142 139 143 141 133 126 116 125 135 127 121 143 148 149 148 147 147 144 132 133 140 144 152 154 148 151 168 177 154 152 138 124 124 124 135 131 136 147 149 143 134 134 135 141 148 140 140 148 150 162 172 164 162 163 144 127 111 116 147 160 151 161 158 147 148 151
154 153 149 149 156 159 160 154 150 147 143 137 131 129 136 151 158 156 157 159 153 154 158 154 134 117 128 135 150 155 157 152 133 120 122 136 142 138 133 146 154 149 148 143 140 142 138 144 149 145 146 145 149 155 143 151 144 134 137 125 121 126 145 147 148 154 146 138 144 149 151 149 148 139 138 149 150 148 159 171 162 154 143 135 122 129 146 155 149 153 158 153 149 150
156 155 157 152 155 156 153 152 159 151 142 139 139 136 140 147 150 155 157 154 140 138 152 157 140 129 131 136 153 155 156 159 148 132 129 140 151 146 144 153 148 138 142 140 129 138 153 155 152 147 146 138 137 146 131 138 134 121 138 137 130 136 147 151 153 150 132 142 155 154 154 144 141 146 142 144 146 144 156 177 155 150 155 143 138 144 143 147 150 141 150 157 153 149
160 159 158 146 143 151 151 151 153 137 131 139 146 138 138 143 145 147 158 156 137 134 147 149 135 130 131 126 136 139 138 144 145 139 139 146 158 160 147 147 151 147 128 131 128 131 152 159 159 156 158 142 134 144 135 139 139 124 132 139 141 142 140 144 155 148 129 141 157 148 147 152 148 146 138 142 138 140 150 166 153 145 148 142 144 146 137 146 154 142 147 155 149 147
142 147 156 151 140 147 151 137 127 120 122 138 150 141 140 141 143 148 155 152 149 148 137 121 110 112 122 113 116 129 127 131 135 143 146 148 153 160 157 151 154 150 125 130 138 135 139 149 161 162 158 149 145 142 135 140 149 134 137 146 146 141 140 147 148 133 135 145 157 149 141 143 142 138 138 147 137 133 143 147 146 139 144 146 147 148 136 138 145 140 148 154 150 156
130 128 144 153 146 145 145 122 108 115 116 122 141 140 139 141 144 157 160 150 148 145 125 113 116 115 121 123 126 133 135 140 142 146 146 147 155 152 158 163 159 148 137 130 129 129 136 147 152 161 154 141 144 147 151 155 160 152 150 154 145 139 138 150 141 123 135 145 148 145 138 139 141 138 135 140 141 134 134 133 136 144 158 155 142 141 141 145 149 145 148 146 149 150
140 128 133 139 147 151 147 128 119 114 105 108 139 154 138 134 146 159 158 149 139 146 139 130 137 137 140 141 129 127 137 138 146 153 143 135 151 141 135 152 148 133 130 129 116 102 121 148 150 156 149 132 135 146 163 164 162 168 160 156 144 136 127 134 130 126 139 149 147 138 141 150 148 147 141 134 138 139 131 132 137 147 160 155 144 138 137 141 151 156 151 142 149 141
145 136 135 131 134 142 141 127 127 109 94 112 139 156 144 141 146 143 142 149 142 147 151 140 144 150 155 149 124 122 139 134 137 145 132 122 134 134 128 140 140 121 109 129 116 83 99 133 143 144 133 124 129 144 168 167 161 172 164 160 152 148 147 147 140 139 142 146 151 143 152 166 150 146 143 131 134 144 138 134 139 143 143 148 145 133 132 134 148 157 145 136 141 136
144 144 133 124 127 136 132 124 123 112 108 127 136 135 136 144 142 136 133 144 146 142 145 140 145 148 150 142 123 121 121 121 127 133 123 118 123 137 147 150 137 119 113 132 127 106 120 139 145 143 130 132 147 154 162 170 167 168 167 164 159 162 167 163 154 154 144 139 146 141 152 161 138 131 136 138 146 148 142 140 143 142 134 144 150 140 138 142 147 150 142 138 138 140
138 143 129 123 137 146 136 139 138 126 121 120 125 118 121 136 137 138 136 139 141 140 135 135 143 140 137 133 129 126 119 124 136 137 139 136 140 149 154 155 140 128 136 144 134 122 137 142 143 144 147 148 158 165 162 168 170 171 171 163 158 158 162 171 160 155 149 135 132 133 150 150 133 125 129 146 144 136 138 142 143 143 134 135 146 147 138 139 139 142 145 146 154 153
135 139 131 130 136 138 134 139 137 122 121 119 122 127 129 131 134 133 136 144 141 137 134 148 148 141 138 128 130 132 132 139 144 139 142 152 158 157 156 154 146 140 143 144 138 132 138 135 135 145 156 162 161 164 163 165 168 169 172 166 164 169 169 176 161 144 152 140 130 136 146 142 139 138 137 150 146 134 139 141 143 148 135 132 141 147 142 142 136 132 142 146 157 161
