example/E5 - XRays/X-ray-tomography/rastert_juap21.txt
ncols         356
nrows         356
xllcorner     -0.5
yllcorner     -355.5
cellsize      1
NODATA_value  -9999
[rows 0 to 41 of 356, columns 94 to 187 of 356]
255 255 255 255 255 255 255 255 255 255 255 255 255 255 255 255 255 255 255 255 255 255 255 255 255 255 255 255 255 255 255 255 255 255 255 255 255 255 255 255 255 255 255 255 255 255 255 255 255 255 255 255 255 255 255 255 255 255 255 255 255 255 255 255 255 255 255 255 255 255 255 255 255 255 255 255 255 255 255 255 255 255 255 150 255 255 255 255 255 255 255 255 255 255
255 255 255 255 255 255 255 255 255 255 255 255 255 255 255 255 255 255 255 255 255 255 255 255 255 255 255 255 255 255 255 255 255 255 255 255 255 255 255 255 255 255 255 255 255 255 255 255 255 255 255 255 255 255 255 255 255 255 255 255 255 255 255 255 255 149 148 152 159 159 152 155 155 142 138 151 153 145 145 143 143 144 144 147 150 161 161 153 152 156 155 151 152 160
255 255 255 255 255 255 255 255 255 255 255 255 255 255 255 255 255 255 255 255 255 255 255 255 255 255 255 255 255 255 255 255 255 255 255 255 255 255 255 255 255 255 255 255 255 255 255 255 255 255 255 255 255 255 255 255 255 152 159 161 160 162 163 155 150 151 147 146 156 158 150 153 151 142 140 149 145 135 141 146 144 145 146 149 150 155 152 147 149 156 154 150 145 146
255 255 255 255 255 255 255 255 255 255 255 255 255 255 255 255 255 255 255 255 255 255 255 255 255 255 255 255 255 255 255 255 255 255 255 255 255 255 255 255 255 255 255 255 255 255 255 255 255 255 255 150 149 132 122 135 144 149 157 160 161 163 161 160 155 156 155 144 143 144 144 151 150 139 144 146 142 135 140 148 145 144 148 152 147 144 142 137 142 150 147 146 140 138
255 255 255 255 255 255 255 255 255 255 255 255 255 255 255 255 255 255 255 255 255 255 255 255 255 255 255 255 255 255 255 255 255 255 255 255 255 255 255 255 255 255 255 255 255 255 150 154 156 154 148 144 138 127 127 138 148 151 154 156 160 160 154 160 161 157 154 144 138 138 137 142 146 137 139 141 142 143 141 147 144 143 147 153 149 142 144 142 147 148 145 144 145 142
255 255 255 255 255 255 255 255 255 255 255 255 255 255 255 255 255 255 255 255 255 255 255 255 255 255 255 255 255 255 255 255 255 255 255 255 255 255 255 255 255 255 155 156 153 148 145 147 152 151 143 143 136 130 141 145 151 152 155 153 158 159 154 156 162 160 150 147 145 144 140 139 144 138 136 140 142 146 145 152 146 140 138 143 143 141 148 149 153 152 150 150 151 147
255 255 255 255 255 255 255 255 255 255 255 255 255 255 255 255 255 255 255 255 255 255 255 255 255 255 255 255 255 255 255 255 255 255 255 255 255 255 156 157 154 150 151 153 148 144 142 145 153 154 142 144 141 138 147 144 148 151 152 150 159 161 158 152 152 158 149 148 148 146 145 144 148 143 142 145 145 143 148 157 154 143 137 139 139 142 146 150 158 155 151 153 153 150
255 255 255 255 255 255 255 255 255 255 255 255 255 255 255 255 255 255 255 255 255 255 255 255 255 255 255 255 255 255 255 255 255 255 158 153 151 152 150 155 155 147 148 150 144 144 145 142 150 158 147 141 143 143 146 142 144 148 149 146 157 164 160 151 147 156 150 147 148 147 148 151 151 142 142 145 146 142 149 157 156 149 143 142 143 148 148 148 155 152 146 153 153 152
255 255 255 255 255 255 255 255 255 255 255 255 255 255 255 255 255 255 255 255 255 255 255 255 255 255 255 255 255 255 255 153 150 149 151 156 153 152 149 151 151 144 140 141 142 145 148 134 138 156 152 141 137 136 143 144 145 147 147 144 151 158 158 156 151 157 151 146 149 152 148 142 133 131 140 145 144 142 149 155 152 150 147 143 146 151 148 144 147 147 139 147 150 150
255 255 255 255 255 255 255 255 255 255 255 255 255 255 255 255 255 255 255 255 255 255 255 255 255 255 255 255 156 156 156 149 144 148 148 154 153 154 154 150 146 141 136 136 143 147 148 131 128 145 153 147 139 132 146 147 138 144 143 143 147 150 147 154 150 151 147 142 143 147 142 135 130 132 142 146 141 144 151 155 148 144 145 142 148 149 146 144 142 141 140 142 143 147
255 255 255 255 255 255 255 255 255 255 255 255 255 255 255 255 255 255 255 255 255 255 255 255 255 150 149 152 154 153 151 148 140 140 148 152 149 155 152 141 139 141 138 139 143 147 146 136 133 138 145 146 136 123 140 147 133 134 141 143 144 148 141 144 141 146 149 141 139 142 141 141 145 147 146 143 137 147 152 151 149 140 138 137 143 144 148 150 148 143 143 145 145 146
255 255 255 255 255 255 255 255 255 255 255 255 255 255 255 255 255 255 255 255 255 255 155 157 153 146 142 147 153 151 149 150 142 136 144 149 146 153 145 126 134 144 140 142 144 149 146 142 139 137 139 138 124 115 134 146 138 133 137 137 144 147 139 140 140 145 151 146 143 142 141 146 148 153 148 138 133 145 154 152 152 141 137 137 141 144 151 155 157 149 141 141 145 140
255 255 255 255 255 255 255 255 255 255 255 255 255 255 255 255 255 255 255 154 159 157 151 150 149 150 147 147 149 148 148 141 135 137 142 142 141 145 141 128 134 144 141 142 145 148 146 145 145 144 148 138 117 120 136 146 148 144 133 128 146 153 145 145 148 151 151 151 154 146 140 143 148 149 142 136 135 144 152 152 154 145 136 137 146 150 151 150 155 146 137 138 146 142
255 255 255 255 255 255 255 255 255 255 255 255 255 255 255 255 255 152 153 147 145 144 147 151 153 155 155 147 143 148 151 141 132 140 143 140 137 141 138 133 133 137 142 147 148 148 144 145 146 151 157 150 133 138 150 157 156 148 129 126 149 160 155 154 156 155 151 155 159 149 140 138 145 140 130 128 134 142 149 152 151 143 135 138 147 151 143 138 147 142 134 141 154 146
255 255 255 255 255 255 255 255 255 255 255 255 255 255 255 154 150 145 145 140 141 144 145 150 156 154 156 150 143 147 155 150 137 142 144 138 138 143 138 133 133 136 146 153 150 150 145 141 137 142 151 151 142 145 155 160 154 144 130 130 147 156 153 156 151 149 149 153 150 144 138 132 133 131 126 131 139 138 148 150 148 146 149 144 141 146 139 137 142 138 132 141 151 144
255 255 255 255 255 255 255 255 255 255 255 255 154 154 149 151 150 142 137 137 145 148 150 153 152 153 153 151 149 148 150 150 141 141 138 127 131 141 132 118 112 123 144 156 147 147 151 143 135 131 130 130 137 144 150 149 144 139 137 135 138 152 150 153 148 145 146 147 140 129 126 127 127 131 141 149 144 136 148 150 147 150 157 148 141 141 141 139 138 137 135 134 135 134
255 255 255 255 255 255 255 255 255 255 150 149 150 145 143 147 145 139 139 144 148 146 147 153 149 155 155 155 153 151 151 152 149 140 132 122 126 139 139 120 109 118 142 154 144 146 156 149 141 136 122 119 138 142 142 144 142 140 142 144 139 145 149 153 148 141 140 142 138 120 121 133 134 139 151 153 145 136 143 150 150 156 158 155 147 146 145 146 140 137 138 130 128 126
255 255 255 255 255 255 255 255 147 145 138 143 146 139 140 145 138 128 136 146 146 145 144 148 144 147 150 157 155 150 149 153 157 146 135 128 132 139 149 139 130 135 146 151 142 145 158 152 149 145 135 128 142 143 143 149 150 146 144 145 141 140 149 155 150 138 134 137 139 133 132 136 142 141 139 140 143 140 140 147 149 154 157 159 151 152 148 152 147 134 133 131 129 120
255 255 255 255 255 255 152 146 144 145 147 152 148 145 149 150 143 132 135 142 143 147 143 145 139 127 135 149 152 152 151 152 156 151 143 139 137 140 146 140 140 142 144 149 146 145 151 151 155 148 139 134 141 140 144 150 155 154 145 144 144 143 149 155 152 143 139 137 142 145 142 134 142 138 129 133 141 143 140 145 147 154 158 164 158 157 152 152 150 130 129 134 132 126
255 255 255 255 156 152 153 146 138 140 153 163 156 152 155 154 154 145 140 146 141 140 140 141 140 126 130 137 149 157 152 148 155 156 145 143 138 140 143 135 137 133 135 144 146 147 143 146 150 140 131 135 143 139 143 150 152 153 148 149 152 151 150 154 152 151 150 143 143 147 150 142 148 148 138 136 138 142 138 140 147 151 157 167 161 161 156 151 153 142 145 144 138 132
255 255 155 155 154 148 152 154 141 141 155 163 160 155 152 151 152 150 149 149 144 143 148 147 148 142 130 119 131 146 150 149 155 159 147 145 145 142 145 144 135 127 129 137 143 151 145 145 145 134 132 134 141 143 147 156 153 153 153 153 157 153 150 157 156 157 156 149 145 148 158 153 157 160 149 137 135 143 139 135 142 151 159 165 159 162 165 159 160 157 160 150 142 138
146 148 152 149 144 139 138 141 135 137 153 163 161 158 157 152 141 143 148 145 146 155 160 156 152 146 120 87 88 108 133 152 156 159 153 151 155 152 146 151 144 138 137 142 147 150 147 146 139 131 139 139 139 146 151 158 154 156 155 154 155 155 150 154 150 150 153 151 151 148 155 161 165 165 151 136 133 139 138 136 139 147 158 162 163 161 166 160 159 161 160 156 151 140
138 140 155 158 145 140 137 137 134 136 148 157 155 153 156 152 136 136 140 135 138 154 163 159 154 153 122 69 60 84 110 139 154 159 159 156 157 160 153 151 146 146 141 144 153 148 149 145 129 133 141 146 143 142 148 153 151 159 163 159 148 150 148 145 144 143 147 146 152 147 152 159 159 163 151 135 136 143 140 139 137 138 152 160 166 163 162 156 153 157 154 156 156 148
141 139 154 167 154 143 141 145 143 140 142 146 143 143 145 150 141 133 133 130 129 144 160 160 153 149 125 78 73 95 110 129 153 159 160 164 158 151 148 145 140 140 136 138 149 145 144 142 130 140 143 147 148 144 149 155 153 159 163 161 151 148 153 145 146 145 146 143 144 141 145 149 153 161 149 138 141 147 146 138 133 133 144 153 161 165 164 155 150 156 157 161 159 154
144 147 154 164 158 145 138 137 140 139 138 144 136 132 135 142 145 135 131 136 135 136 152 158 148 139 127 111 110 122 126 133 147 147 152 164 154 138 133 137 139 138 136 136 141 144 145 143 140 141 140 145 149 146 148 156 155 151 150 153 155 152 152 146 145 145 151 142 135 132 131 136 145 151 142 141 143 145 150 140 137 138 137 144 156 163 164 157 152 157 159 164 160 155
140 145 155 159 150 138 133 132 138 140 137 141 135 131 137 136 133 131 134 144 141 138 152 156 149 143 132 125 128 139 142 140 145 140 142 154 148 135 133 136 139 140 138 141 143 148 148 148 145 141 139 143 149 156 147 141 144 144 140 146 153 149 146 145 140 135 137 130 128 128 131 138 140 138 135 139 133 134 139 129 128 135 131 141 154 157 159 158 154 158 157 160 156 158
130 130 144 149 142 130 131 136 142 143 139 135 133 138 139 135 129 129 145 149 141 145 158 161 153 147 139 132 139 153 155 149 154 153 149 152 149 141 141 139 138 143 143 144 147 153 152 150 145 147 147 143 149 155 148 140 141 144 142 145 149 141 138 144 134 121 120 121 131 134 139 141 138 134 144 144 131 130 132 122 114 130 135 144 154 152 153 151 156 159 155 160 159 163
132 126 135 142 139 128 132 143 146 143 141 135 131 136 139 138 139 140 151 149 144 148 161 166 159 150 149 145 146 156 160 155 156 161 156 149 147 146 146 141 138 147 151 149 145 146 149 153 151 154 147 140 152 151 142 143 145 143 146 143 143 138 136 144 136 129 131 131 139 141 141 144 143 136 143 139 135 139 141 136 120 118 127 143 147 148 148 150 155 158 162 168 165 163
144 140 137 143 143 130 134 144 143 143 143 139 135 130 136 139 137 140 142 146 144 142 154 159 160 155 151 152 151 149 159 163 154 155 159 145 143 149 145 139 139 146 156 156 144 145 151 154 156 151 144 142 155 153 148 151 147 143 145 146 144 141 136 141 133 142 156 150 143 142 136 133 134 132 133 133 134 142 151 149 134 117 116 135 143 148 148 152 153 155 163 166 161 161
148 147 139 140 145 135 134 142 140 147 145 141 139 126 131 139 137 139 137 142 149 142 145 154 157 149 142 149 156 150 155 160 148 147 155 148 145 149 144 142 140 140 151 154 145 153 160 151 150 138 136 140 151 154 147 153 152 147 141 142 145 147 145 138 131 145 164 164 155 147 130 111 113 125 138 143 141 141 151 154 144 135 125 129 141 147 147 152 154 156 164 164 157 158
154 152 144 136 138 136 134 141 140 146 145 141 143 130 126 133 130 130 140 141 140 142 148 153 155 147 133 141 155 150 148 154 150 146 148 144 142 143 147 147 143 142 147 151 152 155 158 150 139 118 125 138 150 162 152 152 151 149 148 138 138 146 148 142 146 155 159 166 168 154 135 122 123 130 144 152 148 144 150 155 152 148 136 128 135 142 146 150 155 155 160 167 158 157
158 158 151 137 129 132 140 145 144 147 150 147 147 141 131 134 126 118 131 136 133 140 147 147 152 150 137 135 149 147 141 151 156 147 147 144 134 132 140 146 151 147 146 152 154 155 150 143 130 116 127 145 152 163 157 153 148 140 145 138 137 139 134 136 153 166 159 163 169 157 145 141 136 133 141 153 144 136 143 150 156 155 142 131 131 142 150 149 152 150 154 161 152 154
153 152 149 143 135 136 147 149 151 155 153 148 145 144 138 137 132 122 126 134 135 138 141 145 153 152 142 131 139 143 144 152 152 146 147 144 130 127 134 142 151 148 146 149 149 155 148 139 131 130 139 153 159 166 158 149 146 135 126 134 137 130 126 138 153 170 169 163 166 167 159 154 147 141 142 148 137 118 133 148 155 156 145 139 132 135 146 144 144 148 155 167 157 156
151 146 145 142 142 146 150 153 155 160 158 153 144 137 136 140 143 136 134 137 140 143 144 148 155 153 147 136 135 141 147 154 151 148 145 145 138 133 141 146 144 145 151 153 153 152 145 133 129 135 147 158 159 164 164 155 149 138 120 133 134 124 138 151 153 168 173 166 164 169 171 166 160 155 150 147 146 127 134 145 152 156 145 141 130 120 126 128 140 155 155 162 160 156
145 144 143 143 150 157 156 156 158 155 151 147 142 141 133 132 142 142 143 145 153 162 158 150 151 140 138 146 150 150 144 146 141 142 143 144 141 138 145 151 148 147 151 151 148 144 143 140 133 140 155 155 152 158 162 161 156 149 134 137 129 121 146 156 157 169 172 165 170 171 172 175 168 161 157 154 162 148 140 145 144 142 137 131 117 101 92 98 128 154 153 156 158 162
138 142 142 146 157 160 156 152 154 150 131 117 122 135 134 128 129 125 135 155 174 183 168 150 150 142 140 150 159 155 143 144 146 146 144 142 139 135 136 139 145 147 149 147 140 141 142 148 144 150 160 154 150 157 153 157 159 151 143 134 124 119 141 157 156 163 172 163 170 177 172 172 168 164 165 165 163 154 144 143 136 128 128 121 112 98 78 69 104 142 155 159 162 168
138 143 143 148 158 164 155 144 147 147 122 103 117 128 131 133 129 118 125 152 181 189 169 150 146 145 145 148 154 150 141 144 148 146 143 148 143 132 134 137 140 141 144 146 142 144 143 149 149 149 150 151 152 153 142 146 149 144 143 135 133 127 126 147 157 160 169 165 166 174 172 170 169 167 166 170 159 155 152 144 130 126 124 119 122 123 102 66 78 122 150 158 161 163
133 138 140 152 157 158 146 132 138 146 131 118 128 134 136 148 148 132 122 132 167 188 165 145 142 144 144 140 148 149 143 143 143 148 145 148 148 135 134 135 138 137 136 147 151 149 147 148 146 144 141 145 148 146 138 143 148 144 141 144 139 126 112 133 160 160 162 166 165 168 167 167 169 166 165 172 159 153 157 147 134 135 130 124 130 135 113 65 59 102 145 158 162 162
121 131 139 147 154 149 137 129 133 138 137 129 131 140 150 160 157 147 132 124 145 174 148 112 108 124 137 132 144 154 146 148 150 154 145 140 144 137 138 137 143 146 140 144 150 150 144 144 144 139 137 147 144 135 135 137 142 146 143 144 131 109 93 114 156 162 156 158 168 170 167 169 168 169 169 168 163 155 162 158 143 138 125 115 122 127 104 62 42 80 139 156 157 166
125 132 137 141 154 151 140 137 134 130 133 135 135 141 150 157 155 150 141 130 135 152 124 75 65 95 127 135 143 148 142 146 148 147 148 142 143 144 141 137 142 153 148 144 148 152 146 144 143 140 143 147 143 133 134 135 137 146 143 127 111 90 80 100 143 164 157 156 168 171 170 171 168 171 170 162 160 158 168 169 154 131 96 72 77 90 79 57 36 54 118 155 159 168
136 135 122 134 158 160 147 146 140 127 119 133 146 148 148 147 149 149 142 132 130 129 98 55 47 74 117 141 148 149 141 149 145 147 155 143 141 143 136 139 141 151 151 145 144 147 149 148 141 145 151 142 141 139 141 146 142 143 138 117 99 74 66 87 126 158 157 157 161 164 168 170 168 166 166 158 161 163 171 171 161 127 75 35 35 49 54 61 61 62 107 150 160 163
137 138 123 130 151 159 148 149 146 129 115 129 150 150 146 139 136 134 130 134 135 122 88 55 53 72 113 137 146 152 143 152 154 154 151 140 140 136 135 145 144 151 150 142 138 139 145 147 144 149 151 126 121 137 145 149 149 147 137 115 98 71 51 65 117 153 157 164 158 147 152 164 164 162 166 157 165 169 169 170 161 139 87 38 27 34 55 87 104 104 125 150 155 160
