example/E5 - XRays/X-ray-tomography/rastert_juap18.txt
ncols         356
nrows         356
xllcorner     -0.5
yllcorner     -355.5
cellsize      1
NODATA_value  -9999
[rows 252 to 293 of 356, columns 0 to 93 of 356]
255 255 255 255 255 255 255 255 255 255 255 255 255 255 255 255 255 150 145 139 139 142 139 140 145 141 139 149 151 151 151 136 124 128 147 153 154 153 157 159 154 162 169 169 163 156 161 153 141 153 165 168 166 161 157 152 145 146 146 141 148 162 159 160 163 153 147 148 146 138 140 152 169 170 144 122 127 154 157 156 155 149 146 155 151 147 149 149 144 135 140 143 143 138
255 255 255 255 255 255 255 255 255 255 255 255 255 255 255 255 255 255 147 142 142 140 142 145 148 149 151 154 154 153 151 143 135 140 143 137 142 143 153 157 151 158 162 164 165 161 164 149 146 163 171 180 176 167 160 152 149 152 151 140 140 154 158 162 165 156 144 143 149 147 158 165 162 167 163 136 120 145 159 162 161 144 141 157 151 148 140 135 138 135 136 138 136 121
255 255 255 255 255 255 255 255 255 255 255 255 255 255 255 255 255 255 151 148 147 142 146 147 148 145 146 149 156 154 153 150 136 128 120 119 131 124 132 144 147 155 159 161 161 156 149 140 150 173 187 194 189 182 172 159 153 150 144 139 149 158 161 163 163 157 142 141 151 152 164 169 161 170 170 144 113 126 147 148 148 144 141 143 143 149 142 139 137 135 130 123 120 106
255 255 255 255 255 255 255 255 255 255 255 255 255 255 255 255 255 255 255 151 149 144 141 144 149 144 145 151 152 146 145 143 132 119 112 116 126 111 117 136 149 158 160 161 156 152 151 151 163 186 199 202 199 194 185 163 152 154 154 150 152 153 158 159 156 158 151 147 152 156 161 165 167 171 161 145 108 102 133 139 140 147 152 145 141 153 147 141 129 117 111 110 112 106
255 255 255 255 255 255 255 255 255 255 255 255 255 255 255 255 255 255 255 154 148 146 145 142 139 145 150 148 141 134 127 127 124 120 125 132 137 131 132 139 150 157 160 162 155 156 160 158 171 193 197 198 194 190 178 153 143 145 146 147 148 154 160 156 157 157 148 142 146 157 161 163 167 170 164 154 115 100 134 136 131 135 152 153 153 157 149 144 129 104 102 120 126 117
255 255 255 255 255 255 255 255 255 255 255 255 255 255 255 255 255 255 255 255 147 149 153 149 140 144 146 146 145 134 122 131 126 124 134 141 143 142 138 138 145 149 149 148 146 150 154 147 157 185 198 198 189 176 160 147 143 141 141 141 137 145 155 150 152 149 144 138 130 139 154 166 167 164 159 148 118 107 130 127 124 133 141 142 146 147 147 149 134 113 104 120 135 128
255 255 255 255 255 255 255 255 255 255 255 255 255 255 255 255 255 255 255 255 150 152 153 155 150 145 143 149 153 142 131 140 135 131 139 147 148 144 139 136 140 145 141 134 137 145 145 141 147 164 181 180 168 159 150 148 148 145 139 135 132 137 146 146 152 151 147 127 111 119 135 152 156 154 146 139 133 129 136 131 129 141 141 141 143 139 137 138 133 127 120 126 146 144
255 255 255 255 255 255 255 255 255 255 255 255 255 255 255 255 255 255 255 255 255 155 156 160 151 141 139 146 149 146 143 149 150 144 143 149 156 157 152 146 141 142 145 141 142 142 134 136 142 144 150 146 141 146 144 146 151 145 135 126 131 140 144 150 162 159 151 136 129 121 122 131 141 148 149 149 146 138 143 140 138 144 136 131 138 135 125 125 127 131 141 144 155 159
255 255 255 255 255 255 255 255 255 255 255 255 255 255 255 255 255 255 255 255 255 152 152 147 139 132 128 133 138 147 149 149 152 146 146 153 156 159 156 151 143 137 142 143 143 141 133 140 152 154 149 136 135 147 147 150 153 147 141 138 142 147 152 154 161 158 153 136 137 138 138 139 143 152 154 158 154 140 142 148 144 138 120 107 120 126 119 123 130 140 154 149 144 154
255 255 255 255 255 255 255 255 255 255 255 255 255 255 255 255 255 255 255 255 255 255 139 131 133 138 137 136 139 149 145 142 146 147 152 157 159 162 160 154 144 132 132 137 151 154 144 143 145 152 154 144 134 143 150 150 148 142 146 149 140 139 146 148 153 157 143 113 120 144 154 150 146 154 160 164 162 154 153 153 145 129 102 83 105 123 119 124 128 139 156 152 145 143
255 255 255 255 255 255 255 255 255 255 255 255 255 255 255 255 255 255 255 255 255 255 140 137 141 148 150 148 148 149 144 145 149 149 155 156 158 161 156 152 143 127 124 139 155 159 152 142 140 146 144 146 142 139 141 142 144 138 139 140 134 132 135 140 145 149 124 92 106 133 146 150 151 155 161 162 159 158 160 157 140 129 123 104 105 113 113 121 126 135 151 149 144 137
255 255 255 255 255 255 255 255 255 255 255 255 255 255 255 255 255 255 255 255 255 255 255 150 154 158 151 140 135 142 147 150 146 145 153 153 153 154 151 151 149 132 126 142 156 154 147 141 144 144 140 149 150 146 148 146 145 140 139 138 138 140 143 148 148 149 127 99 109 127 143 155 158 162 166 164 164 165 162 151 129 129 143 129 98 88 111 131 130 131 138 139 138 145
255 255 255 255 255 255 255 255 255 255 255 255 255 255 255 255 255 255 255 255 255 255 255 156 155 153 144 135 138 145 143 136 133 141 156 154 147 147 148 149 151 144 141 145 149 143 141 143 145 146 144 145 143 143 148 145 142 145 143 135 141 147 149 151 146 143 139 134 132 125 134 146 146 153 154 156 164 170 165 157 139 138 143 133 109 101 123 135 136 135 137 143 145 151
255 255 255 255 255 255 255 255 255 255 255 255 255 255 255 255 255 255 255 255 255 255 255 255 153 153 147 147 155 150 132 122 127 146 160 154 146 149 151 154 147 142 149 146 140 131 132 139 141 139 135 136 135 138 138 129 131 137 136 138 139 140 149 153 150 153 158 160 133 108 123 140 143 153 161 166 167 166 162 156 145 142 136 133 125 113 128 141 140 140 137 137 144 147
255 255 255 255 255 255 255 255 255 255 255 255 255 255 255 255 255 255 255 255 255 255 255 255 255 153 151 154 153 147 140 133 134 149 154 155 157 156 151 150 142 136 140 136 137 136 140 147 144 137 135 143 140 135 132 129 129 132 141 144 136 142 156 161 163 162 160 158 131 106 120 139 149 156 161 171 169 162 162 155 138 132 133 134 128 127 143 152 137 133 138 132 133 144
255 255 255 255 255 255 255 255 255 255 255 255 255 255 255 255 255 255 255 255 255 255 255 255 255 153 152 155 149 143 145 146 147 149 149 153 154 147 143 144 138 134 128 125 137 141 148 150 150 147 144 147 138 129 133 140 136 135 149 151 139 144 159 164 165 163 159 159 142 106 115 133 142 155 155 163 161 160 161 152 126 122 127 129 132 145 156 147 129 134 141 132 127 143
255 255 255 255 255 255 255 255 255 255 255 255 255 255 255 255 255 255 255 255 255 255 255 255 255 255 157 159 148 139 144 150 153 147 146 154 150 144 145 146 144 139 129 124 133 136 138 144 145 139 141 146 141 132 134 139 141 141 150 146 138 139 152 163 167 171 171 164 148 107 115 137 143 150 145 149 154 158 151 129 103 111 125 135 148 162 160 132 128 144 143 128 124 141
255 255 255 255 255 255 255 255 255 255 255 255 255 255 255 255 255 255 255 255 255 255 255 255 255 255 150 145 137 134 140 144 147 143 145 151 146 140 139 141 139 131 127 128 133 136 138 143 138 125 132 143 142 132 134 134 134 140 147 140 141 145 153 159 164 170 169 160 153 121 114 131 137 143 142 139 141 143 139 114 99 123 132 135 150 160 155 144 143 134 132 130 136 149
255 255 255 255 255 255 255 255 255 255 255 255 255 255 255 255 255 255 255 255 255 255 255 255 255 255 255 142 133 128 133 140 145 147 154 153 143 129 124 134 140 139 140 141 134 129 132 134 126 104 110 127 131 127 133 137 135 143 149 147 146 142 147 153 160 169 164 159 157 137 119 129 137 142 138 123 128 130 131 120 116 135 135 133 142 149 147 150 148 134 138 150 152 155
255 255 255 255 255 255 255 255 255 255 255 255 255 255 255 255 255 255 255 255 255 255 255 255 255 255 255 255 138 127 123 131 141 150 154 150 139 132 129 134 144 151 152 149 141 133 128 131 121 96 99 114 125 134 138 142 141 148 156 159 156 140 140 156 166 168 162 163 165 159 143 132 127 124 114 106 129 134 132 127 119 123 125 124 134 145 142 142 145 142 144 155 149 146
255 255 255 255 255 255 255 255 255 255 255 255 255 255 255 255 255 255 255 255 255 255 255 255 255 255 255 255 151 137 130 136 139 142 144 141 141 149 140 120 123 139 145 147 148 139 128 121 101 93 102 101 114 134 141 141 134 140 154 158 157 137 131 152 168 168 166 168 169 162 149 127 104 102 107 110 131 138 132 129 123 119 121 126 137 140 140 140 142 135 138 144 143 139
255 255 255 255 255 255 255 255 255 255 255 255 255 255 255 255 255 255 255 255 255 255 255 255 255 255 255 255 255 150 145 150 151 150 146 145 147 152 142 110 108 128 136 139 145 143 134 114 88 83 86 81 101 131 145 146 144 147 152 151 151 134 119 139 160 168 166 166 163 157 150 127 93 98 123 133 141 146 137 132 133 137 141 143 145 140 133 134 145 138 133 138 141 130
255 255 255 255 255 255 255 255 255 255 255 255 255 255 255 255 255 255 255 255 255 255 255 255 255 255 255 255 255 150 139 144 155 159 158 157 152 152 148 125 113 118 125 131 141 144 143 125 97 75 70 84 112 141 151 151 153 154 145 142 144 131 121 141 155 157 151 154 154 158 153 132 105 119 146 155 151 147 139 129 130 135 142 148 148 138 129 133 145 134 129 145 155 138
255 255 255 255 255 255 255 255 255 255 255 255 255 255 255 255 255 255 255 255 255 255 255 255 255 255 255 255 255 255 144 149 157 161 166 165 163 159 155 145 127 110 116 135 148 150 143 126 110 90 95 118 139 153 153 150 158 158 145 141 142 132 128 139 144 146 150 156 157 159 138 120 114 131 150 162 160 151 138 118 110 117 136 150 148 135 131 142 141 124 126 151 163 152
255 255 255 255 255 255 255 255 255 255 255 255 255 255 255 255 255 255 255 255 255 255 255 255 255 255 255 255 255 255 255 153 152 161 164 160 159 157 154 153 145 124 126 143 151 148 131 116 119 114 126 143 150 155 156 156 157 150 151 152 153 145 139 141 146 150 157 163 153 142 133 133 140 149 154 160 156 140 127 115 112 122 145 151 151 152 153 152 145 134 134 146 150 143
255 255 255 255 255 255 255 255 255 255 255 255 255 255 255 255 255 255 255 255 255 255 255 255 255 255 255 255 255 255 255 152 143 152 153 155 159 153 148 151 149 137 135 141 139 133 123 118 125 121 127 134 140 154 158 159 154 145 146 148 148 143 143 145 145 145 152 158 146 135 140 148 152 153 152 155 152 143 140 144 145 144 155 154 155 161 158 156 155 151 149 145 149 145
255 255 255 255 255 255 255 255 255 255 255 255 255 255 255 255 255 255 255 255 255 255 255 255 255 255 255 255 255 255 255 255 143 146 150 158 162 151 142 141 143 138 130 128 128 129 134 132 121 106 101 109 130 151 153 152 150 139 136 136 139 145 149 146 144 141 143 150 147 141 140 147 154 150 150 156 158 157 159 158 153 154 158 159 161 157 150 156 161 159 161 155 160 147
255 255 255 255 255 255 255 255 255 255 255 255 255 255 255 255 255 255 255 255 255 255 255 255 255 255 255 255 255 255 255 255 255 148 143 148 156 150 142 138 140 136 136 139 134 132 139 140 124 104 94 103 126 135 129 126 125 127 136 138 140 150 153 148 147 145 144 145 142 143 149 150 150 149 155 163 163 157 158 151 149 154 152 155 160 159 160 164 166 163 159 158 159 150
255 255 255 255 255 255 255 255 255 255 255 255 255 255 255 255 255 255 255 255 255 255 255 255 255 255 255 255 255 255 255 255 255 255 138 142 151 145 143 139 137 134 137 143 145 142 141 142 132 119 116 126 135 116 96 93 109 130 136 135 139 149 153 152 146 145 148 145 144 146 153 151 148 147 156 164 163 166 162 151 154 157 157 167 162 159 163 160 162 160 154 163 163 158
255 255 255 255 255 255 255 255 255 255 255 255 255 255 255 255 255 255 255 255 255 255 255 255 255 255 255 255 255 255 255 255 255 255 135 136 140 141 144 138 128 126 131 140 149 146 137 134 132 135 137 143 137 109 88 96 118 135 131 135 148 160 160 157 144 140 146 150 150 151 156 155 152 144 153 158 161 166 159 153 157 155 157 165 164 164 169 166 164 162 156 164 167 165
255 255 255 255 255 255 255 255 255 255 255 255 255 255 255 255 255 255 255 255 255 255 255 255 255 255 255 255 255 255 255 255 255 255 255 137 139 140 137 137 133 134 137 141 141 138 131 120 125 139 143 144 137 122 105 117 134 140 138 144 155 156 155 160 151 145 151 156 153 155 154 154 152 137 143 152 159 162 156 154 154 157 162 164 170 171 167 166 166 163 163 166 163 162
255 255 255 255 255 255 255 255 255 255 255 255 255 255 255 255 255 255 255 255 255 255 255 255 255 255 255 255 255 255 255 255 255 255 255 255 142 137 134 139 143 141 141 143 136 138 140 133 133 139 140 140 134 127 116 115 127 137 146 150 150 145 150 157 155 150 154 156 157 159 157 153 146 137 143 154 161 162 160 155 159 167 167 165 169 171 168 168 166 164 168 170 161 158
255 255 255 255 255 255 255 255 255 255 255 255 255 255 255 255 255 255 255 255 255 255 255 255 255 255 255 255 255 255 255 255 255 255 255 255 255 144 140 140 139 140 139 143 149 154 149 143 136 136 139 141 139 139 135 124 128 138 147 156 154 154 160 158 154 145 149 160 165 157 152 150 146 141 146 157 158 150 146 153 165 166 158 156 160 167 165 168 165 168 165 162 159 160
255 255 255 255 255 255 255 255 255 255 255 255 255 255 255 255 255 255 255 255 255 255 255 255 255 255 255 255 255 255 255 255 255 255 255 255 255 149 145 143 138 143 148 158 161 158 145 136 134 140 143 141 138 139 141 137 140 147 154 162 157 158 159 153 149 146 153 163 160 148 147 153 155 149 146 148 147 144 144 149 153 154 153 150 154 164 161 163 169 172 171 165 158 153
255 255 255 255 255 255 255 255 255 255 255 255 255 255 255 255 255 255 255 255 255 255 255 255 255 255 255 255 255 255 255 255 255 255 255 255 255 255 143 142 140 146 155 158 152 149 147 144 139 142 138 130 124 121 133 141 146 150 146 149 154 159 161 157 154 155 157 155 150 138 144 155 160 151 146 152 161 162 161 156 156 160 159 149 151 163 167 170 176 172 169 166 153 146
255 255 255 255 255 255 255 255 255 255 255 255 255 255 255 255 255 255 255 255 255 255 255 255 255 255 255 255 255 255 255 255 255 255 255 255 255 255 255 141 146 147 153 155 151 156 160 155 142 137 128 119 105 105 125 140 149 151 136 141 157 159 160 161 160 160 161 151 146 136 140 155 162 158 151 149 159 161 159 156 157 159 159 153 151 158 159 160 165 165 161 160 157 162
255 255 255 255 255 255 255 255 255 255 255 255 255 255 255 255 255 255 255 255 255 255 255 255 255 255 255 255 255 255 255 255 255 255 255 255 255 255 255 255 155 153 155 155 153 159 154 147 135 129 125 119 105 110 132 152 157 155 143 146 160 163 159 157 155 156 158 146 148 151 156 157 158 162 154 146 155 153 156 163 162 160 166 159 144 143 147 158 163 161 163 163 163 169
255 255 255 255 255 255 255 255 255 255 255 255 255 255 255 255 255 255 255 255 255 255 255 255 255 255 255 255 255 255 255 255 255 255 255 255 255 255 255 255 158 152 149 142 139 140 137 137 136 134 132 127 126 133 145 159 158 155 150 149 160 162 157 158 158 156 159 158 164 164 162 160 160 163 154 151 156 154 162 166 164 166 169 158 135 134 150 165 165 161 163 165 165 165
255 255 255 255 255 255 255 255 255 255 255 255 255 255 255 255 255 255 255 255 255 255 255 255 255 255 255 255 255 255 255 255 255 255 255 255 255 255 255 255 255 147 147 139 128 123 128 138 137 141 147 139 140 149 154 164 158 149 146 154 160 156 154 162 163 157 153 159 163 159 156 160 159 154 145 143 146 152 158 156 159 168 166 158 149 154 167 164 158 163 168 169 165 166
255 255 255 255 255 255 255 255 255 255 255 255 255 255 255 255 255 255 255 255 255 255 255 255 255 255 255 255 255 255 255 255 255 255 255 255 255 255 255 255 255 255 145 139 134 131 138 144 137 145 153 142 142 150 156 164 158 152 151 160 162 150 153 163 164 155 150 158 156 149 151 160 160 155 149 135 134 144 150 152 158 166 169 165 159 164 166 161 160 169 174 168 162 166
255 255 255 255 255 255 255 255 255 255 255 255 255 255 255 255 255 255 255 255 255 255 255 255 255 255 255 255 255 255 255 255 255 255 255 255 255 255 255 255 255 255 255 126 140 147 149 148 140 149 149 135 132 136 147 152 155 161 155 155 160 161 166 167 167 160 157 163 157 151 150 161 161 163 155 138 133 143 153 155 159 164 163 157 157 162 166 164 158 164 169 167 167 168
255 255 255 255 255 255 255 255 255 255 255 255 255 255 255 255 255 255 255 255 255 255 255 255 255 255 255 255 255 255 255 255 255 255 255 255 255 255 255 255 255 255 255 255 133 149 146 143 141 147 141 131 119 122 146 159 166 166 155 155 164 165 167 171 174 170 167 166 162 160 156 160 154 155 156 156 154 157 159 151 153 159 160 155 161 162 168 165 158 161 163 169 171 162
