example/E5 - XRays/X-ray-tomography/rastert_juap23.txt
ncols         356
nrows         356
xllcorner     -0.5
yllcorner     -355.5
cellsize      1
NODATA_value  -9999
[rows 210 to 251 of 356, columns 0 to 93 of 356]
255 255 255 255 155 156 153 153 149 146 151 149 142 135 137 147 147 137 133 133 126 122 126 132 140 152 163 165 157 147 145 150 151 157 163 158 147 139 145 150 151 157 155 150 144 137 144 148 155 160 152 151 148 144 151 153 148 147 143 137 138 137 139 132 126 130 129 132 137 142 146 136 133 150 151 144 144 145 148 145 136 120 125 117 108 114 123 124 133 137 137 141 148 141
255 255 255 255 158 158 158 158 156 156 155 148 142 137 136 144 141 128 136 146 138 129 133 144 151 160 165 165 163 154 142 144 151 158 157 152 146 140 140 136 141 145 142 130 116 119 138 149 159 160 157 159 153 150 152 150 146 145 143 139 142 142 144 139 138 149 145 144 148 151 147 142 147 145 136 140 141 138 136 135 136 131 132 126 121 125 136 137 140 150 158 153 151 146
255 255 255 255 156 153 157 153 151 155 154 150 150 146 142 141 135 128 132 136 135 141 145 147 150 154 159 159 158 157 151 150 152 155 150 143 143 142 139 133 141 146 138 113 90 107 138 154 156 150 153 157 160 158 151 144 144 144 146 141 141 146 148 145 139 143 143 151 157 158 148 140 146 142 139 144 142 138 131 126 135 139 136 136 134 135 140 139 144 157 162 162 158 152
255 255 255 255 154 153 160 155 149 150 147 147 155 153 151 150 144 142 141 137 138 149 156 150 151 155 157 154 154 156 151 141 137 143 137 132 136 136 137 141 151 153 148 118 90 108 140 151 149 154 157 154 156 155 154 149 148 143 147 149 146 151 153 151 142 142 148 158 156 153 140 105 101 118 129 130 129 131 135 130 138 145 139 136 132 137 142 138 141 152 156 160 160 154
255 255 255 255 158 156 154 152 149 149 146 146 151 152 154 156 154 153 146 135 133 135 143 146 149 157 159 154 154 154 148 135 126 132 135 141 146 141 139 137 148 153 151 137 125 131 145 157 161 158 145 137 145 149 154 149 141 143 146 142 143 147 149 151 143 141 153 163 158 150 137 102 99 123 132 117 121 130 139 141 138 133 134 142 146 156 153 143 144 149 154 155 163 162
255 255 255 255 255 153 150 151 150 144 143 150 150 148 150 149 151 156 147 132 131 130 131 135 144 153 153 149 153 156 148 135 133 137 143 150 152 151 149 131 135 146 150 143 142 139 136 151 158 153 148 141 150 156 158 146 129 137 141 138 151 148 139 145 144 145 153 154 152 142 132 121 116 126 132 114 125 142 146 147 141 128 140 149 148 155 146 134 141 155 167 154 156 165
255 255 255 255 255 155 156 156 151 142 142 151 153 148 144 135 136 140 140 143 140 128 124 135 147 152 148 144 147 146 146 147 147 145 144 148 155 159 148 110 109 132 147 139 136 134 133 141 139 141 157 150 152 157 156 149 143 144 144 145 153 147 144 148 147 145 147 143 135 119 113 127 134 133 139 135 144 142 133 136 151 144 147 152 149 150 149 147 148 151 165 158 158 161
255 255 255 255 255 159 161 158 155 150 148 152 149 143 132 125 125 119 128 146 140 121 123 136 142 142 139 140 141 141 150 156 151 147 151 155 158 156 132 87 94 125 136 132 130 136 142 155 146 138 151 146 150 157 154 149 145 143 141 153 157 149 144 148 143 141 139 134 128 117 114 130 139 136 134 135 142 139 134 146 159 154 145 144 141 137 143 150 154 148 154 155 159 157
255 255 255 255 255 152 152 153 154 149 148 150 144 140 132 134 138 130 133 137 133 125 124 129 131 139 142 143 141 140 150 154 153 157 158 160 160 155 132 102 117 137 132 123 124 136 148 154 138 121 129 137 147 154 150 144 134 133 139 152 155 150 136 130 128 141 145 142 142 136 127 132 133 123 122 126 128 142 145 149 158 153 127 113 117 139 149 143 144 140 145 147 159 160
255 255 255 255 255 255 154 151 150 148 150 145 135 134 140 144 153 149 138 132 127 121 123 132 128 133 137 140 143 141 147 151 145 142 148 156 151 147 138 128 136 138 134 126 124 124 132 138 139 128 121 131 146 148 146 143 135 137 143 148 149 143 126 121 137 156 152 141 142 139 131 132 131 123 123 123 130 143 140 134 141 151 136 111 118 149 155 154 150 142 152 154 155 157
255 255 255 255 255 255 157 151 149 153 152 150 145 146 151 150 157 159 149 144 135 118 124 143 138 136 136 142 143 141 144 144 139 132 133 135 135 141 142 139 140 135 132 131 132 131 138 146 155 146 138 139 147 149 150 147 140 151 150 140 140 142 135 125 139 158 156 144 144 135 124 129 141 139 144 145 143 141 135 120 136 157 147 136 149 156 153 158 161 150 150 154 141 144
255 255 255 255 255 255 149 155 158 158 154 157 160 158 153 153 160 159 151 148 145 130 130 143 143 136 126 134 132 130 134 137 135 129 122 119 131 139 136 135 134 135 137 135 139 154 163 162 155 143 140 143 145 148 151 148 146 154 144 130 132 141 142 128 132 144 148 145 143 143 133 128 145 153 162 159 139 135 136 121 135 152 143 141 158 163 159 155 154 151 147 154 144 137
255 255 255 255 255 255 158 163 161 154 154 156 152 151 154 156 156 154 154 149 139 132 134 140 137 133 123 125 125 123 129 133 134 125 114 118 133 128 114 123 133 134 138 140 143 151 153 155 150 144 145 154 157 149 138 142 147 138 131 131 133 143 148 137 130 131 144 148 147 150 146 136 142 151 155 157 147 135 132 130 129 128 142 140 144 149 141 146 148 148 144 148 154 149
255 255 255 255 255 255 255 155 152 152 157 156 150 146 150 157 157 150 151 141 126 130 134 134 132 136 134 133 133 136 138 134 136 129 121 132 141 134 117 127 141 133 130 137 149 156 155 157 157 157 149 143 144 136 121 134 141 131 126 129 137 149 150 143 139 136 144 152 156 155 146 144 142 146 150 150 139 127 135 142 135 123 138 134 135 140 147 160 151 143 147 147 148 152
255 255 255 255 255 255 255 155 154 157 157 155 149 147 145 148 152 147 136 126 120 129 133 130 138 146 135 121 131 141 135 131 135 135 137 141 143 143 129 131 142 138 136 137 152 161 155 156 154 152 143 143 145 134 123 133 140 141 139 141 149 151 144 144 145 143 141 151 154 156 147 147 145 140 144 143 133 133 133 139 146 140 139 131 139 150 154 156 149 143 146 137 135 143
255 255 255 255 255 255 255 156 156 159 158 155 154 155 150 149 146 145 139 130 126 126 122 114 120 135 132 129 138 138 124 126 134 129 116 112 129 139 129 138 147 144 146 140 149 150 144 151 146 145 140 145 149 132 127 137 146 149 142 145 149 144 143 141 141 140 131 145 152 154 143 137 136 134 139 141 142 146 139 144 149 141 139 132 138 154 154 153 154 140 132 131 141 143
255 255 255 255 255 255 255 161 157 157 160 157 157 157 152 152 148 149 147 146 143 137 137 132 128 132 133 143 150 140 112 112 126 111 85 85 110 116 109 123 132 135 142 139 134 130 138 150 143 145 144 140 137 126 132 140 150 152 139 147 155 150 152 148 147 143 127 128 145 149 135 138 139 144 143 145 149 144 143 151 150 145 143 142 143 144 148 158 158 142 135 136 146 130
255 255 255 255 255 255 255 255 152 154 157 158 159 158 158 158 152 145 137 140 144 148 158 155 145 140 143 151 158 153 122 114 132 118 88 76 88 97 96 97 109 124 134 137 132 129 138 147 144 142 145 145 143 150 154 146 148 151 140 145 150 155 156 148 145 137 130 129 143 145 141 145 151 149 141 146 151 152 155 162 166 165 149 144 146 131 140 157 149 140 142 134 134 114
255 255 255 255 255 255 255 255 153 155 153 153 157 155 157 157 151 145 140 132 134 151 158 157 159 161 167 165 162 156 129 122 143 144 126 106 104 116 112 100 96 102 118 132 123 110 125 138 143 145 149 152 149 154 153 145 143 145 145 148 149 152 157 155 153 147 145 143 144 146 150 146 156 156 144 139 144 149 150 155 161 158 143 143 144 133 131 146 145 140 144 137 139 142
255 255 255 255 255 255 255 255 152 147 150 153 153 152 152 150 148 150 151 146 144 155 161 161 162 167 175 171 162 157 136 133 154 161 158 154 141 132 107 78 65 68 84 91 82 75 106 135 146 152 156 157 151 145 145 142 133 138 148 154 144 141 154 158 159 161 158 154 153 153 150 148 153 160 155 141 140 142 148 150 155 153 145 150 147 131 124 136 136 132 140 139 148 158
255 255 255 255 255 255 255 255 255 148 156 158 157 157 154 153 153 154 155 157 159 161 161 160 163 167 169 165 156 155 149 147 164 171 167 164 157 150 123 84 66 75 92 87 71 60 75 111 136 147 156 157 148 141 144 145 136 140 137 144 143 136 148 157 160 160 155 154 160 159 151 150 149 150 151 141 122 118 131 142 149 150 147 148 146 134 125 134 135 124 131 136 141 148
255 255 255 255 255 255 255 255 255 156 158 159 158 157 154 156 156 153 152 153 158 160 163 165 168 170 167 163 163 161 149 149 165 171 164 161 162 158 141 112 103 118 129 121 95 64 60 95 128 144 150 150 145 144 142 139 139 144 133 140 142 134 143 160 161 151 149 152 159 163 157 158 156 153 144 130 93 81 104 126 140 152 146 140 143 145 142 141 137 123 133 142 143 141
255 255 255 255 255 255 255 255 255 154 153 155 148 142 139 145 153 154 158 160 161 162 165 164 163 160 160 164 168 168 151 143 159 165 160 164 161 154 148 137 136 144 148 146 129 95 87 118 143 149 152 150 149 151 140 131 138 139 140 150 145 144 143 150 154 152 152 156 165 165 158 154 154 159 150 142 108 70 72 96 117 136 144 148 145 144 142 144 135 135 147 138 134 125
255 255 255 255 255 255 255 255 255 255 147 146 134 130 124 132 148 154 155 154 155 156 161 159 157 158 160 163 165 167 156 142 160 166 165 170 159 154 157 149 148 157 156 153 146 129 122 135 147 149 148 151 156 158 146 143 150 138 140 151 144 140 142 148 153 157 154 158 163 152 145 141 146 153 152 153 139 98 77 88 106 126 143 147 137 137 143 151 148 153 155 138 133 122
255 255 255 255 255 255 255 255 255 255 147 140 138 135 117 115 135 145 150 152 150 150 153 156 163 164 162 162 167 170 157 145 158 161 162 164 156 149 151 148 149 152 153 156 150 146 139 135 143 142 140 146 151 157 149 151 156 152 152 154 145 140 143 143 156 165 164 166 163 153 150 146 150 158 157 146 144 131 119 120 133 140 144 144 137 136 146 152 150 153 155 143 137 136
255 255 255 255 255 255 255 255 255 255 149 149 151 145 129 120 128 136 150 155 146 142 137 142 155 158 159 159 159 158 151 149 160 162 163 164 154 146 144 147 150 150 152 144 139 146 143 137 140 137 140 145 154 160 152 146 146 154 149 153 152 147 147 143 154 157 160 160 158 160 165 150 146 158 161 145 143 142 139 136 139 135 138 139 134 134 135 141 148 154 154 147 142 133
255 255 255 255 255 255 255 255 255 255 255 159 155 149 148 144 136 139 148 149 137 131 117 102 104 117 140 151 156 157 151 155 165 167 164 160 153 144 139 145 154 153 141 132 139 141 138 136 135 145 148 142 155 161 154 149 150 154 145 140 144 149 156 153 146 142 152 158 155 149 149 138 139 148 148 140 145 143 142 143 147 130 121 134 140 138 131 134 148 153 153 150 146 132
255 255 255 255 255 255 255 255 255 255 255 161 157 152 152 150 141 142 148 145 137 130 106 77 78 95 126 149 158 159 154 155 157 163 159 151 148 133 128 140 142 128 116 119 135 144 151 149 141 144 138 132 140 153 156 151 148 146 144 140 145 151 153 146 143 143 149 159 158 152 148 144 143 147 143 138 147 150 152 149 150 142 126 138 149 142 133 134 143 144 154 151 139 141
255 255 255 255 255 255 255 255 255 255 255 159 160 157 154 154 151 151 157 155 151 145 119 94 105 119 126 136 147 152 154 154 149 153 151 148 144 130 130 142 142 129 117 106 115 146 163 154 141 140 140 139 136 146 148 146 149 150 149 146 150 157 158 151 154 158 145 138 136 143 152 149 139 139 146 149 144 142 143 145 149 154 145 141 146 144 137 132 133 137 149 148 135 154
255 255 255 255 255 255 255 255 255 255 255 255 162 161 156 150 148 148 150 151 155 157 141 131 139 147 146 142 144 142 143 144 140 145 149 151 148 140 141 147 153 156 144 123 127 151 159 151 142 144 150 146 137 137 139 148 148 147 149 153 156 153 148 150 153 148 134 126 112 104 129 142 137 142 151 155 151 145 147 153 152 149 147 146 147 146 144 138 136 141 148 140 131 150
255 255 255 255 255 255 255 255 255 255 255 255 159 157 149 140 136 140 145 148 153 156 153 154 158 164 163 156 147 134 140 146 137 134 139 140 140 138 145 151 156 160 154 145 143 148 144 138 138 145 154 154 151 150 154 153 138 130 142 157 153 145 144 152 147 139 140 129 109 96 121 138 140 147 151 147 149 145 147 151 147 152 155 145 141 140 148 145 149 153 152 146 135 135
255 255 255 255 255 255 255 255 255 255 255 255 156 151 144 137 140 144 145 145 146 149 154 153 155 161 156 153 148 136 144 149 137 136 139 134 136 142 156 158 149 149 145 141 140 146 147 147 148 149 156 159 160 156 151 143 127 121 126 130 140 147 147 150 150 151 153 138 124 122 133 143 156 156 150 142 142 144 151 149 142 152 147 138 145 145 152 144 144 156 151 138 128 126
255 255 255 255 255 255 255 255 255 255 255 255 255 154 149 146 146 147 152 150 145 146 148 149 152 155 150 143 140 140 149 152 145 144 143 141 142 141 143 138 129 133 131 128 130 134 137 147 153 155 162 160 153 150 154 148 129 130 130 127 144 154 146 138 143 147 150 150 142 147 153 148 147 144 141 141 136 131 134 136 139 144 139 146 151 143 145 148 147 154 147 136 133 141
255 255 255 255 255 255 255 255 255 255 255 255 255 160 154 147 145 151 157 150 147 151 150 151 154 154 150 140 144 147 143 145 146 142 142 146 140 131 131 126 121 125 127 124 126 129 134 145 155 158 160 163 160 155 159 152 138 140 139 138 138 144 146 142 139 133 146 157 153 151 141 130 141 151 140 140 144 131 127 136 144 145 146 147 143 143 147 156 151 153 151 148 153 158
255 255 255 255 255 255 255 255 255 255 255 255 255 255 149 146 153 155 148 145 147 146 150 154 149 147 145 146 152 145 134 140 152 156 151 144 137 137 141 135 127 125 129 123 120 129 137 141 150 159 157 163 166 161 159 155 149 143 142 144 140 142 145 140 139 141 146 141 137 142 133 129 147 152 144 142 146 142 142 138 132 145 150 142 140 148 151 148 143 144 151 156 163 165
255 255 255 255 255 255 255 255 255 255 255 255 255 255 154 157 157 153 151 155 151 145 150 154 146 142 143 146 149 144 132 134 151 161 155 149 140 140 140 130 123 123 125 113 108 123 140 146 150 158 160 171 176 166 157 154 147 146 148 145 139 142 147 143 139 137 136 137 140 141 137 132 138 140 142 145 148 147 149 146 141 141 137 139 145 147 145 144 145 148 154 156 156 157
255 255 255 255 255 255 255 255 255 255 255 255 255 255 255 155 148 149 159 158 147 148 152 150 146 147 150 146 139 142 138 132 143 152 152 152 149 146 142 135 134 134 137 132 121 127 151 162 159 161 163 167 164 156 155 152 147 151 148 141 139 146 153 146 136 139 142 143 143 142 137 135 134 138 150 155 149 144 145 140 131 125 129 136 146 149 144 139 150 166 163 151 148 145
255 255 255 255 255 255 255 255 255 255 255 255 255 255 255 149 145 143 149 145 143 148 145 142 143 149 156 153 148 151 150 144 145 142 142 147 149 147 146 144 145 142 144 141 134 138 152 155 150 158 165 167 161 158 161 162 166 159 151 150 151 148 146 138 141 153 147 139 135 144 149 141 136 141 147 142 127 135 143 127 121 127 138 140 144 139 130 135 150 156 157 157 156 148
255 255 255 255 255 255 255 255 255 255 255 255 255 255 255 153 147 143 145 134 133 144 142 142 140 147 155 154 157 162 157 146 139 139 144 144 140 140 141 139 145 143 133 122 134 146 150 151 149 159 165 167 166 164 159 158 164 162 160 153 151 148 144 140 147 151 142 138 136 137 136 134 140 139 136 126 121 138 143 132 134 135 135 143 151 135 114 128 142 139 152 156 155 152
255 255 255 255 255 255 255 255 255 255 255 255 255 255 255 255 147 146 150 141 134 141 146 147 141 139 141 148 155 154 139 124 123 132 141 142 142 143 145 145 151 155 139 117 133 152 153 151 153 159 161 161 158 160 160 160 169 166 158 154 157 155 154 151 145 142 139 129 122 126 136 132 130 135 142 138 137 146 145 138 141 143 135 139 145 132 119 131 147 150 161 159 154 150
255 255 255 255 255 255 255 255 255 255 255 255 255 255 255 255 146 147 150 147 138 141 155 162 155 143 136 135 135 125 111 107 116 127 133 141 144 144 150 154 154 159 151 128 132 146 152 152 153 154 151 152 157 163 163 157 154 153 152 152 150 147 153 153 148 151 142 121 113 126 144 130 123 138 139 127 132 141 147 141 140 147 138 134 131 117 121 131 138 138 142 145 147 147
255 255 255 255 255 255 255 255 255 255 255 255 255 255 255 255 255 153 151 150 145 150 160 162 158 146 128 112 102 90 97 116 127 134 138 135 134 140 145 144 147 156 159 148 140 144 148 155 155 151 153 156 163 161 153 141 135 136 139 143 144 146 155 154 155 160 147 130 125 134 140 129 135 148 144 129 129 132 140 136 139 147 141 135 119 104 111 112 109 113 132 143 139 140
