example/E5 - XRays/X-ray-tomography/rastert_juap05.txt
ncols         356
nrows         356
xllcorner     -0.5
yllcorner     -355.5
cellsize      1
NODATA_value  -9999
[rows 210 to 251 of 356, columns 188 to 281 of 356]
162 166 164 168 163 160 160 156 154 164 147 143 144 156 157 171 174 157 151 151 144 147 149 153 156 165 182 180 167 175 167 163 168 167 191 195 192 182 177 173 161 166 163 163 157 156 153 150 155 158 156 150 149 150 139 139 143 154 158 155 152 151 158 154 137 140 147 130 111 104 129 145 161 166 164 164 167 171 168 164 167 171 169 157 153 155 161 161 163 162 160 159 159 156
170 174 172 177 177 171 158 155 155 168 160 164 157 159 152 163 164 148 154 148 150 164 166 153 148 161 184 172 161 179 171 165 176 179 194 184 163 160 175 170 160 160 163 161 150 148 146 144 148 157 157 156 158 146 119 131 148 160 156 156 142 150 161 160 149 143 136 124 111 102 136 154 164 164 155 155 164 165 163 160 160 164 166 153 155 160 162 154 148 154 161 165 166 159
160 152 162 178 180 167 161 154 148 158 161 168 153 146 153 155 151 149 156 153 152 157 159 144 140 152 174 172 172 182 171 171 170 163 169 179 166 150 159 164 166 161 157 165 157 138 135 139 140 148 149 151 151 133 119 144 158 166 157 154 150 161 151 149 161 156 143 147 145 139 161 167 166 169 168 163 166 167 167 168 162 154 163 162 162 162 157 139 129 133 146 153 163 159
158 173 187 189 180 174 176 158 151 160 164 163 149 140 148 155 157 157 141 139 159 151 149 140 143 149 163 175 174 171 160 165 168 158 159 160 166 171 169 164 167 165 150 157 153 144 142 140 145 144 139 137 137 122 117 137 146 154 157 146 142 151 139 142 157 163 159 158 164 161 161 167 160 163 169 165 168 170 164 163 166 164 165 157 157 157 151 136 119 104 112 124 141 158
166 181 185 181 177 178 182 168 159 163 167 167 159 156 146 144 152 164 153 149 158 141 146 138 149 165 156 151 169 169 162 154 150 149 160 156 155 171 169 152 157 165 160 159 154 156 148 142 149 145 144 147 142 130 126 133 137 146 148 140 133 136 135 145 156 166 164 155 158 161 155 160 164 159 158 161 167 173 171 168 167 168 160 157 157 163 159 138 118 90 87 91 110 147
181 182 181 178 176 179 175 162 157 167 165 164 156 152 152 147 145 146 154 153 159 153 158 141 138 169 160 133 151 159 158 154 151 149 152 162 161 163 166 153 158 166 162 164 161 162 157 155 157 151 148 148 143 142 144 152 155 151 143 141 140 135 135 143 155 163 159 155 152 144 151 162 162 170 167 165 170 173 177 173 160 168 166 167 162 164 162 146 130 101 82 69 88 133
186 179 186 183 180 178 166 162 153 163 167 161 147 143 158 153 143 141 156 160 161 153 156 159 147 153 152 138 151 159 161 166 161 161 158 166 160 150 159 152 153 158 164 163 155 163 160 161 160 153 154 149 152 163 155 148 157 157 157 152 154 152 156 154 156 152 144 139 125 114 143 163 158 166 167 167 164 165 167 172 169 168 170 171 164 155 159 152 131 97 70 58 72 108
186 175 178 176 177 167 166 179 166 158 164 152 136 142 156 156 155 159 162 170 168 150 146 156 160 162 153 145 157 160 156 156 153 163 163 165 163 162 162 161 150 146 162 172 165 161 154 162 163 156 150 155 168 173 155 137 151 161 164 158 152 146 152 154 157 147 138 123 104 107 135 156 155 157 159 160 161 170 161 159 169 165 166 168 166 159 166 157 129 93 58 36 41 65
182 168 169 176 181 172 166 168 164 152 151 149 144 141 144 157 150 157 163 168 169 162 154 149 153 154 148 161 162 160 151 150 158 167 167 168 172 172 157 156 144 145 150 152 159 157 155 167 167 163 162 167 170 172 165 153 152 158 163 156 143 136 144 148 154 143 122 113 114 128 142 150 152 155 154 159 168 176 170 159 160 159 164 164 168 170 174 156 121 95 72 45 36 47
170 163 166 180 183 172 164 156 159 167 159 157 164 155 152 159 147 151 167 168 161 166 168 158 156 159 153 161 155 160 159 152 164 176 168 166 160 164 156 157 150 154 156 135 128 128 142 162 160 162 168 165 158 166 164 156 147 154 162 156 146 146 153 147 146 130 100 109 124 136 152 156 154 150 149 155 162 168 175 175 164 161 162 155 161 168 163 146 113 96 83 61 53 63
173 180 175 179 188 179 162 148 141 157 156 154 158 146 141 146 149 151 167 171 161 165 161 158 160 151 150 154 144 157 164 148 161 180 168 160 155 165 167 150 146 156 158 150 121 97 112 137 153 167 157 151 151 162 161 152 148 153 160 162 157 155 158 156 151 138 119 123 128 132 156 165 158 156 157 154 165 169 172 176 163 163 169 168 163 160 160 150 128 117 111 90 88 109
184 189 176 175 175 169 160 149 142 141 139 145 148 151 146 136 143 153 149 162 168 165 153 135 126 110 132 146 148 163 162 137 144 171 168 158 162 161 167 153 149 160 157 153 113 78 98 108 127 163 156 154 152 152 152 151 146 141 147 156 158 155 149 150 157 143 122 115 112 116 145 165 164 163 158 151 162 169 171 171 166 170 173 172 167 164 161 151 139 139 135 116 114 134
181 176 165 169 164 160 165 156 153 148 144 139 142 151 151 142 140 157 158 159 159 152 147 135 118 95 115 143 161 166 154 140 145 161 163 157 166 154 161 156 159 169 157 159 130 92 88 90 106 128 144 155 147 150 155 156 152 146 148 145 143 149 149 150 154 145 124 112 112 127 153 156 160 162 157 152 157 161 172 174 177 172 170 171 167 170 166 160 152 152 146 126 125 140
179 175 167 174 170 163 163 153 148 151 155 145 142 147 141 144 140 151 166 155 151 155 156 145 127 99 103 127 154 168 152 146 155 160 166 163 169 164 164 153 167 177 163 162 135 91 73 70 78 79 114 149 151 158 167 165 155 150 156 151 142 145 142 148 160 155 140 132 136 141 162 169 162 159 159 155 161 164 165 162 172 175 173 172 165 164 169 173 171 163 160 143 136 148
171 184 166 167 172 172 171 156 146 152 170 167 154 150 139 138 149 162 174 159 145 151 162 154 139 119 128 141 147 157 150 140 151 156 150 153 166 164 163 150 158 166 160 154 130 103 87 68 74 86 111 142 155 156 156 163 154 149 159 162 146 142 134 135 149 148 142 143 154 152 160 172 166 161 158 156 158 152 148 158 173 172 171 170 166 163 165 167 170 166 163 158 153 160
166 175 173 182 184 177 170 167 168 162 159 161 159 155 143 145 155 157 157 163 156 154 165 152 145 144 155 160 159 162 162 138 142 160 154 153 168 167 172 169 166 165 161 152 135 125 106 82 100 127 140 147 145 154 161 168 166 153 155 164 152 151 144 141 150 147 144 141 153 154 159 165 162 164 154 147 139 138 142 150 165 169 170 167 168 175 177 165 161 167 162 165 160 164
181 163 156 171 175 171 162 159 169 167 152 157 154 141 143 148 152 160 150 157 164 164 171 155 148 155 159 158 169 171 170 153 150 161 165 155 159 165 180 176 174 170 165 163 149 137 125 110 130 148 146 151 147 153 161 160 163 162 156 160 158 155 145 153 166 154 135 130 145 154 165 169 163 166 161 152 121 112 116 121 142 161 163 163 168 170 177 167 157 159 156 165 166 163
177 181 173 170 169 164 160 159 159 153 154 157 147 132 143 148 152 166 152 144 147 154 173 168 154 151 163 169 183 176 172 166 160 151 161 164 159 166 169 159 168 164 164 167 155 139 138 137 146 155 153 158 157 158 162 160 161 165 157 159 153 149 141 156 165 159 144 140 155 159 159 166 166 164 158 141 109 89 91 97 114 137 146 153 154 155 161 160 165 166 161 160 164 164
157 178 176 175 169 154 142 131 145 153 160 151 144 145 138 130 136 143 149 148 149 149 158 161 155 147 167 175 180 177 173 164 160 150 156 173 167 164 164 159 164 164 160 160 163 152 151 153 152 154 154 157 152 145 153 169 175 179 173 165 149 142 140 157 158 154 158 164 166 157 154 171 175 169 167 152 124 106 102 92 99 125 145 155 153 164 167 155 163 170 165 154 151 162
163 178 173 165 167 168 146 122 139 149 151 155 153 156 146 131 136 137 147 147 149 152 147 150 158 155 170 176 168 173 179 162 154 158 158 169 170 160 166 159 163 170 158 159 166 155 161 159 154 151 146 147 156 143 143 164 173 179 164 161 159 153 148 156 154 148 152 160 155 153 146 154 159 157 167 163 145 131 132 127 128 125 134 152 155 168 171 161 160 166 169 163 152 159
167 181 174 165 164 168 162 152 147 150 158 168 168 159 156 148 149 158 157 145 146 162 154 147 159 164 166 176 178 169 165 162 160 165 164 161 167 164 162 156 161 165 166 166 158 155 159 150 149 156 147 140 153 144 149 156 160 171 167 163 160 156 147 151 154 156 154 150 148 155 150 152 159 159 162 168 165 152 154 157 160 146 139 154 161 161 168 173 174 167 161 161 159 159
177 185 172 169 165 166 162 158 155 155 155 159 166 157 157 163 156 152 157 157 152 161 163 154 168 172 160 160 170 161 158 164 157 158 162 160 154 145 148 163 167 171 173 168 168 163 151 147 147 159 148 139 152 152 164 163 157 175 177 158 152 148 144 150 162 172 172 164 153 157 166 168 166 164 159 162 169 160 155 156 160 167 163 166 174 163 164 174 172 161 153 150 154 160
175 185 181 183 173 164 168 167 170 163 144 126 144 144 146 157 156 145 140 152 159 159 176 165 157 162 162 167 160 159 164 155 150 154 151 164 152 139 153 160 150 164 167 167 171 157 146 150 156 171 163 147 159 163 164 167 160 159 160 149 142 141 146 147 153 158 163 165 159 164 175 165 162 164 156 157 169 167 160 162 160 162 161 153 157 158 163 171 169 165 159 150 154 160
165 178 179 182 181 171 171 170 178 172 155 131 134 139 149 153 160 150 144 156 157 154 163 155 146 147 161 175 159 159 166 159 166 167 144 148 137 123 146 165 165 166 166 170 164 157 159 154 149 157 157 146 149 158 149 150 160 151 147 149 149 145 148 151 142 143 151 155 161 158 156 154 163 162 156 160 169 168 159 157 159 156 148 140 147 150 161 166 164 164 162 158 155 157
155 164 170 173 180 175 172 174 175 169 163 149 151 157 158 158 160 147 151 160 151 150 157 149 145 151 164 171 158 157 159 164 165 175 151 120 100 96 127 149 154 160 161 161 155 156 165 157 147 144 150 162 157 158 154 153 165 164 163 158 162 153 148 152 134 120 129 145 156 156 150 149 160 157 160 164 161 161 157 161 161 157 150 154 160 147 154 157 157 161 158 160 157 156
168 166 172 178 183 174 172 178 165 155 157 152 163 160 148 154 173 157 149 154 150 155 162 150 139 146 155 164 156 142 153 172 161 162 159 124 98 95 119 141 156 173 170 164 160 155 158 162 157 153 157 169 161 159 163 163 158 155 165 158 153 149 144 144 134 105 101 123 147 165 160 145 157 157 156 161 161 164 161 169 166 162 158 156 160 148 151 158 161 163 158 153 150 147
172 167 167 179 178 167 168 182 176 156 156 160 158 157 156 151 159 155 154 148 147 153 154 146 132 135 149 159 162 140 150 173 169 160 166 159 141 132 143 153 164 167 165 170 172 153 146 152 158 159 157 157 161 156 155 154 150 157 165 167 158 153 151 143 143 127 114 128 141 152 162 154 164 161 157 162 164 166 167 170 164 162 160 153 153 158 162 164 165 165 161 154 150 146
168 168 169 172 168 172 168 169 177 161 154 154 146 155 166 164 160 160 165 155 149 144 146 140 131 134 144 148 172 167 159 163 177 178 171 184 181 161 163 155 157 173 176 172 165 152 154 160 166 169 156 147 160 162 157 156 156 160 160 172 177 167 162 155 151 147 138 152 155 156 165 161 164 164 162 159 160 166 173 178 167 158 154 148 145 158 169 172 165 166 168 158 155 152
168 158 170 174 169 173 170 165 165 153 161 163 144 145 160 162 159 159 164 166 160 141 147 146 131 119 122 125 145 167 164 156 170 175 164 177 180 171 172 163 164 174 170 164 156 154 164 167 169 171 155 147 147 153 157 165 159 154 158 164 180 173 157 156 160 154 145 157 155 152 154 160 164 162 156 159 152 151 162 174 169 160 151 142 136 147 161 168 170 176 171 158 156 155
180 167 173 176 171 174 187 179 163 154 158 167 158 143 161 159 157 162 165 168 162 139 143 143 140 129 108 106 114 139 154 168 171 164 159 164 170 171 175 173 159 154 155 149 144 155 163 160 161 156 159 166 153 145 146 153 157 150 159 166 176 174 155 155 163 154 149 159 156 150 152 164 174 171 161 169 161 160 161 161 168 165 145 137 142 148 163 170 176 181 174 164 161 156
188 181 172 167 163 169 181 165 165 169 156 154 149 138 153 154 153 156 157 161 157 150 152 139 149 149 137 131 120 124 131 156 161 153 162 160 163 164 158 166 160 153 159 149 151 164 159 156 154 144 154 162 157 151 145 142 153 156 164 166 168 172 161 161 161 149 150 152 158 161 161 161 165 168 166 168 170 171 165 157 162 156 132 128 147 157 164 173 173 172 176 171 167 162
179 183 172 168 165 167 171 162 168 162 155 154 147 140 150 149 145 146 144 137 141 156 158 143 144 149 152 151 142 136 133 140 140 142 162 151 140 143 140 147 163 158 158 155 158 163 148 148 153 149 151 158 160 151 146 143 146 157 168 162 165 178 172 159 161 159 155 143 143 155 161 161 156 158 169 164 157 159 162 156 157 156 136 127 140 152 158 170 169 163 169 170 168 159
162 162 171 167 164 172 168 166 163 155 161 160 156 156 151 141 139 142 134 123 147 167 163 155 153 153 155 153 145 144 154 144 132 140 150 141 136 140 146 137 149 157 159 156 153 152 141 145 152 148 151 158 158 152 137 141 154 160 170 167 161 176 177 164 164 152 155 149 133 146 157 165 161 154 174 172 150 145 152 155 154 154 148 143 144 152 156 165 171 162 164 166 165 160
153 156 168 158 158 175 162 157 159 159 155 163 158 159 151 143 141 141 133 129 153 164 158 150 154 161 167 145 133 139 155 153 146 149 148 136 124 128 140 147 167 163 148 148 152 150 152 154 160 147 142 156 155 147 130 138 154 151 156 167 164 167 167 162 164 148 150 156 157 159 154 157 163 163 172 167 155 149 151 151 152 154 158 162 156 151 150 163 169 163 165 164 165 163
160 163 161 159 165 170 163 161 156 144 140 158 155 152 152 160 160 162 152 151 160 169 174 158 157 163 166 153 147 143 149 153 153 150 157 154 132 120 137 152 157 154 150 151 154 155 152 147 153 152 157 173 163 152 139 135 146 151 156 174 175 161 157 159 165 155 156 156 157 158 159 156 156 158 161 151 158 157 155 152 154 155 158 162 157 155 151 153 160 159 164 161 161 162
163 163 160 165 164 167 172 170 152 124 118 140 147 156 160 165 167 176 169 167 169 173 175 166 171 159 159 160 154 148 147 157 166 157 151 157 146 133 142 157 151 151 156 146 139 129 117 126 144 149 162 170 160 160 151 146 145 152 154 157 162 159 150 158 164 158 162 164 156 154 162 160 154 153 157 148 148 153 158 154 155 148 149 164 168 164 158 148 146 143 152 160 163 168
165 166 168 172 165 162 169 171 145 100 79 100 127 149 163 162 173 187 174 165 173 177 168 170 180 159 154 157 151 133 128 147 161 150 139 139 140 143 148 165 160 162 154 143 135 106 94 123 151 145 154 165 159 155 148 152 151 154 155 145 146 156 153 156 161 152 151 156 158 154 159 156 154 150 154 153 153 159 165 161 161 160 154 161 169 158 151 152 153 150 156 157 160 166
163 164 173 172 177 173 170 170 139 83 52 65 107 139 156 159 166 172 174 172 174 174 169 164 166 154 149 154 145 126 126 138 152 149 145 134 131 147 155 159 154 156 152 151 130 92 96 135 155 154 161 163 155 141 146 153 150 155 159 155 149 149 162 170 167 162 151 142 155 157 156 154 163 159 160 162 166 164 164 161 166 173 165 158 165 161 153 151 153 145 155 161 162 166
160 163 172 162 171 177 163 165 150 113 79 65 100 134 149 153 155 156 162 171 175 169 165 165 161 150 142 152 146 142 134 145 154 150 151 139 144 167 162 151 148 153 154 152 137 108 112 143 159 160 164 157 151 146 150 155 149 150 159 157 157 145 149 164 164 161 154 143 155 163 165 159 160 160 158 157 159 160 163 155 160 175 173 166 168 173 165 158 157 147 144 151 157 159
172 177 175 166 169 165 166 166 148 144 130 91 102 119 124 142 162 163 155 166 184 167 163 170 166 152 152 161 143 139 135 150 161 151 146 140 147 170 169 149 139 146 149 140 145 137 123 145 159 163 169 165 159 149 146 150 146 153 161 155 155 148 147 158 160 162 160 151 158 165 160 153 154 159 159 155 150 153 164 160 152 162 167 170 168 168 165 164 160 150 142 149 156 157
171 179 179 168 179 175 169 159 146 153 144 118 124 124 118 135 157 157 159 156 168 160 162 161 157 151 157 156 125 119 139 148 153 152 150 149 150 166 174 167 154 147 140 125 142 156 151 161 162 170 175 167 158 153 150 152 150 153 153 153 153 151 157 165 167 164 164 159 157 157 152 148 152 155 159 164 161 153 156 164 154 148 154 169 169 168 163 166 166 158 154 156 157 152
171 181 173 161 177 182 174 159 147 147 152 144 135 131 118 118 146 154 155 146 154 159 154 142 150 163 163 157 143 135 150 153 145 133 138 149 151 157 164 169 154 148 143 141 152 157 157 161 165 164 160 152 162 161 159 159 158 159 153 151 150 136 146 164 164 167 167 164 160 154 151 147 149 154 154 157 162 159 160 163 157 149 150 157 166 174 163 164 165 156 155 159 158 152
