example/E5 - XRays/X-ray-tomography/rastert_juap18.txt
ncols         356
nrows         356
xllcorner     -0.5
yllcorner     -355.5
cellsize      1
NODATA_value  -9999
[rows 210 to 251 of 356, columns 0 to 93 of 356]
255 255 255 255 147 145 151 149 150 155 155 152 141 143 160 170 170 171 169 169 165 158 152 152 165 170 168 166 170 175 172 172 178 179 176 174 171 171 175 172 169 175 174 171 173 166 165 168 164 168 170 163 140 132 137 133 137 147 142 146 148 144 139 140 140 144 150 158 157 157 162 159 154 144 148 154 141 142 140 132 134 141 141 137 133 132 150 151 151 150 138 138 149 146
255 255 255 255 157 154 155 153 157 159 153 151 147 145 153 162 161 163 166 162 160 161 156 152 162 168 170 169 170 172 174 172 177 174 170 171 170 170 171 170 168 172 172 164 165 168 171 178 171 170 168 160 143 138 145 143 142 149 150 157 151 143 136 136 136 148 152 154 156 159 155 151 149 146 148 152 144 148 140 138 145 152 143 133 129 127 140 140 144 145 137 144 153 141
255 255 255 255 160 155 151 155 159 157 154 153 156 151 149 159 159 161 165 161 162 166 158 152 164 169 172 178 179 172 172 168 167 168 171 171 167 168 170 171 168 165 169 169 169 174 176 177 164 164 166 157 149 142 150 152 145 145 154 148 141 143 144 152 147 145 148 149 150 156 159 147 141 145 143 141 140 141 136 134 135 142 142 136 133 134 141 148 147 139 141 149 142 126
255 255 255 255 150 153 154 157 155 152 150 148 151 150 147 159 158 159 161 157 159 164 156 153 167 170 170 178 181 179 173 168 168 174 174 171 170 174 173 169 170 168 172 177 174 174 174 172 170 171 168 162 157 143 149 154 145 147 151 145 147 150 149 153 151 151 148 139 133 141 147 137 137 142 139 138 146 142 135 129 131 131 132 134 143 148 146 148 147 135 136 139 148 143
255 255 255 255 153 154 158 157 156 156 153 142 135 138 142 144 141 153 162 162 163 164 155 149 161 172 177 179 180 183 178 177 176 177 173 173 177 172 168 169 168 170 175 180 173 172 167 167 170 169 164 157 151 136 141 154 149 146 145 148 152 154 157 156 149 148 146 138 136 133 125 122 137 137 137 138 142 138 140 142 144 135 131 140 155 159 146 132 136 137 135 128 148 161
255 255 255 255 255 155 155 156 157 155 153 146 143 152 154 146 135 143 157 163 164 165 157 145 156 165 169 171 170 170 170 172 172 175 173 171 174 169 169 170 166 170 172 171 164 164 166 173 174 168 157 149 147 134 129 146 147 143 145 156 154 150 153 153 147 144 151 150 148 143 129 127 134 130 135 138 135 130 140 142 149 139 131 138 152 163 153 135 133 144 143 132 140 147
255 255 255 255 255 156 160 158 151 150 154 151 151 160 164 161 149 137 146 156 162 162 155 146 156 164 165 165 164 164 170 173 170 175 173 171 170 166 170 166 164 166 170 172 167 162 163 169 173 165 154 149 149 137 138 155 149 137 148 159 149 141 144 144 149 146 149 151 155 156 140 135 140 136 137 135 132 133 140 134 140 142 143 145 154 166 153 132 133 148 140 135 145 145
255 255 255 255 255 162 159 157 154 156 155 149 147 151 155 159 157 143 139 142 154 160 159 152 157 162 164 166 168 168 164 163 165 174 172 166 161 164 169 162 165 168 169 167 164 165 164 166 171 165 155 147 149 148 146 147 144 140 148 154 148 145 149 149 147 141 142 143 145 150 145 142 141 136 137 136 137 144 149 140 143 140 150 159 156 156 146 126 129 148 150 147 154 142
255 255 255 255 255 161 159 157 155 156 151 148 149 147 151 157 160 154 143 134 144 150 150 144 148 154 161 165 168 168 162 166 170 171 170 168 165 164 167 162 161 161 162 167 169 165 162 160 162 159 149 146 146 140 132 137 144 148 149 154 158 161 154 149 130 128 141 143 139 136 135 134 131 132 139 140 142 143 144 141 142 142 153 158 155 147 146 136 131 148 160 158 149 136
255 255 255 255 255 255 158 160 158 154 149 150 158 158 159 159 161 160 153 146 148 142 137 144 154 159 165 169 164 163 165 170 172 168 167 171 174 174 171 166 161 163 165 168 174 170 171 166 159 150 141 146 147 142 133 140 148 155 152 153 161 166 154 144 127 129 133 125 129 130 130 133 138 142 141 138 136 129 131 135 135 147 147 134 135 134 141 140 125 124 131 145 141 133
255 255 255 255 255 255 156 156 154 151 150 151 156 160 159 158 159 159 161 161 153 137 134 146 161 164 158 156 153 154 159 163 166 162 164 169 166 163 166 167 165 166 160 162 168 161 155 153 153 144 132 139 145 141 130 132 148 152 144 148 159 165 157 148 136 134 135 128 138 147 152 145 137 141 141 140 139 128 122 121 121 137 139 147 150 139 134 130 134 129 128 142 145 142
255 255 255 255 255 255 152 151 148 146 152 155 158 158 159 162 162 161 159 159 158 145 138 141 153 159 156 157 155 155 159 160 163 164 163 164 159 154 162 167 163 161 162 164 156 149 146 147 151 144 132 129 129 129 118 123 137 140 147 158 155 154 152 156 142 132 140 145 147 148 154 144 133 138 136 128 133 130 130 124 122 141 146 153 163 152 137 130 137 142 145 148 139 137
255 255 255 255 255 255 149 150 154 155 157 157 159 160 163 162 162 164 159 156 158 159 155 151 149 155 153 159 161 160 160 155 151 157 158 161 163 158 167 170 162 160 160 158 148 147 147 148 152 151 144 135 130 135 118 97 106 121 141 154 154 155 153 153 146 139 135 139 140 135 143 150 150 148 137 125 127 128 134 124 126 147 152 149 157 148 142 144 138 145 145 135 133 134
255 255 255 255 255 255 255 158 154 154 154 153 154 160 160 159 157 156 158 160 163 167 167 163 154 154 155 158 155 154 158 157 155 161 161 164 165 165 172 169 156 157 152 147 142 142 146 152 148 150 149 136 129 127 111 90 98 119 126 128 145 153 148 143 145 145 146 145 138 126 131 147 149 145 133 131 137 135 138 135 140 149 148 143 141 142 146 148 142 146 139 126 139 147
255 255 255 255 255 255 255 158 154 152 151 151 153 156 152 154 159 163 161 157 161 163 159 159 158 156 151 143 138 152 161 160 162 163 158 160 158 156 157 161 163 157 142 139 136 140 143 153 152 154 150 140 136 129 128 127 123 130 113 102 133 150 150 144 141 141 147 147 135 122 123 137 143 140 129 133 144 140 136 141 149 150 140 137 138 145 145 143 139 139 139 130 141 150
255 255 255 255 255 255 255 152 151 153 151 148 145 148 157 161 164 166 159 154 158 157 155 158 150 144 148 132 123 139 149 150 156 154 153 153 150 148 152 158 157 150 143 146 138 135 135 148 156 156 150 151 151 144 147 143 132 135 125 119 135 144 150 149 146 142 137 135 129 128 126 126 147 145 133 143 142 138 143 149 145 148 141 141 147 153 143 136 130 130 136 130 133 144
255 255 255 255 255 255 255 156 154 152 144 142 143 144 153 158 160 162 159 154 153 154 164 167 149 141 149 141 139 146 147 143 145 150 155 155 150 150 157 154 147 139 136 145 140 137 141 149 155 159 154 143 140 140 140 133 137 142 137 138 141 143 148 151 147 137 136 144 150 148 132 117 132 139 141 143 135 138 149 152 141 147 138 135 137 145 135 130 133 135 144 137 127 131
255 255 255 255 255 255 255 255 156 154 147 144 148 144 142 145 147 147 152 153 153 156 162 160 152 155 156 153 158 158 157 150 145 150 151 153 149 146 150 146 147 144 138 138 140 144 147 149 157 165 160 142 134 133 136 129 133 137 137 141 134 130 141 147 141 134 142 160 166 155 143 134 137 142 144 140 143 141 144 150 145 146 142 128 119 125 128 134 137 143 156 149 124 121
255 255 255 255 255 255 255 255 152 150 147 146 147 137 129 131 134 133 140 145 152 153 151 145 139 145 149 156 161 161 160 156 153 158 159 157 149 147 151 153 148 143 144 145 143 142 144 148 150 157 153 147 144 142 137 124 122 130 139 141 135 134 144 147 147 152 160 165 166 160 149 146 143 147 149 147 156 152 152 156 147 137 130 121 124 132 136 135 135 148 157 151 126 99
255 255 255 255 255 255 255 255 152 152 152 151 147 134 128 134 141 138 137 139 141 138 133 130 125 123 136 147 152 160 162 164 164 162 158 155 152 151 149 150 146 140 143 144 141 140 147 156 152 149 146 147 144 136 138 139 129 133 145 150 146 140 146 150 152 159 162 162 165 168 163 155 138 147 153 146 151 154 151 148 146 135 118 113 127 136 136 135 136 153 155 152 127 92
255 255 255 255 255 255 255 255 255 149 152 150 148 145 146 151 151 148 147 149 146 139 132 134 134 131 135 146 156 165 165 159 156 155 154 159 158 156 155 157 152 143 135 132 137 138 141 146 152 161 157 148 138 132 135 139 135 135 136 142 140 133 140 151 156 163 165 167 165 165 162 153 141 148 149 144 152 158 146 140 141 119 108 123 146 147 147 153 147 152 147 151 129 100
255 255 255 255 255 255 255 255 255 149 146 148 154 158 159 158 157 154 154 157 152 145 143 148 151 146 138 141 148 154 153 145 147 150 156 163 163 162 157 157 156 147 135 134 136 136 145 151 156 166 160 151 145 144 139 132 137 138 135 138 143 142 144 153 164 174 168 164 165 165 157 143 140 147 153 161 165 160 146 135 118 86 94 125 145 147 151 152 151 143 140 138 129 112
255 255 255 255 255 255 255 255 255 152 146 147 153 153 156 157 156 153 151 148 144 142 144 143 142 136 133 139 145 149 151 147 147 143 145 148 155 159 154 157 160 153 140 143 144 143 149 154 158 160 152 146 146 142 139 135 136 141 145 142 140 142 144 150 151 155 159 156 155 158 153 148 146 148 156 156 151 147 126 101 67 50 91 129 138 148 153 150 152 139 127 117 127 135
255 255 255 255 255 255 255 255 255 255 149 146 149 152 157 154 153 153 152 152 151 145 144 138 129 125 125 127 131 130 129 136 140 139 145 146 151 153 151 153 149 140 138 142 150 156 154 152 141 135 129 136 154 150 138 140 148 149 146 145 145 149 147 150 147 144 143 137 130 140 146 154 153 152 153 143 136 122 84 62 45 43 84 119 128 139 142 144 148 138 109 90 119 143
255 255 255 255 255 255 255 255 255 255 157 151 144 147 152 155 159 158 156 154 148 141 140 142 137 137 137 131 134 125 112 120 131 134 145 152 149 148 141 141 143 140 142 146 150 153 143 135 125 126 127 131 143 148 146 152 152 147 148 154 155 153 149 149 152 150 142 128 114 123 143 155 149 138 123 101 106 105 78 76 72 77 107 130 131 134 149 151 148 136 103 81 114 138
255 255 255 255 255 255 255 255 255 255 150 149 150 152 146 146 152 149 144 140 136 140 140 142 144 148 152 150 155 144 127 133 143 134 141 149 143 147 139 135 134 142 146 147 148 152 146 138 133 139 141 138 139 148 152 152 148 146 150 150 148 145 146 148 151 149 146 141 127 126 138 138 136 126 106 74 66 90 105 122 120 122 132 142 140 144 155 155 148 139 122 111 127 136
255 255 255 255 255 255 255 255 255 255 255 152 154 152 145 148 151 140 136 139 138 140 143 147 149 152 154 155 153 140 140 153 156 138 142 149 143 140 133 134 132 135 145 145 142 144 141 139 137 136 138 136 132 140 145 148 151 147 144 140 143 147 142 144 142 130 129 138 132 135 149 146 134 125 113 84 78 115 146 159 156 157 150 152 148 134 137 153 153 153 151 141 134 125
255 255 255 255 255 255 255 255 255 255 255 160 161 156 150 152 152 145 146 139 137 140 142 146 148 151 154 153 145 136 144 155 147 137 143 148 147 143 142 142 136 132 137 134 129 131 137 144 139 132 137 142 143 146 149 156 158 155 152 147 146 150 150 149 142 138 140 146 146 147 158 155 133 130 134 112 113 139 161 169 172 169 159 155 140 132 146 158 156 147 139 130 119 118
255 255 255 255 255 255 255 255 255 255 255 157 161 157 158 159 153 152 155 143 141 138 135 142 151 151 149 143 137 136 147 155 154 152 148 146 149 149 150 148 142 136 136 132 133 133 141 141 128 132 137 133 142 151 153 153 158 160 154 156 154 148 150 147 146 152 155 154 156 144 141 145 142 147 150 126 127 145 155 159 168 166 163 153 142 145 144 143 148 146 127 118 119 122
255 255 255 255 255 255 255 255 255 255 255 255 157 154 156 157 152 153 156 150 144 140 143 144 151 154 151 147 140 138 150 149 143 140 140 145 144 140 142 139 138 142 143 139 141 139 141 129 120 133 130 120 130 141 155 161 158 159 157 156 154 145 142 141 143 149 161 159 156 148 152 154 151 149 147 118 116 146 160 155 162 170 161 143 136 138 135 135 136 144 139 127 124 121
255 255 255 255 255 255 255 255 255 255 255 255 158 154 151 149 148 149 155 161 153 151 155 148 149 158 162 162 158 150 153 156 152 146 146 145 143 139 139 140 139 142 145 146 148 146 140 132 119 130 132 134 145 158 167 163 160 160 159 158 161 147 135 141 144 151 163 155 146 147 158 150 141 141 139 116 114 144 157 152 163 167 151 146 139 132 127 137 138 138 142 140 129 122
255 255 255 255 255 255 255 255 255 255 255 255 158 158 154 154 157 153 156 164 156 151 153 149 152 158 162 165 168 165 165 172 171 163 162 156 147 141 136 134 138 144 146 150 152 147 144 133 111 124 146 150 152 162 163 158 161 159 155 163 165 146 134 141 146 152 155 146 147 156 155 139 132 138 135 116 118 138 138 136 144 146 147 149 146 147 130 129 134 124 123 145 149 140
255 255 255 255 255 255 255 255 255 255 255 255 255 154 153 155 157 155 160 163 147 142 143 142 139 134 140 151 163 171 166 163 160 156 161 160 147 138 136 138 141 146 151 150 150 147 149 137 118 137 164 160 153 160 162 160 163 156 154 155 152 142 132 135 147 150 151 157 166 164 148 131 137 149 144 136 145 150 141 131 124 130 144 140 137 145 139 134 137 128 124 145 154 153
255 255 255 255 255 255 255 255 255 255 255 255 255 146 141 140 145 155 165 163 154 161 157 134 113 106 114 137 162 169 164 163 163 162 159 158 154 147 145 145 136 135 145 148 151 153 155 143 135 153 168 167 165 170 167 164 167 164 156 153 150 142 135 140 148 140 145 162 166 157 140 136 147 157 146 142 151 150 148 137 125 133 147 145 139 138 147 140 135 142 146 146 146 160
255 255 255 255 255 255 255 255 255 255 255 255 255 255 141 141 147 156 159 156 155 170 166 138 121 120 117 131 151 156 159 164 168 171 169 168 168 161 159 152 126 123 141 149 152 152 152 144 146 161 165 169 170 171 170 168 169 161 148 152 154 146 145 146 141 134 144 154 147 140 135 134 146 156 153 153 155 150 143 143 143 147 148 140 138 147 154 144 139 145 144 143 152 163
255 255 255 255 255 255 255 255 255 255 255 255 255 255 150 152 156 158 157 155 151 159 158 144 140 139 131 135 147 153 156 156 160 167 168 168 168 163 161 150 125 131 145 146 146 147 152 156 156 164 164 171 172 172 173 173 172 159 146 148 151 151 146 146 145 148 159 149 127 130 142 143 146 150 153 151 153 156 153 158 156 147 140 138 143 157 163 153 147 147 151 156 155 156
255 255 255 255 255 255 255 255 255 255 255 255 255 255 255 160 156 153 154 152 146 150 155 146 140 143 145 148 152 150 138 136 154 166 164 163 163 159 158 146 126 134 144 150 151 150 158 163 164 172 166 170 170 167 168 175 173 156 149 153 155 151 145 142 149 162 168 152 138 145 143 123 134 148 153 156 151 151 155 152 145 138 137 142 154 163 161 152 156 152 152 155 147 149
255 255 255 255 255 255 255 255 255 255 255 255 255 255 255 167 159 157 157 153 149 146 148 143 137 142 145 149 150 146 126 117 147 163 167 169 167 162 160 148 136 144 153 163 166 161 160 162 167 175 165 168 170 170 169 169 163 150 152 164 162 150 141 140 147 153 158 150 148 150 126 91 122 149 154 163 152 150 150 142 142 149 146 141 146 150 148 143 150 145 146 151 149 152
255 255 255 255 255 255 255 255 255 255 255 255 255 255 255 166 158 153 154 152 147 148 150 145 137 130 134 145 154 150 136 126 142 160 169 166 160 157 153 142 143 156 164 171 168 163 162 164 167 171 165 168 169 166 165 164 163 154 159 163 154 150 151 150 150 147 145 143 148 142 110 80 118 152 154 154 144 146 147 149 147 143 136 138 139 139 146 142 137 131 144 150 149 149
255 255 255 255 255 255 255 255 255 255 255 255 255 255 255 255 154 147 148 149 143 148 153 148 132 114 120 134 144 145 139 136 142 156 161 159 157 150 143 139 152 164 167 166 162 164 170 165 161 164 167 168 169 163 162 163 159 146 151 156 148 148 155 154 149 146 143 139 137 136 124 105 126 147 138 138 144 142 144 155 152 143 139 151 154 152 156 152 139 142 150 144 143 146
255 255 255 255 255 255 255 255 255 255 255 255 255 255 255 255 151 147 148 148 146 148 144 138 130 120 120 127 139 146 144 143 140 142 148 161 161 152 148 153 166 166 164 167 170 176 172 157 150 157 164 167 171 168 165 160 155 149 157 154 141 146 155 152 149 144 138 144 144 141 142 128 130 137 125 123 132 141 156 157 151 144 147 156 159 157 155 150 142 153 154 139 135 138
255 255 255 255 255 255 255 255 255 255 255 255 255 255 255 255 255 152 149 144 145 146 138 133 136 132 125 133 143 148 149 139 127 124 139 153 157 155 153 159 162 159 163 168 168 164 162 155 149 158 168 169 171 171 163 151 151 151 154 148 146 159 161 152 155 149 141 148 148 142 136 136 150 150 127 112 118 144 159 153 147 144 147 154 156 151 151 147 138 141 145 141 138 135
