example/E5 - XRays/X-ray-tomography/rastert_juap23.txt
ncols         356
nrows         356
xllcorner     -0.5
yllcorner     -355.5
cellsize      1
NODATA_value  -9999
[rows 126 to 167 of 356, columns 188 to 281 of 356]
127 134 138 146 137 134 141 140 138 133 122 112 122 131 134 135 148 153 137 132 143 143 137 138 152 155 134 137 149 152 164 166 155 159 157 165 165 166 162 167 164 159 160 162 166 157 154 156 152 147 153 146 129 131 127 116 128 141 146 151 142 121 120 136 144 144 146 142 137 139 152 154 150 142 146 148 143 134 132 135 146 156 156 154 156 159 159 161 154 147 151 146 148 158
130 134 138 140 129 132 144 136 134 139 134 126 141 148 148 147 147 145 140 137 137 144 144 146 144 144 140 149 156 154 166 164 154 157 160 166 163 169 169 167 166 159 164 166 155 152 160 151 158 157 154 142 119 122 123 110 120 135 137 147 138 119 116 131 134 134 134 132 135 144 155 157 155 150 140 135 138 131 117 117 137 152 153 152 151 153 153 152 149 148 145 145 158 166
137 140 143 134 141 151 144 136 138 142 138 133 145 149 158 162 154 152 148 144 137 145 147 152 142 143 148 157 154 139 155 163 159 167 170 165 156 164 175 170 162 160 165 161 146 147 162 158 166 164 155 144 117 118 124 110 114 129 132 135 133 131 133 135 139 140 138 140 146 151 159 156 147 145 132 134 140 128 117 121 137 150 150 147 143 139 147 153 149 149 144 152 162 162
133 147 148 142 149 157 148 137 133 131 139 135 139 147 153 156 154 165 159 152 137 131 131 140 148 153 158 154 150 142 151 159 163 165 167 167 157 162 170 171 168 164 161 157 150 144 160 173 170 156 150 147 128 118 119 123 129 136 142 130 129 131 136 134 133 135 140 148 149 146 147 145 142 145 133 133 134 126 122 127 141 149 146 147 145 141 151 152 146 147 148 153 157 157
116 127 134 147 146 150 151 141 140 137 144 141 141 141 139 149 143 154 153 152 137 129 138 142 151 155 155 150 151 152 151 155 160 162 169 172 163 157 162 170 172 164 154 155 156 150 157 171 160 158 165 154 133 113 110 132 148 141 137 135 137 133 137 133 130 137 141 151 142 137 141 140 138 145 145 144 136 134 136 140 147 146 145 151 152 146 143 142 148 150 152 149 156 162
116 109 114 138 144 146 141 134 140 142 138 126 125 135 135 143 134 137 145 144 133 137 151 141 145 153 158 161 155 152 160 164 157 153 156 164 165 153 165 168 167 156 148 155 162 155 148 161 154 154 157 147 136 105 94 127 156 146 124 126 131 132 136 141 139 141 138 141 133 137 142 133 125 142 149 150 143 138 141 148 151 144 141 147 149 146 141 140 150 153 153 150 157 163
136 120 117 135 129 119 117 114 107 120 121 107 104 116 131 140 138 133 142 153 146 148 156 142 152 156 164 164 149 149 159 169 167 155 149 155 156 157 170 166 165 158 157 161 162 155 144 160 162 152 146 141 138 115 104 131 154 152 134 118 120 135 140 143 141 145 144 138 138 148 144 127 126 143 143 145 152 144 135 131 140 149 151 151 141 137 146 148 146 147 148 146 146 154
137 123 129 132 112 98 113 109 77 95 108 101 104 111 120 128 126 133 152 177 170 159 165 158 154 148 159 159 151 158 163 168 165 157 150 147 143 155 160 155 156 157 155 155 161 159 147 153 158 151 147 144 144 136 122 135 151 157 143 120 120 129 138 139 131 129 132 134 141 151 145 129 135 145 143 147 161 154 135 127 142 151 146 149 141 139 149 152 145 142 143 140 142 152
131 125 138 137 104 85 115 108 68 84 101 83 97 104 109 128 134 151 159 172 173 168 168 167 159 154 158 155 159 162 160 159 151 147 151 150 134 139 153 152 156 154 149 151 157 157 153 151 153 151 154 147 136 134 130 141 141 145 136 127 133 131 135 133 131 128 131 138 148 152 144 136 138 142 146 143 148 148 143 151 160 160 149 149 151 148 145 139 138 139 140 140 148 152
139 155 162 159 128 107 113 83 51 76 92 72 84 98 108 136 158 173 166 170 172 168 162 167 173 172 163 150 166 170 158 160 160 149 144 144 132 125 144 152 160 159 159 156 159 160 157 151 150 150 156 148 121 116 130 149 137 136 132 129 146 148 138 129 130 131 133 141 150 151 147 139 142 146 154 141 133 140 150 162 166 163 153 153 158 146 129 124 133 142 143 144 149 148
164 169 161 162 154 147 134 93 63 77 90 94 107 129 145 164 171 170 166 173 165 170 176 173 173 176 171 167 176 177 170 167 163 152 141 142 147 143 140 151 160 157 158 152 157 163 154 148 147 141 140 140 123 116 122 137 142 143 143 135 148 153 146 144 139 139 142 153 150 143 145 143 151 151 157 144 134 134 150 162 164 158 154 154 147 134 123 121 134 142 146 150 146 135
174 170 168 172 163 158 150 135 111 91 96 115 134 148 158 175 173 171 174 185 165 164 180 168 162 168 174 178 179 172 170 169 165 163 157 149 149 156 151 156 154 142 149 149 159 158 147 148 156 145 128 133 134 126 118 127 149 147 139 137 139 145 151 148 145 150 151 162 148 142 152 149 146 149 155 146 146 149 155 153 152 146 146 146 140 131 130 129 131 131 140 149 138 121
169 167 171 172 159 164 162 154 144 128 126 141 155 160 164 177 170 169 175 179 172 171 172 166 169 166 173 179 174 170 171 170 172 176 170 159 153 165 161 160 151 141 151 153 160 150 142 145 152 143 130 137 133 131 137 143 149 145 132 134 136 140 143 141 149 155 152 158 156 157 156 142 136 139 137 134 149 154 145 145 144 140 141 142 134 134 139 136 142 142 140 131 118 113
175 170 161 168 157 165 163 149 133 136 146 155 169 171 173 177 175 166 168 169 178 172 174 180 180 178 181 183 175 174 177 173 178 182 175 167 159 168 166 167 166 161 158 152 146 138 140 148 144 133 132 138 127 139 151 140 140 143 139 139 145 143 130 128 149 161 162 168 163 156 149 138 137 131 124 131 148 145 137 140 137 140 137 133 122 131 143 140 142 143 136 114 107 111
162 165 170 171 155 158 161 154 135 133 155 162 161 164 170 168 169 167 165 171 179 170 174 174 169 175 176 177 183 178 175 171 176 180 172 174 171 170 163 164 172 169 168 161 143 133 135 146 145 140 136 135 130 138 127 110 128 144 149 146 142 136 124 130 152 161 167 175 161 150 147 141 139 132 129 139 148 139 137 137 137 146 143 136 127 127 136 139 138 137 125 112 121 131
146 145 170 172 159 155 150 143 139 138 161 171 167 169 171 169 164 176 174 178 174 167 171 173 170 173 181 176 185 181 173 168 168 173 172 179 179 177 172 163 165 167 172 163 153 144 129 135 136 138 138 132 124 127 115 107 126 140 138 130 131 120 123 148 162 157 158 164 157 155 151 142 142 143 142 143 141 134 134 131 141 155 154 138 133 130 133 142 138 133 118 116 141 153
138 139 145 152 154 136 114 110 125 156 172 171 176 169 170 178 168 174 175 175 168 171 180 178 174 172 178 172 177 177 169 172 176 174 177 176 172 172 172 169 165 169 172 163 150 141 128 132 127 132 133 135 122 124 135 138 132 132 135 125 128 114 123 157 164 162 163 160 155 155 142 139 150 156 154 142 133 134 133 127 138 149 144 134 133 134 135 141 132 122 118 127 139 145
137 124 91 108 134 107 75 85 123 167 172 170 181 163 163 172 166 162 170 168 168 173 176 177 176 172 169 173 182 173 166 171 181 177 180 175 174 171 169 176 171 177 174 166 156 149 136 130 123 118 112 133 142 139 134 143 143 143 144 137 132 121 125 146 148 154 150 145 148 147 146 152 158 158 145 126 112 126 136 133 136 139 133 138 133 128 127 133 133 127 127 127 128 130
151 125 88 97 128 107 77 97 141 163 165 163 174 160 156 152 160 167 180 172 168 171 168 181 177 175 171 167 178 172 178 179 176 180 179 174 174 165 163 181 185 183 167 160 161 163 161 149 141 127 117 132 152 147 132 141 154 148 143 140 139 137 139 139 135 140 138 140 145 144 157 158 153 148 139 132 117 122 125 124 133 138 141 152 143 126 124 135 147 147 139 125 123 125
146 138 126 111 112 98 99 129 155 159 165 156 161 165 168 158 163 167 177 174 169 168 172 183 175 174 173 168 175 170 182 188 177 184 177 179 179 170 164 176 186 184 172 171 169 168 164 154 147 143 145 139 144 146 141 144 149 140 138 137 142 141 137 140 143 139 135 139 145 153 160 143 139 140 139 141 133 123 120 121 135 145 149 159 150 128 130 142 151 158 149 135 130 123
141 143 139 122 104 107 138 153 161 164 170 161 166 171 176 177 173 170 170 171 170 169 183 187 182 178 173 177 181 172 179 187 180 182 173 180 179 173 173 175 171 176 181 177 175 169 158 155 151 148 149 149 150 151 147 146 134 126 133 143 144 139 136 136 135 133 136 137 143 157 156 144 141 140 138 137 134 123 114 118 124 131 142 154 146 130 129 136 143 143 145 138 129 124
139 140 136 125 99 111 152 153 165 173 165 170 175 173 162 174 177 176 173 189 186 172 174 177 180 175 173 176 179 173 179 180 171 180 178 175 168 169 178 177 166 174 180 167 165 162 164 166 167 162 153 155 153 155 154 146 127 116 126 147 143 143 144 129 125 135 146 140 139 148 142 139 135 133 133 131 130 124 109 114 118 127 145 151 146 139 134 135 138 132 140 136 126 127
130 134 152 138 109 117 151 151 161 173 171 176 174 176 159 161 171 173 168 180 184 171 164 175 176 169 171 173 173 170 178 181 176 178 180 174 164 171 172 173 171 177 178 166 162 168 174 171 173 174 163 156 154 159 154 135 135 128 117 138 140 137 135 133 140 147 146 137 145 148 143 138 135 133 135 128 124 124 123 140 141 140 150 150 150 153 152 144 131 132 145 135 129 137
125 132 151 135 121 137 166 160 154 166 179 178 170 181 172 161 169 172 176 181 183 172 171 183 175 171 177 175 170 170 179 182 186 179 179 181 181 176 172 180 177 179 171 165 171 177 178 176 176 181 174 168 163 155 149 131 133 134 128 136 141 138 131 129 136 135 134 136 145 144 141 144 140 132 135 135 133 132 134 150 148 149 161 157 146 142 149 145 135 134 145 140 132 143
149 155 150 134 135 157 170 169 167 177 181 173 164 170 175 181 179 174 177 180 188 181 178 177 175 169 176 176 178 184 177 177 185 178 171 177 184 176 176 177 175 178 169 161 170 174 176 175 170 172 175 176 169 161 154 136 131 140 137 125 132 143 139 125 130 141 141 136 138 138 144 148 136 131 134 136 137 143 141 137 142 158 167 160 140 126 133 139 143 137 142 138 134 145
159 161 154 151 161 167 160 165 166 172 182 177 163 168 181 186 187 176 166 166 177 181 174 169 181 174 174 171 176 184 169 170 180 182 171 172 178 177 171 175 176 173 166 157 168 172 175 175 173 172 170 165 169 171 164 151 149 152 143 127 128 139 141 123 123 134 135 127 137 135 140 142 136 142 141 139 134 142 138 134 151 162 164 155 134 121 127 136 142 141 142 142 154 159
152 152 153 163 174 164 159 170 168 170 177 169 164 172 182 178 176 170 173 169 171 177 175 173 173 176 170 169 174 187 178 169 173 181 174 172 175 180 174 183 178 166 165 163 169 167 165 170 171 175 173 163 172 173 166 160 164 165 154 133 137 146 138 134 134 129 130 128 124 120 133 136 138 139 138 139 139 148 142 136 147 154 151 141 128 130 131 136 141 145 144 145 160 158
162 169 170 173 172 164 163 168 165 176 180 168 168 169 176 180 172 162 184 181 174 174 175 169 156 172 169 174 176 180 182 179 175 174 176 175 176 179 174 175 166 161 173 175 171 169 170 175 167 175 178 175 177 172 163 161 164 168 155 139 143 145 135 143 151 136 133 127 109 121 140 125 111 120 128 130 141 151 142 137 147 155 145 131 125 135 131 130 147 150 140 138 148 152
171 172 169 163 164 177 169 159 159 163 169 167 166 161 171 179 176 172 182 171 174 178 176 175 164 169 174 177 179 174 178 174 167 171 176 176 175 173 170 166 157 168 180 173 170 172 173 177 169 173 172 163 163 164 169 177 171 166 157 155 154 145 143 143 142 127 133 133 121 130 140 116 93 113 130 129 134 144 141 139 146 153 143 130 129 133 130 133 151 149 137 135 139 145
170 163 176 183 171 168 163 152 160 154 164 175 174 167 174 174 176 176 178 168 177 180 170 179 179 168 175 171 177 175 179 173 176 177 178 177 172 173 167 175 169 168 165 167 177 171 173 181 174 176 171 161 158 164 176 180 172 169 163 162 152 141 145 145 140 135 131 134 137 138 135 116 108 129 136 128 136 141 135 136 142 146 142 135 137 130 126 138 151 147 142 142 138 140
173 160 169 181 170 166 167 162 170 156 159 164 166 167 171 171 177 175 180 176 171 170 174 177 176 174 180 173 171 171 179 170 174 171 172 166 168 174 167 167 165 168 167 172 181 175 168 172 167 166 175 173 164 170 176 174 169 164 168 164 147 138 143 140 133 138 133 135 136 142 135 125 130 138 130 126 138 139 131 134 136 133 136 133 134 131 134 143 145 141 147 151 151 151
174 172 167 171 173 172 164 168 171 164 164 158 162 163 159 169 174 175 178 175 171 175 183 172 168 171 174 170 163 159 175 179 177 172 176 174 175 170 160 145 152 175 174 173 174 175 167 170 174 162 169 173 160 163 170 170 168 165 169 156 144 142 151 138 133 139 139 144 137 133 136 140 143 139 127 127 136 140 139 143 141 138 138 127 122 129 140 144 138 137 150 153 157 156
173 184 172 171 174 172 161 170 164 165 172 166 170 171 168 173 170 173 173 174 177 183 185 167 169 169 171 175 175 173 175 176 173 170 170 176 180 174 160 142 144 164 162 171 177 180 175 173 176 166 168 173 166 163 167 168 169 167 168 165 159 158 154 140 148 149 143 140 133 125 135 140 143 144 131 128 139 148 144 143 143 144 144 139 135 137 146 153 144 140 146 148 149 143
174 181 171 171 179 175 176 175 167 169 174 161 163 169 177 175 175 171 168 177 178 188 184 170 178 171 180 182 172 175 178 175 173 176 171 174 172 166 157 142 149 166 161 169 172 178 180 176 177 167 170 172 170 161 156 152 152 160 168 171 169 164 145 135 147 153 153 142 137 138 145 138 137 146 142 140 150 151 136 136 144 145 143 147 150 147 154 159 145 143 145 142 138 136
163 170 172 178 180 164 165 172 175 167 165 165 164 167 175 173 176 173 177 179 174 178 174 168 170 171 183 185 170 168 172 168 168 178 179 178 174 174 166 153 158 172 165 169 169 173 171 171 172 162 165 164 163 156 139 121 128 152 167 166 162 158 151 145 147 149 158 146 142 141 139 133 142 149 142 142 144 134 124 127 137 146 144 148 156 156 160 161 146 137 136 134 136 143
172 177 179 175 179 175 165 165 167 163 160 168 168 171 174 174 179 176 176 178 173 169 175 172 166 178 182 172 169 171 166 174 178 172 169 170 173 184 177 166 169 171 168 167 170 171 170 171 170 166 169 167 168 163 143 121 131 144 160 174 169 159 156 153 151 145 152 150 142 139 131 132 156 156 140 140 137 126 127 136 139 145 147 145 154 163 162 161 146 134 133 134 136 140
170 171 181 173 181 181 175 164 159 158 159 163 166 176 169 166 175 177 178 179 177 182 183 178 173 173 179 170 168 166 167 187 183 165 166 170 167 180 174 166 174 172 170 170 178 170 175 175 173 169 167 166 164 165 171 159 153 156 162 169 169 163 156 147 152 150 150 148 140 137 133 143 149 143 146 139 127 114 122 139 142 142 141 138 148 161 160 154 147 142 129 123 123 128
171 172 179 173 175 171 175 168 162 169 161 164 173 177 174 170 177 177 173 176 177 178 180 179 174 169 171 170 177 174 169 180 179 174 174 180 175 177 164 162 173 181 174 175 180 166 180 183 177 175 171 169 161 158 174 169 162 168 169 170 167 163 164 156 146 141 151 152 152 150 145 148 143 139 147 131 119 110 122 133 135 132 134 140 151 162 158 151 152 143 124 125 125 127
177 179 168 162 167 171 165 160 160 171 166 163 170 170 173 169 175 176 165 171 182 183 178 173 169 169 162 161 178 178 177 180 177 175 174 180 176 175 170 172 179 187 179 177 175 161 168 173 172 170 173 174 165 159 166 166 162 170 173 172 173 168 161 159 143 136 150 161 165 159 149 140 144 146 142 132 125 120 130 131 134 134 129 138 156 162 159 161 156 134 127 140 138 131
170 162 165 174 172 168 157 162 160 163 167 159 158 158 169 176 169 172 172 171 179 183 167 163 170 178 166 169 176 173 181 179 175 172 178 180 176 181 183 176 174 175 169 170 181 177 168 160 164 159 172 178 162 166 177 168 165 174 171 169 176 170 150 149 139 136 150 160 160 149 143 140 146 142 134 138 128 118 120 126 129 131 137 148 163 167 159 162 153 124 121 140 147 137
168 163 174 171 171 172 159 157 162 166 166 167 167 168 172 178 163 166 168 182 192 188 170 164 167 175 165 175 180 175 178 171 179 178 177 181 180 180 175 165 175 180 182 179 180 182 179 167 172 168 169 175 159 165 182 176 164 165 166 169 171 160 143 146 140 134 145 152 154 145 143 145 144 134 131 141 130 119 109 119 120 121 140 149 153 164 158 157 149 125 114 133 138 121
160 156 177 170 173 180 169 157 166 170 165 170 170 169 170 180 176 179 170 180 185 167 159 166 168 173 176 180 176 170 173 180 182 173 168 182 186 181 171 168 178 182 187 182 172 164 173 171 169 167 162 167 159 161 177 179 162 161 167 166 163 154 147 144 141 141 145 142 145 141 141 145 145 138 141 146 137 123 107 114 136 145 143 136 145 164 164 155 149 138 125 124 117 107
