example/E5 - XRays/X-ray-tomography/rastert_juap02.txt
ncols         356
nrows         356
xllcorner     -0.5
yllcorner     -355.5
cellsize      1
NODATA_value  -9999
[rows 252 to 293 of 356, columns 0 to 93 of 356]
255 255 255 255 255 255 255 255 255 255 255 255 255 255 255 255 255 161 165 163 162 154 152 153 166 168 166 177 195 193 176 164 165 164 161 163 162 166 158 134 127 130 156 177 167 163 168 171 175 169 166 170 173 170 174 176 179 177 164 159 163 150 146 157 165 170 167 174 170 160 157 156 160 170 172 164 168 173 168 170 172 170 172 168 164 166 174 167 159 156 157 162 165 170
255 255 255 255 255 255 255 255 255 255 255 255 255 255 255 255 255 255 169 165 163 155 155 157 161 160 171 192 206 203 193 176 173 171 170 170 167 169 150 111 88 96 141 171 162 161 170 169 168 165 170 174 173 176 175 174 172 159 149 157 152 136 146 159 165 165 170 181 165 153 157 169 166 163 171 172 177 178 170 166 157 160 169 163 156 163 168 166 163 156 164 167 160 173
255 255 255 255 255 255 255 255 255 255 255 255 255 255 255 255 255 255 157 156 157 159 164 162 162 163 184 207 208 207 195 178 173 164 165 164 160 155 146 130 112 114 142 155 153 167 176 167 162 169 173 172 169 169 169 169 163 161 161 160 150 145 149 156 162 159 161 167 168 168 163 163 161 158 173 182 176 171 167 163 156 163 166 160 162 167 160 156 160 169 178 171 164 170
255 255 255 255 255 255 255 255 255 255 255 255 255 255 255 255 255 255 255 147 155 164 161 148 153 173 200 221 217 215 196 178 174 164 160 160 159 159 165 158 143 143 155 156 159 172 173 165 169 175 173 169 165 168 169 171 164 161 160 154 153 150 144 160 171 166 167 169 171 169 160 158 158 166 176 176 166 163 163 156 157 170 167 162 161 166 157 158 166 162 166 162 155 160
255 255 255 255 255 255 255 255 255 255 255 255 255 255 255 255 255 255 255 156 162 170 163 152 158 174 200 213 205 199 180 168 164 160 160 155 164 175 171 161 157 154 158 165 173 180 171 164 171 174 162 154 161 171 170 172 168 156 162 167 160 153 149 163 181 186 180 167 165 158 155 162 163 166 169 169 162 168 170 162 159 165 166 164 157 159 165 168 164 155 159 161 161 168
255 255 255 255 255 255 255 255 255 255 255 255 255 255 255 255 255 255 255 255 159 162 160 154 160 171 191 192 179 174 159 158 161 164 169 166 171 169 158 154 156 153 156 164 167 169 167 172 176 173 164 169 178 177 176 174 165 159 159 167 164 154 155 166 181 186 178 167 170 166 164 173 170 160 160 165 163 166 174 178 168 167 175 172 164 169 173 165 157 155 158 164 169 169
255 255 255 255 255 255 255 255 255 255 255 255 255 255 255 255 255 255 255 255 156 159 155 151 162 164 171 171 166 165 161 167 176 179 177 172 170 166 163 167 169 165 166 167 168 169 171 166 166 166 165 178 185 188 186 174 164 161 159 159 163 157 153 161 163 162 158 157 160 155 153 163 163 154 159 160 163 170 172 176 169 171 175 167 165 168 159 157 156 164 171 170 173 168
255 255 255 255 255 255 255 255 255 255 255 255 255 255 255 255 255 255 255 255 255 152 154 158 164 161 163 165 164 165 171 179 182 178 168 162 168 174 177 173 162 158 167 170 174 171 162 153 166 172 166 169 179 183 175 162 159 159 159 159 172 168 156 156 157 156 154 161 157 153 163 167 173 161 160 165 173 177 169 170 167 168 165 165 169 164 157 162 162 167 163 160 168 168
255 255 255 255 255 255 255 255 255 255 255 255 255 255 255 255 255 255 255 255 255 151 154 154 154 152 160 165 167 169 167 165 166 165 166 172 173 166 165 166 154 154 163 158 158 159 157 165 172 167 162 164 175 173 167 162 155 152 157 163 169 162 156 160 159 155 160 166 159 169 187 179 173 157 159 169 172 169 164 163 165 175 171 165 173 164 161 170 166 160 167 172 167 169
255 255 255 255 255 255 255 255 255 255 255 255 255 255 255 255 255 255 255 255 255 255 157 158 155 152 156 162 170 164 157 166 170 171 173 171 169 160 156 162 160 165 165 162 165 165 167 168 156 152 159 168 166 158 161 161 157 159 159 160 158 152 152 157 155 155 160 162 161 172 176 165 165 158 159 166 161 157 158 161 164 168 163 166 169 153 160 171 165 152 160 164 162 170
255 255 255 255 255 255 255 255 255 255 255 255 255 255 255 255 255 255 255 255 255 255 154 162 160 156 156 162 168 160 164 171 164 170 168 157 163 166 172 177 173 169 167 173 172 168 167 162 159 169 171 166 156 156 163 165 167 161 143 145 156 160 162 161 154 158 163 167 168 165 170 167 161 160 162 159 152 161 164 165 168 165 160 169 167 160 168 165 165 156 163 164 163 166
255 255 255 255 255 255 255 255 255 255 255 255 255 255 255 255 255 255 255 255 255 255 255 150 152 154 160 166 167 166 172 167 159 180 179 166 170 171 173 173 164 164 176 176 169 164 165 164 162 164 160 161 154 157 159 163 161 145 142 160 171 178 167 157 154 161 164 157 154 165 178 166 163 168 168 160 152 155 156 156 165 169 169 178 171 169 166 158 159 155 167 168 162 164
255 255 255 255 255 255 255 255 255 255 255 255 255 255 255 255 255 255 255 255 255 255 255 152 161 166 163 163 165 166 164 155 160 182 179 171 173 171 164 163 160 163 166 162 160 157 161 165 165 159 159 161 159 165 159 155 150 150 166 173 170 174 164 157 155 159 163 159 162 173 177 161 156 159 161 159 160 155 155 157 161 169 174 178 161 164 167 162 162 154 157 155 158 165
255 255 255 255 255 255 255 255 255 255 255 255 255 255 255 255 255 255 255 255 255 255 255 255 149 154 158 164 169 163 161 164 175 178 171 172 175 173 165 166 163 155 152 158 157 154 164 169 168 167 162 156 167 166 158 159 158 160 169 173 165 166 164 161 155 155 160 160 164 164 165 162 156 157 155 148 155 158 161 167 165 166 168 176 169 168 163 168 164 161 168 160 163 172
255 255 255 255 255 255 255 255 255 255 255 255 255 255 255 255 255 255 255 255 255 255 255 255 255 142 155 162 163 158 163 173 176 165 162 167 172 170 167 168 159 150 158 161 153 154 165 160 153 158 161 159 168 162 162 168 166 164 166 177 169 168 170 159 155 159 160 156 158 164 162 155 149 152 154 150 161 163 162 165 167 163 159 164 159 156 160 168 160 161 165 163 166 181
255 255 255 255 255 255 255 255 255 255 255 255 255 255 255 255 255 255 255 255 255 255 255 255 255 156 161 163 162 165 170 171 163 163 171 171 172 164 162 157 153 157 164 158 155 160 162 151 148 159 160 167 171 166 168 167 160 161 166 168 165 169 164 156 162 157 156 163 165 166 160 153 145 145 152 155 159 161 163 166 172 169 161 160 164 164 168 162 147 160 165 168 173 182
255 255 255 255 255 255 255 255 255 255 255 255 255 255 255 255 255 255 255 255 255 255 255 255 255 255 165 162 160 164 169 169 170 178 178 173 168 159 160 158 161 167 166 160 158 157 156 155 160 165 159 166 166 166 163 159 157 157 160 162 163 168 164 164 174 163 165 178 172 158 157 154 142 143 151 152 153 159 163 162 170 167 162 162 165 165 166 158 153 163 161 159 159 169
255 255 255 255 255 255 255 255 255 255 255 255 255 255 255 255 255 255 255 255 255 255 255 255 255 255 161 162 160 163 163 164 175 183 186 175 158 154 160 161 167 163 160 156 156 158 158 160 167 171 168 172 173 168 168 165 170 172 166 159 156 164 166 158 156 160 174 176 165 161 160 158 155 156 163 162 161 161 163 162 166 164 155 158 162 163 169 168 163 158 150 151 156 169
255 255 255 255 255 255 255 255 255 255 255 255 255 255 255 255 255 255 255 255 255 255 255 255 255 255 255 167 160 154 155 165 173 173 173 165 163 163 166 166 166 162 163 158 164 165 163 165 170 177 174 170 174 162 161 164 173 175 166 159 163 165 158 158 160 166 173 159 150 155 163 168 162 161 165 164 161 157 167 166 158 160 156 162 167 163 159 166 167 159 156 153 157 167
255 255 255 255 255 255 255 255 255 255 255 255 255 255 255 255 255 255 255 255 255 255 255 255 255 255 255 255 158 158 165 172 171 167 168 172 166 155 159 161 159 162 164 158 157 154 157 158 165 175 170 168 163 152 151 154 157 159 159 158 165 167 165 170 170 168 165 157 159 161 165 165 153 158 159 161 164 160 167 161 154 156 158 163 163 159 159 166 161 164 165 157 159 161
255 255 255 255 255 255 255 255 255 255 255 255 255 255 255 255 255 255 255 255 255 255 255 255 255 255 255 255 159 163 166 164 163 169 184 187 169 159 170 166 162 163 160 162 169 167 168 167 174 170 160 165 161 155 157 161 159 165 163 158 166 167 166 167 167 160 160 166 157 158 159 153 151 157 156 155 160 159 164 166 161 159 161 162 166 162 156 160 156 157 159 162 169 167
255 255 255 255 255 255 255 255 255 255 255 255 255 255 255 255 255 255 255 255 255 255 255 255 255 255 255 255 255 169 168 160 162 174 182 182 177 178 175 165 168 166 159 165 184 188 184 187 185 171 162 163 160 160 166 168 164 166 158 160 165 160 162 164 160 155 150 154 150 157 152 153 165 167 163 159 164 172 182 179 163 158 160 163 165 156 147 148 153 155 160 172 176 161
255 255 255 255 255 255 255 255 255 255 255 255 255 255 255 255 255 255 255 255 255 255 255 255 255 255 255 255 255 165 164 157 157 159 165 176 178 171 164 164 167 162 162 169 181 187 184 190 181 172 171 168 165 160 156 158 156 160 164 169 164 158 162 167 162 160 158 167 171 158 152 158 160 159 165 169 167 172 166 158 158 166 165 168 169 158 154 161 162 165 175 173 167 159
255 255 255 255 255 255 255 255 255 255 255 255 255 255 255 255 255 255 255 255 255 255 255 255 255 255 255 255 255 255 164 164 163 167 166 167 163 160 161 161 158 160 166 164 174 189 188 185 172 164 161 161 167 164 158 160 162 167 170 170 160 154 160 170 163 164 163 162 161 148 146 149 153 158 157 160 158 160 158 159 164 164 159 167 173 169 167 169 172 175 174 169 164 169
255 255 255 255 255 255 255 255 255 255 255 255 255 255 255 255 255 255 255 255 255 255 255 255 255 255 255 255 255 255 255 166 168 168 161 160 153 153 158 165 164 164 156 148 162 175 174 170 162 160 162 164 163 162 160 162 153 156 163 161 156 157 167 173 162 161 155 156 158 153 162 167 167 164 161 162 163 162 158 162 162 159 161 165 167 168 172 163 170 176 173 174 169 168
255 255 255 255 255 255 255 255 255 255 255 255 255 255 255 255 255 255 255 255 255 255 255 255 255 255 255 255 255 255 255 167 168 160 154 156 153 155 159 164 160 154 144 151 168 176 170 165 163 159 161 157 154 158 156 154 142 149 164 157 158 173 178 171 160 156 156 164 161 158 170 172 171 174 168 158 157 161 159 165 165 160 168 165 165 162 167 164 167 167 169 175 165 155
255 255 255 255 255 255 255 255 255 255 255 255 255 255 255 255 255 255 255 255 255 255 255 255 255 255 255 255 255 255 255 255 164 159 157 160 159 158 162 163 159 152 150 159 166 167 161 160 161 158 158 155 159 156 149 152 154 166 173 165 167 178 173 161 157 165 170 165 153 146 153 153 159 167 156 150 158 157 163 165 164 163 168 165 164 158 166 165 160 160 163 163 162 164
255 255 255 255 255 255 255 255 255 255 255 255 255 255 255 255 255 255 255 255 255 255 255 255 255 255 255 255 255 255 255 255 255 167 166 166 167 162 164 162 158 153 158 160 156 155 151 150 154 158 161 159 156 146 144 153 163 166 164 164 164 163 155 158 166 170 165 160 148 144 152 152 159 166 155 153 162 155 167 164 152 159 160 158 156 155 158 160 164 164 162 162 164 163
255 255 255 255 255 255 255 255 255 255 255 255 255 255 255 255 255 255 255 255 255 255 255 255 255 255 255 255 255 255 255 255 255 255 165 160 163 169 171 163 158 156 164 163 161 163 154 151 151 156 162 164 162 157 159 162 162 160 159 157 152 155 159 172 172 160 150 155 152 151 160 160 163 170 159 153 158 158 168 159 149 159 156 157 159 166 167 158 161 163 160 163 165 153
255 255 255 255 255 255 255 255 255 255 255 255 255 255 255 255 255 255 255 255 255 255 255 255 255 255 255 255 255 255 255 255 255 255 154 152 160 166 159 152 155 163 165 164 161 164 160 158 153 155 161 163 160 162 164 165 159 157 155 152 148 155 156 163 156 148 152 159 155 153 160 166 173 166 156 154 159 158 155 158 164 167 159 162 161 162 165 160 158 157 159 164 169 158
255 255 255 255 255 255 255 255 255 255 255 255 255 255 255 255 255 255 255 255 255 255 255 255 255 255 255 255 255 255 255 255 255 255 255 156 160 161 155 158 160 162 159 157 153 156 160 159 151 154 159 158 154 155 157 162 155 156 152 153 153 156 154 161 160 156 160 156 156 158 159 167 172 164 161 161 158 156 155 162 166 162 157 158 158 156 159 166 163 160 161 167 169 161
255 255 255 255 255 255 255 255 255 255 255 255 255 255 255 255 255 255 255 255 255 255 255 255 255 255 255 255 255 255 255 255 255 255 255 255 159 166 161 162 158 152 151 151 150 152 157 160 149 145 153 158 157 157 158 157 154 159 151 153 156 152 150 157 164 166 161 156 162 163 167 169 163 164 171 172 165 161 163 164 163 162 164 162 163 166 163 162 156 160 162 157 156 158
255 255 255 255 255 255 255 255 255 255 255 255 255 255 255 255 255 255 255 255 255 255 255 255 255 255 255 255 255 255 255 255 255 255 255 255 255 161 155 153 150 147 151 156 158 150 151 158 152 149 155 158 159 159 154 147 157 160 151 148 148 152 157 164 167 160 155 162 171 167 169 168 161 164 170 165 166 162 161 161 158 164 161 154 160 170 157 151 158 171 172 164 166 163
255 255 255 255 255 255 255 255 255 255 255 255 255 255 255 255 255 255 255 255 255 255 255 255 255 255 255 255 255 255 255 255 255 255 255 255 255 160 162 165 166 164 168 166 159 155 163 165 155 155 158 153 147 145 147 147 160 158 154 150 143 154 165 167 161 158 165 169 172 165 164 165 160 164 156 148 158 159 160 159 155 155 155 154 160 169 156 156 167 165 155 153 158 153
255 255 255 255 255 255 255 255 255 255 255 255 255 255 255 255 255 255 255 255 255 255 255 255 255 255 255 255 255 255 255 255 255 255 255 255 255 255 161 168 170 167 162 155 153 158 171 171 166 172 167 155 148 150 155 157 160 154 150 152 153 164 166 158 155 160 164 161 161 155 163 163 157 153 147 153 160 159 161 157 155 153 159 159 166 164 154 162 163 153 144 144 153 157
255 255 255 255 255 255 255 255 255 255 255 255 255 255 255 255 255 255 255 255 255 255 255 255 255 255 255 255 255 255 255 255 255 255 255 255 255 255 255 161 166 163 156 151 156 161 167 166 174 174 159 147 154 166 159 145 142 150 152 159 170 172 165 155 156 164 168 166 161 152 156 160 162 158 158 164 166 163 164 162 163 159 161 163 163 156 151 159 160 163 160 156 154 162
255 255 255 255 255 255 255 255 255 255 255 255 255 255 255 255 255 255 255 255 255 255 255 255 255 255 255 255 255 255 255 255 255 255 255 255 255 255 255 255 173 166 154 145 155 165 162 157 157 154 148 142 159 173 159 133 128 150 156 155 158 161 161 161 161 166 167 165 160 148 151 162 166 160 159 160 166 167 168 163 162 158 156 156 147 149 157 159 164 177 165 159 164 166
255 255 255 255 255 255 255 255 255 255 255 255 255 255 255 255 255 255 255 255 255 255 255 255 255 255 255 255 255 255 255 255 255 255 255 255 255 255 255 255 170 156 143 146 157 164 159 149 141 147 150 141 140 145 148 134 142 158 153 153 159 162 166 174 171 166 167 164 157 155 156 155 160 159 164 168 164 165 169 162 164 167 162 158 150 156 163 160 166 163 159 166 165 157
255 255 255 255 255 255 255 255 255 255 255 255 255 255 255 255 255 255 255 255 255 255 255 255 255 255 255 255 255 255 255 255 255 255 255 255 255 255 255 255 255 150 147 155 156 156 157 154 148 148 154 146 131 134 145 147 156 162 156 158 161 160 166 171 164 163 169 159 150 162 162 151 159 157 165 166 158 156 154 152 162 169 167 168 162 156 159 158 160 159 168 165 155 157
255 255 255 255 255 255 255 255 255 255 255 255 255 255 255 255 255 255 255 255 255 255 255 255 255 255 255 255 255 255 255 255 255 255 255 255 255 255 255 255 255 255 153 155 152 154 153 158 157 151 155 158 150 151 156 154 158 161 159 160 165 163 156 156 154 156 158 154 155 158 159 163 163 155 167 165 161 165 162 159 160 161 160 166 162 155 164 161 156 165 168 158 149 156
255 255 255 255 255 255 255 255 255 255 255 255 255 255 255 255 255 255 255 255 255 255 255 255 255 255 255 255 255 255 255 255 255 255 255 255 255 255 255 255 255 255 255 156 162 161 151 152 159 148 144 158 159 156 146 138 149 158 154 155 162 164 155 153 151 153 157 158 162 157 153 159 162 161 159 154 156 164 163 155 160 160 158 161 161 164 166 158 157 169 169 156 143 145
255 255 255 255 255 255 255 255 255 255 255 255 255 255 255 255 255 255 255 255 255 255 255 255 255 255 255 255 255 255 255 255 255 255 255 255 255 255 255 255 255 255 255 255 160 155 154 159 162 149 148 155 154 155 148 140 152 157 146 143 147 152 151 150 153 162 162 155 164 166 161 154 158 160 152 158 169 169 162 154 164 161 163 170 164 159 160 159 166 174 161 152 147 150
