example/E5 - XRays/X-ray-tomography/rastert_juap38.txt
ncols         356
nrows         356
xllcorner     -0.5
yllcorner     -355.5
cellsize      1
NODATA_value  -9999
[rows 210 to 251 of 356, columns 94 to 187 of 356]
164 158 154 161 157 152 136 136 145 153 158 157 147 141 133 132 133 127 125 129 123 103 118 134 126 123 128 125 140 141 148 158 145 139 147 155 151 151 158 155 149 149 148 145 145 142 140 138 140 147 142 145 139 151 157 149 148 133 131 142 136 143 161 162 155 148 139 154 166 154 146 144 127 129 126 101 89 89 79 66 67 74 54 38 71 109 98 87 103 85 46 33 42 58
166 162 155 158 154 145 139 145 153 154 145 134 133 136 133 133 131 132 129 126 135 132 131 132 123 127 135 126 133 132 132 151 146 134 151 159 149 140 143 140 141 144 149 153 138 127 133 139 142 141 140 143 152 162 153 145 154 151 155 151 138 129 141 144 140 150 148 154 165 161 148 139 131 136 134 116 108 96 79 60 38 32 33 42 79 113 99 83 82 49 22 30 48 65
163 167 157 145 146 145 153 154 154 153 137 128 137 143 141 148 138 127 130 134 146 152 142 131 128 137 142 141 136 135 135 145 152 133 132 143 143 140 144 148 142 135 138 135 118 114 131 133 128 126 126 129 153 161 147 148 160 153 154 152 139 115 125 139 151 162 162 155 154 158 151 147 147 148 146 144 145 133 110 81 58 50 49 65 99 133 124 115 89 47 43 54 66 81
155 161 158 148 146 146 150 151 148 151 149 143 142 143 142 150 140 132 140 136 150 160 153 128 119 132 148 164 151 145 151 149 142 132 126 128 137 146 150 150 136 129 126 126 135 131 123 119 121 132 128 132 159 167 145 140 146 143 146 133 140 145 138 142 156 160 171 163 160 166 160 151 147 158 160 159 167 161 147 121 116 102 70 64 97 134 135 140 118 88 91 83 81 78
146 138 136 136 140 137 142 157 162 160 156 142 125 134 140 145 135 128 149 155 154 154 153 129 121 135 142 154 154 146 145 141 143 142 142 140 136 138 142 135 134 144 136 132 145 145 130 111 102 115 132 150 156 162 165 150 134 133 142 127 137 148 142 144 154 157 166 163 161 158 152 149 143 154 158 158 168 163 156 145 147 129 89 64 93 131 141 153 138 103 103 91 74 57
124 108 111 126 145 149 147 158 167 159 153 142 117 122 132 138 137 137 150 160 157 154 146 140 141 140 138 147 154 145 134 134 143 144 140 135 130 130 144 138 141 152 146 142 144 147 140 112 98 100 133 157 143 133 146 139 134 129 125 128 130 141 140 135 149 149 156 162 153 138 147 157 149 150 153 162 166 165 158 156 150 141 120 85 107 137 142 146 131 93 93 89 64 48
107 110 125 135 146 147 143 147 151 153 147 139 126 125 130 130 130 137 139 142 156 154 137 144 145 144 144 148 146 135 131 128 126 138 141 137 132 121 136 142 141 153 155 155 149 151 150 130 120 111 128 140 131 127 141 144 135 136 128 130 125 126 129 126 133 127 138 157 155 135 145 156 154 149 149 155 156 155 158 161 151 139 114 102 122 142 145 142 132 94 70 69 61 50
121 122 138 142 144 142 146 143 134 142 139 138 135 135 132 129 133 134 123 119 151 159 147 139 124 133 143 154 156 135 128 133 142 142 137 139 144 134 131 134 137 149 149 149 144 149 149 145 135 135 138 138 138 142 146 151 144 142 129 123 121 112 115 124 130 122 114 130 151 147 153 157 149 142 139 138 152 154 151 158 152 124 89 111 141 160 161 153 142 108 84 85 70 49
133 121 138 138 134 135 146 141 134 140 141 141 136 137 141 144 136 139 140 136 151 156 150 144 129 140 139 140 150 140 128 128 140 135 136 149 153 150 142 146 144 146 146 144 145 151 150 157 148 144 144 144 139 142 148 154 147 132 119 120 133 133 128 134 143 143 130 136 159 160 149 164 162 159 152 146 141 143 153 150 136 118 101 123 146 160 155 152 146 130 122 113 100 87
125 120 131 131 132 133 132 133 137 131 132 133 128 129 130 132 132 137 134 141 148 143 135 136 143 156 135 122 132 144 138 133 138 148 157 157 145 144 137 137 137 136 144 150 147 145 140 146 156 149 140 137 135 136 143 154 142 130 136 139 143 143 136 135 137 139 142 143 151 167 159 172 168 161 156 156 145 145 158 145 134 107 104 137 151 159 148 149 146 140 140 119 111 110
115 128 134 135 146 140 127 127 135 135 139 132 127 127 118 122 134 134 116 122 133 137 133 137 149 158 138 133 133 145 146 142 140 153 156 149 143 141 139 136 140 135 144 153 142 132 123 122 138 145 133 132 143 139 138 145 135 138 143 148 142 135 146 145 139 143 147 144 146 160 157 159 154 153 152 152 146 142 146 138 120 84 89 123 139 144 132 119 120 132 144 137 128 123
127 134 133 131 138 136 130 126 141 148 145 141 124 117 120 122 134 135 127 126 123 139 145 146 145 152 148 142 131 135 142 136 130 144 149 147 148 143 152 149 146 136 138 150 150 138 134 133 140 146 136 119 123 125 132 139 135 140 140 144 137 125 137 144 154 144 138 146 157 159 156 155 152 159 155 146 151 142 128 131 121 98 101 118 136 138 122 103 100 134 150 145 150 154
141 135 132 122 111 117 129 122 125 135 142 146 129 109 113 126 134 141 135 129 121 134 146 145 143 150 147 138 131 131 137 141 138 144 142 150 153 144 147 137 140 145 141 138 138 131 133 142 153 157 143 120 120 136 149 146 129 135 147 140 134 124 123 134 145 141 150 152 146 147 151 147 148 149 146 151 163 152 133 130 131 140 140 135 138 139 140 126 113 138 151 142 149 165
138 142 140 118 97 104 114 97 91 104 121 133 148 133 123 138 141 148 140 140 149 160 159 147 138 144 142 134 137 139 130 130 142 143 134 137 142 143 147 143 139 143 137 122 114 120 125 141 152 156 153 138 144 156 151 132 108 111 134 138 144 135 133 148 144 147 158 146 126 134 147 140 140 139 140 151 156 157 145 134 132 134 132 139 145 143 153 152 144 150 148 142 145 151
124 135 123 102 104 120 113 83 70 75 91 115 137 141 140 153 153 162 149 138 149 163 159 154 139 131 134 137 143 138 128 130 136 140 141 139 135 144 153 147 141 138 135 123 114 129 127 141 149 142 149 137 133 139 143 134 112 109 117 124 134 130 136 143 141 143 144 138 127 124 140 137 141 153 164 165 146 140 136 125 129 132 125 132 147 152 161 160 162 162 141 139 136 116
115 111 105 109 113 113 116 109 99 95 107 135 145 145 146 153 153 160 155 149 150 148 151 156 127 108 127 139 155 148 134 137 137 142 141 149 145 141 144 134 135 142 138 130 130 135 127 135 141 136 139 131 124 128 133 135 131 132 122 128 134 142 149 137 127 136 145 141 128 113 130 140 145 151 159 163 145 133 130 128 136 144 138 126 122 147 154 149 157 145 130 145 124 90
130 124 116 125 128 119 129 141 150 141 132 152 156 156 164 164 160 144 153 165 161 156 149 146 123 111 118 122 139 137 134 135 139 146 140 141 137 137 142 131 135 139 134 126 127 131 137 148 151 143 134 127 133 143 133 141 142 145 136 142 144 155 156 137 122 129 141 134 119 118 133 152 158 156 153 154 152 146 140 137 140 134 138 144 131 136 137 137 134 113 117 138 118 101
140 145 139 138 138 142 151 152 158 153 146 155 159 160 167 159 161 154 156 159 159 161 152 147 136 134 121 116 132 129 136 137 135 143 140 132 121 134 143 134 135 128 123 125 125 120 116 134 160 149 130 109 115 138 139 144 142 154 154 157 149 147 150 142 132 128 130 115 98 117 133 147 147 148 148 146 140 145 143 140 149 144 137 146 146 138 130 120 112 98 100 114 120 130
140 152 159 155 154 162 162 152 151 156 154 155 158 150 150 153 167 172 169 157 160 162 154 149 130 132 132 135 138 137 139 147 142 142 141 128 111 129 148 150 146 130 123 122 117 119 119 131 149 146 137 115 115 125 131 131 129 154 158 157 152 147 159 157 153 145 141 117 90 109 134 148 149 150 144 138 126 137 139 137 149 148 129 137 145 144 135 125 130 134 120 101 113 135
154 158 155 159 162 162 164 160 159 161 163 158 145 133 134 154 168 164 160 152 161 165 161 155 127 124 134 136 132 138 143 133 130 134 140 136 122 137 150 151 146 141 133 121 119 119 126 139 142 138 135 132 131 127 132 127 124 139 141 155 164 156 154 146 155 145 144 126 96 113 140 147 146 146 143 137 128 145 148 150 140 126 137 149 143 139 135 132 141 150 150 128 125 132
161 156 159 169 166 157 160 163 158 157 161 156 147 135 136 156 155 157 156 153 162 163 156 149 123 137 149 129 125 130 135 123 127 138 145 146 134 135 133 131 129 119 112 127 132 113 115 132 139 140 137 137 145 144 125 126 143 143 135 146 148 148 142 132 145 143 151 147 120 127 146 143 145 147 141 133 121 145 156 157 134 119 130 144 139 132 131 148 156 153 162 155 149 141
160 161 162 171 167 159 156 161 167 171 166 162 157 143 149 159 155 159 161 164 165 160 149 142 128 133 138 130 130 139 138 123 118 136 150 150 137 126 128 125 115 97 108 134 134 114 122 144 144 135 126 124 143 145 126 137 158 162 151 138 138 151 138 129 143 154 153 136 118 127 134 137 151 147 143 145 136 140 148 151 137 134 129 131 128 122 131 161 167 164 159 154 155 152
162 164 164 166 154 155 158 164 164 168 168 167 163 156 161 162 156 157 161 160 160 160 150 144 134 131 138 140 127 124 124 119 115 129 147 153 137 128 139 134 126 110 113 120 125 121 124 133 134 126 104 105 139 155 156 156 157 163 162 146 144 147 142 144 143 139 138 116 109 131 131 132 148 134 140 156 149 131 136 144 143 152 151 140 123 116 142 163 163 169 152 151 163 157
166 164 167 164 158 160 165 173 167 167 167 168 172 158 151 146 149 159 163 154 148 144 140 136 135 140 147 133 114 118 126 124 116 131 151 149 137 139 136 131 138 136 124 108 112 106 104 125 145 146 129 131 151 151 142 143 162 162 158 150 137 129 143 143 137 137 140 133 128 135 135 141 144 128 144 163 160 139 129 137 146 153 153 148 129 123 153 160 153 168 162 160 168 146
154 160 164 166 171 165 155 164 165 160 160 163 162 151 146 145 152 157 152 149 151 147 139 138 135 129 134 131 116 114 133 142 123 131 150 150 141 132 120 132 147 135 123 118 106 89 98 130 149 158 164 164 161 152 149 160 171 161 160 156 145 130 139 126 139 154 142 144 147 126 127 148 140 142 157 163 158 148 135 136 143 144 152 154 137 137 156 152 147 171 175 163 160 143
151 157 154 150 155 146 142 160 167 160 160 159 155 158 153 147 149 143 138 143 149 151 147 144 131 113 122 137 121 100 124 146 137 138 147 146 148 134 131 152 147 126 124 125 127 116 116 139 152 154 162 162 161 162 166 167 166 173 176 160 150 134 136 131 146 156 142 140 146 136 129 135 141 157 165 165 162 158 143 133 133 135 148 138 127 146 156 152 151 168 169 161 162 150
154 156 150 143 141 122 123 147 158 148 142 151 154 151 140 135 143 145 145 144 145 156 154 150 146 126 128 138 122 105 106 111 134 143 143 149 156 134 132 152 147 138 137 131 134 134 134 150 163 165 167 156 156 166 157 150 151 167 170 154 138 128 133 135 143 151 155 150 141 144 140 142 158 155 153 165 166 160 136 120 127 132 142 123 116 149 159 156 150 165 170 161 153 144
138 129 122 113 116 109 105 119 139 138 129 133 128 122 118 118 122 136 136 135 144 160 160 164 160 137 136 144 129 120 98 90 121 141 151 163 158 144 137 144 154 146 140 145 131 132 136 159 164 168 176 165 155 162 158 152 149 155 148 140 131 124 130 126 136 152 147 142 141 135 135 148 161 155 155 156 155 164 148 118 116 131 140 127 135 163 164 167 160 167 169 164 152 133
133 125 116 102 93 93 88 85 96 96 87 97 106 120 128 114 111 138 145 141 143 146 155 161 150 133 134 147 134 105 88 105 133 144 150 165 163 154 157 152 151 140 133 144 137 135 134 148 153 166 167 161 157 156 155 156 155 149 143 140 127 114 137 136 140 153 134 127 137 141 145 145 151 154 156 154 156 162 146 130 126 143 136 129 157 175 166 165 164 166 168 166 160 139
143 138 133 118 108 110 92 66 54 50 46 75 104 121 128 109 105 132 142 142 149 151 153 146 134 122 124 141 130 100 110 131 152 163 150 154 160 150 154 156 148 149 151 153 138 138 145 145 151 162 160 162 169 160 149 147 144 141 142 140 129 125 153 150 139 144 143 135 136 138 140 146 156 161 157 158 160 161 146 138 128 134 133 137 162 166 158 159 159 157 158 160 158 139
152 154 149 137 138 140 124 108 92 71 67 103 131 137 130 102 98 130 135 138 160 164 153 139 126 115 124 137 134 132 142 145 160 162 151 157 158 154 154 157 156 158 155 153 145 147 156 151 150 148 150 151 152 150 150 146 137 137 135 137 139 135 144 134 118 122 132 135 133 122 125 143 143 144 148 166 159 155 150 139 124 130 138 138 144 152 156 149 155 166 166 169 152 127
153 161 156 151 154 149 145 141 127 100 92 114 122 121 116 105 110 138 139 135 147 149 149 154 147 128 133 141 142 152 152 150 163 157 156 162 165 168 161 154 148 145 144 144 148 156 159 149 143 136 131 128 134 140 145 135 131 129 124 134 129 121 135 134 114 119 133 142 132 123 128 137 136 137 146 160 148 150 158 152 135 134 137 140 145 159 162 155 163 168 168 166 145 124
161 160 159 157 158 153 153 151 146 136 126 122 119 107 109 127 140 145 138 132 126 137 144 145 144 134 139 144 143 147 151 149 157 157 158 154 157 156 157 156 150 158 159 144 144 157 157 147 142 144 133 124 128 130 144 142 137 138 131 136 129 124 145 158 140 142 147 147 139 142 142 143 149 150 149 138 137 156 162 160 148 144 138 142 149 157 152 156 167 177 177 167 138 114
170 168 160 150 155 160 161 153 153 153 147 144 150 130 120 135 155 155 147 155 145 137 134 126 129 138 148 150 145 141 151 153 153 155 154 158 156 144 151 150 145 159 157 151 158 159 150 140 137 141 140 137 134 131 142 141 136 148 134 130 140 137 154 160 145 145 146 148 148 144 138 141 146 159 160 141 143 157 145 148 151 154 141 142 150 149 145 159 171 174 170 166 142 108
160 164 161 158 160 159 162 155 151 149 148 153 159 144 137 138 152 151 142 150 153 140 123 123 125 125 140 148 149 150 157 158 151 159 157 153 150 143 146 152 151 156 152 152 165 161 156 145 142 147 149 145 145 149 145 136 133 144 132 130 136 141 154 154 150 149 148 153 148 138 130 135 153 163 154 142 142 149 128 133 135 133 134 144 156 149 150 161 170 163 156 157 146 109
158 155 156 162 158 157 162 155 147 142 153 159 156 146 148 151 155 156 148 146 141 135 128 129 133 137 148 156 152 148 145 142 144 151 143 133 128 133 126 141 153 159 158 157 165 157 163 159 153 147 145 151 150 147 134 132 129 135 133 125 128 137 141 148 153 145 146 146 131 129 117 125 153 156 156 153 139 146 131 121 114 130 148 145 152 160 157 159 161 159 159 151 144 114
157 154 150 154 152 160 162 152 156 158 158 155 161 158 157 158 156 155 155 147 137 127 127 137 147 153 153 153 142 144 143 134 137 137 137 140 137 130 126 139 140 145 144 149 158 149 154 154 159 151 142 147 139 137 134 127 128 132 130 123 129 139 144 145 149 148 147 139 129 136 129 128 138 139 158 154 132 139 125 110 110 129 146 144 146 153 155 159 149 143 131 127 132 124
160 161 158 153 149 159 160 157 168 161 150 155 163 156 156 159 159 147 136 135 135 129 139 155 156 152 158 147 130 138 144 143 140 138 148 150 140 131 136 141 117 120 136 143 138 137 154 158 162 155 144 136 130 139 147 127 127 126 119 116 130 148 152 142 143 148 146 144 139 144 150 135 131 129 141 149 142 147 132 114 106 111 125 143 150 152 158 160 143 126 109 117 138 141
160 158 154 153 154 159 161 157 158 153 149 163 164 148 140 143 147 134 114 124 136 139 149 161 160 151 151 133 135 139 134 149 152 145 146 139 131 136 139 143 122 123 137 130 124 134 145 155 168 165 146 137 136 136 139 127 129 135 139 141 150 165 155 141 146 155 144 145 144 147 151 137 136 126 127 137 147 160 152 138 116 109 120 148 155 149 151 157 159 148 131 134 152 161
146 126 118 133 153 163 155 150 150 157 158 153 148 144 139 128 122 121 114 128 144 146 149 157 164 160 144 124 138 141 132 147 157 153 143 125 128 143 147 153 128 121 128 114 119 130 136 151 154 157 147 137 133 121 119 130 135 134 146 148 154 159 149 139 141 155 151 142 141 139 136 135 131 121 128 134 145 155 147 153 145 127 127 141 145 141 137 139 149 152 149 148 159 169
138 102 90 121 156 167 153 151 157 162 159 144 140 140 140 134 131 140 135 135 152 152 156 160 160 155 148 136 137 135 132 141 160 160 150 146 148 148 142 148 135 124 116 99 115 130 148 157 147 150 143 134 127 118 116 128 130 124 134 136 141 140 141 133 122 136 143 139 142 135 128 135 137 130 128 129 144 152 140 148 147 136 131 134 137 130 134 140 143 149 153 153 159 168
150 129 121 141 162 163 157 157 159 159 153 144 149 145 140 140 142 154 154 148 152 154 163 163 156 146 144 139 124 119 140 149 159 160 160 158 154 150 141 143 145 130 109 91 112 134 144 149 152 151 133 137 146 138 128 128 125 108 107 120 141 141 130 126 128 134 140 136 138 138 140 141 146 143 123 124 142 154 143 147 140 134 139 147 149 137 139 148 148 151 153 151 153 161
