example/E5 - XRays/X-ray-tomography/rastert_juap41.txt
ncols         356
nrows         356
xllcorner     -0.5
yllcorner     -355.5
cellsize      1
NODATA_value  -9999
[rows 168 to 209 of 356, columns 0 to 93 of 356]
255 144 140 142 136 127 139 152 155 148 145 144 135 131 131 131 137 143 134 124 132 143 136 136 140 139 135 136 134 131 130 131 139 135 134 148 152 155 153 146 138 137 139 140 147 140 128 124 135 144 153 150 137 128 128 136 143 148 136 131 127 131 135 138 145 149 151 153 153 154 150 144 144 144 144 144 143 140 132 135 140 156 163 162 155 165 156 149 151 146 138 134 137 140
255 147 147 149 130 115 130 144 142 129 130 133 134 137 127 129 142 147 126 110 124 139 133 130 129 140 147 134 123 128 138 135 133 136 137 144 145 142 137 139 139 140 145 146 148 133 118 118 140 152 149 145 127 118 127 142 141 135 132 140 133 129 137 135 132 135 144 150 151 151 153 143 129 134 146 146 150 145 130 131 141 157 159 165 165 167 163 146 140 140 141 133 133 133
255 146 151 150 131 125 137 138 126 119 124 123 128 135 127 129 137 137 126 123 136 146 137 132 129 132 140 141 136 142 149 147 141 131 125 137 147 138 135 146 148 145 143 138 141 143 141 136 147 151 141 139 129 120 126 137 136 129 133 139 134 136 145 139 138 136 137 141 148 150 150 146 122 119 137 138 143 134 132 141 146 157 162 162 160 160 165 155 144 141 139 128 126 130
255 150 154 151 139 137 144 142 133 126 120 107 112 135 136 131 139 139 139 139 137 144 143 136 135 133 140 147 140 143 149 149 142 130 127 135 142 135 133 138 140 144 139 134 136 137 148 155 151 140 130 133 134 131 130 131 119 112 129 137 136 145 152 148 142 138 139 137 140 151 153 155 143 127 121 126 136 136 140 140 140 156 158 154 162 157 148 149 142 145 147 135 141 144
255 155 155 150 145 145 154 158 155 150 136 109 97 128 143 143 144 142 145 144 140 142 143 129 135 149 155 156 144 139 142 143 139 134 132 140 149 150 143 140 143 150 147 142 149 145 150 163 159 141 136 143 152 149 141 142 131 132 145 140 136 141 142 146 143 147 148 146 139 149 157 152 144 142 121 114 127 138 144 135 135 152 157 155 146 136 135 146 144 145 145 136 140 146
255 154 154 149 148 152 158 157 158 158 150 129 109 126 144 153 144 136 138 143 152 151 142 131 141 155 153 150 146 139 139 133 129 132 140 145 148 152 139 139 152 152 144 143 153 148 144 154 159 149 144 151 156 142 143 151 145 151 151 139 136 138 140 145 140 148 144 139 132 135 143 144 145 152 138 131 138 136 133 139 147 145 150 152 141 134 139 145 143 139 134 132 127 134
255 148 147 143 144 153 158 160 162 159 152 144 133 132 137 144 143 134 131 133 145 152 144 137 144 156 153 141 140 142 149 149 142 140 143 148 156 156 142 145 155 147 141 138 145 145 130 137 145 142 136 141 149 139 145 149 144 147 144 141 150 151 147 141 139 147 146 133 127 123 129 139 137 138 138 142 152 147 131 136 145 137 122 125 136 130 132 141 145 140 139 141 141 148
255 149 146 148 153 158 159 162 163 159 154 152 147 133 130 138 146 148 143 133 138 147 149 143 143 145 140 135 144 149 151 157 154 147 138 141 156 157 148 152 153 143 135 130 138 150 142 142 141 139 139 142 146 144 148 152 151 147 146 153 159 151 147 143 147 153 150 137 132 123 126 126 129 130 140 156 164 155 131 135 141 135 117 118 135 135 138 147 140 128 135 143 149 160
255 153 155 161 165 161 161 161 162 157 155 154 152 143 140 141 138 145 143 135 141 148 153 152 144 142 141 143 154 161 157 157 150 135 129 135 147 146 143 151 153 149 140 141 142 144 148 150 147 138 136 131 132 143 151 159 159 160 157 159 160 150 148 147 146 146 149 142 144 146 140 129 138 135 134 154 152 138 133 146 148 138 129 126 127 139 139 136 135 136 137 135 141 145
156 158 164 166 168 167 165 165 165 159 157 159 157 151 145 143 139 144 145 145 145 151 155 153 145 147 144 144 157 167 167 163 154 143 136 135 139 139 135 140 142 135 142 156 152 146 147 151 152 147 147 132 128 138 148 155 154 161 164 163 161 158 154 151 150 144 147 150 162 162 148 135 138 141 140 145 139 129 136 141 150 158 151 140 129 133 132 134 139 141 140 141 144 140
255 163 168 165 161 157 157 160 164 162 157 157 156 152 150 148 147 148 147 149 148 160 162 150 144 144 139 143 157 164 161 148 136 141 138 135 142 152 143 142 149 137 136 150 148 139 136 152 158 149 148 150 145 139 140 147 158 165 168 169 163 159 158 150 148 149 141 136 147 149 144 138 137 140 143 136 136 139 147 150 158 163 170 167 152 145 142 139 136 136 134 139 140 137
255 159 161 163 160 153 147 150 158 160 154 146 148 159 157 150 146 143 141 142 144 151 151 141 141 141 144 153 156 159 163 149 123 132 140 137 137 143 142 146 152 144 137 139 136 122 118 143 152 144 142 142 135 137 139 146 159 166 161 165 160 152 148 144 143 144 138 135 142 143 145 151 144 136 138 143 144 137 150 164 176 167 170 169 159 155 144 130 136 147 139 130 140 141
255 154 148 146 143 131 129 136 140 146 145 139 143 153 151 147 144 142 147 147 148 150 147 141 140 146 152 151 145 141 145 137 115 122 141 145 136 131 139 140 139 138 141 141 138 135 131 146 153 145 141 139 133 139 148 151 156 160 154 158 158 154 140 134 142 144 141 144 140 142 142 146 143 138 137 141 135 127 147 163 174 169 172 173 166 160 145 133 138 143 136 130 141 143
255 149 143 142 140 133 133 135 137 141 136 136 141 145 145 144 140 140 143 140 144 153 147 140 143 148 144 144 149 144 140 143 136 134 138 144 139 138 149 145 142 144 146 143 143 148 139 140 149 140 133 139 141 152 155 149 146 150 158 165 155 152 145 137 141 144 149 151 132 135 146 141 134 132 129 128 127 126 142 161 169 169 176 176 168 165 160 148 142 130 130 138 138 142
255 150 144 148 150 149 145 141 139 133 131 132 134 139 147 150 146 144 142 139 140 142 139 144 151 148 140 141 152 154 147 150 152 153 147 142 136 139 143 142 142 145 149 146 146 146 143 148 152 148 140 141 142 147 147 142 143 148 164 175 157 151 143 134 132 136 141 146 141 142 142 134 129 129 126 115 127 130 143 157 167 173 167 167 177 175 158 138 130 124 134 139 139 144
255 160 156 152 144 139 141 143 139 133 141 142 137 135 139 144 145 146 144 145 144 144 146 145 144 149 144 141 148 149 142 139 146 146 145 150 144 140 136 135 141 146 149 146 149 141 139 146 146 150 150 148 145 140 137 141 153 154 158 169 157 143 122 117 127 136 144 143 136 131 129 133 132 125 122 127 134 136 148 147 152 163 160 165 167 162 154 138 124 125 138 137 140 146
255 158 163 159 149 141 144 151 149 141 144 148 146 141 139 138 140 145 151 154 153 150 145 143 141 147 144 141 140 137 136 137 147 144 142 148 145 142 139 140 143 145 147 145 144 143 146 146 140 146 152 150 154 149 144 142 145 144 148 153 154 149 130 127 136 141 139 130 124 130 135 133 125 122 126 131 125 127 138 140 148 152 154 164 162 160 158 142 132 134 138 139 140 146
255 160 162 163 157 151 152 154 152 146 146 157 157 155 155 141 135 137 143 147 153 147 138 142 147 144 140 140 139 143 142 139 140 144 141 137 137 144 136 131 137 135 141 145 141 143 147 146 144 149 158 160 159 151 143 135 135 141 141 149 151 149 143 144 151 141 129 124 127 135 137 130 127 131 136 121 106 117 130 132 141 150 148 148 155 160 154 141 131 134 143 147 135 129
255 164 156 151 152 155 159 156 152 151 154 159 154 151 158 154 148 144 145 144 149 147 141 140 144 145 143 143 149 153 145 142 133 136 134 130 140 152 131 123 138 132 134 143 145 149 145 140 139 151 161 157 149 148 147 138 137 138 136 143 134 136 142 140 148 133 120 120 127 135 138 143 151 144 138 126 116 124 130 126 128 142 120 105 130 140 137 133 128 137 155 160 138 120
255 155 152 153 152 149 149 148 145 148 154 159 160 159 157 157 156 154 152 147 149 143 140 142 141 140 143 146 153 154 149 142 130 135 139 138 144 144 119 119 143 139 138 144 145 145 142 142 143 153 163 164 156 150 145 137 132 131 142 142 122 124 139 133 134 132 128 132 137 139 147 154 151 144 143 142 134 131 134 129 125 132 115 93 108 116 124 126 128 138 149 146 131 130
255 148 151 152 149 146 145 146 149 153 156 158 159 160 158 149 148 153 152 148 148 145 149 150 147 148 148 145 143 143 144 144 137 138 142 142 143 135 123 128 135 135 139 141 142 136 132 144 146 148 154 159 160 155 148 136 128 125 137 135 124 124 136 139 143 146 142 142 139 137 148 155 149 148 137 132 127 127 130 133 133 133 131 125 125 124 135 139 143 146 143 128 124 138
255 154 146 141 145 148 142 141 146 147 145 152 154 149 151 150 147 149 148 141 132 134 143 140 143 146 138 131 134 140 144 149 149 142 137 146 150 144 132 136 138 141 142 138 143 142 135 144 143 149 150 145 146 151 152 140 140 144 143 139 144 140 138 140 142 145 141 143 144 142 143 152 149 147 132 132 132 133 140 137 142 141 139 137 129 128 129 132 137 139 139 126 131 133
255 159 149 143 149 153 152 155 156 153 149 152 153 149 147 149 147 148 149 140 124 130 139 134 143 146 141 135 135 135 140 149 159 151 139 146 154 149 132 136 138 144 142 134 147 146 136 146 146 151 143 134 138 150 149 145 146 142 137 138 147 143 143 143 140 139 151 156 145 146 147 148 148 148 132 136 139 131 139 138 143 140 135 125 109 116 123 130 128 127 128 126 123 130
255 156 152 151 150 150 158 169 169 161 158 155 152 152 154 153 147 146 146 130 113 123 137 141 150 151 152 150 139 136 139 148 155 148 140 138 143 142 136 141 133 136 148 146 145 133 129 144 154 155 152 147 143 145 137 132 139 143 139 135 141 138 138 143 146 141 143 153 150 151 148 148 149 149 136 134 138 129 133 139 144 136 137 140 129 136 146 144 132 133 131 137 129 137
255 158 157 160 155 154 162 169 167 163 161 156 154 156 159 159 156 156 148 127 107 110 117 123 145 157 158 144 121 130 137 135 135 138 140 142 134 123 133 146 139 141 154 155 148 142 144 150 150 146 143 138 137 130 120 124 132 145 147 137 136 136 136 135 143 142 136 147 148 145 147 147 139 135 127 136 145 140 132 133 139 132 138 150 147 148 140 133 136 148 142 147 141 138
255 157 157 155 157 161 164 164 165 167 163 155 152 156 159 160 161 159 150 137 124 120 113 110 136 156 160 145 118 131 144 135 132 141 143 145 135 128 139 142 136 146 155 158 155 148 146 148 151 149 136 128 129 118 116 128 138 135 134 138 143 149 148 134 140 146 145 142 141 140 140 141 126 117 114 130 139 134 125 129 134 133 139 149 148 138 133 132 137 152 145 139 140 138
255 157 158 155 152 152 156 164 167 167 160 152 148 156 162 162 161 155 143 134 133 131 123 118 133 147 152 147 134 146 154 145 135 138 151 147 138 147 150 135 125 141 150 160 166 160 153 145 152 156 146 140 140 135 137 138 145 140 141 150 153 150 147 138 140 153 154 145 147 147 141 139 125 115 126 135 128 125 132 132 135 145 146 143 138 131 136 135 128 142 140 142 138 129
255 153 152 155 155 160 165 167 164 161 157 154 154 155 157 159 161 164 145 133 131 129 130 127 135 144 151 151 141 146 153 148 128 121 137 144 144 155 147 129 125 149 163 169 171 164 158 150 148 141 133 134 145 149 148 146 149 152 154 159 154 147 143 139 142 156 149 146 149 147 139 136 134 127 133 137 130 131 137 139 141 150 153 143 131 127 133 138 136 141 139 141 138 126
255 255 149 153 153 161 169 168 168 166 161 157 158 149 151 156 158 159 140 131 128 131 136 129 136 148 150 150 144 139 143 145 131 126 142 149 150 154 145 131 134 150 164 175 167 152 146 145 148 140 134 131 135 143 150 150 147 147 146 148 146 150 150 145 146 149 145 145 152 157 154 147 137 128 131 128 132 146 146 143 145 151 146 141 141 141 136 136 136 133 130 124 135 135
255 255 155 155 153 155 157 158 160 162 163 159 152 141 150 162 162 157 147 145 135 130 132 130 139 152 149 147 146 140 136 137 138 139 148 150 150 147 144 146 149 153 155 165 162 156 151 144 144 143 140 142 148 146 150 155 154 156 154 152 145 145 140 141 144 143 144 142 147 154 161 153 139 135 138 132 130 142 149 150 148 144 131 140 144 132 137 141 134 133 134 127 135 138
255 255 150 152 154 154 156 156 155 158 158 155 148 146 157 166 168 167 165 167 155 137 133 137 139 146 146 142 141 145 141 139 146 146 143 145 145 148 148 147 139 139 148 154 147 140 134 139 145 146 140 141 154 157 162 160 159 158 152 156 150 141 134 141 146 140 144 142 145 150 154 148 140 145 144 146 142 147 150 146 138 143 137 144 162 149 148 142 133 139 136 131 125 130
255 255 150 150 149 149 154 156 156 155 154 153 149 157 164 161 162 167 170 168 159 148 144 140 136 141 147 139 127 133 143 142 144 142 138 141 142 142 141 141 129 121 124 128 131 131 132 133 136 148 148 141 144 157 159 152 153 150 147 157 155 149 144 146 149 139 142 142 144 148 145 144 141 143 142 141 139 151 149 133 120 133 149 154 160 155 153 149 139 131 123 124 118 123
255 255 155 154 155 154 155 155 157 156 153 149 148 157 165 163 164 168 169 165 159 155 148 134 129 137 147 151 141 135 135 133 141 147 148 146 146 146 146 145 140 134 121 111 117 123 130 129 130 145 154 153 156 162 157 152 157 152 151 161 156 145 138 137 140 133 135 141 140 147 144 142 136 128 134 143 142 147 138 131 115 123 156 171 162 164 162 155 142 130 108 105 116 125
255 255 151 156 161 159 156 152 152 154 155 153 151 155 160 162 164 164 166 169 167 160 150 138 133 134 138 147 148 140 142 147 159 160 154 144 140 144 145 141 140 143 132 116 109 123 130 135 140 146 150 153 158 158 160 162 162 157 151 150 147 141 139 144 140 131 128 139 138 140 149 144 139 145 149 158 158 151 136 143 138 141 162 170 166 167 157 149 145 133 116 111 118 122
255 255 152 151 150 151 150 151 150 148 153 156 154 160 165 166 164 161 162 162 161 159 144 136 140 125 121 134 141 147 157 154 156 154 149 138 130 130 129 131 134 142 142 138 133 133 130 135 146 154 151 149 148 151 151 155 159 162 158 146 149 153 149 152 143 141 143 143 132 129 143 144 139 147 154 157 157 157 152 154 150 157 168 169 171 170 159 161 155 131 128 125 124 127
255 255 155 152 152 155 153 155 153 149 153 154 152 155 159 162 162 158 157 159 162 163 142 132 137 108 104 133 147 152 154 150 150 156 155 138 126 128 134 133 138 158 159 156 152 146 132 132 145 153 153 151 149 149 140 144 153 151 151 145 153 156 141 147 147 147 146 140 139 136 145 157 155 153 156 154 160 166 158 162 163 165 163 161 170 181 173 170 166 144 138 133 130 127
255 255 255 155 153 154 153 155 156 156 157 156 153 151 154 158 162 157 157 164 167 158 138 126 127 102 104 130 140 147 149 147 150 160 158 138 127 135 143 129 128 150 158 159 155 150 132 137 154 154 155 158 155 152 144 141 145 146 149 145 147 154 144 153 151 137 135 134 147 150 144 150 158 161 155 150 153 162 158 156 159 168 167 164 167 171 172 171 168 151 136 131 129 129
255 255 255 151 148 151 153 154 157 160 162 159 154 158 160 161 165 163 169 173 166 156 147 136 131 115 120 131 130 136 145 140 137 141 144 141 143 146 145 130 127 145 150 153 152 145 129 131 149 151 153 161 163 160 155 150 145 145 143 136 135 145 148 152 143 133 135 134 135 136 128 135 155 167 168 167 160 168 169 163 155 162 172 170 168 167 168 167 161 162 152 143 147 155
255 255 255 154 157 157 156 159 160 161 159 155 153 157 158 159 165 172 176 170 153 145 146 148 142 131 133 137 128 130 144 147 140 143 144 139 142 141 149 146 142 154 152 145 144 142 140 138 149 158 159 162 163 156 144 143 149 151 151 137 132 137 144 149 148 147 142 143 138 136 134 142 149 157 164 170 166 173 171 167 161 160 173 171 161 167 166 166 168 175 174 166 160 161
255 255 255 146 151 154 158 161 159 161 159 154 153 152 153 158 162 166 168 161 149 139 131 140 145 141 142 147 142 140 141 139 140 146 143 137 137 138 152 156 153 160 160 155 146 143 146 139 139 148 159 166 160 156 147 145 150 158 162 140 131 139 142 147 145 140 141 152 151 146 140 147 147 152 158 165 171 172 165 160 160 166 168 164 161 170 165 165 169 171 169 168 162 152
255 255 255 144 142 145 151 151 152 159 160 157 157 153 152 156 157 156 153 147 146 140 128 134 141 131 128 142 151 148 146 139 145 152 146 142 144 149 155 157 151 145 150 151 145 141 142 146 150 151 155 159 153 154 151 147 144 157 161 143 143 150 149 150 153 149 145 148 145 145 148 154 155 161 167 170 173 171 167 162 162 170 165 166 169 166 168 170 168 164 160 162 157 144
255 255 255 160 154 152 152 151 153 154 154 154 154 152 153 154 152 150 143 134 132 132 135 138 140 128 118 137 154 154 140 134 147 155 151 150 155 159 156 152 143 134 143 143 143 141 144 148 154 158 153 149 152 147 148 153 153 152 149 142 144 146 154 148 148 154 152 148 149 145 153 159 159 161 162 168 168 163 168 171 175 179 171 172 167 157 166 165 163 163 168 163 149 143
