example/E5 - XRays/X-ray-tomography/rastert_juap34.txt
ncols         356
nrows         356
xllcorner     -0.5
yllcorner     -355.5
cellsize      1
NODATA_value  -9999
[rows 252 to 293 of 356, columns 0 to 93 of 356]
255 255 255 255 255 255 255 255 255 255 255 255 255 255 255 255 255 152 153 153 143 127 131 128 129 137 142 139 142 145 142 145 147 146 148 137 135 136 131 126 131 138 141 146 142 139 147 151 151 153 156 160 150 133 129 124 131 139 139 141 141 145 140 138 142 136 116 114 138 155 158 140 133 138 148 154 146 144 143 143 144 140 137 130 129 128 140 155 150 149 141 143 154 146
255 255 255 255 255 255 255 255 255 255 255 255 255 255 255 255 255 255 151 148 137 123 131 132 135 144 152 155 152 147 138 136 135 134 136 132 121 104 93 92 100 115 119 120 131 144 150 154 153 152 156 149 136 132 134 131 137 137 136 145 145 146 144 140 142 137 117 109 134 152 154 146 153 159 153 147 145 149 147 148 150 139 132 130 137 139 138 147 147 150 152 150 144 134
255 255 255 255 255 255 255 255 255 255 255 255 255 255 255 255 255 255 149 147 141 131 138 146 148 149 152 152 148 147 141 138 141 137 139 140 113 81 59 51 57 86 100 98 120 144 150 151 150 151 151 134 124 126 130 132 142 141 143 152 153 154 142 133 139 139 135 119 125 143 142 143 154 157 152 144 145 147 141 144 146 139 139 134 139 143 139 150 153 158 155 150 144 144
255 255 255 255 255 255 255 255 255 255 255 255 255 255 255 255 255 255 255 146 138 135 145 151 151 152 151 151 150 148 139 129 136 138 143 150 131 106 93 78 68 91 114 103 115 141 152 151 145 143 130 119 125 124 127 137 149 146 149 153 152 147 141 140 144 139 133 128 123 123 119 130 138 143 154 149 145 145 140 140 140 139 136 124 125 131 135 141 145 154 153 158 158 154
255 255 255 255 255 255 255 255 255 255 255 255 255 255 255 255 255 255 255 146 130 130 142 143 148 154 153 154 155 143 109 92 114 135 147 155 150 141 140 138 126 127 138 128 127 144 153 152 148 147 130 131 144 145 144 149 151 145 140 141 143 142 143 146 145 131 126 137 128 118 114 119 114 122 146 146 145 150 149 139 135 138 136 129 123 125 138 139 143 148 153 159 159 152
255 255 255 255 255 255 255 255 255 255 255 255 255 255 255 255 255 255 255 255 137 135 143 137 142 149 154 159 152 128 85 71 98 122 146 158 156 158 163 165 154 141 140 141 139 144 151 152 145 148 143 140 142 148 153 156 145 133 128 133 138 144 146 151 145 131 135 135 128 132 133 115 85 102 136 143 136 137 143 136 132 136 138 136 125 128 136 143 151 152 153 159 163 156
255 255 255 255 255 255 255 255 255 255 255 255 255 255 255 255 255 255 255 255 142 143 149 140 140 148 155 154 140 119 82 65 89 118 145 158 159 166 164 156 151 150 146 148 141 134 137 139 134 136 136 137 142 147 149 152 141 125 126 129 125 133 139 143 139 136 137 131 138 140 136 121 104 119 141 148 138 136 140 138 132 134 138 140 135 132 120 127 142 152 162 166 165 160
255 255 255 255 255 255 255 255 255 255 255 255 255 255 255 255 255 255 255 255 255 140 143 143 142 142 141 135 123 108 74 48 76 123 152 160 164 168 162 155 158 165 159 156 148 140 135 135 134 132 130 136 144 147 143 140 138 131 132 131 123 130 129 127 132 134 133 134 146 140 137 136 135 141 143 142 141 137 135 138 141 134 138 146 150 144 127 133 147 157 169 170 166 159
255 255 255 255 255 255 255 255 255 255 255 255 255 255 255 255 255 255 255 255 255 142 138 144 141 133 128 125 119 107 78 50 76 128 157 166 166 165 161 160 161 163 159 158 153 142 126 122 127 125 126 133 136 139 136 132 135 136 137 142 141 139 133 122 124 134 141 140 143 138 136 142 142 143 146 149 149 130 130 137 138 134 146 154 156 151 137 135 151 165 170 165 165 166
255 255 255 255 255 255 255 255 255 255 255 255 255 255 255 255 255 255 255 255 255 255 140 142 136 132 135 141 135 123 102 78 93 134 162 172 165 164 168 167 162 156 155 154 148 137 117 112 126 131 125 120 119 125 127 132 137 137 140 142 139 130 129 120 121 136 138 133 142 149 148 150 147 150 159 161 160 135 128 131 131 145 155 153 152 149 136 129 140 160 168 168 169 174
255 255 255 255 255 255 255 255 255 255 255 255 255 255 255 255 255 255 255 255 255 255 152 153 147 142 148 158 152 144 133 114 109 129 154 163 160 161 165 165 163 157 152 150 148 142 134 128 138 138 125 104 96 107 118 128 137 135 130 134 137 131 124 122 132 143 145 143 146 148 143 150 155 155 156 158 161 146 134 133 129 133 134 135 142 153 153 138 127 145 160 163 163 164
255 255 255 255 255 255 255 255 255 255 255 255 255 255 255 255 255 255 255 255 255 255 255 156 155 148 149 151 144 140 136 126 111 120 146 156 156 157 157 157 160 160 152 149 147 142 141 142 146 144 133 110 101 120 137 137 141 137 126 136 148 144 127 128 135 142 151 154 148 145 145 151 156 157 155 159 160 152 141 130 127 123 126 134 135 143 146 133 132 148 154 158 159 155
255 255 255 255 255 255 255 255 255 255 255 255 255 255 255 255 255 255 255 255 255 255 255 158 155 144 140 136 126 121 123 125 126 132 150 159 160 162 163 164 166 164 157 151 144 144 147 148 149 152 151 134 123 138 145 136 135 134 129 143 155 148 137 136 136 139 151 151 144 143 142 145 150 161 162 158 157 160 153 129 120 121 128 127 122 125 129 131 143 150 146 146 145 139
255 255 255 255 255 255 255 255 255 255 255 255 255 255 255 255 255 255 255 255 255 255 255 255 149 139 134 128 117 119 130 135 139 138 145 157 162 163 163 168 166 161 158 153 151 154 152 150 149 152 154 147 132 125 126 119 124 142 147 148 147 143 146 145 139 137 140 145 150 146 144 144 144 152 157 159 155 159 156 136 126 127 131 128 121 115 120 131 139 143 141 136 127 116
255 255 255 255 255 255 255 255 255 255 255 255 255 255 255 255 255 255 255 255 255 255 255 255 255 143 143 138 127 122 134 135 138 138 147 158 163 163 164 167 162 162 167 158 155 152 148 144 146 153 153 150 124 97 95 104 126 149 148 142 136 137 147 149 149 147 144 154 155 144 145 145 133 135 151 157 151 155 155 142 130 137 138 141 146 139 132 137 135 133 130 121 122 121
255 255 255 255 255 255 255 255 255 255 255 255 255 255 255 255 255 255 255 255 255 255 255 255 255 147 146 147 139 124 123 127 132 141 154 163 166 164 164 169 167 166 167 160 154 147 145 145 149 152 147 147 126 103 105 110 123 131 134 143 142 139 147 155 156 148 147 153 151 140 135 136 128 129 146 152 157 165 165 149 132 140 135 133 145 151 133 130 128 120 126 134 135 126
255 255 255 255 255 255 255 255 255 255 255 255 255 255 255 255 255 255 255 255 255 255 255 255 255 255 146 145 146 141 136 134 128 138 150 157 162 159 160 163 165 169 165 158 153 149 149 151 156 151 142 141 129 124 131 125 130 137 142 145 141 138 143 155 155 143 144 148 144 140 137 140 137 134 139 146 158 166 159 147 140 141 133 128 136 143 123 122 123 122 140 159 151 136
255 255 255 255 255 255 255 255 255 255 255 255 255 255 255 255 255 255 255 255 255 255 255 255 255 255 148 146 149 154 156 155 150 153 153 151 159 162 163 158 165 169 161 158 155 152 147 149 151 142 135 138 130 127 131 135 145 144 144 147 145 146 147 152 143 140 142 136 130 131 139 142 147 150 143 145 155 160 154 149 144 147 137 123 126 129 111 111 125 142 154 162 156 154
255 255 255 255 255 255 255 255 255 255 255 255 255 255 255 255 255 255 255 255 255 255 255 255 255 255 255 145 147 155 159 160 162 161 145 136 147 155 151 150 154 152 151 155 148 143 137 134 135 131 133 140 137 138 142 148 145 137 139 150 151 149 148 151 144 143 143 143 138 126 134 146 156 161 155 148 153 163 162 156 147 145 131 125 130 117 102 110 136 156 161 160 152 143
255 255 255 255 255 255 255 255 255 255 255 255 255 255 255 255 255 255 255 255 255 255 255 255 255 255 255 255 150 159 164 163 164 163 141 122 133 143 135 129 135 143 153 150 142 143 142 135 138 136 130 131 139 139 143 154 149 144 144 146 149 147 146 149 146 148 145 140 131 124 130 135 146 155 159 158 161 166 163 158 146 134 123 128 131 108 95 107 131 150 153 148 137 120
255 255 255 255 255 255 255 255 255 255 255 255 255 255 255 255 255 255 255 255 255 255 255 255 255 255 255 255 158 164 169 166 166 162 145 123 127 141 138 130 132 137 140 133 132 144 145 138 142 143 137 134 141 139 140 149 148 147 145 143 145 140 146 148 143 142 144 139 133 134 132 130 142 152 161 160 158 166 168 165 146 125 126 131 135 131 119 111 120 133 127 123 125 113
255 255 255 255 255 255 255 255 255 255 255 255 255 255 255 255 255 255 255 255 255 255 255 255 255 255 255 255 255 160 163 166 164 157 142 128 131 136 139 142 137 129 129 126 127 134 137 133 137 143 145 141 147 149 147 147 142 146 148 150 153 146 149 147 137 134 140 142 137 139 138 132 138 154 164 162 155 161 165 162 146 124 125 132 137 143 139 129 127 128 115 121 124 113
255 255 255 255 255 255 255 255 255 255 255 255 255 255 255 255 255 255 255 255 255 255 255 255 255 255 255 255 255 148 148 150 149 145 140 138 129 118 124 134 127 120 125 122 121 130 136 131 133 140 146 144 141 143 144 144 139 143 145 147 149 148 148 145 137 132 138 137 139 147 145 137 138 155 165 162 159 166 168 160 146 128 130 138 123 120 136 144 139 131 117 123 133 132
255 255 255 255 255 255 255 255 255 255 255 255 255 255 255 255 255 255 255 255 255 255 255 255 255 255 255 255 255 255 143 144 143 141 146 146 132 112 105 114 114 110 119 117 117 126 128 128 138 149 156 151 139 140 145 146 139 133 135 140 140 143 141 139 138 136 138 140 148 153 149 146 146 151 152 149 155 163 161 158 151 140 145 147 124 115 128 147 146 127 116 127 140 145
255 255 255 255 255 255 255 255 255 255 255 255 255 255 255 255 255 255 255 255 255 255 255 255 255 255 255 255 255 255 255 146 143 141 145 139 136 125 100 98 104 109 114 116 125 125 119 128 146 153 159 155 140 139 134 136 141 141 140 139 142 142 140 136 137 137 141 145 148 149 150 154 150 148 145 142 149 161 161 154 155 149 149 150 137 125 126 129 124 111 114 130 135 140
255 255 255 255 255 255 255 255 255 255 255 255 255 255 255 255 255 255 255 255 255 255 255 255 255 255 255 255 255 255 255 148 142 137 133 129 133 126 102 100 112 120 122 125 133 130 128 137 147 151 160 159 154 151 139 137 136 139 140 139 141 137 134 134 136 141 144 147 152 153 153 158 155 154 149 140 137 148 154 149 152 150 149 151 139 129 127 113 103 95 108 134 145 154
255 255 255 255 255 255 255 255 255 255 255 255 255 255 255 255 255 255 255 255 255 255 255 255 255 255 255 255 255 255 255 255 145 142 137 131 133 136 132 135 141 143 140 135 136 138 133 128 139 152 160 165 168 166 160 147 133 140 146 141 135 134 138 131 126 134 141 144 150 155 154 150 151 151 149 146 138 139 149 156 159 160 156 152 143 140 132 116 117 112 111 134 158 164
255 255 255 255 255 255 255 255 255 255 255 255 255 255 255 255 255 255 255 255 255 255 255 255 255 255 255 255 255 255 255 255 255 140 141 135 138 144 146 145 147 148 144 146 151 144 123 109 130 154 165 171 169 167 163 151 141 137 138 140 135 136 143 121 115 129 138 141 146 156 153 145 149 149 150 150 143 142 156 168 164 159 152 153 151 141 117 104 123 126 109 122 156 161
255 255 255 255 255 255 255 255 255 255 255 255 255 255 255 255 255 255 255 255 255 255 255 255 255 255 255 255 255 255 255 255 255 255 144 143 145 147 148 144 143 142 140 144 141 125 111 110 126 150 163 165 163 167 164 151 144 136 135 139 128 127 130 116 105 116 135 143 149 161 161 153 153 155 156 150 153 151 156 164 160 150 145 159 165 141 100 88 115 127 120 128 151 156
255 255 255 255 255 255 255 255 255 255 255 255 255 255 255 255 255 255 255 255 255 255 255 255 255 255 255 255 255 255 255 255 255 255 141 137 141 144 146 145 142 137 132 131 131 127 122 128 137 150 163 167 169 175 170 155 145 139 139 131 117 118 119 113 103 108 126 134 138 148 153 157 157 152 154 155 157 148 150 155 154 152 154 160 159 144 115 106 121 128 132 139 147 151
255 255 255 255 255 255 255 255 255 255 255 255 255 255 255 255 255 255 255 255 255 255 255 255 255 255 255 255 255 255 255 255 255 255 255 133 138 134 136 144 141 132 127 131 142 149 146 150 148 151 163 169 172 173 165 160 150 137 136 134 125 124 118 110 104 108 113 111 122 144 156 155 156 153 154 157 153 152 160 160 159 159 154 156 161 159 144 132 134 140 142 140 143 147
255 255 255 255 255 255 255 255 255 255 255 255 255 255 255 255 255 255 255 255 255 255 255 255 255 255 255 255 255 255 255 255 255 255 255 255 145 139 138 143 141 138 139 140 146 150 155 161 151 156 165 164 166 168 167 166 155 135 132 138 132 126 117 118 122 123 120 108 113 142 153 152 160 162 162 160 152 156 160 155 158 159 155 166 169 167 153 124 116 129 143 148 153 154
255 255 255 255 255 255 255 255 255 255 255 255 255 255 255 255 255 255 255 255 255 255 255 255 255 255 255 255 255 255 255 255 255 255 255 255 255 147 142 138 136 133 132 133 142 143 145 153 154 158 164 165 168 171 169 167 159 142 131 137 140 134 122 125 136 135 135 122 114 132 140 145 156 160 162 164 160 158 155 154 156 161 163 166 159 159 142 102 81 93 123 149 154 144
255 255 255 255 255 255 255 255 255 255 255 255 255 255 255 255 255 255 255 255 255 255 255 255 255 255 255 255 255 255 255 255 255 255 255 255 255 146 143 139 133 126 110 110 129 134 138 149 153 156 167 171 170 172 172 170 164 152 139 144 152 150 132 128 139 134 129 116 111 122 126 129 140 153 154 159 161 158 155 159 161 164 173 168 156 156 142 101 70 72 105 137 144 142
255 255 255 255 255 255 255 255 255 255 255 255 255 255 255 255 255 255 255 255 255 255 255 255 255 255 255 255 255 255 255 255 255 255 255 255 255 255 146 136 133 124 99 95 120 135 140 143 144 156 171 172 169 170 168 162 153 142 137 147 156 153 135 133 142 138 126 109 109 110 103 109 131 147 148 155 161 153 152 162 162 159 169 166 158 155 148 125 104 94 104 125 139 140
255 255 255 255 255 255 255 255 255 255 255 255 255 255 255 255 255 255 255 255 255 255 255 255 255 255 255 255 255 255 255 255 255 255 255 255 255 255 255 131 130 121 99 91 113 134 143 144 147 155 163 167 168 170 167 161 148 128 129 148 158 157 145 138 141 140 130 116 105 100 100 107 126 141 146 154 155 149 153 168 168 163 164 158 152 149 146 135 127 114 111 130 144 135
255 255 255 255 255 255 255 255 255 255 255 255 255 255 255 255 255 255 255 255 255 255 255 255 255 255 255 255 255 255 255 255 255 255 255 255 255 255 255 255 146 141 128 111 111 129 143 147 151 150 157 167 168 169 164 158 145 124 122 140 144 149 146 134 133 137 133 121 105 103 117 124 137 145 147 148 151 151 154 163 164 160 153 143 141 140 140 132 130 129 129 133 135 135
255 255 255 255 255 255 255 255 255 255 255 255 255 255 255 255 255 255 255 255 255 255 255 255 255 255 255 255 255 255 255 255 255 255 255 255 255 255 255 255 154 153 151 134 120 128 142 146 148 146 153 166 169 167 157 148 145 129 118 120 121 138 144 131 127 127 121 113 106 114 133 132 130 143 150 147 148 147 150 152 151 152 148 143 142 138 138 136 134 139 138 132 128 132
255 255 255 255 255 255 255 255 255 255 255 255 255 255 255 255 255 255 255 255 255 255 255 255 255 255 255 255 255 255 255 255 255 255 255 255 255 255 255 255 255 146 148 144 131 126 130 133 136 135 143 163 167 162 153 148 150 141 117 108 124 139 143 136 131 123 113 105 111 130 145 138 130 142 152 153 145 137 141 145 141 142 140 139 144 143 141 137 136 134 135 142 133 124
255 255 255 255 255 255 255 255 255 255 255 255 255 255 255 255 255 255 255 255 255 255 255 255 255 255 255 255 255 255 255 255 255 255 255 255 255 255 255 255 255 255 147 145 139 129 121 127 135 128 133 156 167 163 157 151 153 147 123 117 132 137 139 145 142 126 109 100 117 136 142 142 139 141 154 157 143 138 145 144 140 143 145 140 143 143 137 128 132 129 136 148 140 132
255 255 255 255 255 255 255 255 255 255 255 255 255 255 255 255 255 255 255 255 255 255 255 255 255 255 255 255 255 255 255 255 255 255 255 255 255 255 255 255 255 255 255 142 141 132 128 139 146 137 133 154 167 163 158 154 155 144 135 136 141 138 141 146 143 137 125 121 131 141 142 150 151 146 149 149 141 145 153 149 147 149 151 145 138 138 139 137 143 141 144 147 143 143
255 255 255 255 255 255 255 255 255 255 255 255 255 255 255 255 255 255 255 255 255 255 255 255 255 255 255 255 255 255 255 255 255 255 255 255 255 255 255 255 255 255 255 255 147 139 133 137 141 138 135 150 161 160 154 147 143 134 137 144 146 141 142 143 144 145 139 131 133 144 149 154 151 142 143 153 149 154 156 152 149 142 144 143 131 122 130 144 152 147 147 142 137 141
