example/E5 - XRays/X-ray-tomography/rastert_juap40.txt
ncols         356
nrows         356
xllcorner     -0.5
yllcorner     -355.5
cellsize      1
NODATA_value  -9999
[rows 168 to 209 of 356, columns 188 to 281 of 356]
172 178 176 184 179 174 180 173 170 173 176 177 185 181 177 170 178 172 174 174 177 184 185 186 172 168 175 179 172 166 185 191 177 171 170 174 179 176 170 166 167 168 172 181 173 167 168 179 176 181 179 176 175 173 176 183 181 167 165 166 160 161 164 170 168 166 173 168 159 152 151 158 156 154 154 153 144 145 138 138 131 133 132 116 111 122 142 143 134 132 138 135 131 140
175 180 183 183 182 175 174 182 179 171 176 182 177 174 181 179 179 170 177 184 182 188 181 181 170 171 175 170 170 171 174 176 165 175 180 174 175 166 161 172 177 178 164 160 166 171 178 183 177 171 176 177 183 182 178 178 183 176 165 174 175 172 178 172 163 161 160 158 153 147 148 152 156 160 156 152 139 135 133 134 133 147 144 121 121 122 132 131 131 127 137 133 128 138
173 175 183 177 180 167 162 183 179 169 173 176 177 176 173 175 179 174 181 179 175 186 172 174 181 177 171 169 179 180 171 176 168 169 171 168 173 165 164 170 176 181 187 174 164 177 178 176 182 175 174 177 188 181 173 176 185 181 179 187 178 171 176 167 159 156 159 152 155 156 154 154 162 158 141 139 143 133 130 133 129 128 121 115 126 124 123 116 122 115 126 136 138 134
174 176 185 183 183 173 171 172 170 177 173 173 180 175 170 173 184 182 179 175 178 187 176 171 180 175 165 169 162 161 172 180 178 175 166 161 170 167 171 169 172 172 184 180 169 184 180 173 181 181 178 179 184 178 181 181 177 181 183 182 171 173 170 168 173 173 172 156 154 154 147 151 154 147 140 141 142 119 113 127 126 106 86 87 104 116 121 107 107 111 127 136 133 123
169 175 177 176 178 174 179 172 169 174 174 173 160 159 174 173 169 178 180 177 175 179 178 173 171 160 156 162 152 157 169 170 178 178 168 164 172 167 169 173 177 172 173 177 178 174 177 181 176 172 178 186 183 177 184 182 171 179 180 180 175 178 168 168 174 180 170 163 162 155 150 155 145 130 144 142 121 100 114 136 140 125 105 106 118 124 116 95 100 115 131 131 130 130
174 177 171 169 167 171 187 178 163 164 174 177 162 170 171 168 167 173 181 174 167 174 170 165 164 157 151 161 168 172 168 162 168 169 177 180 177 178 178 175 175 182 177 169 176 174 173 176 174 180 188 184 181 182 177 179 179 182 172 178 179 172 166 167 174 178 169 171 172 166 162 157 146 128 133 133 125 118 135 152 153 146 140 144 144 143 120 98 112 120 127 124 128 138
176 170 169 177 170 177 184 170 169 170 162 166 171 178 172 179 175 170 175 174 173 178 173 162 160 163 149 152 166 164 162 167 173 174 174 178 176 172 177 182 180 184 180 173 178 179 177 171 170 181 189 171 174 180 174 184 187 186 181 178 180 175 172 171 174 179 177 175 174 168 173 169 158 155 138 129 130 131 149 155 151 143 149 152 148 150 133 116 121 122 131 131 135 143
177 166 168 180 178 175 179 169 171 183 174 167 174 168 168 180 174 164 166 168 174 175 178 168 165 165 145 134 160 171 169 164 168 169 164 169 176 173 177 179 173 169 168 170 174 166 179 181 169 175 178 165 168 179 179 176 177 169 181 177 174 177 176 173 173 173 172 163 166 168 172 172 164 160 147 135 119 127 150 152 148 139 144 150 151 151 138 126 124 125 136 142 144 140
183 182 175 176 174 161 174 180 174 178 173 179 181 169 167 163 163 166 173 166 165 164 169 174 182 167 130 124 168 179 181 176 171 172 175 180 177 179 181 175 171 171 169 169 178 172 180 189 181 182 175 176 176 175 175 167 171 168 179 178 175 178 178 179 186 178 173 170 175 180 172 172 174 167 165 152 128 136 151 149 135 124 134 149 153 156 151 136 131 139 137 133 134 121
184 183 177 177 172 170 181 178 173 168 173 189 180 178 179 161 159 174 173 172 175 175 176 173 167 155 135 138 173 179 184 183 169 170 182 186 176 178 182 181 175 170 176 180 185 179 177 184 173 169 168 180 178 171 174 172 174 179 181 178 175 179 174 181 189 179 178 179 176 178 177 175 174 168 169 164 154 148 144 137 131 123 125 138 144 161 155 141 130 129 119 119 130 114
210 209 194 185 182 177 181 178 176 168 177 187 176 178 192 173 170 179 162 167 180 171 171 167 165 165 155 154 168 178 177 176 178 181 180 174 175 183 183 179 180 176 175 180 186 176 176 181 172 177 183 179 174 172 168 170 178 183 184 179 178 180 173 174 177 177 174 173 173 172 175 176 175 173 172 165 157 142 137 136 137 127 120 118 122 153 148 140 136 122 104 112 134 125
223 227 224 208 192 178 180 182 175 175 184 182 172 170 179 167 163 166 160 165 175 167 170 166 171 174 170 164 168 175 173 167 173 174 172 164 172 179 171 164 176 181 176 184 191 186 181 181 180 182 184 176 175 177 167 167 170 176 179 181 184 178 173 175 177 178 174 176 176 177 177 168 171 174 172 164 153 144 141 134 127 116 114 108 119 144 138 133 144 141 124 119 131 136
225 219 225 224 217 200 191 191 176 170 181 169 168 175 177 171 162 170 180 183 185 180 175 171 172 169 169 164 167 176 179 168 163 170 182 175 178 180 174 172 173 175 176 177 183 185 184 179 178 175 175 184 173 170 175 172 165 169 165 171 176 173 178 186 183 167 164 172 171 173 175 167 169 167 167 166 153 138 140 134 129 117 115 116 134 144 136 134 142 142 137 131 133 140
232 229 226 224 225 218 214 202 181 174 175 163 166 182 175 166 169 176 182 185 185 173 170 168 164 159 166 168 176 184 186 177 172 182 185 177 172 170 178 183 179 178 181 178 174 180 182 177 187 177 171 181 181 182 182 182 170 170 163 167 173 162 167 183 178 171 172 178 166 153 161 169 173 167 163 165 152 134 140 144 143 140 137 131 136 149 134 128 134 133 129 129 136 143
238 241 235 217 222 224 222 222 211 190 175 173 166 172 172 165 171 168 166 171 174 167 171 172 173 164 174 181 181 188 195 181 171 177 176 182 177 171 182 185 178 169 178 180 173 174 176 171 181 179 179 176 185 185 175 183 174 172 179 174 169 142 145 171 166 168 165 167 161 164 173 173 170 160 159 163 154 141 139 142 137 140 150 141 134 145 134 119 129 132 130 135 145 147
229 229 231 230 233 232 233 238 227 206 184 174 164 157 171 176 182 182 174 171 174 170 170 172 176 170 179 182 182 180 189 179 173 176 177 180 179 176 175 174 177 172 181 180 180 169 180 174 170 178 183 177 180 179 178 189 181 172 179 177 172 143 145 162 157 161 159 157 165 178 176 167 161 158 166 165 149 143 144 142 135 135 145 144 148 147 141 126 129 127 131 141 148 146
229 228 223 239 239 227 233 229 219 211 186 164 157 156 172 177 176 182 171 166 170 164 164 167 169 169 177 165 173 171 176 179 178 181 181 175 176 179 175 166 171 167 179 180 187 182 187 179 172 176 173 171 178 182 184 185 183 178 176 177 174 164 162 164 160 162 164 167 169 165 171 177 173 174 169 164 157 145 143 146 142 131 138 153 164 153 148 143 136 126 130 141 146 142
228 230 226 236 243 234 232 233 222 214 190 162 162 178 183 169 159 171 178 178 175 168 162 165 169 179 185 172 177 173 178 183 187 183 173 171 179 183 178 176 180 169 176 184 195 185 180 178 174 171 174 182 184 184 185 179 176 181 183 181 173 167 166 174 172 164 163 169 171 169 175 187 180 174 168 165 162 152 150 150 142 121 126 151 162 157 155 157 157 144 136 146 146 142
228 228 233 234 233 231 226 229 228 222 198 160 162 170 162 172 176 178 185 184 178 178 175 178 180 190 177 174 178 173 173 173 178 179 178 177 187 188 175 170 175 173 173 178 182 177 175 173 181 181 180 182 177 176 180 181 176 180 178 174 170 173 174 173 170 168 174 175 173 178 174 177 173 169 171 170 167 163 157 152 143 123 124 145 158 165 160 165 165 147 135 135 142 145
234 236 242 236 225 228 229 231 224 221 200 148 147 157 156 173 187 183 172 167 175 177 174 183 182 187 170 170 178 175 168 170 173 174 181 184 184 183 178 169 173 178 169 172 177 176 173 173 181 182 174 166 174 175 174 179 182 190 178 174 178 178 178 168 170 171 173 181 178 176 173 175 178 181 181 179 180 166 154 152 151 136 140 155 163 170 163 158 147 131 119 116 131 138
233 242 239 231 226 233 234 232 216 214 198 142 146 163 162 163 174 179 177 169 177 177 169 181 174 176 178 175 177 168 167 183 182 172 179 181 173 175 186 180 176 183 172 169 176 177 174 176 180 177 173 175 183 181 174 169 180 194 185 178 183 179 172 166 174 163 163 178 173 170 174 177 183 184 181 174 173 167 159 154 155 148 152 160 161 162 156 151 137 128 119 119 123 124
217 222 234 234 234 249 238 230 219 211 187 148 156 165 166 168 165 168 179 179 172 173 169 183 176 170 173 172 174 156 161 177 174 174 179 179 180 178 184 179 170 172 174 178 181 186 180 175 173 176 179 181 179 177 174 174 179 182 177 176 180 180 173 168 179 170 165 170 170 173 178 174 180 178 170 166 173 169 163 160 159 153 143 137 145 151 152 150 139 136 137 137 126 123
223 220 226 234 230 236 224 219 208 192 167 136 156 167 164 179 170 161 173 171 168 178 179 176 175 174 170 170 183 165 165 176 173 172 173 178 186 181 184 185 176 173 183 182 184 194 182 177 172 171 179 180 179 183 174 178 179 172 174 182 174 174 176 176 182 178 173 169 177 173 171 173 177 179 176 171 173 169 162 159 156 152 138 132 144 151 148 144 137 139 145 146 137 130
215 226 224 231 229 222 216 218 207 190 171 148 161 169 165 178 165 161 169 164 166 175 183 181 183 185 174 162 171 175 173 175 176 183 181 177 175 177 179 184 183 173 180 187 190 189 175 185 182 172 184 184 178 181 176 172 180 177 177 182 176 179 178 174 175 181 182 174 176 166 160 169 180 182 176 172 174 173 163 157 148 150 141 135 146 153 149 147 142 138 141 147 142 140
205 213 212 215 214 213 212 217 198 182 175 157 154 166 164 171 165 163 165 159 160 168 182 185 176 179 181 168 166 170 174 175 168 180 188 189 176 180 182 181 187 180 173 182 187 177 177 187 182 178 189 189 179 171 175 180 186 181 169 160 168 179 180 177 177 179 178 174 180 173 163 157 173 180 173 169 173 169 162 151 144 138 133 127 138 153 152 151 148 141 143 149 152 155
191 190 191 202 201 203 201 197 187 179 169 156 153 165 162 177 177 163 167 168 171 178 180 174 169 174 174 170 173 170 175 180 169 170 176 186 192 199 197 189 195 192 177 177 187 178 176 174 177 181 180 186 185 175 169 174 179 178 183 166 169 181 179 174 171 176 175 178 179 170 169 163 167 174 180 178 177 170 162 138 128 120 124 129 141 153 149 144 141 138 143 156 157 158
174 174 182 190 185 182 179 177 180 174 165 153 159 165 156 166 174 166 173 180 184 185 176 165 169 182 169 165 185 179 176 177 163 166 177 186 195 195 191 188 187 180 168 170 185 175 173 175 174 182 176 174 185 189 180 179 187 180 190 179 178 179 171 175 172 171 176 183 174 161 169 177 167 165 171 174 174 170 160 135 130 129 128 135 145 151 148 139 138 137 137 150 148 142
165 164 177 182 183 185 181 184 180 163 164 154 159 171 174 168 168 166 165 169 175 179 177 175 170 177 168 162 176 176 171 172 172 173 180 193 198 196 189 190 191 180 169 172 183 174 173 180 174 186 181 174 183 185 177 176 182 178 179 172 176 172 168 180 175 164 168 182 181 174 174 169 168 171 168 171 176 170 152 137 142 144 138 139 147 146 147 145 141 135 136 139 138 137
159 161 170 174 180 177 174 175 165 150 160 159 155 162 174 169 173 175 168 170 170 174 174 175 174 163 162 171 174 178 178 172 177 176 168 180 193 191 183 187 188 174 172 183 184 175 170 178 176 183 178 174 182 185 178 172 177 181 176 171 177 174 164 168 165 165 169 176 180 184 181 171 174 169 170 171 173 162 143 138 138 132 137 144 142 141 148 146 140 135 138 133 135 137
158 162 155 159 180 176 166 154 167 171 166 155 151 158 165 159 168 171 171 189 185 173 169 166 176 169 160 167 175 170 174 179 180 175 170 178 185 185 168 165 172 167 171 178 176 176 176 180 178 181 182 178 177 179 178 180 177 177 178 175 174 177 169 169 168 174 180 175 175 176 178 184 178 167 167 164 163 152 145 147 144 134 136 145 139 142 143 134 133 136 137 135 137 135
165 164 158 175 181 179 178 166 178 179 167 142 138 158 159 158 172 173 165 184 180 169 173 169 167 165 166 166 172 167 167 185 187 176 165 170 176 171 149 143 155 158 161 167 167 177 177 178 176 178 179 180 175 169 178 185 170 171 179 174 173 177 181 186 180 179 174 171 175 176 179 179 176 177 171 162 155 145 145 145 148 151 145 149 148 153 150 143 135 133 140 144 139 133
174 166 161 183 179 177 178 168 173 172 166 148 129 147 159 165 180 175 168 178 173 162 164 163 154 153 171 181 179 180 174 184 184 181 177 172 159 151 140 129 131 143 151 170 170 172 173 173 174 171 177 179 175 168 177 184 175 177 174 173 175 175 183 186 180 171 165 171 176 179 178 173 173 172 173 165 158 148 142 143 147 155 151 151 154 159 155 155 147 142 145 144 134 134
178 167 165 167 163 170 174 167 169 169 166 162 131 140 162 166 171 166 167 175 173 163 150 147 155 159 170 176 175 184 181 178 180 177 172 168 161 162 155 144 150 168 161 166 169 178 180 171 175 176 179 179 178 169 166 175 171 182 174 169 171 171 172 174 170 164 172 180 184 181 169 169 171 170 171 167 157 146 144 147 148 147 143 142 147 152 151 156 155 145 138 142 141 139
176 171 169 175 174 172 166 160 162 166 156 160 140 132 148 161 162 160 164 170 167 165 150 153 167 171 173 175 176 179 184 177 176 181 174 168 169 166 163 162 165 168 170 169 167 176 178 176 184 184 179 177 173 173 168 174 175 184 177 171 170 167 166 172 170 171 173 168 179 178 172 176 173 177 173 151 146 151 159 157 148 137 122 120 144 154 154 154 151 143 137 140 145 149
179 181 167 179 187 175 164 163 155 163 161 159 138 136 151 170 164 149 162 166 158 154 151 166 173 170 172 179 177 174 175 171 177 188 177 174 169 170 179 172 166 168 177 173 167 166 164 169 174 177 177 180 174 182 179 174 173 168 169 169 175 179 175 176 177 173 169 171 176 172 170 181 174 170 162 143 146 151 156 153 146 141 118 115 138 150 157 155 151 147 138 138 145 153
179 182 174 175 184 177 167 162 157 159 159 154 147 160 167 171 162 156 155 158 159 162 156 158 168 170 171 179 178 174 181 171 168 176 166 173 178 186 180 170 173 178 182 178 179 173 166 163 162 172 176 179 178 177 180 171 172 169 174 169 178 187 176 164 180 173 172 178 171 165 169 175 168 164 155 136 133 136 140 144 137 138 123 123 137 148 145 149 156 152 137 139 151 157
178 170 179 174 179 178 165 160 173 175 162 156 164 173 166 161 166 176 172 168 170 163 157 158 167 174 181 180 186 171 174 167 159 170 172 178 177 179 178 179 172 168 172 168 169 173 186 177 167 174 181 182 193 185 173 173 181 173 174 169 176 180 168 156 173 175 174 176 172 170 178 182 172 161 135 108 101 114 134 148 143 145 140 136 134 140 137 140 149 148 132 131 149 157
163 164 180 167 171 183 176 165 167 183 174 164 162 165 164 168 166 171 173 159 168 164 159 160 166 177 185 170 175 173 174 169 170 181 184 176 166 173 178 177 176 172 166 164 173 176 181 169 159 164 178 177 185 187 178 184 190 171 175 173 173 173 175 169 169 171 170 172 171 170 172 181 175 158 129 103 99 122 151 158 150 150 142 131 119 120 128 129 129 130 115 115 141 158
153 162 176 162 161 170 172 172 165 170 162 156 158 158 160 165 164 162 161 163 170 165 157 161 173 173 169 162 165 169 179 175 173 178 182 178 169 170 175 167 178 187 176 167 169 168 173 174 172 170 174 174 176 178 175 181 188 172 176 182 177 168 179 178 174 177 183 180 170 166 164 170 167 159 147 139 152 170 171 159 152 152 133 120 115 114 116 106 99 108 109 117 144 156
153 159 162 157 157 162 168 180 172 166 153 151 162 162 166 170 173 166 160 164 165 172 171 168 177 172 164 171 177 169 174 170 169 174 172 173 168 169 179 173 175 175 175 179 176 173 178 181 174 171 176 177 172 173 175 180 176 170 174 176 174 162 163 175 175 175 183 183 170 170 169 168 156 148 152 160 172 176 167 162 148 139 126 123 119 123 127 108 95 104 119 130 148 151
143 154 156 150 149 161 167 177 157 151 147 157 171 161 169 186 180 167 168 165 164 169 173 165 167 169 163 172 183 179 169 165 167 175 171 175 179 180 178 170 172 174 174 176 184 181 173 171 173 174 174 169 166 170 175 185 178 181 173 166 178 177 171 177 170 174 178 179 176 173 167 158 137 129 154 168 167 164 163 166 153 141 129 135 140 146 147 135 120 122 139 139 140 145
131 155 168 161 158 169 164 166 149 151 159 163 171 170 166 176 179 175 174 165 165 165 176 171 161 168 164 165 170 175 173 175 169 170 161 167 172 171 173 171 172 173 172 173 185 187 175 163 170 180 172 176 174 168 170 178 174 180 168 165 181 176 173 176 173 176 175 168 177 174 170 155 125 112 149 170 170 167 170 170 162 144 125 134 151 160 155 151 147 145 144 129 128 145
