example/E5 - XRays/X-ray-tomography/rastert_juap20.txt
ncols         356
nrows         356
xllcorner     -0.5
yllcorner     -355.5
cellsize      1
NODATA_value  -9999
[rows 84 to 125 of 356, columns 188 to 281 of 356]
158 156 154 155 139 107 110 127 139 136 128 136 149 136 129 133 146 137 135 146 147 135 136 133 130 127 134 142 133 139 147 143 138 146 158 145 134 132 131 135 150 138 128 141 137 140 136 143 153 154 159 165 168 168 167 167 159 152 150 157 158 151 147 145 146 144 145 147 143 132 130 130 137 148 154 164 162 161 164 159 144 129 123 126 124 125 131 131 135 142 150 157 161 153
160 157 156 150 129 99 113 130 132 136 140 143 146 126 126 136 141 132 139 150 156 145 123 119 130 134 145 148 142 142 148 149 150 155 151 143 138 132 136 135 137 131 125 143 147 146 135 142 150 158 165 163 164 168 168 168 165 155 157 162 157 144 143 144 142 137 132 134 135 127 130 138 144 146 151 164 165 164 162 160 156 136 106 94 98 122 133 137 143 144 148 157 166 161
157 155 153 151 133 118 141 151 131 133 141 144 144 124 123 139 139 137 151 155 156 152 132 126 144 147 145 151 150 146 148 147 151 161 148 143 144 137 147 141 130 136 136 139 147 144 138 145 150 159 164 162 166 171 163 156 166 168 163 161 153 144 149 149 139 135 124 125 122 114 127 139 148 150 157 166 164 166 165 165 153 121 84 75 96 125 132 138 145 150 150 152 159 159
144 150 141 142 139 140 154 152 129 131 134 133 132 118 118 145 144 144 160 160 154 148 142 137 147 143 146 152 151 147 145 147 150 152 134 131 139 137 146 144 137 142 143 142 146 138 142 145 146 155 161 164 169 166 158 154 166 170 162 153 140 140 150 148 132 111 104 120 124 124 136 141 144 152 158 164 163 162 164 165 148 109 69 68 100 123 133 144 150 154 150 147 147 147
139 148 142 147 148 144 151 151 140 142 146 138 129 121 128 155 150 146 158 163 152 144 135 128 138 137 149 145 142 146 141 148 153 148 130 126 138 138 127 117 114 120 136 143 141 145 148 141 138 152 157 160 166 163 159 162 162 161 155 150 135 136 148 145 116 83 96 127 134 140 143 142 141 150 158 160 160 163 159 153 145 111 80 89 115 134 141 156 157 157 151 146 141 139
151 152 147 155 153 145 150 150 146 140 144 138 129 133 139 153 149 140 148 158 150 150 140 126 137 139 140 132 137 149 147 147 151 153 145 145 144 134 102 74 73 86 126 151 143 146 146 143 139 154 159 160 166 166 168 166 153 151 141 138 131 129 144 141 102 79 102 131 135 146 146 145 143 146 155 157 162 167 155 149 138 108 100 119 139 149 152 159 155 158 154 149 140 142
157 156 152 152 145 142 150 153 155 147 137 136 139 143 141 153 154 142 146 156 150 151 146 139 151 142 134 131 141 144 139 140 147 152 151 151 140 120 94 67 61 80 122 154 147 138 141 142 141 148 151 152 156 158 163 160 148 146 141 137 135 131 135 131 107 108 127 143 145 152 151 153 139 133 142 149 155 158 152 141 125 107 120 142 151 156 155 155 156 158 159 156 145 147
157 156 152 151 143 143 154 152 154 153 148 157 157 149 142 147 146 148 154 157 148 149 144 139 150 143 134 137 150 149 136 141 141 145 150 141 129 119 108 87 77 96 130 153 144 143 146 144 142 144 140 140 148 157 156 156 151 144 146 142 139 138 132 132 131 130 142 154 154 155 145 141 128 123 135 141 143 148 147 135 122 117 138 154 157 159 157 162 161 157 160 160 151 150
154 159 156 149 144 146 156 161 160 161 159 165 162 153 144 131 127 147 156 160 152 149 149 145 152 149 145 143 152 150 136 141 135 144 151 134 122 135 125 93 87 114 141 153 140 141 141 137 134 137 142 144 148 151 150 152 146 142 145 141 141 145 140 140 145 137 141 154 156 159 147 136 136 139 146 144 140 144 138 132 131 133 147 158 163 157 155 163 161 161 162 156 151 147
148 153 155 151 150 151 155 165 163 163 156 159 167 156 141 133 138 151 155 161 155 149 149 142 151 155 153 149 149 144 137 141 133 141 147 140 129 133 116 91 106 135 142 141 135 142 140 138 138 133 140 144 145 138 143 143 137 141 146 145 149 154 145 139 147 144 142 159 162 165 151 142 145 148 149 150 148 147 130 124 138 144 150 159 161 153 154 163 162 161 160 156 152 139
142 142 144 152 158 157 163 161 153 154 151 153 158 151 144 144 153 158 155 152 151 151 150 140 148 157 148 148 148 150 147 139 131 139 146 141 130 119 103 93 124 149 144 137 142 152 146 141 144 138 141 142 140 132 135 134 133 137 140 138 146 154 141 131 140 147 144 160 162 166 154 146 147 148 141 139 145 142 132 125 135 144 157 164 166 156 158 164 162 156 154 158 152 146
144 138 139 146 158 156 157 160 151 148 154 148 146 147 143 145 151 156 151 151 150 147 153 148 145 153 146 141 137 142 138 130 129 140 142 133 121 109 111 113 131 148 152 149 150 160 146 137 133 133 137 140 130 122 122 129 130 129 134 139 152 158 136 129 132 142 144 158 162 161 149 146 149 148 138 135 141 141 138 136 147 155 161 163 160 149 157 161 163 159 156 155 157 161
135 138 145 150 157 158 155 155 157 150 143 143 155 153 144 149 154 162 159 154 144 137 142 146 146 149 146 138 137 132 123 134 140 145 140 133 123 112 121 137 142 148 153 149 141 149 137 129 123 125 132 136 129 119 108 119 130 135 140 148 158 161 146 140 136 140 146 150 147 136 133 148 148 142 144 148 142 141 138 135 150 156 156 156 156 153 156 158 162 156 145 143 155 155
138 145 149 149 152 160 163 158 161 154 139 145 154 148 142 141 153 173 168 150 134 127 140 144 148 151 153 146 151 145 135 145 148 147 146 142 136 131 132 148 150 148 153 154 146 135 114 110 124 133 138 136 136 116 101 117 140 147 154 158 158 158 153 148 141 139 138 130 127 116 128 153 157 152 153 154 148 143 135 135 149 153 157 161 165 162 155 155 155 148 135 137 147 144
147 151 152 150 150 157 153 152 161 152 137 141 142 142 148 146 156 173 166 151 125 109 132 145 141 148 155 146 149 147 143 148 149 153 149 146 146 144 139 151 155 148 154 154 149 132 113 118 138 144 139 137 144 126 123 134 151 153 165 167 159 157 156 152 143 145 146 132 131 128 142 157 161 162 159 158 157 158 155 154 153 152 153 155 155 153 150 151 148 139 132 140 144 139
151 152 146 154 148 156 150 149 153 146 137 134 130 139 148 150 157 167 164 163 132 109 126 144 141 155 152 151 154 153 154 155 155 161 153 146 146 149 146 146 148 151 157 153 145 137 136 143 145 151 148 141 142 130 139 147 151 159 164 166 155 157 162 153 139 145 152 138 138 144 151 155 159 165 164 168 165 166 171 167 157 150 140 130 131 144 149 141 140 135 136 144 140 135
148 150 151 162 158 163 153 153 148 144 141 133 133 144 135 129 148 169 161 160 134 120 133 150 151 155 143 150 155 147 150 158 155 155 155 149 143 146 146 145 145 153 160 165 150 134 146 153 146 157 152 135 137 132 142 151 157 170 164 160 149 154 157 146 140 139 148 140 142 151 149 158 163 170 170 172 163 156 163 159 148 134 128 122 131 147 144 132 136 139 140 142 139 134
151 156 162 167 159 165 153 149 145 137 142 137 132 136 122 123 142 154 154 146 118 116 139 149 154 156 143 146 153 151 151 159 159 156 152 155 146 145 147 149 148 151 160 165 149 136 141 145 142 155 144 136 140 135 134 146 162 164 156 156 148 143 135 134 137 141 143 142 144 145 148 159 163 174 174 168 155 147 153 143 132 130 126 129 138 148 140 129 136 139 136 139 144 139
157 160 161 168 152 161 161 154 154 136 140 139 136 134 120 122 139 153 159 151 115 104 132 143 152 159 151 150 151 159 159 159 153 152 151 157 149 150 151 144 147 150 155 150 148 147 146 145 140 142 135 142 143 137 132 139 147 151 155 151 145 133 130 139 143 151 137 134 135 138 150 160 159 171 171 158 144 132 142 138 135 148 143 140 141 142 139 132 139 144 144 149 152 140
159 165 164 178 164 159 170 160 151 139 138 136 135 136 132 128 137 154 161 161 131 107 128 142 152 159 159 158 153 154 161 159 151 147 149 155 156 153 149 151 150 150 150 154 155 150 148 142 139 133 131 137 137 136 133 133 134 139 138 138 149 145 136 140 148 152 145 138 140 148 155 160 157 156 149 140 135 126 143 150 144 155 150 140 139 136 140 138 143 151 156 157 152 140
151 165 161 165 164 158 163 158 150 142 134 129 124 126 135 142 145 156 150 147 139 119 124 136 151 152 149 147 147 158 155 151 155 153 154 158 157 143 149 167 159 152 148 154 152 146 152 142 143 137 138 130 124 134 144 145 132 116 102 121 148 150 137 141 144 138 139 138 151 161 159 156 150 140 129 128 129 132 144 147 142 146 137 132 133 137 145 145 155 158 159 159 154 149
134 146 152 152 158 163 156 159 153 142 142 133 115 114 128 148 152 158 147 129 135 133 124 132 149 147 146 149 150 162 155 154 164 155 154 164 161 138 149 173 164 163 155 150 150 152 159 154 149 138 142 130 125 143 157 150 126 109 110 132 151 154 142 150 149 139 141 145 153 157 157 148 146 139 134 142 145 145 147 144 135 140 137 139 137 135 137 134 150 159 159 162 162 158
125 132 151 152 152 162 160 165 151 136 140 135 116 117 131 155 157 155 146 134 136 142 135 137 148 147 150 157 149 157 158 156 165 151 151 157 158 154 163 171 159 166 162 154 152 156 162 161 157 141 142 132 128 140 149 151 138 128 140 148 151 159 140 145 156 143 146 152 148 141 141 138 141 143 141 148 150 145 143 139 136 145 142 145 141 136 136 125 132 148 158 164 162 159
133 135 143 153 153 152 151 162 153 140 137 132 133 131 133 155 159 154 141 139 138 139 139 144 154 157 156 158 151 154 161 165 161 146 151 154 153 160 167 171 163 164 163 163 161 160 161 157 161 152 145 139 140 152 156 163 153 138 140 146 149 159 143 147 154 139 142 146 142 137 134 128 128 137 143 151 153 145 134 129 134 141 136 135 138 149 145 135 133 139 156 163 157 160
143 131 128 147 156 147 145 156 150 142 133 132 146 141 135 144 156 156 145 144 145 139 137 144 151 150 148 155 161 153 161 169 160 151 154 158 160 161 161 169 168 173 165 164 165 163 156 151 150 144 150 144 147 163 161 159 147 145 151 155 149 152 153 154 144 137 151 152 141 137 144 138 129 130 135 143 149 138 128 134 138 133 122 122 134 153 153 146 145 140 144 153 154 154
149 136 128 138 151 145 144 148 141 139 136 142 151 143 143 137 145 152 144 146 150 141 137 147 152 146 144 156 166 154 155 153 151 157 152 151 157 159 161 167 163 164 153 154 161 161 152 145 140 137 152 151 154 161 160 157 150 159 166 162 155 150 150 141 125 135 152 151 144 139 147 142 131 130 130 136 139 131 134 143 145 136 118 106 119 140 154 154 150 143 139 144 153 147
151 145 138 132 147 147 143 146 143 143 145 148 152 154 153 134 136 146 142 141 147 147 146 158 150 146 151 155 152 153 160 155 148 156 147 140 146 149 158 159 160 166 160 156 158 160 157 151 152 152 149 153 152 153 155 157 152 155 163 155 156 153 150 134 127 140 150 149 149 136 142 145 139 137 135 139 141 136 148 149 142 138 126 114 117 135 152 151 141 136 140 144 152 142
149 146 140 133 145 146 144 151 147 140 142 147 149 154 160 148 148 157 150 137 140 147 143 155 142 147 156 148 144 150 159 159 145 152 154 147 134 131 152 157 158 166 165 160 165 166 156 155 154 154 151 146 139 143 153 158 151 149 157 159 160 153 153 146 146 149 150 156 149 135 147 148 136 136 142 145 148 145 146 140 138 135 125 121 128 144 148 137 134 138 135 140 149 143
140 144 143 142 152 147 144 147 146 145 138 146 148 151 155 148 149 158 153 140 135 140 143 157 152 150 148 147 155 153 156 161 149 157 162 154 138 137 150 157 161 157 156 160 168 168 152 155 150 147 152 150 144 138 139 145 150 146 148 162 157 149 151 154 152 150 150 154 144 134 154 148 135 134 148 151 148 150 150 136 132 124 111 120 136 148 145 133 140 136 128 133 137 135
136 144 145 147 157 158 153 143 150 159 148 150 149 150 154 157 153 153 152 141 143 147 153 158 153 153 151 151 161 153 157 164 150 163 162 154 158 161 149 143 152 151 145 150 154 154 154 159 150 141 144 148 151 140 128 128 145 142 144 150 141 150 156 155 144 140 145 149 148 140 148 140 138 139 152 152 143 147 153 144 132 119 117 136 146 148 146 138 138 137 141 148 140 122
140 144 147 153 160 159 158 152 157 153 144 142 149 145 148 156 150 156 157 144 150 149 148 156 150 148 151 153 160 160 167 161 149 152 150 158 169 158 142 151 157 150 138 137 148 158 159 156 146 140 152 149 133 132 123 121 140 140 137 135 131 136 142 143 137 134 134 147 159 148 144 142 135 139 148 143 138 131 142 148 136 128 131 140 142 144 145 142 142 148 155 156 142 113
142 141 146 151 153 149 156 157 164 156 149 150 162 155 143 141 141 157 152 139 136 140 145 155 157 153 151 159 162 165 166 159 154 152 148 152 165 160 153 156 155 149 141 135 151 163 161 156 141 134 157 146 115 127 130 130 146 142 141 141 133 114 121 138 142 134 128 141 155 154 155 148 137 145 141 127 125 111 125 145 141 133 134 138 138 124 121 137 152 155 163 157 142 122
151 146 142 146 152 145 148 158 155 148 150 150 160 153 138 126 132 153 150 128 117 139 152 149 150 167 164 163 163 165 159 155 151 148 152 146 157 161 156 148 141 138 137 136 148 151 156 151 136 129 148 135 121 133 129 132 143 143 149 145 142 120 126 137 137 136 134 141 148 156 158 150 149 153 134 118 112 104 121 135 136 130 135 140 139 119 119 138 144 144 154 150 138 134
154 150 140 143 150 149 144 161 154 144 145 143 150 138 135 125 125 148 149 124 120 133 147 150 151 169 165 164 161 169 163 154 152 149 157 155 155 151 153 150 142 142 138 136 143 149 156 148 149 147 149 138 137 137 125 138 145 145 142 138 144 135 137 136 137 143 142 144 141 144 146 147 156 159 135 113 99 96 109 115 126 137 143 146 146 137 143 142 134 134 141 137 133 137
147 144 125 145 147 146 146 158 153 149 141 145 152 125 130 137 130 146 145 134 138 132 143 150 151 159 162 163 158 166 161 155 153 150 152 157 156 148 154 146 138 145 145 149 150 153 158 145 154 155 155 146 146 144 139 153 147 141 143 143 139 138 139 136 143 149 147 145 134 134 142 147 158 160 148 139 119 105 101 104 131 149 154 151 144 146 154 148 138 138 144 144 143 137
148 145 130 142 140 138 149 160 146 142 135 132 132 128 135 137 132 143 149 147 143 138 138 137 146 151 160 158 157 168 162 161 156 151 152 151 149 147 143 141 138 139 145 153 157 162 159 148 148 149 153 151 153 151 150 156 147 139 136 133 137 145 146 141 140 141 143 141 135 141 147 144 159 166 164 166 147 129 120 125 146 158 156 154 152 153 154 149 142 147 151 148 145 134
154 144 136 133 133 136 145 151 148 143 138 133 127 131 136 139 141 137 146 141 130 135 137 130 135 148 159 162 164 166 165 171 167 158 157 143 143 153 134 136 141 146 153 154 154 159 159 153 150 146 148 150 144 140 148 156 153 152 142 136 143 146 142 143 141 140 142 139 132 140 143 134 160 173 170 167 149 135 138 146 152 166 158 153 154 144 132 142 150 152 154 151 145 138
135 123 116 120 126 139 151 144 144 137 130 142 144 141 142 146 138 135 150 140 134 139 146 142 134 143 163 164 158 153 159 167 164 153 158 154 155 154 144 149 147 150 154 154 151 155 155 148 143 141 146 145 130 131 147 157 157 156 150 143 139 142 144 142 146 151 144 134 133 139 139 134 155 167 166 160 148 138 144 152 155 165 153 151 154 148 143 152 153 152 155 158 153 149
125 113 99 115 128 139 146 138 140 143 142 144 139 140 143 147 142 137 150 144 144 143 146 146 136 135 151 153 157 158 160 161 156 149 159 159 157 154 153 155 156 159 149 145 150 157 155 147 137 142 152 150 138 135 136 141 140 143 154 146 135 142 146 140 145 159 150 141 143 144 143 145 147 157 162 155 147 140 142 149 161 163 155 161 161 154 159 159 152 154 151 155 153 155
130 134 122 128 136 131 139 141 139 143 147 143 138 145 146 149 149 144 140 142 155 155 156 145 136 135 145 152 163 164 162 160 148 140 151 154 151 157 157 151 152 160 153 156 154 152 148 139 131 144 144 141 146 145 133 129 128 136 154 149 137 137 140 139 143 151 148 149 149 149 149 149 140 136 141 142 138 140 149 154 159 165 166 163 160 154 158 159 155 155 154 154 152 159
139 144 133 118 128 127 138 137 132 135 132 134 133 142 148 143 135 145 143 145 153 153 148 139 142 141 147 156 151 151 164 162 148 145 158 160 157 165 166 164 156 155 159 157 150 156 157 139 132 142 144 143 143 140 129 130 140 133 138 148 141 128 131 137 146 148 140 138 144 158 149 139 137 132 135 139 136 140 155 159 158 167 169 164 166 165 163 159 154 156 156 151 153 160
137 136 115 93 117 126 128 129 129 136 125 130 133 139 148 143 141 145 144 146 143 146 142 150 157 146 145 153 143 144 160 156 161 159 163 163 163 165 166 167 151 146 154 146 147 162 156 136 127 112 125 136 132 132 115 110 130 137 141 141 133 126 130 145 152 148 135 130 143 151 141 140 142 138 140 141 140 147 168 167 163 169 169 170 169 166 164 159 154 154 155 155 159 152
