example/E5 - XRays/X-ray-tomography/rastert_juap37.txt
ncols         356
nrows         356
xllcorner     -0.5
yllcorner     -355.5
cellsize      1
NODATA_value  -9999
[rows 84 to 125 of 356, columns 188 to 281 of 356]
137 126 140 149 145 143 145 155 154 151 140 139 150 156 161 149 136 138 138 146 145 136 142 137 144 153 155 150 146 138 141 149 161 166 160 155 140 122 146 159 145 140 146 142 139 130 123 126 136 125 105 101 134 153 144 146 135 138 125 115 128 135 139 148 153 157 159 150 137 133 128 127 130 124 122 127 136 143 149 142 127 122 121 125 127 128 135 142 145 142 142 148 149 144
146 132 140 147 146 145 153 160 154 155 155 151 159 162 157 152 143 136 134 149 156 151 151 148 156 152 159 162 154 149 136 134 154 163 157 157 148 128 145 161 151 137 138 142 146 144 134 124 124 112 110 128 152 156 151 159 149 142 124 122 132 135 146 148 146 150 153 140 133 127 118 116 125 118 111 119 137 149 159 144 121 106 115 133 137 136 141 144 142 132 131 140 145 144
164 149 144 151 152 150 152 155 153 155 155 151 152 157 153 151 141 138 140 150 154 153 156 159 163 145 150 164 158 158 139 121 140 156 153 158 148 134 149 164 159 136 129 138 155 152 139 119 103 93 109 137 150 150 154 161 150 128 103 109 119 130 146 135 134 144 143 135 136 132 122 110 114 115 118 131 145 150 156 144 120 100 105 123 132 137 140 138 135 125 126 128 126 130
165 158 145 153 154 145 155 163 160 148 146 158 158 158 154 151 137 134 140 150 155 160 160 159 161 145 144 159 158 156 135 122 134 152 157 157 147 147 155 163 161 146 140 142 143 136 133 120 98 85 107 142 149 158 156 153 142 114 77 77 106 133 149 131 132 142 136 127 133 138 130 120 116 116 126 139 143 143 151 148 129 117 124 133 137 142 144 141 137 135 140 128 118 127
152 151 147 152 156 143 154 166 157 140 143 156 155 151 146 143 143 137 129 143 153 159 161 159 154 144 150 160 161 160 137 118 129 149 151 149 148 156 157 160 161 158 152 145 131 119 119 107 87 85 119 153 149 157 146 142 136 116 82 75 99 127 143 131 135 142 130 125 130 134 133 138 138 136 134 132 141 147 151 148 144 144 155 155 152 157 155 157 154 154 156 148 145 148
152 152 151 148 153 137 140 152 150 151 151 144 142 135 131 125 129 141 135 137 143 146 161 162 149 140 150 153 160 162 147 125 129 144 143 143 148 160 166 162 163 154 149 141 135 133 119 96 77 80 122 153 147 154 145 139 129 119 105 94 90 106 128 130 137 135 119 123 127 131 139 142 144 140 138 140 148 156 157 154 154 159 161 159 156 159 161 162 156 154 160 159 164 164
154 152 146 139 151 135 136 148 144 155 150 133 127 127 130 126 126 141 141 133 146 152 153 148 151 150 150 150 159 163 162 143 130 141 144 143 150 162 170 161 156 144 143 133 129 130 112 82 78 89 112 141 150 150 132 129 128 125 120 110 97 96 116 118 124 129 122 129 138 139 140 141 148 147 149 152 157 157 160 162 158 159 162 162 160 161 164 161 155 159 162 163 171 167
145 140 146 144 151 141 143 147 149 160 150 141 129 124 133 138 136 134 139 131 148 163 155 148 154 154 157 160 160 161 160 150 136 140 141 145 154 164 170 159 144 123 128 127 124 116 94 75 91 113 125 142 153 140 107 110 124 127 115 104 96 90 103 109 124 136 136 141 143 143 143 147 154 157 159 158 162 157 158 163 160 160 163 166 167 162 161 157 155 164 165 169 170 161
140 135 139 151 148 143 150 145 152 153 142 146 134 120 135 145 143 139 144 131 144 160 154 155 148 152 161 162 152 159 161 150 141 132 126 143 157 148 149 159 153 124 109 118 124 119 110 102 118 130 139 141 136 112 84 86 112 131 118 114 116 112 119 128 141 149 148 148 144 138 145 147 153 159 159 156 160 164 160 163 166 165 166 169 166 158 156 153 158 165 163 169 167 162
135 135 128 146 147 136 144 145 148 141 137 144 134 125 137 144 152 154 139 127 144 155 149 155 151 156 161 157 148 159 162 150 140 129 125 139 148 130 127 149 151 143 121 120 120 128 137 131 136 137 140 138 131 105 81 76 110 141 136 135 143 148 151 150 151 158 157 154 144 141 153 154 155 158 160 161 165 167 166 166 167 166 171 169 161 157 157 159 166 167 162 169 169 170
136 139 131 133 140 140 146 146 148 144 137 134 125 126 138 143 153 159 146 133 138 144 146 152 150 153 149 150 150 145 144 148 135 122 131 143 138 136 133 141 147 157 141 129 129 135 140 130 127 134 144 145 135 115 106 103 125 152 156 152 155 161 166 158 159 167 160 149 144 142 151 154 153 154 165 164 162 162 167 169 165 163 166 162 158 160 161 165 164 164 161 165 168 168
141 145 133 125 133 144 148 143 137 143 138 137 131 120 129 144 153 165 160 146 136 134 147 155 152 150 145 144 140 128 127 137 130 118 123 142 139 141 141 145 157 162 139 132 144 137 131 131 128 131 146 151 136 124 135 138 149 163 164 157 157 166 172 167 165 166 160 154 149 145 155 155 154 159 167 161 158 164 166 166 159 163 164 162 163 163 161 162 164 165 165 170 166 161
142 143 136 129 126 141 137 139 128 146 141 134 135 122 131 149 156 160 157 151 137 132 145 151 156 157 149 141 129 121 124 137 131 122 125 133 132 142 147 144 155 153 133 131 140 132 128 139 130 122 138 149 147 144 151 152 158 166 168 166 162 169 169 168 165 164 164 160 148 148 158 155 154 159 160 160 160 165 166 164 163 161 162 168 165 159 159 163 169 169 166 167 166 165
139 130 138 138 132 141 143 157 138 141 134 113 115 120 139 152 154 153 158 154 138 137 143 148 155 155 150 144 130 127 130 145 136 132 137 132 128 138 146 141 149 141 129 140 144 133 130 137 120 111 130 144 147 147 155 159 158 166 172 168 161 167 165 162 161 159 155 152 150 145 150 153 155 157 160 167 160 163 167 168 165 157 162 166 159 160 163 166 170 171 161 161 161 164
136 132 141 142 146 147 155 172 148 127 122 121 124 135 154 157 155 155 164 157 142 143 142 148 152 152 145 140 133 132 133 145 134 128 132 127 131 139 141 138 144 145 143 156 160 138 126 125 119 113 132 150 147 148 165 163 162 165 160 163 162 165 170 166 160 149 142 149 149 143 149 157 160 159 159 163 158 164 166 172 164 157 164 165 159 165 171 167 164 162 159 162 156 155
132 140 135 141 141 142 154 166 153 128 121 139 144 155 160 161 162 160 165 162 154 150 143 149 153 149 141 138 137 132 133 149 134 129 126 128 140 139 138 137 148 157 155 156 160 144 128 119 125 131 141 153 159 160 169 159 163 169 161 167 169 164 163 160 151 132 133 145 140 142 154 165 165 161 161 159 160 163 162 174 164 161 169 170 164 169 172 164 163 164 165 166 159 159
142 145 134 143 141 139 152 157 156 136 127 133 141 165 167 165 163 161 161 158 150 149 139 139 144 146 138 132 140 142 135 144 135 135 132 130 144 136 128 134 147 151 151 148 146 139 133 134 140 146 151 156 161 158 163 161 157 158 161 164 160 164 160 152 141 125 128 138 148 154 164 169 164 161 162 160 160 162 168 171 163 162 161 163 165 165 162 156 159 164 166 162 160 162
151 152 147 150 146 137 140 142 144 138 145 140 148 164 157 157 164 170 164 161 151 151 144 139 141 144 137 130 136 145 144 146 141 146 146 140 149 146 130 133 140 138 148 157 150 141 142 146 142 147 149 152 159 152 151 156 154 152 159 158 158 168 158 151 138 131 133 135 150 160 162 168 165 162 161 156 157 161 173 168 160 159 161 167 165 163 160 159 159 163 162 160 162 164
155 155 153 154 145 140 148 142 134 138 161 157 148 157 157 161 171 175 162 159 146 143 152 152 145 139 137 137 134 143 142 143 144 152 151 142 146 144 133 137 136 128 142 158 158 152 146 145 143 149 149 147 150 139 136 147 145 134 138 143 154 157 149 143 132 127 128 134 150 158 157 162 159 161 164 157 161 166 169 166 158 161 166 171 164 165 169 171 165 161 160 161 165 167
147 144 144 144 146 140 143 139 135 146 168 166 155 154 159 167 171 171 157 141 133 140 150 147 142 144 145 147 144 137 139 143 142 141 145 137 132 132 133 135 128 120 129 150 161 159 144 140 150 150 138 134 128 109 107 125 120 95 92 110 133 142 143 123 106 96 100 125 149 155 157 167 165 160 158 159 167 172 167 165 165 170 171 170 164 165 168 167 165 161 163 162 160 165
132 137 145 139 146 140 135 142 146 148 157 156 157 154 156 164 167 169 152 138 144 150 147 145 146 152 139 129 129 127 139 145 141 131 147 142 128 124 117 125 126 124 128 145 152 151 140 137 143 145 132 133 125 101 87 102 101 72 66 90 112 137 137 116 101 98 118 138 150 151 155 167 163 158 156 165 171 169 164 166 171 168 165 168 165 165 168 165 163 162 167 165 163 166
124 135 152 150 162 167 155 151 151 145 148 151 156 151 158 173 165 153 142 144 146 145 141 151 153 149 131 123 129 134 132 137 133 124 141 146 137 127 110 112 119 124 131 146 149 148 144 135 136 149 142 136 127 115 99 106 100 60 55 80 97 130 135 127 124 125 141 138 143 150 152 157 155 162 163 166 173 167 160 167 169 158 158 166 164 165 175 169 165 166 171 171 171 169
133 147 156 154 159 163 162 156 149 145 147 148 142 140 162 172 159 150 148 138 136 137 133 151 160 151 129 127 144 147 130 130 116 103 122 144 140 137 129 113 108 127 134 139 147 157 152 138 140 152 147 133 128 129 126 132 113 78 79 98 109 139 147 140 140 137 135 135 140 145 153 162 160 161 162 161 172 170 168 172 169 163 162 168 166 166 171 160 162 166 168 169 172 165
132 147 161 167 160 158 162 160 149 144 138 125 115 121 151 162 157 159 158 127 121 138 144 151 148 148 136 134 142 150 139 127 114 108 120 139 142 145 139 119 105 126 136 131 139 157 159 154 152 148 150 144 140 135 137 143 121 108 114 123 132 151 158 144 137 130 114 118 132 141 156 166 163 160 163 164 171 169 174 170 165 166 164 167 163 161 165 162 168 173 172 168 169 162
133 144 151 161 166 162 152 146 137 133 131 128 126 126 139 147 156 163 148 108 95 121 144 145 138 138 134 142 144 148 145 132 136 130 119 126 133 140 136 122 120 130 134 138 151 165 164 161 159 154 155 153 151 151 156 151 128 122 134 136 140 149 148 131 126 120 99 95 118 147 160 159 160 165 167 168 170 165 169 173 166 164 166 166 160 156 156 162 171 173 166 161 165 170
136 148 141 138 152 146 140 132 128 133 132 135 135 137 144 149 162 164 144 117 100 104 131 141 144 141 137 138 134 135 140 141 146 137 120 113 119 128 138 139 146 133 132 146 163 167 163 162 162 164 161 162 160 163 163 151 134 128 131 136 140 135 130 128 126 128 115 113 120 143 160 162 165 174 172 174 171 167 171 171 164 161 167 163 162 164 160 160 167 165 155 162 165 169
145 163 158 139 140 134 141 138 131 139 135 129 135 138 146 154 156 153 141 127 124 116 126 140 156 152 145 140 133 130 138 147 146 135 128 117 118 128 138 146 158 134 128 151 165 161 162 165 159 165 173 166 157 158 162 153 144 134 129 141 136 127 137 136 131 145 143 142 137 141 156 164 166 171 169 172 167 165 168 163 165 167 167 162 164 168 166 157 156 156 160 171 168 163
145 158 155 141 143 146 151 143 137 134 131 129 135 135 142 143 138 132 134 126 130 136 137 138 150 143 138 139 144 137 143 145 144 139 138 138 132 129 134 139 150 138 136 153 158 161 157 157 160 163 170 161 156 159 167 164 155 141 131 138 133 131 141 137 138 145 149 151 144 148 157 158 163 165 169 172 167 166 164 161 159 166 167 167 167 164 159 153 151 156 165 168 165 164
134 148 150 137 139 154 152 138 131 122 125 120 120 135 144 135 135 132 139 131 133 140 143 137 136 134 134 130 140 140 146 141 139 143 150 159 151 134 135 140 144 135 142 157 158 168 159 153 165 168 165 166 166 156 159 160 155 146 135 134 141 136 131 131 137 138 142 147 145 155 159 154 162 166 171 166 163 166 161 159 158 164 164 171 170 167 160 156 154 157 169 167 159 160
137 151 152 142 142 150 142 125 121 123 125 120 118 134 147 141 139 134 123 125 136 138 134 126 124 131 130 126 139 140 140 136 133 147 160 168 157 137 139 143 142 143 148 155 158 162 167 166 170 170 159 167 174 161 158 153 153 154 137 132 134 133 137 128 134 139 133 139 145 156 161 162 170 168 170 163 162 160 151 158 164 163 164 175 170 168 163 161 163 164 169 162 158 160
148 149 145 148 145 142 149 143 127 124 132 136 141 139 143 149 138 126 107 111 123 127 120 113 128 130 116 115 129 129 127 134 130 139 147 145 141 136 136 127 115 126 146 150 159 158 169 177 169 163 155 164 178 161 154 159 158 157 135 131 130 128 125 115 126 133 126 132 141 156 160 165 172 168 163 159 163 157 149 165 172 168 166 168 165 164 163 166 163 166 163 159 163 166
143 137 143 145 143 141 152 144 114 115 141 145 148 140 131 144 144 130 112 98 102 121 118 114 130 121 100 94 101 117 129 141 138 130 127 108 120 132 130 120 98 98 137 155 168 167 168 169 155 156 168 176 175 153 149 157 152 149 135 128 129 124 111 108 124 131 133 127 133 154 156 161 171 174 163 160 161 156 159 171 169 168 162 156 161 162 167 167 163 167 163 161 168 168
149 143 138 132 141 145 148 144 122 125 146 144 145 141 130 139 135 132 128 105 78 98 125 132 129 112 92 77 87 121 136 149 155 139 127 106 126 139 130 129 111 92 122 150 160 165 168 167 156 158 171 168 158 150 150 151 146 137 132 125 119 120 119 118 134 148 157 139 137 144 149 163 170 173 159 154 152 152 163 167 158 164 168 167 169 161 164 164 162 163 163 166 171 166
154 141 129 132 142 151 156 151 136 134 148 149 150 149 143 149 131 138 147 130 87 69 97 110 109 96 79 69 95 117 125 148 158 147 144 140 143 143 142 139 122 103 115 144 155 163 164 161 164 162 165 157 152 150 147 152 144 127 126 123 125 130 123 122 141 155 161 145 143 146 154 165 164 161 153 157 156 154 159 162 159 162 170 168 168 159 160 162 161 158 160 167 173 167
142 132 125 136 142 147 153 152 148 140 145 150 150 142 138 147 143 147 152 144 125 97 88 79 88 80 82 90 107 115 130 150 155 157 155 144 126 121 146 143 130 109 102 125 142 153 164 154 166 170 163 161 160 159 155 150 132 126 127 123 127 136 133 137 152 153 146 135 144 160 165 167 158 154 151 155 156 161 159 160 168 163 162 158 160 157 156 156 161 162 164 166 166 166
136 130 131 138 141 142 146 149 151 145 141 136 135 147 143 141 143 138 142 139 141 137 123 116 124 121 127 121 121 126 140 143 147 153 137 125 120 107 119 128 134 122 110 127 135 140 160 156 161 171 163 168 174 164 151 142 135 134 129 118 124 136 129 134 149 153 137 135 150 160 159 156 155 153 150 152 156 164 163 160 167 165 166 165 160 149 141 137 154 166 171 173 172 167
121 125 133 139 143 145 152 148 141 140 140 136 138 155 157 146 132 124 141 141 139 138 145 150 151 146 143 130 137 141 145 138 142 143 136 143 133 98 93 119 139 137 131 140 137 136 148 155 158 168 168 166 172 169 155 151 148 133 128 110 109 119 121 132 142 151 141 140 148 156 159 148 140 146 154 154 156 157 161 158 157 162 165 158 139 115 99 92 120 152 162 168 173 166
126 136 136 141 147 143 153 152 138 133 132 144 153 162 170 162 136 134 153 147 139 145 155 154 159 158 144 135 145 147 155 145 140 131 139 144 115 92 99 123 133 139 136 145 146 141 147 156 165 163 167 164 164 169 161 152 138 127 126 103 104 112 126 139 142 149 146 140 145 154 161 146 130 141 153 149 154 159 162 158 153 159 162 145 106 68 53 45 77 132 157 164 165 161
147 145 130 136 147 147 144 151 144 140 141 148 153 162 168 164 148 146 146 144 136 141 158 156 163 168 149 144 151 147 155 148 138 129 138 138 115 111 114 127 141 148 145 139 145 149 156 161 162 162 173 168 154 159 149 134 117 120 124 109 119 131 140 151 143 142 147 146 153 155 154 143 131 134 138 143 156 167 164 154 143 146 155 144 100 45 32 31 65 128 157 158 160 162
146 138 125 132 137 139 138 145 144 145 145 144 150 160 164 164 154 143 121 123 135 135 151 162 159 169 155 149 156 153 152 143 135 130 133 132 120 119 121 136 153 141 136 141 152 157 159 164 158 161 165 164 157 160 151 138 124 129 133 125 128 134 137 143 135 135 132 136 140 146 151 145 135 132 135 142 158 164 159 159 159 154 144 139 102 45 28 33 76 130 147 152 165 170
129 127 124 133 138 135 137 150 154 143 133 136 148 148 145 152 150 130 91 84 118 129 142 164 150 162 161 146 140 139 141 138 143 143 137 130 128 120 129 147 153 142 130 136 154 152 140 155 162 164 164 166 164 154 149 155 148 142 133 128 131 132 128 128 130 132 123 130 129 137 146 142 134 134 137 138 151 160 159 163 168 161 145 135 110 81 65 70 108 142 151 164 178 174
129 128 135 135 131 139 145 156 162 151 135 138 146 134 133 146 146 129 97 85 118 131 136 155 152 151 155 144 134 134 137 143 150 149 144 136 138 134 137 145 139 137 116 121 140 131 125 150 160 156 165 163 156 147 136 145 150 150 134 130 139 141 131 122 123 124 117 124 135 145 143 148 146 141 134 137 146 151 151 157 158 153 141 135 127 119 111 117 136 152 158 175 179 168
