example/E5 - XRays/X-ray-tomography/rastert_juap22.txt
ncols         356
nrows         356
xllcorner     -0.5
yllcorner     -355.5
cellsize      1
NODATA_value  -9999
[rows 210 to 251 of 356, columns 0 to 93 of 356]
255 255 255 255 151 146 147 150 154 152 147 144 143 139 135 127 118 111 120 138 140 138 132 135 146 154 160 162 158 157 152 144 144 144 147 149 151 151 147 148 150 151 159 160 154 146 153 163 164 161 161 163 156 146 146 146 156 150 150 146 137 142 144 140 134 132 129 134 131 129 133 130 139 150 151 146 145 153 150 152 148 134 128 112 99 102 120 114 130 138 136 152 160 147
255 255 255 255 160 156 155 152 148 146 149 152 154 151 145 130 112 106 118 128 133 135 133 142 150 154 160 162 165 160 140 132 138 141 146 148 146 140 132 133 143 150 151 146 135 131 145 157 154 158 162 153 148 152 159 155 150 150 152 147 142 144 147 140 132 140 132 131 131 132 141 138 152 160 148 137 138 142 141 155 146 133 137 126 116 122 135 130 137 143 149 157 151 150
255 255 255 255 154 153 155 154 151 149 155 154 154 153 152 139 116 115 127 126 126 135 135 136 134 137 148 156 158 159 152 146 147 148 145 138 133 127 135 143 146 153 144 124 105 111 135 154 154 158 155 148 152 159 159 151 147 150 147 142 141 142 147 140 135 137 134 142 149 149 148 139 140 145 141 142 149 148 135 139 144 145 147 146 141 138 147 149 141 137 155 163 156 156
255 255 255 255 156 156 156 154 150 148 150 147 146 147 154 144 125 131 143 143 133 135 134 130 130 138 151 155 149 153 155 151 149 149 145 132 134 139 151 156 155 159 151 128 111 121 143 155 157 155 152 160 169 165 148 140 143 148 148 150 151 147 149 142 136 139 146 147 145 144 136 125 118 126 136 132 129 135 129 136 149 147 145 143 148 149 149 147 134 133 151 155 153 153
255 255 255 255 156 155 156 153 145 137 136 133 132 136 148 150 143 146 148 142 133 122 115 116 126 131 142 147 150 156 157 157 153 142 135 130 139 141 149 150 146 150 153 145 137 144 159 164 154 150 153 163 173 168 153 145 139 148 152 150 146 140 145 147 142 142 143 144 144 141 135 123 116 128 125 104 105 125 130 140 152 147 142 141 138 143 140 136 131 135 149 143 146 156
255 255 255 255 255 151 151 150 146 137 138 140 141 147 153 152 148 143 137 132 127 112 102 97 111 126 140 143 148 157 156 156 153 145 140 142 148 142 141 132 133 143 142 138 137 136 146 160 153 149 150 154 163 158 154 151 144 154 152 145 142 137 144 154 156 146 142 149 151 133 127 129 127 133 125 109 112 135 137 143 153 153 153 153 143 143 144 138 137 143 152 136 135 151
255 255 255 255 255 151 149 149 148 146 147 152 156 154 149 142 140 138 134 141 135 114 101 96 115 134 142 143 150 154 150 150 147 153 155 154 151 149 142 118 124 141 137 129 126 133 143 150 150 158 160 156 158 158 154 151 147 147 143 148 147 144 143 147 152 146 143 147 140 107 102 129 138 137 128 132 140 144 134 134 147 155 149 145 146 141 146 141 142 150 153 133 121 144
255 255 255 255 255 150 150 146 144 149 149 150 156 154 139 126 132 131 130 145 138 115 107 111 129 144 145 139 144 149 148 150 151 157 158 156 153 154 141 113 114 133 136 136 133 142 151 154 153 154 154 148 148 152 153 156 153 147 147 149 147 145 140 139 134 133 146 146 133 107 108 133 134 134 128 140 154 151 138 132 150 155 145 145 138 123 135 145 153 160 152 140 137 152
255 255 255 255 255 154 154 147 145 150 149 146 147 147 140 139 152 145 136 143 138 120 117 123 131 138 142 142 142 144 150 149 148 151 152 153 149 143 136 123 119 130 137 138 132 138 145 148 146 143 145 145 149 151 155 162 156 152 158 153 151 150 145 144 137 134 144 141 139 135 131 133 133 131 127 140 147 148 144 134 145 153 154 145 125 123 136 144 147 155 153 147 142 146
255 255 255 255 255 255 158 153 150 151 147 147 142 134 139 149 163 160 148 143 144 138 130 131 138 140 141 143 143 146 154 153 147 147 150 151 145 142 143 137 129 128 131 131 131 139 146 149 145 141 141 138 141 146 149 154 155 155 156 152 157 151 138 139 145 142 149 144 144 143 132 127 130 127 130 143 143 147 144 131 136 151 153 139 134 143 140 137 151 157 157 148 128 126
255 255 255 255 255 255 156 149 147 149 150 153 149 145 148 151 157 160 154 146 141 135 130 142 152 146 137 138 142 149 155 154 152 144 132 137 143 142 142 133 128 135 137 132 131 139 150 160 158 151 141 125 128 147 152 153 149 148 151 151 155 146 132 133 143 151 160 158 153 133 121 127 136 139 139 143 146 143 132 132 144 146 139 134 144 146 137 137 153 152 153 151 133 118
255 255 255 255 255 255 150 147 153 155 157 159 155 160 164 160 159 161 155 152 143 131 129 142 143 139 133 130 132 138 141 144 145 140 122 121 136 137 137 133 133 141 140 141 148 156 153 152 153 150 138 115 118 141 148 145 143 148 151 148 146 147 143 137 130 146 149 147 152 140 132 135 139 151 152 145 141 131 127 133 132 126 128 139 146 142 137 140 146 150 156 160 153 134
255 255 255 255 255 255 153 156 157 157 159 154 149 154 155 151 150 148 146 150 142 132 134 138 139 138 138 136 135 134 134 135 141 139 125 126 144 145 134 131 133 132 122 129 149 157 154 158 153 146 142 127 122 140 142 138 137 136 124 123 139 148 148 139 133 138 135 145 143 142 147 141 139 149 147 142 141 136 131 136 127 118 128 141 142 142 143 139 134 146 156 152 151 139
255 255 255 255 255 255 255 157 155 154 156 154 149 145 143 142 152 150 147 142 130 123 129 144 147 144 145 140 137 134 135 133 139 134 125 138 148 145 139 140 137 121 113 125 152 163 160 169 161 145 140 137 138 132 128 141 142 141 120 107 128 138 142 141 144 146 144 151 137 133 140 136 136 137 141 143 149 143 135 138 138 135 141 135 131 134 142 149 138 130 130 132 137 138
255 255 255 255 255 255 255 157 157 154 157 158 151 146 144 140 142 138 133 136 139 134 131 143 148 149 147 133 126 131 130 127 135 131 127 143 148 145 144 142 144 140 136 135 155 167 162 159 148 143 144 147 150 134 126 141 143 143 129 120 136 140 139 141 150 151 147 148 145 141 140 134 135 132 139 144 138 130 134 144 149 137 127 121 136 145 141 148 152 137 125 130 135 138
255 255 255 255 255 255 255 155 154 155 159 157 148 150 149 138 123 114 123 128 137 135 134 141 142 147 140 131 133 139 123 114 130 131 122 129 133 135 140 136 141 151 153 143 150 158 153 153 148 144 149 148 140 133 132 138 141 147 143 142 148 145 135 135 145 148 146 141 138 142 147 144 145 136 137 135 128 124 133 145 147 135 126 123 146 156 150 150 156 155 145 125 125 145
255 255 255 255 255 255 255 162 160 161 162 159 154 156 153 146 142 140 136 135 143 144 150 149 145 145 138 137 148 152 127 114 125 112 95 112 123 123 122 120 124 128 130 122 128 138 141 147 143 136 136 127 120 130 138 140 147 151 150 151 151 147 136 137 146 148 142 138 138 146 148 144 148 134 129 130 134 123 122 131 148 148 143 143 146 154 154 146 150 151 143 134 134 138
255 255 255 255 255 255 255 255 156 155 158 159 157 156 154 153 156 156 140 133 140 147 156 154 148 146 148 149 148 152 137 130 138 122 103 113 120 125 121 103 87 89 100 99 97 104 123 137 131 131 140 137 131 140 144 145 154 153 144 139 148 150 147 147 148 147 140 143 146 144 139 142 146 141 133 140 150 138 136 144 159 158 149 141 141 149 145 141 146 138 132 133 139 133
255 255 255 255 255 255 255 255 156 157 156 155 156 159 164 162 156 154 150 140 133 136 152 156 152 155 159 160 158 159 143 138 143 141 135 126 118 125 131 116 77 61 70 89 94 84 101 129 136 140 149 147 140 141 143 145 142 142 144 143 146 148 153 156 153 148 147 151 157 149 134 134 135 145 146 146 151 143 141 145 150 143 143 145 146 142 132 137 146 140 139 134 138 145
255 255 255 255 255 255 255 255 164 160 153 151 155 160 162 157 151 150 154 157 153 149 157 159 162 161 161 165 166 164 149 144 147 156 160 149 138 136 125 109 71 44 44 62 70 62 82 119 138 148 149 145 139 133 136 140 134 132 138 139 138 136 146 155 156 152 154 152 156 145 135 127 121 134 142 148 139 134 129 135 150 146 140 149 147 135 129 138 140 137 142 136 139 151
255 255 255 255 255 255 255 255 255 147 147 151 156 158 155 152 153 157 160 162 161 156 159 163 165 162 164 168 159 152 150 149 151 160 165 160 157 152 129 111 84 63 59 57 51 47 70 102 130 151 152 150 139 129 135 137 140 142 138 132 130 139 146 152 156 154 156 153 155 151 145 136 128 139 146 148 122 101 97 120 149 155 145 152 156 143 132 135 139 139 143 138 146 156
255 255 255 255 255 255 255 255 255 144 148 152 158 160 159 160 162 163 159 160 160 152 153 160 160 160 164 165 158 158 155 148 152 159 162 159 159 155 140 127 109 103 105 85 61 57 78 104 129 145 152 158 144 136 138 140 144 141 141 144 143 150 152 157 158 154 150 145 148 151 154 155 158 158 150 134 93 56 66 108 139 146 147 152 151 142 134 130 132 137 138 135 141 147
255 255 255 255 255 255 255 255 255 146 149 152 152 149 148 153 159 157 153 155 155 147 148 158 161 162 165 166 161 163 163 161 163 163 162 157 153 149 140 141 140 145 151 128 100 82 90 113 135 140 142 150 150 149 138 140 153 151 149 156 146 140 147 154 154 158 152 144 141 142 152 159 165 158 147 136 104 63 73 115 130 134 142 136 128 122 124 134 127 131 139 134 134 140
255 255 255 255 255 255 255 255 255 255 152 153 154 147 130 129 145 152 155 157 145 136 144 158 165 167 169 164 160 161 159 161 166 170 165 155 146 144 140 150 166 164 158 148 137 118 118 127 143 150 149 150 157 157 146 142 150 153 148 152 143 139 151 153 154 155 156 151 141 136 146 152 155 153 147 139 132 105 89 114 134 142 143 136 127 119 120 137 141 145 150 144 143 136
255 255 255 255 255 255 255 255 255 255 154 155 161 154 127 117 133 144 152 154 139 126 138 155 160 164 165 162 160 157 147 146 156 161 159 155 150 145 147 155 159 155 155 156 154 141 133 133 143 154 157 159 159 162 161 154 148 144 143 140 140 146 148 147 147 149 156 154 148 149 149 147 146 150 153 153 146 124 111 126 146 152 148 140 119 122 132 137 146 156 156 155 158 141
255 255 255 255 255 255 255 255 255 255 154 156 160 157 142 126 128 134 139 135 123 112 117 130 143 152 156 160 159 156 145 142 153 154 161 160 153 144 143 143 145 147 157 158 153 147 144 144 143 142 148 154 155 161 160 151 144 146 150 146 146 147 140 139 144 147 153 155 158 154 141 128 136 148 151 158 150 137 138 144 152 152 137 131 113 119 136 139 147 153 147 152 153 141
255 255 255 255 255 255 255 255 255 255 255 160 161 160 156 143 132 130 124 114 100 99 102 107 121 133 146 154 150 152 148 145 151 152 155 148 138 124 122 134 137 132 136 139 141 145 146 146 135 131 140 148 154 161 157 151 149 156 152 146 141 133 134 143 151 151 154 160 161 150 136 115 124 143 145 151 153 152 152 147 146 145 129 123 123 132 136 144 152 155 152 144 135 134
255 255 255 255 255 255 255 255 255 255 255 156 158 159 158 149 132 123 114 104 97 109 114 113 121 130 145 155 149 147 138 133 140 150 146 142 132 106 98 124 124 100 96 118 134 142 148 143 130 133 133 142 153 155 153 154 156 151 142 144 141 140 151 155 154 150 149 151 144 136 134 128 139 149 146 144 143 146 151 148 139 140 130 126 139 146 142 141 140 147 149 144 143 133
255 255 255 255 255 255 255 255 255 255 255 158 159 159 156 153 144 136 133 131 130 138 140 140 144 148 147 147 148 146 131 124 139 151 148 148 139 116 101 121 130 110 99 110 125 145 157 148 134 134 132 140 145 147 147 149 154 152 147 145 147 154 159 151 149 145 142 139 127 126 137 141 138 144 151 149 138 133 143 148 141 140 137 136 142 146 144 133 130 138 149 151 152 134
255 255 255 255 255 255 255 255 255 255 255 255 163 161 154 149 145 144 147 151 155 152 147 146 151 157 151 150 151 150 140 133 137 142 149 156 152 135 119 127 138 136 127 125 135 156 163 144 122 129 146 157 159 159 150 150 159 168 160 153 153 157 160 160 156 150 140 130 117 113 132 144 135 143 151 147 143 137 137 144 150 144 141 137 143 148 150 145 142 140 143 145 145 125
255 255 255 255 255 255 255 255 255 255 255 255 162 163 156 147 146 153 158 158 156 151 148 151 151 153 154 162 154 147 147 145 141 140 146 153 147 131 126 137 142 145 144 141 148 160 155 136 127 141 156 162 159 161 156 148 145 153 152 147 147 145 150 154 151 147 140 133 114 109 131 149 146 144 147 146 145 147 145 143 147 139 134 142 152 154 151 150 145 142 150 155 142 122
255 255 255 255 255 255 255 255 255 255 255 255 165 163 157 155 156 156 154 150 147 150 152 153 154 155 157 163 156 151 151 149 141 141 143 142 137 133 143 153 153 155 152 148 149 148 146 149 148 154 156 156 153 156 156 143 134 135 131 132 144 146 141 143 151 153 149 144 135 142 151 148 150 145 141 143 143 148 154 149 148 150 149 159 153 151 148 146 145 143 149 150 143 135
255 255 255 255 255 255 255 255 255 255 255 255 255 159 160 160 156 151 145 137 137 146 148 151 156 156 157 154 151 153 150 146 140 134 136 138 139 135 141 146 149 153 147 138 128 130 143 156 159 159 156 159 160 159 156 141 132 133 135 139 148 147 141 147 151 149 147 150 154 158 155 143 142 139 136 139 140 135 144 153 158 158 156 156 143 144 145 145 147 146 144 146 153 159
255 255 255 255 255 255 255 255 255 255 255 255 255 156 159 158 155 155 154 152 150 151 148 146 150 151 149 142 145 149 142 142 140 133 133 136 132 128 132 130 135 140 135 119 113 133 150 154 156 163 163 165 165 168 166 149 140 142 146 146 144 141 146 149 145 146 145 147 154 151 144 138 133 134 139 139 131 136 155 166 167 161 154 151 146 148 149 147 147 149 149 153 155 160
255 255 255 255 255 255 255 255 255 255 255 255 255 255 155 149 149 149 153 157 155 150 142 135 139 144 143 142 147 147 140 141 145 148 143 139 135 136 138 133 139 143 141 129 130 149 154 153 154 163 168 173 174 172 162 149 146 148 147 144 146 146 148 150 145 143 145 149 150 149 146 141 135 139 145 131 115 127 151 169 177 169 147 143 147 155 159 153 144 145 148 154 160 163
255 255 255 255 255 255 255 255 255 255 255 255 255 255 154 150 147 145 151 150 143 141 143 142 147 149 146 140 139 143 143 137 144 149 138 138 145 145 141 132 129 124 134 141 144 150 156 165 169 171 171 175 177 168 155 155 155 150 148 147 146 138 136 136 136 141 147 149 148 150 148 154 153 150 145 129 116 123 143 156 161 153 134 141 150 157 155 138 136 147 147 154 161 165
255 255 255 255 255 255 255 255 255 255 255 255 255 255 255 157 147 145 151 144 132 130 139 144 147 146 144 139 135 143 148 136 137 144 142 149 153 150 145 137 130 119 123 139 152 156 156 163 168 165 165 169 168 160 156 159 159 159 152 145 144 141 139 138 141 154 156 146 147 148 143 145 143 146 151 150 126 123 140 139 143 142 131 143 154 159 155 137 139 155 155 165 156 157
255 255 255 255 255 255 255 255 255 255 255 255 255 255 255 150 141 144 145 133 126 135 149 149 141 140 145 151 153 155 153 142 143 148 150 157 155 146 143 138 141 136 132 143 155 154 157 163 165 163 163 167 170 165 158 158 161 166 157 148 143 140 142 147 151 155 151 147 148 142 141 137 132 140 152 165 138 120 121 113 131 139 131 135 145 147 143 139 145 156 152 160 154 155
255 255 255 255 255 255 255 255 255 255 255 255 255 255 255 143 132 140 147 135 125 141 157 156 144 144 157 164 164 164 154 140 138 138 143 146 142 142 146 139 143 146 143 146 146 151 161 166 168 169 169 170 172 164 160 162 164 164 161 155 149 146 146 151 147 139 137 136 123 126 134 128 130 133 140 147 136 131 128 122 131 131 133 145 150 141 129 137 149 157 152 159 162 158
255 255 255 255 255 255 255 255 255 255 255 255 255 255 255 255 141 144 153 143 124 132 152 158 151 146 153 163 161 155 139 119 116 119 131 141 146 150 148 145 147 153 155 151 148 157 159 158 161 161 166 166 164 165 169 162 162 166 161 149 148 149 153 159 152 144 140 132 116 118 129 127 132 136 138 139 134 132 138 140 139 134 131 136 141 143 143 144 151 157 156 160 162 153
255 255 255 255 255 255 255 255 255 255 255 255 255 255 255 255 144 143 145 138 129 139 147 148 148 143 147 164 165 149 128 103 94 97 108 129 141 147 145 150 158 164 166 158 152 151 155 159 158 159 168 161 158 165 172 168 163 160 150 144 147 144 152 160 159 159 152 133 119 118 131 128 123 137 142 131 126 131 146 149 140 137 138 132 128 136 142 138 148 153 151 152 157 154
255 255 255 255 255 255 255 255 255 255 255 255 255 255 255 255 255 147 142 141 143 148 151 154 145 135 139 149 142 118 108 110 104 101 108 126 138 143 143 148 152 156 160 162 157 150 157 160 162 168 167 158 159 164 162 159 155 149 143 141 149 153 161 168 163 154 138 127 124 132 143 143 137 141 145 132 128 134 150 150 140 143 147 138 128 132 134 132 142 143 139 146 147 148
