example/E5 - XRays/X-ray-tomography/rastert_juap05.txt
ncols         356
nrows         356
xllcorner     -0.5
yllcorner     -355.5
cellsize      1
NODATA_value  -9999
[rows 252 to 293 of 356, columns 0 to 93 of 356]
255 255 255 255 255 255 255 255 255 255 255 255 255 255 255 255 255 164 153 150 146 146 142 135 132 138 145 149 151 148 153 160 158 148 144 154 155 154 155 152 156 152 150 154 163 166 167 166 163 164 172 175 171 173 173 163 165 172 177 173 170 154 144 137 151 160 158 159 156 153 143 146 148 156 155 153 154 157 150 139 137 140 138 141 146 155 156 152 145 153 154 154 163 166
255 255 255 255 255 255 255 255 255 255 255 255 255 255 255 255 255 255 158 159 150 143 130 131 146 154 154 155 153 150 155 154 154 153 152 153 153 161 158 149 155 150 151 157 167 165 162 169 168 170 173 169 165 170 175 171 173 174 179 173 163 153 150 150 160 157 152 156 164 163 156 159 156 154 150 149 152 151 144 133 140 145 144 151 147 150 149 154 147 142 148 154 161 160
255 255 255 255 255 255 255 255 255 255 255 255 255 255 255 255 255 255 157 156 148 135 121 130 153 155 150 159 160 162 162 152 151 149 146 149 155 155 150 152 161 155 155 164 168 163 163 169 169 168 163 157 162 165 168 171 175 179 174 161 150 149 158 166 161 149 146 154 170 165 160 165 155 145 150 156 153 142 141 144 154 154 158 164 159 163 154 159 144 136 151 163 172 163
255 255 255 255 255 255 255 255 255 255 255 255 255 255 255 255 255 255 255 147 140 130 128 138 152 151 153 164 164 165 156 150 152 151 152 156 155 144 147 160 164 158 159 160 160 162 159 163 170 170 163 160 163 164 162 163 164 162 156 159 153 149 157 151 143 148 155 157 164 166 165 168 156 154 166 163 160 148 142 142 147 151 164 167 166 170 158 158 144 149 158 160 164 157
255 255 255 255 255 255 255 255 255 255 255 255 255 255 255 255 255 255 255 149 145 140 142 143 149 151 152 157 156 159 158 158 157 156 155 156 161 158 162 162 160 151 147 151 159 159 156 164 163 162 163 161 162 169 167 163 162 158 152 162 159 154 161 156 152 150 155 155 160 162 159 155 150 149 159 163 161 151 146 140 131 144 166 160 155 160 152 149 147 151 143 145 159 158
255 255 255 255 255 255 255 255 255 255 255 255 255 255 255 255 255 255 255 255 151 153 148 136 142 150 155 159 161 165 163 158 159 165 159 150 155 158 159 160 161 151 148 154 166 171 171 170 164 166 167 164 169 170 161 158 161 159 159 164 160 154 153 154 155 154 163 166 166 155 147 145 151 150 158 159 155 153 155 152 142 144 151 152 150 148 143 146 152 154 141 142 156 156
255 255 255 255 255 255 255 255 255 255 255 255 255 255 255 255 255 255 255 255 150 152 150 140 144 151 160 163 159 163 156 149 158 163 154 154 160 159 155 161 155 153 159 162 163 161 159 162 170 170 164 159 161 169 165 160 166 164 163 160 154 149 150 152 150 152 157 159 158 152 154 152 153 152 148 145 150 161 159 146 142 143 139 143 141 145 152 153 152 154 154 151 154 150
255 255 255 255 255 255 255 255 255 255 255 255 255 255 255 255 255 255 255 255 255 143 144 140 144 148 150 153 152 163 164 162 163 157 152 161 164 155 159 164 154 157 157 158 166 158 161 172 168 159 164 159 158 163 162 162 160 149 149 154 154 156 159 159 148 141 140 147 153 156 156 150 146 149 141 143 148 155 162 156 151 147 148 153 144 149 160 160 151 157 162 155 156 148
255 255 255 255 255 255 255 255 255 255 255 255 255 255 255 255 255 255 255 255 255 139 139 140 147 149 149 150 151 159 156 155 157 157 157 159 155 154 164 161 151 151 149 154 161 155 162 172 164 163 162 147 152 159 158 153 144 134 147 153 153 160 156 157 146 146 152 154 163 165 149 147 158 162 152 155 153 151 155 154 151 157 162 157 147 155 156 151 153 156 149 152 156 152
255 255 255 255 255 255 255 255 255 255 255 255 255 255 255 255 255 255 255 255 255 255 139 140 143 148 151 149 150 154 153 154 153 153 154 154 152 155 160 156 152 144 140 148 153 155 162 170 159 157 150 141 154 157 152 151 145 132 144 146 153 162 170 179 160 157 166 164 162 159 144 148 162 161 152 151 147 147 147 147 154 162 159 145 135 146 148 145 157 159 163 170 152 140
255 255 255 255 255 255 255 255 255 255 255 255 255 255 255 255 255 255 255 255 255 255 140 140 140 144 149 151 152 157 157 157 158 158 160 161 157 154 157 158 157 147 142 151 154 154 153 154 150 157 159 154 152 150 144 148 145 136 144 148 154 159 178 194 175 162 166 167 156 149 139 137 151 152 146 147 141 145 149 142 153 159 151 142 130 142 150 153 161 162 166 158 150 145
255 255 255 255 255 255 255 255 255 255 255 255 255 255 255 255 255 255 255 255 255 255 255 148 147 148 157 163 168 169 161 162 161 159 161 158 151 152 160 160 154 149 146 153 147 146 147 148 150 155 154 151 147 142 132 137 144 133 136 143 144 154 173 180 164 156 156 155 153 152 142 143 153 144 133 129 131 145 141 124 140 152 146 145 140 142 146 156 163 168 167 150 151 156
255 255 255 255 255 255 255 255 255 255 255 255 255 255 255 255 255 255 255 255 255 255 255 149 147 154 159 164 167 164 162 161 156 154 155 156 153 159 163 157 154 154 154 154 141 142 154 153 156 154 147 151 153 147 137 141 146 139 144 145 142 148 160 166 160 151 146 148 146 149 157 161 145 140 145 140 143 146 134 131 144 150 154 155 150 149 152 155 158 166 161 154 158 166
255 255 255 255 255 255 255 255 255 255 255 255 255 255 255 255 255 255 255 255 255 255 255 255 157 155 152 157 160 159 158 156 156 157 160 159 158 165 160 158 160 161 161 161 158 161 161 154 153 157 156 153 152 153 149 146 151 158 164 156 155 149 151 157 155 139 137 151 150 145 151 153 141 154 158 152 153 145 146 153 145 142 155 162 156 158 163 158 156 159 154 161 166 169
255 255 255 255 255 255 255 255 255 255 255 255 255 255 255 255 255 255 255 255 255 255 255 255 255 162 158 158 160 160 152 149 153 158 164 157 157 162 160 160 159 161 160 157 159 164 159 156 154 158 160 149 144 144 144 146 153 154 153 155 157 159 160 155 147 139 138 152 148 134 133 136 133 138 135 136 152 153 155 160 152 148 152 156 158 162 160 144 135 139 149 163 162 157
255 255 255 255 255 255 255 255 255 255 255 255 255 255 255 255 255 255 255 255 255 255 255 255 255 152 148 155 160 159 157 158 160 162 160 157 162 160 164 165 160 162 158 148 152 157 154 151 145 151 152 144 149 149 146 154 157 146 146 158 161 164 167 158 143 143 134 143 139 132 126 117 111 103 108 136 152 158 159 163 162 156 151 150 160 154 148 142 132 129 143 156 148 149
255 255 255 255 255 255 255 255 255 255 255 255 255 255 255 255 255 255 255 255 255 255 255 255 255 255 154 163 168 164 166 168 168 168 164 162 163 161 168 174 165 161 156 150 156 156 150 150 144 149 152 150 153 153 148 147 149 149 153 153 152 151 151 149 144 144 137 146 144 143 130 106 95 96 117 151 156 157 153 158 163 160 161 160 156 149 156 160 148 141 146 148 141 157
255 255 255 255 255 255 255 255 255 255 255 255 255 255 255 255 255 255 255 255 255 255 255 255 255 255 158 162 164 162 160 163 165 165 162 162 161 163 166 164 151 151 151 152 161 157 148 156 159 159 158 153 151 155 153 144 141 147 144 143 146 145 146 146 150 145 142 142 137 145 146 126 112 115 131 153 157 154 152 161 162 157 158 164 149 145 156 163 160 156 153 130 116 142
255 255 255 255 255 255 255 255 255 255 255 255 255 255 255 255 255 255 255 255 255 255 255 255 255 255 255 159 157 152 154 161 165 160 159 166 163 160 166 161 153 153 150 150 151 149 153 153 152 154 156 149 150 150 146 138 135 139 136 149 153 144 142 152 156 148 144 137 140 151 157 152 146 143 138 149 158 154 152 156 156 158 156 155 146 139 146 154 157 157 149 120 105 133
255 255 255 255 255 255 255 255 255 255 255 255 255 255 255 255 255 255 255 255 255 255 255 255 255 255 255 255 159 154 159 164 165 162 166 171 167 168 175 171 164 157 148 148 151 148 151 145 147 152 153 145 147 137 136 145 145 142 140 146 142 135 144 161 158 149 149 148 156 158 155 157 151 145 145 154 160 160 165 159 152 163 161 163 160 149 160 165 157 146 135 126 123 135
255 255 255 255 255 255 255 255 255 255 255 255 255 255 255 255 255 255 255 255 255 255 255 255 255 255 255 255 157 160 164 166 167 167 168 166 164 167 172 169 161 149 148 154 155 146 141 135 142 147 145 144 146 136 140 151 151 152 153 151 142 137 142 148 148 153 162 162 158 162 163 159 150 149 149 152 153 159 168 163 154 160 159 161 159 159 160 152 140 131 137 149 145 137
255 255 255 255 255 255 255 255 255 255 255 255 255 255 255 255 255 255 255 255 255 255 255 255 255 255 255 255 255 157 157 161 162 163 163 164 163 165 170 168 159 156 158 151 150 150 142 130 124 127 131 128 128 139 149 154 155 156 153 147 144 144 146 150 161 165 163 158 155 166 165 155 157 159 146 150 154 157 161 157 151 153 156 156 154 158 151 145 138 129 139 149 153 151
255 255 255 255 255 255 255 255 255 255 255 255 255 255 255 255 255 255 255 255 255 255 255 255 255 255 255 255 255 155 155 160 163 165 166 168 166 170 174 167 158 154 149 147 152 151 140 128 120 125 129 127 135 145 148 151 153 160 158 155 153 145 149 157 170 174 165 161 169 180 168 161 163 156 147 155 156 152 160 158 149 150 153 156 162 169 158 156 154 151 160 163 163 152
255 255 255 255 255 255 255 255 255 255 255 255 255 255 255 255 255 255 255 255 255 255 255 255 255 255 255 255 255 255 162 162 162 163 167 171 169 169 166 166 164 156 148 144 142 138 135 131 131 136 140 141 144 148 154 158 160 166 164 161 156 152 155 152 159 166 164 164 170 176 166 167 160 159 161 151 143 147 160 162 154 154 158 157 160 164 159 160 167 163 162 162 149 138
255 255 255 255 255 255 255 255 255 255 255 255 255 255 255 255 255 255 255 255 255 255 255 255 255 255 255 255 255 255 255 159 160 164 164 161 160 164 163 164 155 146 137 131 136 141 140 138 144 151 149 144 143 158 168 163 162 167 161 157 152 149 147 146 156 164 166 174 168 164 157 162 164 162 155 138 141 150 151 154 148 151 159 156 158 164 164 158 164 162 160 162 148 149
255 255 255 255 255 255 255 255 255 255 255 255 255 255 255 255 255 255 255 255 255 255 255 255 255 255 255 255 255 255 255 159 159 156 158 157 157 155 158 155 150 149 143 139 143 147 141 139 146 151 149 144 144 162 169 164 166 170 165 163 156 145 142 148 156 159 160 170 167 164 160 159 162 154 140 131 140 145 152 160 156 157 162 151 146 160 163 161 168 165 165 169 161 160
255 255 255 255 255 255 255 255 255 255 255 255 255 255 255 255 255 255 255 255 255 255 255 255 255 255 255 255 255 255 255 255 155 150 159 157 156 159 160 155 155 156 152 150 148 145 141 145 143 140 148 148 147 156 164 165 168 173 172 162 150 144 147 146 152 153 155 155 153 161 163 155 152 154 144 133 141 149 157 155 146 149 159 150 142 150 158 169 169 162 162 166 162 155
255 255 255 255 255 255 255 255 255 255 255 255 255 255 255 255 255 255 255 255 255 255 255 255 255 255 255 255 255 255 255 255 255 155 154 151 154 159 156 149 146 150 151 148 147 152 153 148 141 138 150 153 154 156 158 162 164 165 159 150 149 152 154 153 153 152 157 152 141 142 144 144 152 158 143 135 146 155 148 136 138 152 157 153 154 158 162 166 161 168 164 152 149 156
255 255 255 255 255 255 255 255 255 255 255 255 255 255 255 255 255 255 255 255 255 255 255 255 255 255 255 255 255 255 255 255 255 255 151 150 151 153 152 151 153 154 153 143 145 149 146 146 143 142 150 150 153 151 153 156 153 153 148 147 152 145 145 148 150 153 155 147 137 139 141 145 158 157 151 144 145 150 140 133 136 141 147 152 162 164 156 161 160 166 159 147 143 152
255 255 255 255 255 255 255 255 255 255 255 255 255 255 255 255 255 255 255 255 255 255 255 255 255 255 255 255 255 255 255 255 255 255 159 156 151 149 154 155 148 145 149 143 149 155 150 149 150 151 155 158 161 161 166 156 147 151 151 150 147 142 142 145 150 155 157 151 144 149 146 144 152 150 155 142 140 150 153 147 136 138 145 147 156 159 155 160 152 155 160 149 149 154
255 255 255 255 255 255 255 255 255 255 255 255 255 255 255 255 255 255 255 255 255 255 255 255 255 255 255 255 255 255 255 255 255 255 255 159 156 161 162 149 142 149 156 152 158 160 150 144 147 152 160 161 160 159 159 149 148 155 153 151 148 154 157 154 154 155 155 157 154 155 154 155 152 152 154 138 140 156 164 156 147 150 153 153 159 154 151 152 146 152 154 141 142 148
255 255 255 255 255 255 255 255 255 255 255 255 255 255 255 255 255 255 255 255 255 255 255 255 255 255 255 255 255 255 255 255 255 255 255 255 164 168 162 152 154 156 151 151 158 156 150 151 151 153 153 149 154 161 163 163 165 164 151 148 152 156 157 149 146 150 151 150 147 145 150 151 150 157 154 142 141 151 156 150 154 160 161 164 167 165 164 157 152 156 150 138 141 152
255 255 255 255 255 255 255 255 255 255 255 255 255 255 255 255 255 255 255 255 255 255 255 255 255 255 255 255 255 255 255 255 255 255 255 255 255 162 157 152 150 146 143 151 159 156 151 150 145 149 153 156 164 172 174 170 159 155 154 156 154 148 147 147 148 154 154 147 147 148 158 162 158 152 153 145 139 145 151 153 160 159 160 166 165 161 162 158 154 148 143 136 146 160
255 255 255 255 255 255 255 255 255 255 255 255 255 255 255 255 255 255 255 255 255 255 255 255 255 255 255 255 255 255 255 255 255 255 255 255 255 156 157 152 151 155 153 157 158 155 150 148 152 155 156 162 164 165 161 154 148 159 167 164 156 150 152 155 156 154 152 149 154 154 155 160 158 144 144 139 138 144 150 156 154 153 157 167 163 158 159 160 150 128 141 145 152 157
255 255 255 255 255 255 255 255 255 255 255 255 255 255 255 255 255 255 255 255 255 255 255 255 255 255 255 255 255 255 255 255 255 255 255 255 255 255 156 147 151 156 157 158 155 156 150 152 159 155 154 157 162 162 159 152 153 165 163 157 157 153 159 161 157 151 153 156 162 157 154 162 161 150 149 148 145 148 154 155 149 153 162 169 169 164 157 159 144 118 140 144 152 154
255 255 255 255 255 255 255 255 255 255 255 255 255 255 255 255 255 255 255 255 255 255 255 255 255 255 255 255 255 255 255 255 255 255 255 255 255 255 255 145 149 155 159 156 158 162 154 150 149 150 154 159 167 167 158 147 152 161 157 152 157 161 160 158 157 158 160 159 164 159 159 159 151 146 151 153 151 148 152 148 154 161 163 160 159 154 152 158 150 138 146 139 147 152
255 255 255 255 255 255 255 255 255 255 255 255 255 255 255 255 255 255 255 255 255 255 255 255 255 255 255 255 255 255 255 255 255 255 255 255 255 255 255 255 155 153 156 154 161 162 151 150 152 156 159 164 172 171 159 151 157 162 155 154 161 163 153 152 152 151 149 149 151 150 146 142 142 153 156 153 155 143 143 148 159 163 153 149 152 153 154 157 159 150 142 141 144 151
255 255 255 255 255 255 255 255 255 255 255 255 255 255 255 255 255 255 255 255 255 255 255 255 255 255 255 255 255 255 255 255 255 255 255 255 255 255 255 255 161 155 154 153 158 156 149 158 159 155 162 167 166 158 151 150 154 157 156 157 152 147 145 151 141 136 138 141 150 148 139 140 152 162 160 152 152 141 145 164 163 155 151 155 158 160 156 149 153 149 144 145 137 148
255 255 255 255 255 255 255 255 255 255 255 255 255 255 255 255 255 255 255 255 255 255 255 255 255 255 255 255 255 255 255 255 255 255 255 255 255 255 255 255 255 148 151 153 156 150 144 158 153 153 162 164 156 149 151 150 150 150 152 148 148 152 153 150 139 137 141 147 153 149 150 151 152 155 158 150 152 147 153 159 153 154 153 150 152 157 152 151 156 147 138 127 130 152
255 255 255 255 255 255 255 255 255 255 255 255 255 255 255 255 255 255 255 255 255 255 255 255 255 255 255 255 255 255 255 255 255 255 255 255 255 255 255 255 255 255 156 153 157 152 150 159 158 156 150 152 152 150 151 145 145 145 146 144 152 154 149 147 148 145 151 155 151 143 152 157 152 153 156 155 160 157 162 158 151 157 153 146 148 145 139 148 152 144 128 100 111 140
255 255 255 255 255 255 255 255 255 255 255 255 255 255 255 255 255 255 255 255 255 255 255 255 255 255 255 255 255 255 255 255 255 255 255 255 255 255 255 255 255 255 255 156 157 152 154 153 152 145 144 152 153 148 141 137 139 139 141 144 148 149 147 148 150 148 150 156 152 149 156 155 149 155 159 161 166 163 163 153 147 155 153 149 149 138 136 144 143 144 123 84 78 106
255 255 255 255 255 255 255 255 255 255 255 255 255 255 255 255 255 255 255 255 255 255 255 255 255 255 255 255 255 255 255 255 255 255 255 255 255 255 255 255 255 255 255 255 153 150 149 144 145 143 147 151 143 143 142 145 144 137 138 143 148 145 143 150 153 152 152 159 156 154 152 150 151 159 159 157 164 163 161 151 150 152 151 150 144 138 152 154 150 143 114 82 70 88
