example/E5 - XRays/X-ray-tomography/rastert_juap03.txt
ncols         356
nrows         356
xllcorner     -0.5
yllcorner     -355.5
cellsize      1
NODATA_value  -9999
[rows 294 to 335 of 356, columns 94 to 187 of 356]
160 159 153 146 150 156 158 160 158 161 166 161 161 172 179 172 164 157 166 167 168 180 170 158 156 158 158 159 165 169 162 160 160 159 162 162 160 155 156 167 170 152 157 169 164 159 158 156 155 159 164 162 169 167 161 175 171 159 171 170 164 171 171 157 155 155 162 162 161 161 164 165 164 166 172 175 175 182 187 178 175 159 164 176 165 161 161 158 167 165 170 171 156 152
166 162 156 151 152 156 163 173 162 159 165 162 168 177 176 167 162 157 166 165 167 169 161 160 161 159 160 159 163 166 162 159 165 158 154 158 161 161 157 163 165 158 164 163 156 156 155 149 148 156 165 166 161 168 165 162 169 168 169 166 160 166 162 156 163 157 156 156 154 158 158 162 160 165 172 173 174 182 185 171 161 152 157 165 164 157 151 155 159 159 164 155 156 153
172 161 149 153 157 157 166 164 156 159 161 170 172 173 168 163 160 157 161 166 165 154 149 161 172 168 160 157 165 173 167 164 168 159 154 159 170 171 162 162 160 161 172 170 164 162 153 152 160 161 164 162 161 171 166 160 167 168 164 168 175 170 156 158 164 154 156 164 161 158 154 164 164 162 168 175 171 179 171 152 160 164 165 172 159 151 155 162 157 154 163 158 164 156
162 153 149 165 170 161 159 158 168 171 172 171 170 176 173 170 169 167 165 163 160 150 152 163 164 164 160 161 172 171 158 156 152 157 159 153 164 168 161 160 159 160 169 167 157 156 150 153 163 163 163 158 158 165 167 172 165 161 157 159 167 164 160 163 159 159 163 160 165 167 165 166 169 169 173 172 167 168 157 153 169 173 169 170 147 151 170 172 162 161 161 160 166 153
158 158 167 179 174 163 155 161 171 166 164 162 168 179 176 171 165 160 162 162 159 155 165 155 151 161 166 166 167 163 156 155 159 170 160 153 168 167 160 161 157 156 160 156 152 151 152 156 157 154 155 155 158 158 156 163 160 159 154 163 172 168 170 168 157 157 159 157 160 166 169 159 158 171 171 169 173 160 156 168 166 170 172 163 149 156 169 172 161 160 164 164 166 159
158 163 178 184 168 157 159 160 162 164 165 161 163 170 166 166 160 156 165 165 156 158 168 160 156 157 161 160 153 158 163 163 170 166 157 161 163 160 160 157 154 161 158 160 157 158 157 156 163 158 159 157 149 151 160 165 163 162 156 160 159 168 174 167 166 156 156 165 166 164 160 149 157 172 163 165 170 157 161 167 162 159 165 160 149 153 164 171 164 162 170 166 159 161
152 162 168 155 145 154 161 152 155 174 178 162 159 169 162 157 156 156 162 160 158 156 162 166 162 159 160 160 154 166 170 165 157 147 158 165 158 161 164 154 160 167 159 160 159 164 160 165 166 163 162 155 155 154 157 155 151 153 160 161 157 165 166 169 168 152 160 165 167 165 158 156 166 176 162 156 158 157 165 169 167 157 162 156 147 150 169 169 159 166 171 163 158 161
155 153 144 132 141 156 158 153 154 167 170 158 159 165 149 147 155 156 159 160 155 152 156 159 152 158 165 158 157 170 163 157 152 152 163 158 157 159 163 159 165 167 161 164 165 155 156 168 164 165 155 148 159 153 151 148 155 157 159 170 175 173 166 171 164 155 161 155 159 156 158 165 162 168 165 155 156 164 169 171 164 155 156 154 153 154 169 164 154 164 165 157 161 165
164 154 139 137 148 154 153 156 153 159 158 154 154 153 143 148 146 148 157 149 135 139 155 161 153 156 164 153 156 159 155 166 159 154 166 157 155 157 163 160 163 160 154 157 156 152 159 163 163 155 145 150 158 151 150 154 160 161 162 165 170 168 161 173 171 161 162 161 159 151 163 171 163 165 159 154 160 166 165 167 164 156 151 159 164 157 161 158 160 165 160 160 164 167
171 157 137 136 149 158 161 162 156 160 158 156 151 147 151 153 150 153 156 146 146 157 168 166 155 152 159 163 165 158 163 169 159 155 164 158 157 160 168 166 159 149 157 164 156 155 156 156 154 137 143 154 156 147 145 157 157 158 162 162 163 157 157 165 166 166 168 160 154 152 167 168 157 161 163 163 159 159 158 162 167 162 164 167 158 158 167 156 154 161 160 161 164 166
164 152 136 144 161 167 164 160 162 159 158 156 159 163 158 153 156 157 158 152 159 168 166 159 150 157 164 165 161 157 167 162 152 151 159 158 166 168 170 161 148 143 160 169 165 161 152 160 156 136 150 158 161 156 150 153 162 169 164 163 158 159 164 152 158 164 160 150 148 154 160 161 154 155 162 164 156 157 164 170 171 165 170 168 156 153 160 155 152 160 156 156 161 161
160 150 141 154 160 157 159 161 161 152 156 160 168 168 153 151 157 161 163 161 169 166 160 161 153 163 170 165 153 153 164 162 155 163 170 160 167 160 155 157 156 154 162 166 161 150 151 159 157 149 164 162 155 158 158 157 171 175 164 157 164 167 159 146 154 160 165 149 145 152 152 156 160 158 155 152 153 155 153 162 167 162 169 166 156 148 160 162 154 160 151 151 157 161
159 153 144 150 151 150 154 155 147 146 160 163 165 164 154 160 164 168 164 166 174 160 163 168 156 158 168 158 153 157 162 157 157 164 158 155 164 157 156 169 167 161 166 171 164 149 159 160 157 153 156 157 154 161 160 158 161 163 155 152 161 157 145 144 162 165 165 154 151 150 148 151 154 149 150 153 160 161 155 155 153 156 171 174 157 153 170 166 157 163 156 153 159 163
161 159 149 148 150 151 154 152 149 156 164 161 166 166 156 160 162 164 161 165 167 165 171 171 164 158 157 151 155 160 165 155 154 157 156 156 156 162 165 169 168 172 173 165 163 157 157 152 157 158 149 152 151 162 164 158 152 152 147 147 154 161 147 142 165 163 155 158 160 158 151 144 155 149 147 150 156 162 167 164 158 158 164 176 169 156 166 168 153 159 160 153 159 161
155 142 139 146 149 154 154 148 152 163 165 156 162 162 157 163 167 163 162 169 167 173 171 166 163 155 151 154 163 166 168 162 162 160 158 155 161 167 162 164 167 168 168 161 160 160 160 155 158 161 157 156 149 157 165 159 156 154 149 152 158 162 147 147 160 154 152 162 161 160 155 145 157 157 153 150 149 155 164 168 168 163 155 163 164 154 160 165 157 161 162 155 159 158
142 128 136 151 149 148 149 156 159 156 154 149 161 168 163 165 170 168 167 170 168 165 168 169 162 157 160 158 159 164 167 165 161 158 158 156 163 167 168 172 167 159 159 162 168 168 165 163 164 165 161 154 156 159 165 160 157 156 158 155 150 152 152 152 159 155 156 163 159 159 153 147 152 156 161 155 146 148 156 162 170 166 162 165 163 165 163 162 162 159 158 156 156 154
134 126 137 151 151 147 152 158 146 146 155 154 164 172 161 163 171 175 172 166 168 169 172 171 160 160 164 155 147 153 164 165 156 151 157 153 155 171 169 166 160 151 161 170 164 165 174 171 165 174 166 155 156 156 162 162 158 161 165 153 150 159 157 150 151 154 157 158 155 152 152 160 165 158 161 162 158 149 153 161 164 161 161 161 164 168 159 159 162 164 165 165 155 156
134 128 134 148 156 150 148 143 136 144 151 151 161 162 160 167 168 174 171 166 172 170 170 172 165 162 158 155 150 153 165 165 155 150 156 155 159 179 168 162 164 161 171 171 162 159 172 178 178 180 167 159 158 162 166 160 152 154 163 157 157 161 159 154 148 151 157 149 150 158 156 158 165 161 154 158 162 150 160 168 162 158 162 154 162 172 169 163 160 169 172 166 156 158
134 130 136 146 149 141 135 136 146 151 148 150 157 160 163 164 162 167 168 166 167 166 168 175 169 160 152 158 162 152 148 150 152 151 157 163 164 170 160 162 166 159 161 160 163 159 166 180 184 177 169 169 158 157 161 161 160 157 159 155 153 156 154 143 139 142 143 131 142 157 154 151 158 162 160 164 164 158 161 167 165 162 169 159 157 164 168 166 163 168 168 159 158 159
137 134 143 145 144 139 132 139 156 155 148 153 160 162 165 161 164 172 171 166 168 170 169 170 169 162 157 162 162 149 147 155 162 159 159 165 163 159 161 173 169 160 165 161 160 160 164 177 182 184 182 176 156 144 153 163 166 163 161 152 143 149 140 125 122 124 123 118 127 140 143 151 152 152 159 162 164 161 153 161 164 159 172 167 161 160 154 159 164 166 162 162 167 158
139 138 150 145 148 146 142 141 155 156 154 156 162 168 169 160 170 179 172 164 170 169 167 175 177 168 167 167 157 151 151 151 159 159 157 157 158 163 169 172 164 154 159 157 153 160 166 170 180 189 184 168 153 143 154 160 158 160 159 146 138 144 131 114 114 116 122 135 138 138 132 138 142 140 150 150 157 156 151 162 160 147 161 156 149 154 151 152 152 148 156 164 168 160
133 135 148 150 155 142 141 146 160 160 156 155 161 169 173 166 172 171 166 159 165 168 171 183 179 171 172 165 156 147 148 148 153 161 161 155 158 164 165 163 156 158 161 158 156 161 158 157 175 191 182 159 141 144 154 154 154 161 152 140 142 147 139 118 107 117 139 156 151 144 128 125 125 129 144 140 147 151 154 163 167 158 164 159 144 150 156 149 145 146 159 163 161 166
138 141 146 149 150 139 143 149 153 156 154 153 154 160 169 160 163 164 161 161 161 163 170 179 177 172 172 164 157 143 150 162 157 160 157 163 167 162 153 156 160 162 159 164 161 154 148 160 173 180 165 151 143 155 154 157 167 161 143 137 144 150 151 140 127 126 131 134 142 142 131 134 127 128 141 139 139 145 152 160 168 166 163 160 147 143 150 141 134 152 158 160 160 163
152 146 144 148 153 153 150 149 152 151 145 140 147 149 148 150 163 166 163 159 156 163 170 169 171 170 170 168 163 148 153 166 158 158 151 161 166 156 150 152 160 158 152 160 160 150 147 164 167 161 152 149 153 164 166 169 168 154 141 135 133 145 158 157 153 145 134 128 137 142 143 154 149 142 151 150 146 146 153 159 165 163 162 158 154 144 144 140 143 157 158 162 168 164
161 142 135 142 152 161 154 149 148 142 137 139 154 153 152 160 163 162 162 155 156 165 169 162 165 168 165 166 164 153 153 162 159 157 150 160 161 157 156 158 160 155 148 149 151 156 154 154 152 153 152 151 156 160 168 166 150 143 141 140 137 146 151 152 148 151 148 142 140 147 154 156 149 149 158 159 159 158 160 154 157 153 154 148 149 148 143 146 158 160 164 166 170 168
155 142 140 137 144 161 159 151 143 135 129 140 153 153 159 166 161 155 157 160 164 165 167 161 164 167 168 168 157 148 157 163 159 163 158 162 157 159 160 160 162 158 153 153 156 161 154 148 146 159 162 153 153 157 164 159 139 131 134 145 150 151 146 151 138 142 149 144 138 144 154 154 150 157 160 154 157 163 158 154 155 144 142 139 143 144 140 143 156 162 166 168 170 168
147 137 132 133 140 159 159 151 141 131 129 143 149 154 162 162 156 149 157 167 166 164 165 166 168 165 164 165 155 153 166 170 164 169 163 163 155 157 157 160 170 172 164 166 163 157 154 154 153 168 167 157 161 165 165 157 131 117 130 152 150 152 155 159 141 135 137 132 137 143 149 147 148 155 154 151 152 158 155 156 142 130 134 137 142 141 143 148 153 163 163 163 168 167
142 131 126 130 141 155 155 156 152 142 147 157 152 155 160 163 153 152 158 158 158 163 166 171 170 164 159 160 156 157 167 169 161 164 164 163 158 154 155 165 170 169 160 165 161 151 153 153 156 171 161 161 165 165 167 156 132 120 139 161 155 155 158 159 145 143 145 137 135 136 149 144 137 145 154 162 157 153 154 160 135 126 137 139 146 148 155 161 162 164 166 163 164 160
148 136 134 133 142 148 152 162 159 154 162 166 162 157 155 158 155 157 154 151 157 163 164 165 165 163 156 155 154 156 158 164 163 164 164 162 156 151 153 166 166 166 161 167 162 146 148 150 164 177 165 159 157 164 172 153 139 135 143 151 160 160 158 156 145 148 150 145 135 126 133 136 142 149 150 151 154 150 147 153 141 142 146 143 149 152 160 163 164 158 162 165 166 160
144 137 140 140 142 137 150 165 155 155 159 161 166 159 153 155 162 155 148 151 159 165 163 162 166 168 160 154 155 155 154 160 162 161 160 162 153 153 159 170 163 160 164 168 158 151 154 153 166 172 163 160 163 169 165 149 151 152 148 148 159 159 155 157 148 142 147 154 140 127 126 143 154 149 142 134 145 147 151 150 141 154 154 150 153 153 155 157 160 153 157 163 164 162
139 138 144 142 142 147 155 160 153 150 151 158 163 156 156 158 158 144 145 155 162 164 163 161 163 165 159 148 152 151 150 159 158 158 159 158 160 163 161 169 162 153 163 166 158 158 157 156 164 164 157 160 168 166 156 154 157 160 158 158 158 158 154 160 152 143 150 152 145 142 145 159 162 155 145 134 149 154 164 159 148 159 158 153 158 161 155 158 164 155 154 160 164 160
143 148 153 151 149 156 159 162 158 150 154 161 156 152 159 163 149 142 154 158 157 155 157 159 158 160 154 145 151 150 153 158 157 159 157 154 163 165 156 166 162 155 162 162 159 160 152 154 158 158 158 164 169 164 154 157 160 160 163 167 162 158 159 162 157 150 150 143 150 154 151 155 163 158 148 145 149 155 165 158 153 162 161 154 156 163 160 161 164 162 156 158 160 157
146 151 154 150 147 154 158 160 162 153 153 160 152 153 161 160 152 151 158 155 156 152 150 155 155 152 150 152 150 148 151 149 153 160 152 152 160 158 149 163 163 158 159 156 155 163 155 153 156 156 159 166 160 157 151 151 157 154 160 165 162 157 155 164 162 149 146 146 154 154 150 152 157 154 150 152 145 154 161 156 155 157 160 161 156 159 161 161 163 165 160 157 156 158
149 148 153 151 151 162 161 156 163 149 152 160 157 161 159 157 158 156 159 162 162 157 156 156 154 146 149 150 143 143 149 147 153 157 150 149 153 155 151 155 155 157 157 153 157 164 151 150 152 156 161 163 155 157 156 154 158 148 152 159 161 156 154 163 156 147 151 154 150 150 149 147 154 159 155 157 150 155 158 154 158 157 164 168 160 157 162 161 160 164 162 154 153 163
143 143 153 152 150 160 157 153 156 150 154 162 167 166 162 163 160 155 160 166 165 159 158 156 152 148 151 149 148 152 156 156 157 155 153 150 156 162 156 154 161 161 156 157 160 158 147 146 147 160 166 159 151 160 159 154 157 154 161 163 161 156 157 163 153 146 147 151 153 155 145 148 160 166 162 159 154 156 156 154 163 164 167 162 155 158 167 164 160 160 161 162 159 165
142 151 155 151 151 155 150 154 153 151 152 161 168 164 168 169 161 152 158 167 167 154 153 156 154 160 163 161 159 155 158 162 158 159 164 161 160 167 161 164 168 157 156 162 157 145 141 145 152 162 163 158 151 154 154 153 159 161 166 162 159 157 160 161 153 150 141 144 157 160 151 155 163 165 168 165 157 157 158 157 159 164 169 162 154 160 171 166 157 150 161 168 165 168
151 149 143 150 156 152 149 156 147 140 143 158 162 155 164 164 157 157 164 167 161 148 153 155 157 165 169 164 155 155 163 158 158 166 169 159 162 174 168 169 167 159 157 157 157 145 141 153 155 156 156 153 150 154 149 146 162 167 164 159 163 163 164 158 150 151 148 153 163 160 155 161 159 159 167 164 154 156 164 161 156 160 166 168 161 160 167 165 155 154 160 166 167 163
156 149 148 159 159 150 150 155 141 122 128 147 155 153 161 158 160 167 166 161 159 153 157 152 157 166 171 164 157 160 160 156 165 165 163 164 169 173 170 171 166 162 156 157 160 146 140 149 146 147 150 150 154 163 152 144 162 173 165 167 170 167 163 161 151 155 158 157 161 157 155 161 155 152 160 163 153 154 167 160 154 160 165 168 165 165 164 157 158 166 159 166 167 163
157 156 154 157 154 154 155 150 136 113 117 132 148 153 159 162 162 162 159 153 155 153 155 157 162 163 165 161 157 156 153 151 161 164 161 166 164 166 167 168 159 152 151 157 153 143 139 138 134 144 154 156 157 162 150 145 160 169 162 167 162 163 163 164 155 156 155 154 156 158 157 156 152 152 160 161 159 154 158 155 158 164 165 160 161 163 162 155 162 166 158 163 164 167
157 149 147 148 151 157 156 154 152 131 125 126 143 152 162 166 162 158 158 149 154 153 155 162 158 156 154 154 157 153 149 147 156 166 164 166 166 165 161 160 146 145 152 156 146 145 145 139 135 144 150 155 160 162 150 144 152 161 160 160 154 167 164 159 154 156 156 157 158 158 155 153 155 156 158 158 159 158 156 153 158 162 160 157 156 156 160 158 164 167 164 164 164 168
255 255 144 140 147 148 147 161 182 174 156 148 156 163 163 162 155 156 160 150 155 157 158 163 157 157 154 158 157 149 147 150 151 155 158 163 165 155 151 155 148 158 160 159 152 153 153 150 139 139 146 154 161 159 151 138 137 155 164 157 156 165 159 155 157 156 157 160 159 157 157 158 158 157 158 159 156 162 158 153 155 164 163 155 155 157 155 157 162 164 160 166 172 167
255 255 255 255 142 133 134 158 200 202 187 184 180 169 155 155 155 161 162 154 160 162 162 166 159 155 157 164 156 139 142 143 131 137 151 161 154 148 146 153 153 167 163 165 157 158 159 152 139 140 149 157 156 152 146 128 135 153 159 158 161 154 150 154 158 156 157 158 155 154 163 164 159 159 161 159 156 159 155 157 155 165 164 155 155 158 150 156 160 157 154 164 172 163
