example/E5 - XRays/X-ray-tomography/rastert_juap52.txt
ncols         356
nrows         356
xllcorner     -0.5
yllcorner     -355.5
cellsize      1
NODATA_value  -9999
[rows 294 to 335 of 356, columns 188 to 281 of 356]
134 140 139 141 142 140 129 135 142 141 151 142 129 149 154 140 126 124 146 151 143 146 155 162 164 165 168 150 128 127 140 147 146 142 149 156 153 140 136 141 139 122 132 150 146 140 131 127 130 124 128 137 136 128 127 132 137 142 141 127 116 106 109 122 127 128 133 136 131 132 131 128 127 125 129 147 148 130 115 129 145 136 132 136 138 129 132 139 141 142 128 105 106 116
143 141 139 142 144 140 128 131 133 139 151 142 138 160 153 128 116 116 135 148 151 159 169 174 179 182 187 168 137 120 122 131 140 133 141 147 149 147 144 145 144 129 138 149 142 130 123 121 122 116 123 139 145 139 134 140 145 149 149 141 135 121 119 124 122 121 125 131 127 129 134 137 136 130 138 147 143 137 126 136 146 131 128 133 140 142 138 137 140 143 139 131 127 130
153 137 132 137 138 138 130 130 122 126 139 145 147 156 149 124 110 110 125 141 159 170 175 179 185 192 192 178 152 128 119 121 137 142 149 148 144 145 142 145 147 141 146 148 131 111 106 112 115 115 122 134 144 142 140 139 142 149 147 141 143 136 129 129 127 130 132 134 132 131 133 134 139 137 139 146 139 134 137 141 139 129 129 133 135 143 140 133 135 143 144 142 137 134
153 137 130 129 130 133 129 127 126 130 136 138 145 148 145 130 122 123 127 133 158 179 183 180 186 194 189 172 153 141 129 126 138 139 145 150 141 138 135 141 145 145 148 140 117 101 105 116 119 124 129 130 133 136 139 137 136 144 143 138 140 137 133 134 138 147 151 148 141 136 138 133 139 146 143 145 141 136 137 139 132 127 137 141 138 142 145 136 134 143 150 150 144 140
154 149 147 135 132 133 131 129 139 149 139 131 140 142 144 138 124 129 138 142 156 171 177 176 180 191 187 176 158 150 138 123 132 133 131 141 139 141 140 144 150 154 150 133 111 107 118 131 134 137 128 122 123 127 135 138 135 138 142 141 142 142 141 142 149 162 163 158 146 136 138 139 140 143 149 144 142 139 138 145 142 136 143 146 147 147 152 145 134 140 146 149 147 143
151 153 158 149 143 139 141 138 147 156 141 134 143 140 144 147 129 127 148 155 160 166 169 174 181 183 185 181 167 153 139 121 127 134 129 135 141 148 148 153 163 167 159 142 124 124 134 146 145 144 129 121 125 126 140 148 149 141 140 138 139 148 151 147 151 167 170 163 152 141 141 141 141 135 147 147 146 144 139 148 152 149 147 142 148 152 146 137 132 136 142 144 146 142
151 150 153 145 143 142 149 147 152 158 142 137 151 147 146 153 140 130 149 152 150 159 161 168 179 173 175 179 167 155 146 134 131 138 137 138 146 156 157 161 168 170 169 159 144 138 141 147 148 146 141 133 128 122 134 149 156 149 147 145 142 152 151 140 145 163 171 166 153 145 144 139 142 135 138 148 151 149 147 154 160 156 152 152 150 148 137 131 133 139 143 142 143 141
158 153 152 147 142 141 147 147 155 155 136 128 137 147 153 158 144 133 145 148 147 153 154 161 167 167 167 175 161 152 151 146 135 137 138 137 149 160 160 168 174 169 162 162 156 147 142 139 145 147 147 141 125 113 125 147 160 161 155 158 158 155 148 130 141 161 165 165 152 144 144 147 145 141 140 151 156 152 154 160 164 163 157 154 153 147 134 129 139 143 141 140 140 137
152 150 149 149 144 147 154 150 147 139 129 121 120 137 162 165 150 146 150 150 151 158 162 162 165 167 164 163 151 146 149 152 146 141 138 135 147 162 163 166 170 169 164 166 164 156 144 138 142 145 146 141 127 118 129 149 162 166 161 161 162 146 130 119 134 158 158 154 148 137 143 151 149 143 138 142 151 155 158 160 164 166 159 158 159 154 147 138 142 147 143 140 141 139
149 147 145 146 142 147 157 161 152 138 124 121 125 137 160 163 152 149 155 159 158 158 159 162 166 165 159 156 152 149 153 153 149 143 142 139 140 154 160 164 167 168 165 170 170 160 144 137 142 143 145 143 138 129 132 145 160 163 164 166 166 144 118 115 132 148 154 151 142 132 135 145 147 143 137 131 133 150 166 166 161 165 163 159 163 163 153 148 144 148 148 145 144 136
145 138 140 148 142 147 158 162 162 151 132 129 141 140 145 155 149 142 151 167 169 159 157 159 161 154 142 137 141 143 143 144 145 142 141 141 141 148 154 159 162 165 158 162 165 158 143 131 136 128 125 132 137 133 125 128 148 158 161 168 168 157 133 123 135 134 143 149 140 133 129 136 142 145 134 118 114 131 156 166 162 164 164 159 161 161 149 146 147 155 152 147 142 137
140 125 134 147 147 153 161 158 162 158 145 140 147 135 130 142 137 128 137 156 163 157 158 163 162 143 124 118 123 129 131 135 139 145 144 143 149 145 152 155 157 161 156 151 157 159 145 130 128 120 110 118 131 130 119 116 139 158 160 164 166 157 147 135 138 130 134 146 138 130 127 132 141 148 139 121 109 117 140 159 164 167 167 162 161 160 154 152 152 156 151 144 140 141
140 132 129 138 150 152 160 160 165 163 149 146 154 142 130 133 127 123 129 142 148 145 152 162 162 144 117 112 125 131 132 138 147 144 136 138 147 143 148 158 156 151 146 134 144 158 150 137 132 123 111 117 133 132 119 117 134 156 163 161 157 146 138 137 140 137 143 152 142 129 126 127 136 146 143 136 131 130 143 155 160 163 162 162 158 161 156 154 153 153 150 144 142 143
138 137 126 127 143 149 154 158 157 155 147 148 154 149 139 143 138 135 140 146 150 146 151 158 164 154 124 119 135 138 134 141 156 150 138 134 138 133 138 155 154 137 128 117 128 150 150 144 139 126 117 121 132 130 119 119 135 143 150 149 140 131 129 128 135 137 147 154 147 128 122 128 136 139 142 144 143 144 150 153 157 155 158 162 155 156 151 143 145 148 151 146 144 147
125 127 129 134 143 148 153 152 145 144 143 142 146 142 136 148 155 152 156 162 164 157 151 152 160 159 138 131 130 126 123 134 151 153 144 134 133 126 134 147 147 132 124 120 129 142 147 148 142 127 122 124 128 123 120 123 131 133 140 135 122 112 116 125 131 140 156 158 145 128 125 132 147 146 144 152 147 143 149 151 153 154 154 161 159 158 153 138 135 141 154 149 146 153
124 122 126 137 146 145 148 154 149 147 145 139 139 140 140 154 163 158 162 166 164 160 149 149 154 153 146 141 126 120 128 147 155 157 152 141 132 127 137 147 148 138 134 133 136 138 144 151 144 135 132 127 129 123 123 126 126 127 130 128 119 112 119 129 132 143 159 166 149 134 136 144 154 156 151 155 151 147 145 148 153 156 157 164 161 160 152 142 140 140 151 153 151 156
132 128 129 141 148 144 147 157 158 155 147 141 139 147 156 162 157 151 153 157 159 159 150 148 147 145 143 140 125 122 145 163 158 156 153 142 125 117 130 142 143 137 138 138 133 134 144 148 143 140 136 134 138 134 130 132 133 138 140 140 134 130 143 151 152 159 161 168 160 148 150 153 157 161 158 157 153 155 155 150 152 157 161 165 163 156 149 141 142 140 139 145 148 155
139 136 132 144 156 154 156 163 165 167 161 149 140 148 160 162 146 137 140 146 156 158 146 144 145 136 130 130 124 124 149 161 155 150 146 135 115 105 119 133 135 134 135 138 136 137 147 147 141 134 131 131 134 137 132 132 139 144 149 150 151 148 156 166 167 171 170 165 163 156 155 156 158 168 162 157 155 154 157 153 151 155 162 165 162 157 149 143 141 138 136 140 140 147
143 140 139 147 156 154 152 160 165 169 171 169 161 160 160 152 140 138 141 139 148 157 151 148 152 141 129 122 126 134 145 152 150 145 143 136 125 128 139 148 144 145 141 139 141 140 149 148 144 133 119 111 119 129 131 130 143 150 149 150 152 152 160 168 171 171 170 164 159 159 159 160 158 165 168 163 154 148 149 147 146 154 160 164 163 162 150 146 145 141 143 146 144 144
150 146 146 147 149 143 140 156 167 164 165 173 172 171 166 154 146 140 139 125 128 146 155 155 155 147 133 119 125 142 145 144 137 137 137 140 141 149 157 159 156 156 148 136 140 143 151 154 147 135 122 99 110 127 132 139 146 157 156 155 156 155 160 169 175 174 168 166 157 158 160 158 161 163 169 169 158 144 143 148 142 148 158 163 162 159 153 149 151 144 148 154 151 151
154 148 146 141 140 131 124 145 164 165 167 171 171 167 161 159 155 140 136 120 120 135 147 153 152 146 132 128 125 133 145 147 131 127 123 133 146 149 154 158 158 161 151 139 142 146 149 151 147 138 132 109 113 132 140 152 156 162 167 165 162 161 160 161 168 175 170 165 158 158 162 156 158 166 169 166 154 143 142 147 145 144 149 154 156 155 155 154 151 146 144 151 152 150
139 137 144 147 142 132 122 140 153 161 171 170 168 165 153 153 146 127 129 120 125 134 144 146 148 147 135 141 134 130 139 141 134 130 122 128 146 152 154 159 158 166 159 148 147 151 149 149 144 137 134 121 120 134 144 160 168 164 166 167 164 167 164 157 159 168 170 161 154 156 158 156 157 162 163 158 148 141 143 145 145 142 142 145 147 150 153 156 149 143 143 144 141 140
119 116 130 144 140 138 134 140 134 140 161 165 161 159 145 143 134 119 123 121 130 136 137 139 143 146 145 150 140 134 137 135 131 130 127 131 145 156 158 160 159 168 164 154 146 148 150 144 137 129 123 113 122 138 148 162 167 168 168 169 165 162 158 147 151 160 164 157 150 155 156 154 157 158 155 155 150 146 148 148 146 140 142 150 153 151 150 156 153 142 144 143 130 130
125 113 120 133 136 138 142 147 132 125 146 151 150 153 145 136 129 123 127 126 132 139 137 140 147 152 153 151 132 121 128 136 133 130 129 135 142 150 157 158 156 163 160 153 140 135 140 140 136 121 110 99 120 147 158 170 168 171 176 172 160 152 149 145 150 156 159 152 149 154 152 151 157 159 152 153 154 151 150 143 141 141 144 156 164 159 155 154 152 148 143 139 126 129
148 143 136 135 140 144 145 150 143 136 139 130 133 140 144 138 130 130 132 132 135 145 144 140 150 160 156 152 135 112 116 131 135 132 128 136 142 146 149 152 152 156 149 142 135 125 121 124 134 122 101 98 125 154 165 170 171 171 173 167 153 141 142 144 150 150 153 156 155 159 154 151 154 159 152 149 158 150 143 136 136 141 152 155 158 157 157 157 147 144 147 142 129 129
148 151 147 142 148 148 143 152 156 153 146 127 119 125 140 146 142 140 141 139 139 145 149 150 158 160 160 159 147 119 119 136 138 132 124 132 142 139 138 142 143 149 150 145 136 126 110 113 127 118 99 102 138 164 170 170 170 163 160 156 151 143 145 146 147 148 146 155 158 161 158 157 155 152 150 145 155 152 144 138 139 144 155 154 148 151 151 151 147 141 148 151 143 139
146 148 142 136 144 147 148 154 155 158 149 132 109 120 141 147 149 146 143 144 148 147 149 159 165 161 162 162 154 134 129 144 149 134 123 130 142 135 133 136 135 140 151 154 145 138 126 127 135 119 96 100 138 164 170 169 162 154 142 146 149 150 149 148 144 145 147 155 158 157 156 160 159 149 148 144 152 157 151 150 149 151 153 152 144 143 147 148 148 148 147 152 151 152
148 141 132 125 135 145 155 158 149 149 147 130 105 117 137 141 148 152 143 145 156 154 151 156 156 159 161 159 148 138 139 146 145 131 121 128 141 135 132 135 134 133 143 151 147 147 145 149 153 137 110 107 132 154 162 161 153 147 137 141 147 147 146 147 146 142 143 150 155 159 156 160 159 148 146 148 153 157 154 155 154 154 153 150 143 141 149 153 151 151 149 155 255 255
148 139 124 113 127 136 151 155 149 145 145 130 114 126 136 135 143 156 152 151 159 153 146 136 135 146 148 150 141 136 140 136 127 123 120 126 139 144 140 138 143 140 141 145 144 147 145 141 151 151 135 127 136 146 145 146 147 141 141 143 146 139 131 138 147 145 141 147 150 158 157 156 150 138 137 146 154 156 152 149 145 147 154 153 146 144 152 157 157 157 154 255 255 255
142 135 127 119 126 128 133 136 146 153 150 139 133 142 148 149 146 151 157 154 151 138 123 110 122 134 139 145 137 136 139 129 116 123 133 128 134 145 141 138 143 144 143 145 147 150 140 129 137 150 145 135 140 144 134 131 139 141 136 138 142 137 124 132 144 151 149 149 152 151 151 148 138 128 130 142 148 156 152 139 134 141 148 151 151 152 153 157 160 165 255 255 255 255
130 128 135 130 126 120 115 121 135 153 157 154 154 156 159 164 159 155 157 152 142 118 97 90 111 126 143 151 145 144 141 133 123 133 143 137 138 145 143 149 153 155 153 149 153 156 144 131 127 135 137 128 138 147 136 129 133 136 129 128 138 142 134 133 138 145 155 154 156 154 149 142 137 131 134 145 149 149 152 139 136 149 149 147 155 160 153 152 255 255 255 255 255 255
127 132 136 133 126 117 112 119 131 147 159 161 162 165 169 169 169 164 162 158 141 112 94 89 107 119 140 151 147 143 140 134 129 136 139 139 145 151 149 155 167 166 164 155 154 153 146 137 136 134 132 129 136 142 141 145 144 137 130 126 138 144 143 136 137 140 148 152 158 159 155 147 143 136 141 145 150 149 152 149 147 155 159 152 155 161 161 255 255 255 255 255 255 255
135 131 129 133 135 127 124 119 123 134 153 157 158 166 170 171 168 166 167 164 152 134 124 116 118 121 136 148 142 137 139 137 133 138 135 136 146 150 156 159 168 167 164 161 157 149 141 143 147 145 139 138 143 145 147 157 162 153 141 136 141 141 143 144 138 139 144 147 154 157 152 148 150 144 143 145 148 152 154 153 155 159 159 154 153 255 255 255 255 255 255 255 255 255
148 134 128 134 137 133 125 109 98 109 140 155 158 164 165 167 165 164 167 166 163 157 148 141 135 130 141 148 140 138 141 141 137 139 137 132 140 146 156 162 165 168 163 168 160 146 139 144 153 150 142 141 152 156 155 161 165 160 151 143 140 141 146 149 143 143 143 149 150 151 147 144 147 151 151 149 147 151 154 154 153 159 156 255 255 255 255 255 255 255 255 255 255 255
153 145 136 135 131 134 132 111 86 92 126 152 158 162 164 165 166 165 167 168 166 161 156 151 143 136 144 148 140 138 141 142 139 139 137 129 134 142 153 160 164 169 164 167 160 138 134 145 157 150 145 146 158 167 163 158 161 160 151 146 144 146 153 157 154 154 151 155 156 151 147 146 144 150 156 156 151 151 152 155 155 158 255 255 255 255 255 255 255 255 255 255 255 255
145 146 140 136 134 139 140 120 96 92 118 149 156 161 162 167 168 168 169 167 169 164 155 151 137 131 137 143 140 138 143 142 141 140 132 124 127 140 151 159 165 171 166 164 154 132 135 147 158 152 147 149 161 168 168 159 158 156 148 148 151 154 160 161 159 160 158 156 157 157 149 145 147 152 154 157 155 158 155 151 255 255 255 255 255 255 255 255 255 255 255 255 255 255
136 139 142 141 142 150 144 130 115 107 123 148 156 159 156 159 165 167 165 161 165 163 154 145 124 115 128 139 145 145 149 150 150 150 140 127 121 130 143 156 161 164 164 163 156 136 139 150 156 153 143 137 147 154 159 156 154 154 147 147 154 156 159 159 158 160 160 160 162 162 156 149 151 152 154 157 159 163 255 255 255 255 255 255 255 255 255 255 255 255 255 255 255 255
133 139 148 151 153 159 151 144 133 115 119 143 152 157 154 156 165 169 164 160 161 158 152 139 120 109 128 143 148 147 150 152 156 159 150 140 128 129 139 149 153 152 155 155 152 140 135 145 147 152 143 130 133 139 145 152 151 152 150 146 150 150 153 158 157 161 165 163 165 168 162 154 152 151 155 161 159 255 255 255 255 255 255 255 255 255 255 255 255 255 255 255 255 255
132 135 144 156 162 162 154 158 152 129 123 143 153 156 155 158 168 168 165 160 158 154 146 134 126 121 133 148 148 143 143 144 150 151 143 144 137 137 142 145 143 145 147 144 139 133 128 137 144 151 145 134 136 142 144 148 153 154 152 147 150 148 146 154 158 157 159 162 161 166 162 151 150 151 154 255 255 255 255 255 255 255 255 255 255 255 255 255 255 255 255 255 255 255
143 141 142 155 160 162 158 161 159 143 138 152 158 157 159 162 163 161 162 161 156 149 130 121 130 134 144 152 147 145 141 140 145 145 139 142 141 142 149 146 142 142 142 139 132 129 132 142 148 147 145 143 143 147 147 150 158 156 151 146 148 150 146 146 151 152 153 162 162 160 160 153 149 255 255 255 255 255 255 255 255 255 255 255 255 255 255 255 255 255 255 255 255 255
150 146 145 150 154 158 158 157 151 147 149 162 164 161 164 169 162 157 159 163 163 152 125 112 125 136 150 153 148 149 147 142 143 144 139 133 136 143 151 151 146 146 144 139 135 133 138 147 148 142 137 138 143 146 149 151 155 156 151 147 147 147 145 141 143 152 155 161 163 160 160 255 255 255 255 255 255 255 255 255 255 255 255 255 255 255 255 255 255 255 255 255 255 255
153 148 140 137 142 150 152 150 145 147 155 164 165 164 168 173 166 159 160 163 165 157 140 124 129 137 144 149 144 142 148 148 145 140 133 123 127 136 140 146 141 141 143 141 136 133 141 146 145 142 137 136 140 143 148 155 152 153 153 153 148 147 142 141 144 151 152 155 157 255 255 255 255 255 255 255 255 255 255 255 255 255 255 255 255 255 255 255 255 255 255 255 255 255
