example/E5 - XRays/X-ray-tomography/rastert_juap40.txt
ncols         356
nrows         356
xllcorner     -0.5
yllcorner     -355.5
cellsize      1
NODATA_value  -9999
[rows 84 to 125 of 356, columns 0 to 93 of 356]
255 255 255 255 255 255 255 255 255 255 255 255 255 255 255 255 255 255 255 255 255 255 255 255 255 255 255 148 144 139 137 133 136 145 152 148 133 140 142 123 87 71 83 72 92 136 152 166 164 166 167 164 166 161 162 163 160 163 165 161 162 164 162 157 157 157 164 168 161 154 153 149 129 124 125 113 119 125 122 126 135 128 145 160 162 164 162 159 147 129 126 137 144 136
255 255 255 255 255 255 255 255 255 255 255 255 255 255 255 255 255 255 255 255 255 255 255 255 255 255 150 139 129 124 133 144 139 141 149 148 143 144 130 116 96 84 105 95 109 145 150 161 167 162 165 162 161 162 165 165 161 159 158 160 156 157 166 159 159 161 161 166 160 154 139 116 106 115 131 133 136 138 133 128 139 134 133 136 153 161 158 156 152 141 122 117 134 133
255 255 255 255 255 255 255 255 255 255 255 255 255 255 255 255 255 255 255 255 255 255 255 255 255 255 145 129 127 130 133 147 152 145 141 145 146 140 118 111 113 96 109 121 133 155 156 159 164 165 168 168 163 161 165 167 170 169 163 164 161 157 162 163 159 163 159 157 151 149 125 102 107 108 117 127 133 140 139 133 137 139 135 126 134 134 139 148 150 152 133 105 125 135
255 255 255 255 255 255 255 255 255 255 255 255 255 255 255 255 255 255 255 255 255 255 255 255 255 158 155 142 138 140 137 148 158 155 142 140 138 133 126 121 127 111 110 126 141 156 158 156 157 160 166 168 166 160 161 161 165 175 175 165 164 161 156 162 156 152 151 152 154 148 133 127 118 109 119 132 136 138 144 145 135 134 137 130 127 120 128 136 143 152 144 124 124 130
255 255 255 255 255 255 255 255 255 255 255 255 255 255 255 255 255 255 255 255 255 255 255 255 255 149 150 148 144 142 141 147 154 157 143 139 135 134 141 142 144 135 123 127 141 157 159 157 153 152 158 164 168 164 162 162 164 181 182 165 158 159 156 160 147 125 126 140 144 141 144 150 138 135 140 141 138 133 141 143 132 128 134 134 131 129 143 148 147 154 155 150 135 128
255 255 255 255 255 255 255 255 255 255 255 255 255 255 255 255 255 255 255 255 255 255 255 255 147 138 135 139 137 139 150 155 153 149 140 141 138 135 142 143 143 137 123 124 138 155 158 157 157 157 160 164 164 166 165 165 172 187 182 169 156 153 153 149 134 116 121 135 131 137 146 149 147 152 155 156 153 143 146 140 124 116 131 145 139 137 149 152 156 159 155 149 142 143
255 255 255 255 255 255 255 255 255 255 255 255 255 255 255 255 255 255 255 255 255 255 255 152 146 143 137 134 133 141 153 159 155 147 146 145 143 139 141 144 144 138 128 128 141 153 155 159 161 159 158 160 158 161 163 164 173 177 172 167 159 156 154 142 132 122 117 125 123 136 151 149 147 156 154 159 163 156 153 147 134 124 133 147 136 135 151 152 150 150 144 138 135 147
255 255 255 255 255 255 255 255 255 255 255 255 255 255 255 255 255 255 255 255 255 255 255 144 137 142 141 134 136 150 157 165 163 157 154 141 136 141 147 156 151 145 136 134 146 152 148 153 157 161 160 159 158 156 162 164 168 164 161 165 166 157 145 133 132 133 119 120 124 137 152 154 156 165 159 155 157 159 161 154 148 139 130 136 133 133 142 147 139 140 136 139 137 143
255 255 255 255 255 255 255 255 255 255 255 255 255 255 255 255 255 255 255 255 255 255 157 143 135 142 148 140 135 150 156 158 154 147 145 141 137 141 143 152 152 148 145 147 152 153 152 156 155 158 160 159 162 161 162 159 161 163 162 163 161 151 143 133 131 138 123 119 125 130 144 145 147 161 166 161 157 158 164 163 155 141 132 134 132 137 144 151 141 136 115 118 136 144
255 255 255 255 255 255 255 255 255 255 255 255 255 255 255 255 255 255 255 255 255 255 156 147 149 152 154 145 130 135 146 146 141 140 143 141 136 142 144 142 146 150 154 152 152 152 156 155 151 155 158 159 162 162 161 155 156 159 158 159 155 138 140 142 135 138 128 123 121 116 133 146 152 161 164 167 166 165 162 164 161 140 134 134 132 133 138 152 146 133 103 98 127 145
255 255 255 255 255 255 255 255 255 255 255 255 255 255 255 255 255 255 255 255 255 158 150 146 153 157 152 144 123 116 132 139 142 143 146 144 137 140 144 142 142 148 149 141 145 152 165 165 158 159 162 156 157 154 160 164 159 157 157 150 137 124 130 146 150 150 140 134 137 129 114 119 141 158 162 168 165 162 157 158 158 140 134 134 142 130 133 149 150 143 116 112 140 148
255 255 255 255 255 255 255 255 255 255 255 255 255 255 255 255 255 255 255 255 255 151 143 149 157 164 161 143 116 112 126 137 142 136 131 137 139 134 131 140 139 142 138 126 140 151 162 171 168 163 169 163 155 155 159 159 155 153 151 138 125 121 131 143 146 151 144 133 137 144 123 106 111 125 149 158 158 160 164 164 152 144 145 136 136 129 135 155 157 152 127 120 145 149
255 255 255 255 255 255 255 255 255 255 255 255 255 255 255 255 255 255 255 255 156 148 146 157 166 165 163 152 132 135 139 139 142 138 134 143 145 135 127 140 140 133 135 131 140 153 160 173 174 161 159 161 157 159 161 149 138 143 143 137 130 129 140 143 136 133 130 117 112 130 132 122 107 103 131 152 151 152 157 156 141 148 156 137 126 136 140 156 160 159 143 122 129 142
255 255 255 255 255 255 255 255 255 255 255 255 255 255 255 255 255 255 255 255 155 150 155 163 167 166 166 161 150 151 155 155 150 143 143 145 143 140 137 143 141 135 142 143 142 150 161 174 179 172 157 150 152 150 148 140 138 142 140 134 131 130 143 143 138 142 142 130 119 133 139 135 127 119 126 141 143 147 147 141 136 140 136 125 127 137 138 145 156 160 149 120 118 136
255 255 255 255 255 255 255 255 255 255 255 255 255 255 255 255 255 255 255 155 160 160 163 167 169 170 175 174 166 156 155 157 148 143 144 144 140 138 145 146 141 141 141 140 138 143 151 160 168 162 145 136 139 137 132 132 134 139 143 134 128 123 137 140 127 141 154 147 140 142 141 138 137 141 140 136 137 136 137 137 140 131 117 114 135 141 132 133 151 153 151 139 132 130
255 255 255 255 255 255 255 255 255 255 255 255 255 255 255 255 255 255 255 152 156 160 163 170 172 164 165 174 172 160 155 154 147 144 140 144 144 142 149 149 144 143 142 140 137 138 139 143 149 139 129 124 135 135 128 130 132 136 141 137 122 116 134 146 134 139 149 148 151 144 133 127 124 135 147 143 140 140 142 131 124 130 141 140 150 146 131 128 148 146 135 143 140 129
255 255 255 255 255 255 255 255 255 255 255 255 255 255 255 255 255 255 165 157 153 161 168 172 181 178 169 169 167 163 161 150 142 136 135 147 151 145 150 148 145 147 146 144 135 133 126 130 137 125 120 126 132 131 133 129 125 131 139 142 129 126 132 144 144 146 141 123 127 130 122 122 123 124 135 140 142 142 140 124 114 133 155 156 154 150 135 131 140 146 137 138 138 136
255 255 255 255 255 255 255 255 255 255 255 255 255 255 255 255 255 255 161 150 140 151 166 173 178 183 179 174 168 164 160 152 142 136 139 147 154 149 148 143 142 142 141 138 130 133 131 134 138 126 119 121 122 120 122 124 126 133 138 137 131 134 135 143 145 143 141 120 117 125 123 123 128 124 126 138 138 135 133 131 141 147 147 155 154 150 142 141 139 136 133 137 138 136
255 255 255 255 255 255 255 255 255 255 255 255 255 255 255 255 255 156 143 128 132 152 164 167 168 173 176 175 172 162 149 144 148 148 145 144 149 151 143 137 132 129 136 136 132 135 133 129 127 126 127 127 127 124 121 128 136 144 145 135 132 139 136 136 139 136 133 129 137 140 126 122 128 131 131 138 132 135 137 144 155 158 148 148 152 147 147 145 138 135 135 141 142 135
255 255 255 255 255 255 255 255 255 255 255 255 255 255 255 255 255 151 134 122 142 165 168 165 168 172 172 173 175 162 145 141 141 145 152 155 147 143 142 140 127 121 138 144 142 140 137 130 123 123 130 135 136 134 137 141 145 143 148 143 141 145 141 136 133 132 130 127 138 146 127 118 124 135 137 133 129 132 135 132 128 144 147 147 152 149 150 144 142 147 146 143 142 139
255 255 255 255 255 255 255 255 255 255 255 255 255 255 255 255 154 143 138 138 155 171 177 174 172 173 169 169 167 158 149 144 138 143 151 152 145 145 150 149 137 121 126 140 146 147 152 153 145 133 136 141 133 132 150 150 150 145 138 137 141 151 147 138 129 123 115 116 126 134 140 140 129 126 128 122 117 118 113 103 100 113 121 130 138 141 135 125 138 148 147 138 134 142
255 255 255 255 255 255 255 255 255 255 255 255 255 255 255 255 152 145 147 156 162 166 171 175 175 177 166 156 153 149 150 152 147 150 152 147 143 153 155 151 150 138 128 126 126 135 148 154 148 135 137 150 148 141 151 150 143 139 128 125 133 146 147 142 135 126 115 119 126 128 138 147 145 137 139 134 128 126 122 120 115 110 108 114 122 127 123 112 122 143 147 137 136 142
255 255 255 255 255 255 255 255 255 255 255 255 255 255 255 164 156 153 157 164 168 168 170 172 170 161 134 126 143 143 144 151 152 152 154 152 151 156 149 140 144 143 145 139 132 131 136 140 138 137 139 148 156 148 147 143 136 134 131 131 137 134 134 142 139 139 141 141 140 139 132 137 144 141 148 151 142 140 134 135 132 126 126 131 137 139 128 115 117 129 135 138 135 138
255 255 255 255 255 255 255 255 255 255 255 255 255 255 255 163 159 157 163 171 177 177 174 170 165 142 108 111 143 151 146 147 151 153 152 146 151 149 134 131 141 145 156 159 154 151 149 146 142 142 146 147 151 152 151 143 140 136 139 141 140 132 127 130 127 130 136 135 145 145 138 147 143 130 131 131 129 140 132 122 128 129 136 144 141 141 130 125 124 122 121 136 142 141
255 255 255 255 255 255 255 255 255 255 255 255 255 255 255 160 158 154 160 167 175 176 171 165 160 139 116 122 146 145 140 143 147 154 155 149 145 130 121 128 139 141 153 166 166 163 164 164 166 160 146 144 158 163 150 139 141 135 144 142 135 145 147 144 139 125 104 96 130 149 145 151 146 127 111 112 128 138 135 127 131 140 139 136 134 140 132 136 139 131 127 126 132 139
255 255 255 255 255 255 255 255 255 255 255 255 255 255 155 157 155 152 152 154 162 169 165 148 142 139 135 135 139 129 125 133 142 153 152 149 139 124 129 134 141 145 149 158 166 167 169 169 171 170 154 146 154 160 147 136 141 137 144 143 133 142 152 154 156 138 108 101 125 140 135 136 135 130 116 109 128 134 139 139 134 143 139 128 128 145 147 145 152 148 131 114 114 125
255 255 255 255 255 255 255 255 255 255 255 255 255 255 157 161 161 159 153 153 158 165 155 135 132 139 145 148 152 142 131 135 134 129 135 142 141 133 130 135 148 155 155 153 158 166 167 168 163 166 158 145 138 141 140 129 139 145 145 137 133 132 139 152 158 153 154 157 141 134 128 131 139 135 131 127 134 139 143 139 132 130 129 134 134 148 156 155 151 143 134 124 121 115
255 255 255 255 255 255 255 255 255 255 255 255 255 156 159 163 163 160 155 152 153 153 139 127 132 139 142 148 153 149 139 138 128 105 119 137 140 141 133 135 148 155 163 162 157 164 164 163 159 161 161 158 147 142 142 132 132 134 135 132 136 141 141 150 164 171 173 165 137 130 136 140 143 141 146 143 138 144 147 140 135 141 136 133 131 143 151 152 143 134 138 132 124 112
255 255 255 255 255 255 255 255 255 255 255 255 255 159 159 159 162 156 149 152 150 141 121 116 132 143 143 146 144 140 139 140 138 124 130 137 138 137 138 146 147 141 148 159 161 161 162 165 168 161 160 159 155 149 145 144 145 136 128 128 135 145 148 150 163 180 168 140 128 132 148 153 150 144 149 147 138 144 145 141 135 141 141 134 130 133 141 143 140 137 137 127 118 114
255 255 255 255 255 255 255 255 255 255 255 255 160 158 159 156 159 158 148 149 152 141 123 122 138 143 143 140 133 138 146 141 145 148 147 141 133 127 134 143 138 129 130 144 155 155 159 162 170 164 155 159 157 147 136 141 146 145 139 131 130 139 144 143 148 163 147 126 138 140 153 161 160 153 145 146 147 151 146 144 141 131 124 125 131 128 137 141 141 137 129 124 128 136
255 255 255 255 255 255 255 255 255 255 255 255 157 155 156 155 156 159 158 148 143 143 140 136 142 141 137 135 130 136 145 143 145 149 145 144 131 128 146 150 142 130 114 123 150 158 162 156 160 158 139 147 154 148 142 146 145 146 148 141 132 127 139 139 135 129 117 124 148 147 152 159 159 158 152 144 148 157 151 147 139 139 133 126 131 133 133 135 133 131 121 124 141 156
255 255 255 255 255 255 255 255 255 255 255 255 157 159 153 150 151 149 154 146 134 134 140 133 135 135 131 128 122 124 133 146 150 148 141 138 128 124 138 144 136 129 104 101 136 160 165 163 160 151 136 142 150 154 159 162 157 150 138 136 141 136 140 135 127 112 107 131 151 155 156 156 160 160 157 143 140 149 148 151 143 153 156 151 147 140 129 118 117 119 128 134 145 158
255 255 255 255 255 255 255 255 255 255 255 157 156 158 155 148 147 146 147 146 139 136 131 118 125 134 134 141 138 137 136 146 145 141 142 133 128 122 123 129 127 129 110 97 114 142 153 159 160 154 145 146 147 148 144 150 156 155 141 138 143 139 138 139 134 118 116 128 137 153 159 153 155 157 155 146 139 141 139 147 152 157 154 157 146 132 121 106 107 116 142 139 135 152
255 255 255 255 255 255 255 255 255 255 255 152 151 147 147 148 146 150 147 141 140 142 135 122 127 129 121 133 145 150 142 143 137 132 147 139 123 119 123 126 128 135 120 106 109 124 146 156 161 157 146 150 154 148 136 140 147 153 155 156 162 153 139 141 140 130 136 137 132 140 142 134 134 142 139 133 136 140 142 145 153 164 160 154 141 137 136 130 106 99 116 108 101 118
255 255 255 255 255 255 255 255 255 255 255 153 153 148 145 148 147 146 134 117 121 136 140 136 133 125 116 118 126 141 142 140 145 145 150 146 138 138 140 139 137 144 138 128 127 132 145 154 160 158 148 144 147 146 144 146 147 149 147 145 156 147 143 143 142 143 144 151 147 138 129 119 123 127 126 120 132 145 148 140 144 154 155 136 132 142 142 131 77 61 77 66 72 99
255 255 255 255 255 255 255 255 255 255 152 149 151 152 151 149 146 140 122 114 123 132 131 132 136 130 131 130 122 130 137 139 148 156 152 144 145 151 151 144 140 139 140 141 143 144 142 149 153 152 151 137 136 146 149 153 151 148 141 135 151 152 154 153 140 145 142 143 138 128 125 128 131 120 108 107 121 137 140 134 136 141 131 114 122 137 140 127 83 61 70 73 86 102
255 255 255 255 255 255 255 255 255 255 152 140 143 149 148 142 142 143 130 129 140 137 127 126 135 134 136 137 131 128 129 129 134 148 151 141 141 142 143 141 141 137 142 147 147 150 146 148 151 149 150 143 143 153 154 160 152 145 145 148 151 148 149 156 147 149 150 144 142 141 135 134 133 120 108 119 127 126 129 131 136 142 133 120 119 124 138 143 132 116 109 115 128 130
255 255 255 255 255 255 255 255 255 255 152 141 142 148 143 136 139 150 138 129 139 141 138 131 129 126 130 134 134 133 132 124 112 119 133 138 144 146 144 146 148 148 142 139 146 149 150 148 146 149 156 157 151 150 147 150 158 160 157 156 152 143 133 143 154 147 150 156 155 155 153 143 133 120 119 129 121 129 142 145 142 141 151 138 125 133 140 141 148 140 133 139 148 147
255 255 255 255 255 255 255 255 255 148 143 141 145 151 144 135 135 145 138 129 132 133 132 132 128 116 116 117 119 122 124 113 93 91 103 119 130 137 136 137 134 142 138 132 152 159 158 150 145 152 158 157 154 153 145 136 150 165 164 158 153 150 140 135 141 135 141 144 142 146 151 141 134 135 136 122 98 114 143 157 157 150 162 162 155 154 150 150 164 160 145 146 153 144
255 255 255 255 255 255 255 255 255 149 150 154 152 150 141 135 139 136 125 118 116 119 121 123 118 105 105 103 99 100 99 91 81 76 80 88 109 126 131 140 133 137 145 145 156 161 156 150 144 147 151 148 145 139 134 128 137 157 165 165 166 166 157 140 134 132 139 142 137 137 146 140 135 144 147 136 123 135 153 159 158 159 165 161 160 159 162 162 161 166 162 151 146 144
255 255 255 255 255 255 255 255 255 142 146 157 156 143 134 133 136 134 128 126 120 119 117 115 110 104 107 106 95 90 90 94 92 83 82 79 90 108 128 146 145 142 143 145 143 143 143 143 146 151 151 149 143 134 131 124 122 136 155 164 163 162 159 146 141 137 128 136 133 132 143 139 141 147 148 144 140 139 154 163 162 167 168 158 156 159 171 169 163 163 160 154 157 152
255 255 255 255 255 255 255 255 146 137 145 157 157 141 136 133 131 136 135 134 131 133 131 124 114 105 106 112 101 88 86 95 99 92 89 82 76 83 105 131 147 146 140 143 143 145 145 143 144 151 149 147 144 136 136 128 120 122 127 137 147 147 145 141 137 140 126 130 139 136 141 129 123 131 134 139 148 148 154 159 159 167 169 165 165 163 167 172 172 172 167 159 159 152
