example/E5 - XRays/X-ray-tomography/rastert_juap29.txt
ncols         356
nrows         356
xllcorner     -0.5
yllcorner     -355.5
cellsize      1
NODATA_value  -9999
[rows 168 to 209 of 356, columns 94 to 187 of 356]
137 128 132 144 154 155 147 138 147 144 134 137 138 136 137 137 136 149 160 160 154 160 169 169 166 167 162 157 154 131 140 158 163 161 153 149 133 126 141 139 143 149 154 154 153 147 137 115 121 137 139 143 143 143 154 161 149 139 139 130 133 134 150 163 158 153 155 165 164 162 158 153 121 103 128 145 159 182 173 165 168 160 166 169 167 171 171 172 172 174 171 167 160 172
145 145 143 143 151 150 149 151 156 151 134 138 139 134 132 134 141 142 157 160 156 163 175 165 164 168 160 149 148 146 152 163 169 168 159 143 127 128 133 123 128 141 153 153 146 130 107 107 127 129 123 126 125 134 155 157 148 139 141 139 134 133 155 164 160 162 157 164 159 166 159 139 105 100 136 151 156 177 164 166 169 162 167 170 164 170 164 169 170 161 170 177 170 169
143 147 141 150 167 161 153 159 162 156 143 140 138 135 139 138 136 134 149 154 150 159 167 161 168 168 148 130 139 156 159 161 162 168 158 134 120 126 142 140 138 146 144 138 140 125 111 127 144 134 124 116 109 126 150 150 144 150 141 138 148 142 153 163 157 161 156 164 164 155 139 119 99 113 144 161 163 167 167 166 155 160 168 174 171 179 166 170 173 170 175 174 165 163
143 148 136 143 159 157 147 151 156 153 142 137 139 145 142 132 128 119 135 148 145 143 149 158 161 163 153 139 141 151 147 148 150 152 152 139 118 114 132 147 143 143 131 121 137 129 114 125 136 128 136 138 127 118 129 148 148 142 116 122 150 148 144 167 169 162 151 155 161 132 115 116 107 113 151 169 167 168 178 179 157 157 170 183 185 180 169 177 173 178 180 165 164 174
130 130 134 146 154 158 151 149 152 142 129 126 128 142 138 140 143 129 135 146 151 141 146 154 150 154 164 156 149 143 137 133 132 134 140 134 117 126 137 147 148 149 141 124 133 127 114 106 107 111 137 150 143 131 123 126 136 134 100 102 128 139 138 156 163 161 159 144 149 139 124 130 123 115 150 166 168 166 164 170 172 171 170 183 182 167 171 177 175 172 174 172 175 181
121 119 132 140 151 158 158 151 149 149 140 129 126 134 143 146 149 146 138 134 138 143 151 151 152 157 167 154 151 142 129 123 132 140 135 122 111 130 149 153 147 144 143 140 133 130 125 101 93 100 132 150 145 138 115 110 129 130 102 99 119 138 148 162 156 149 146 134 143 145 134 134 123 122 156 173 179 170 168 165 171 178 177 179 164 159 176 175 180 183 177 175 174 178
125 128 138 141 146 143 147 149 145 147 139 128 131 138 144 140 137 140 137 135 133 146 155 157 156 161 162 152 156 150 135 113 116 124 127 126 119 130 151 153 152 141 139 153 141 140 146 120 108 114 140 157 162 152 137 140 151 136 132 135 141 145 146 152 144 140 148 157 154 147 133 131 131 128 146 168 168 165 178 173 172 180 188 186 172 168 178 177 175 186 176 172 182 179
133 145 150 145 144 131 140 157 143 132 135 139 135 133 140 150 141 131 127 134 140 143 148 151 149 160 160 154 150 148 141 126 123 117 127 131 122 125 147 152 154 148 142 148 130 120 140 144 131 130 146 158 168 161 162 156 147 137 152 151 142 150 141 133 136 144 152 156 156 151 132 120 138 144 152 169 164 170 175 175 169 171 187 187 180 181 179 176 170 178 173 170 178 177
133 140 140 143 149 135 143 152 136 134 131 132 129 123 124 145 148 143 134 137 144 143 150 140 145 160 154 143 141 143 136 137 132 126 131 127 131 132 146 149 136 132 135 138 129 124 131 143 143 142 150 149 157 161 165 153 146 142 150 143 125 135 134 141 148 150 151 133 136 148 138 130 144 148 146 155 159 173 172 181 184 171 176 177 169 179 179 183 184 178 174 175 174 173
130 124 115 123 142 140 140 145 136 137 129 126 138 133 119 124 127 138 140 148 152 155 164 149 140 149 143 141 139 140 142 140 122 122 123 123 135 133 138 153 150 132 140 147 138 142 135 132 147 139 148 157 160 157 159 156 155 150 146 148 144 143 138 148 149 147 146 134 132 136 138 143 153 155 145 150 157 163 158 165 173 167 161 165 164 180 182 175 179 180 168 172 174 177
140 142 129 122 133 136 137 144 135 131 140 147 154 149 137 137 139 137 144 161 164 155 154 153 130 122 133 142 144 146 146 136 125 133 130 133 147 145 148 156 153 132 135 148 149 149 132 131 148 128 134 152 160 167 164 165 167 155 142 158 163 159 151 156 154 147 149 148 138 132 141 143 144 154 143 124 123 140 137 144 154 177 179 171 172 181 175 164 167 180 176 169 169 174
148 152 151 143 140 138 142 154 137 132 150 152 145 145 140 145 146 123 122 146 164 158 157 152 132 112 132 148 146 143 128 127 126 134 133 136 142 147 158 161 158 146 146 149 156 155 124 116 122 119 130 129 141 160 163 163 158 153 144 159 168 160 150 154 158 154 149 148 142 135 133 136 145 154 137 101 100 119 122 126 127 157 169 161 163 174 176 172 174 175 179 170 173 172
149 147 154 147 142 150 156 163 147 146 150 140 127 130 136 131 132 115 103 120 145 151 159 159 154 137 140 157 155 146 137 134 131 127 126 132 144 144 141 145 158 157 155 140 144 154 142 124 104 111 121 128 139 147 156 149 135 137 140 154 164 165 155 142 150 161 154 141 140 142 137 139 154 159 148 130 130 130 127 131 131 142 154 160 167 174 168 173 179 175 171 162 170 175
161 159 161 158 153 157 157 151 146 149 142 136 121 122 134 126 132 128 121 129 141 148 149 152 156 147 151 164 165 155 148 126 122 130 129 130 148 155 149 151 157 158 161 142 145 155 136 111 109 122 124 141 155 157 147 143 134 133 139 147 149 149 147 136 153 169 158 143 132 129 140 143 146 160 161 141 133 150 154 152 147 147 157 162 169 168 160 163 166 170 167 170 177 169
158 159 163 165 158 152 150 148 152 147 135 135 116 116 130 132 131 118 127 130 124 139 150 147 143 146 154 161 161 160 155 127 114 132 138 123 139 155 154 148 136 135 145 140 149 159 129 81 87 127 139 140 138 141 131 143 138 120 126 130 132 132 134 128 147 166 162 154 145 136 138 151 153 164 157 116 111 139 152 142 134 144 153 155 167 165 168 165 150 166 172 180 178 168
158 162 163 157 155 157 150 150 155 141 127 129 119 116 127 132 128 122 126 126 129 135 141 137 135 138 144 148 155 161 156 136 114 118 137 136 139 143 153 135 113 125 133 137 138 145 132 93 93 122 144 141 118 123 129 147 135 108 109 121 128 129 142 145 151 159 151 148 156 160 145 144 153 152 144 128 129 143 160 139 117 139 147 148 164 165 162 167 161 171 169 176 175 170
162 167 159 162 161 161 160 156 148 143 138 127 116 123 142 136 135 144 131 125 138 134 129 131 138 133 132 145 158 154 150 140 114 115 133 137 128 115 135 131 110 135 146 141 138 155 156 129 130 144 144 121 89 101 123 146 144 136 127 131 132 140 154 152 152 156 149 139 143 157 150 139 142 143 141 142 147 152 149 139 139 153 152 165 166 162 161 164 162 166 170 163 164 173
158 166 159 164 161 159 158 160 152 142 137 126 111 124 148 140 143 150 137 131 141 141 127 114 121 127 135 142 143 143 152 140 121 131 139 128 112 95 116 129 113 139 154 153 147 160 168 145 137 145 128 106 98 119 142 154 158 155 149 133 124 133 138 135 140 143 143 139 140 148 151 154 161 161 147 142 145 150 142 148 160 155 153 182 169 164 175 166 154 163 174 162 157 172
158 159 165 165 152 154 159 165 152 134 127 120 95 98 128 141 148 146 144 140 136 129 110 99 118 124 132 137 129 133 145 141 138 143 130 115 109 100 113 120 116 143 151 158 160 155 153 142 139 150 143 149 159 162 161 161 164 157 153 136 130 131 124 115 124 136 144 147 137 144 157 152 155 157 154 161 152 148 156 158 161 160 159 177 165 161 176 168 161 171 169 159 156 165
164 168 174 170 160 155 149 147 137 135 128 102 83 87 107 125 137 148 148 148 139 106 79 90 124 136 151 152 140 137 131 128 140 148 137 131 123 101 109 112 125 149 148 159 163 161 156 128 130 156 155 169 181 168 163 163 162 160 162 147 141 122 115 122 125 135 145 149 139 144 150 144 141 152 159 164 151 135 152 153 154 161 159 161 170 169 173 171 166 170 167 164 167 166
161 168 163 164 168 151 137 139 142 147 136 114 117 117 119 112 108 133 148 140 124 95 84 123 146 152 169 168 162 155 136 117 125 139 149 158 145 116 121 129 141 151 147 163 166 156 139 90 105 158 164 167 171 167 164 169 166 165 165 157 158 134 125 136 121 106 123 133 139 148 147 147 142 148 150 157 148 135 155 159 158 163 172 165 173 177 170 170 162 161 160 159 166 166
154 156 155 161 166 154 140 142 135 136 142 130 133 133 135 132 121 131 147 138 122 102 109 147 160 161 167 162 169 166 145 126 126 134 153 150 119 114 124 133 140 142 153 161 160 160 139 92 129 170 171 176 171 179 176 176 171 167 171 165 165 154 138 135 110 84 122 143 149 153 147 156 155 159 156 161 158 153 158 160 161 156 172 169 168 169 176 179 175 169 159 153 159 162
153 155 157 156 163 159 144 140 132 129 135 120 125 140 150 153 144 142 146 149 138 121 133 155 170 165 163 172 182 173 150 128 120 115 125 117 95 111 129 136 142 147 157 158 149 143 127 110 155 168 172 171 147 160 179 184 171 164 161 160 157 156 151 144 121 107 143 158 158 150 142 158 171 170 157 158 160 156 158 158 158 148 160 166 174 168 163 162 174 176 174 164 164 165
145 148 151 142 146 150 142 143 138 126 127 122 125 146 159 158 153 150 144 137 129 127 143 170 181 180 182 188 187 174 161 136 117 105 105 114 109 124 147 152 155 158 163 160 151 137 120 130 164 163 174 169 146 159 177 178 170 165 158 157 155 162 163 156 140 133 153 159 157 144 133 155 166 157 159 151 142 148 152 157 165 158 163 163 168 169 159 157 158 168 174 168 168 163
142 142 137 127 132 136 137 140 135 129 133 125 124 133 148 153 145 139 132 124 121 131 156 180 178 180 189 191 183 173 157 146 139 128 121 138 136 138 148 153 156 161 156 146 148 147 125 132 164 166 165 175 178 181 176 181 170 159 160 161 161 166 167 157 141 138 154 163 157 147 136 149 146 141 151 140 134 137 138 146 157 153 166 161 155 164 164 166 166 165 174 171 166 164
153 145 135 144 146 141 136 136 138 134 140 132 134 143 156 154 141 139 133 135 128 135 155 172 178 183 184 187 185 171 154 150 153 150 150 157 143 146 149 158 162 155 145 143 145 142 131 140 161 174 176 183 182 184 173 185 181 167 164 169 171 169 166 156 145 145 150 162 156 159 146 148 143 133 144 141 140 134 136 149 160 156 158 160 158 162 157 160 170 168 170 166 159 163
162 141 130 143 147 142 134 134 131 133 143 142 136 143 147 149 149 145 131 129 140 162 168 170 171 177 185 180 179 166 159 155 157 147 149 159 152 145 135 148 158 154 148 152 150 145 137 152 162 168 174 177 174 182 181 185 179 173 162 168 172 170 166 161 150 137 127 139 144 155 144 141 142 142 147 143 138 129 129 138 148 149 152 153 163 168 152 152 172 175 176 177 158 152
169 156 143 141 134 131 130 135 126 142 147 136 133 138 137 146 138 139 141 137 154 174 180 180 177 187 193 189 187 172 157 154 161 153 154 161 149 138 120 132 145 153 152 144 141 155 150 163 164 154 159 170 181 181 183 180 168 170 164 164 168 174 169 150 141 129 123 137 141 149 144 135 136 149 138 136 145 133 120 122 144 149 151 140 150 168 152 145 172 175 175 173 155 123
161 172 166 164 139 131 128 132 123 138 141 123 131 136 129 136 129 142 155 145 149 161 171 176 185 190 179 175 174 150 141 152 158 163 158 152 133 128 120 137 149 147 142 136 139 150 151 159 160 163 166 165 173 173 176 175 172 173 169 165 163 169 172 152 142 128 136 150 141 145 150 144 132 133 132 132 130 122 110 108 132 144 152 143 139 160 154 144 162 167 156 153 124 90
162 169 163 162 150 139 130 131 128 141 150 144 148 152 147 142 139 143 140 132 143 169 180 175 174 180 179 174 165 147 144 158 160 164 160 151 141 126 110 131 139 136 129 131 142 139 149 153 163 170 168 167 166 179 178 172 178 173 157 160 164 156 163 158 144 131 130 125 120 136 149 145 130 127 140 134 127 124 114 108 121 138 138 140 138 142 146 141 149 157 157 153 115 105
155 148 146 164 153 137 136 134 133 140 143 141 133 136 147 139 139 140 125 126 141 172 183 178 173 167 168 174 166 157 147 148 154 152 161 159 152 136 111 122 132 126 113 122 144 145 152 149 163 168 169 172 165 180 175 167 177 165 153 161 161 154 156 156 146 141 130 116 114 143 154 138 119 128 138 135 133 120 131 134 126 132 124 143 150 140 145 146 151 155 159 139 134 149
153 157 157 170 153 133 137 137 142 147 143 136 125 125 133 137 137 139 141 130 129 152 169 167 161 153 149 152 156 151 144 151 156 144 144 156 157 144 124 107 104 106 101 119 146 149 154 156 165 167 165 169 168 176 170 167 171 162 167 163 154 163 169 163 154 152 142 131 126 138 136 122 121 132 124 122 133 115 125 133 135 147 143 155 156 155 150 145 150 150 151 134 147 159
148 153 151 150 147 142 151 147 146 155 153 147 140 140 137 141 141 130 143 127 123 143 160 157 150 159 171 170 159 142 133 144 153 148 128 135 151 149 141 123 89 69 75 102 121 136 154 161 163 168 165 168 173 175 167 173 173 158 170 169 154 156 166 150 149 149 147 144 143 139 132 123 137 145 131 134 136 127 141 133 129 142 143 148 153 149 144 147 147 141 156 155 146 149
140 139 141 151 157 143 140 142 144 155 164 162 153 139 133 133 138 123 129 127 130 129 131 150 166 169 175 178 158 137 126 143 146 148 141 132 132 131 127 115 82 56 77 108 106 119 147 158 166 164 160 155 162 170 170 165 155 154 163 166 152 151 158 144 156 137 132 148 153 150 136 126 139 148 147 146 141 145 163 149 130 133 137 130 131 130 138 156 157 142 155 157 146 160
146 142 131 144 153 142 145 143 148 154 155 164 162 141 130 130 140 133 135 138 132 114 116 142 154 165 169 166 154 146 129 138 144 147 153 149 137 117 96 91 103 100 94 107 116 128 143 148 161 156 159 159 164 163 160 159 165 168 159 155 139 148 157 144 146 132 128 145 147 149 143 137 131 126 141 139 143 157 164 159 148 140 138 125 126 135 136 150 153 141 138 145 154 168
144 141 127 144 164 161 163 160 158 157 150 155 151 145 144 138 139 144 137 126 130 131 127 138 142 158 167 163 166 154 123 128 148 158 158 146 145 132 102 94 121 128 119 127 135 141 142 143 159 159 153 155 165 169 164 169 177 163 149 149 135 132 136 144 136 128 138 145 141 142 149 149 134 114 131 138 131 155 157 149 164 157 145 123 118 136 136 138 140 142 148 155 157 160
133 131 124 141 157 156 165 169 165 156 144 139 138 139 139 134 132 138 135 128 121 132 140 150 158 168 169 159 153 141 127 136 160 165 160 152 148 155 140 121 133 131 131 146 151 155 158 155 147 152 149 149 164 177 166 162 162 160 162 155 144 133 127 141 131 129 139 135 147 146 146 153 149 130 128 135 118 141 150 151 164 147 147 141 127 138 139 136 134 150 163 158 154 157
132 134 129 141 152 160 164 165 159 142 129 126 132 134 140 139 136 129 136 146 134 133 147 164 167 166 160 151 147 148 147 143 150 157 164 160 148 158 152 146 161 152 140 147 156 155 148 146 131 139 148 152 166 181 162 156 153 155 171 165 154 146 134 138 124 136 144 136 151 152 154 150 146 137 138 141 116 112 128 151 154 144 153 168 150 127 128 137 141 154 165 155 153 152
135 135 125 134 158 167 160 159 149 140 143 132 129 136 149 139 136 137 140 129 131 139 152 170 165 161 164 154 145 149 153 148 158 168 166 159 147 154 167 163 160 161 157 147 147 153 157 155 136 126 145 162 161 177 158 147 155 159 167 158 157 157 145 137 121 130 143 136 141 150 163 158 158 151 148 152 129 103 106 136 148 148 151 167 161 123 111 126 148 159 155 143 145 155
132 138 129 133 150 158 156 154 139 137 157 151 142 133 141 142 135 142 144 122 120 132 148 158 155 151 153 143 131 139 150 148 151 156 157 164 159 153 162 166 160 164 160 150 145 143 152 151 145 133 143 157 154 168 159 143 153 158 159 153 149 144 132 132 122 117 146 147 148 168 170 168 176 174 168 168 154 138 131 140 155 162 166 173 169 145 117 113 133 146 143 140 138 152
135 145 139 139 143 146 146 145 137 137 147 138 141 144 150 150 130 132 139 137 115 107 138 147 139 147 161 150 127 136 147 149 146 149 152 157 145 140 156 167 164 166 160 147 136 134 146 142 142 143 144 150 144 143 147 141 152 153 148 148 145 139 128 132 133 129 141 161 163 170 170 173 177 178 178 177 162 162 171 168 170 171 178 179 169 168 157 132 122 124 128 146 150 155
146 139 136 148 150 143 145 152 153 143 136 130 136 144 146 148 130 135 145 141 112 95 118 130 129 143 162 159 134 120 130 147 145 148 157 157 134 126 140 157 159 169 166 133 115 120 135 139 137 139 140 139 142 143 138 121 132 146 149 149 152 151 129 138 145 149 149 171 174 167 173 178 177 182 180 175 171 171 169 164 170 171 173 173 165 165 166 152 119 92 103 148 160 160
