example/E5 - XRays/X-ray-tomography/rastert_juap43.txt
ncols         356
nrows         356
xllcorner     -0.5
yllcorner     -355.5
cellsize      1
NODATA_value  -9999
[rows 168 to 209 of 356, columns 0 to 93 of 356]
255 153 153 152 147 146 145 140 144 146 147 152 152 146 136 131 136 137 141 138 140 146 145 144 148 153 150 151 149 145 142 141 144 141 140 136 133 126 118 128 140 147 140 133 138 143 143 128 132 137 139 146 142 136 130 127 130 126 124 125 130 140 150 141 136 137 142 154 149 144 140 135 135 140 136 141 143 140 140 136 149 159 169 167 156 152 157 161 153 144 131 136 139 132
255 156 153 151 147 144 146 145 141 141 142 144 140 134 137 139 138 135 133 136 138 142 144 146 153 161 161 161 154 147 149 147 149 147 143 140 143 144 140 138 138 138 135 130 129 128 129 121 126 133 131 139 125 101 102 129 143 139 138 133 144 151 150 147 147 138 138 159 156 140 133 139 137 134 134 136 143 141 142 143 158 164 165 166 163 160 159 161 153 149 150 143 132 131
255 150 149 145 146 146 149 154 149 146 144 129 116 117 133 144 145 141 136 137 140 144 147 147 145 154 157 159 153 150 151 146 144 148 152 142 141 140 142 141 128 127 134 141 131 121 122 131 132 127 120 120 112 96 100 128 146 146 152 151 148 149 142 141 144 137 134 149 149 142 142 143 138 134 137 146 146 140 148 148 154 153 153 167 165 160 154 150 146 144 153 149 136 134
255 137 140 144 145 149 153 151 143 140 139 124 121 133 142 144 146 146 139 139 141 144 152 149 142 145 156 159 149 149 150 143 147 152 151 142 135 128 133 143 136 137 140 140 136 140 143 146 143 135 119 109 112 116 130 146 147 140 139 142 139 143 141 137 136 136 140 141 139 136 146 151 144 142 142 148 142 139 151 154 161 161 157 168 166 161 150 138 139 146 146 144 140 146
255 137 133 133 133 137 148 151 141 136 139 133 136 147 149 146 146 149 147 144 147 147 144 147 151 148 150 152 149 146 147 147 155 149 128 128 135 138 140 143 149 150 142 133 132 131 132 143 141 139 129 128 136 145 153 157 154 143 141 147 146 136 126 128 127 132 146 142 136 137 145 143 137 138 137 145 145 141 146 150 154 161 159 164 163 159 153 142 137 146 145 141 140 150
255 144 134 130 137 144 153 154 148 144 146 144 144 148 150 154 156 146 137 138 146 150 152 153 152 152 144 130 132 137 146 153 151 147 133 134 147 151 148 144 149 154 143 136 144 133 128 133 128 136 141 147 157 161 158 156 154 148 148 151 153 140 125 129 121 126 142 151 158 160 154 140 135 145 143 142 142 143 142 143 148 156 155 153 151 150 153 145 138 147 141 143 140 143
255 145 137 134 138 144 149 150 145 142 147 148 143 141 146 154 150 142 140 141 146 152 157 154 148 151 149 133 132 136 143 150 148 141 138 142 149 148 147 147 149 155 147 140 134 136 144 135 124 142 154 152 151 156 158 159 157 160 159 151 153 155 151 154 142 141 144 147 158 160 147 140 144 154 147 144 143 140 137 138 143 145 139 141 138 130 138 141 137 141 142 149 146 146
255 149 144 144 146 146 151 156 150 138 137 147 149 149 147 147 141 145 150 142 149 156 150 148 150 152 154 150 150 150 149 148 149 144 143 148 151 146 145 142 138 142 146 144 134 145 144 134 137 150 160 161 155 164 168 168 162 161 159 161 157 162 164 159 156 163 159 153 151 150 144 143 151 149 145 151 149 138 140 146 133 119 110 114 122 128 139 142 139 138 142 148 150 146
255 151 152 148 151 153 157 157 151 144 144 154 156 150 145 148 145 144 148 144 147 147 147 155 154 150 149 148 150 151 143 133 138 147 153 150 144 138 138 138 135 133 133 141 142 140 134 136 146 157 157 156 158 163 165 166 168 165 155 164 161 156 154 156 153 155 159 156 153 153 152 150 152 150 155 161 153 134 138 153 142 123 108 103 116 131 138 151 153 142 140 144 149 148
151 149 152 152 154 156 159 159 157 155 155 159 159 149 142 150 152 141 144 149 148 147 151 153 150 149 150 149 151 143 130 108 116 135 142 137 127 127 129 131 138 136 132 141 146 138 141 153 153 160 156 156 156 160 165 162 165 165 159 163 163 159 149 156 159 158 157 146 146 146 138 140 144 144 146 146 138 131 133 146 149 139 133 136 130 117 125 141 147 144 143 143 144 140
255 150 153 158 159 156 155 157 157 157 159 156 150 149 148 149 149 149 149 152 148 150 154 147 144 151 152 151 157 147 139 120 118 133 133 131 126 130 134 138 147 149 141 143 139 140 146 156 157 161 162 156 155 157 165 168 165 163 170 176 167 161 154 154 153 154 155 143 144 146 139 145 147 141 138 137 128 129 133 143 152 152 154 159 144 118 118 135 136 137 135 136 138 131
255 153 153 157 155 155 154 153 152 153 151 148 145 150 158 155 150 150 149 146 143 143 149 153 151 150 149 146 142 141 149 147 143 149 140 136 137 138 142 149 152 149 148 149 134 129 137 142 150 154 159 160 165 161 160 164 162 164 168 171 170 167 164 159 152 156 168 163 159 149 144 147 145 144 148 142 138 143 146 152 154 158 164 164 153 129 111 127 127 128 129 135 135 133
255 155 155 159 153 153 156 152 151 150 145 145 148 148 147 148 144 138 143 146 150 150 151 156 153 147 145 143 141 144 149 151 152 150 146 144 145 144 143 146 148 143 143 143 137 133 140 141 133 137 150 162 167 161 155 161 164 164 166 163 167 164 162 163 162 168 169 160 155 151 150 147 139 132 129 130 142 154 158 162 156 158 167 165 156 142 130 138 131 131 139 142 141 132
255 151 153 158 151 146 145 145 145 142 141 143 146 141 136 139 142 140 146 152 152 149 152 150 147 146 144 139 143 146 143 143 153 151 145 140 141 145 144 142 146 140 136 132 137 138 142 147 138 138 149 159 166 161 158 166 166 167 175 164 160 166 166 167 164 166 169 158 151 153 155 150 136 118 110 132 146 153 151 151 152 165 169 168 167 160 146 134 121 117 128 136 144 142
255 152 151 149 150 153 151 150 150 145 144 144 147 139 130 135 141 142 147 151 146 140 152 150 149 150 152 150 141 139 142 140 142 145 142 131 126 136 136 139 147 139 132 130 135 144 145 145 143 141 145 151 163 168 170 168 166 168 174 165 160 164 164 162 162 164 165 157 152 148 145 144 131 120 117 135 139 151 149 141 146 168 169 165 166 166 149 128 114 113 125 136 153 159
255 152 150 149 155 161 159 162 161 150 149 150 150 138 133 138 139 135 138 145 148 148 150 149 157 150 142 148 148 144 143 140 140 140 145 139 128 136 137 139 145 138 134 138 145 149 146 141 128 125 138 148 155 161 164 163 164 161 157 156 158 165 163 160 162 159 156 157 157 156 148 146 128 118 121 121 129 143 143 139 142 156 161 160 156 158 153 141 124 115 129 141 148 162
255 155 152 150 151 148 149 155 153 145 145 148 148 141 139 141 141 141 142 147 146 144 141 147 155 144 134 132 139 141 137 143 147 144 142 146 144 144 143 143 138 137 141 148 157 158 153 145 119 115 144 157 155 152 155 158 158 157 156 161 170 176 163 155 154 153 156 156 151 152 138 131 129 131 130 122 131 130 139 142 139 144 151 160 148 148 155 147 120 111 130 153 159 159
255 154 150 150 152 150 150 152 151 149 147 151 154 150 147 148 148 146 145 149 147 149 144 141 142 144 141 127 128 135 136 137 142 145 138 138 139 136 134 136 136 136 137 148 154 152 151 147 125 124 149 154 151 148 152 156 156 160 164 167 164 163 158 158 157 147 152 157 151 148 141 131 128 135 145 134 121 114 133 149 146 144 143 152 151 146 145 142 129 125 134 140 144 149
255 153 147 144 147 149 146 145 147 145 148 153 158 156 147 149 147 145 152 155 154 157 150 139 142 150 151 148 143 143 143 139 138 142 145 143 136 129 130 137 137 138 138 149 154 154 152 144 131 143 157 150 149 148 148 154 150 149 157 161 157 149 146 151 151 147 144 141 141 140 139 128 125 137 150 132 122 133 128 139 147 151 145 143 139 137 142 141 148 142 138 140 144 152
255 157 150 147 144 138 138 140 141 140 149 159 158 151 146 146 141 135 147 158 156 149 139 132 138 146 154 157 149 149 153 147 140 134 141 142 138 133 132 142 147 147 142 152 157 154 154 145 140 154 163 161 152 142 140 147 152 154 157 153 155 153 149 147 143 146 137 136 137 134 134 131 128 132 144 126 127 141 128 134 141 143 137 140 134 125 136 134 143 146 148 149 151 153
255 156 156 155 151 143 143 142 140 144 149 153 157 154 148 140 135 134 146 154 149 147 137 127 127 136 144 147 144 140 146 147 144 135 141 146 146 143 138 146 146 146 144 149 152 152 152 149 152 156 158 164 156 140 132 127 132 149 153 146 143 141 143 142 132 131 129 139 134 130 134 137 127 124 135 129 136 138 125 127 128 129 119 128 136 133 132 130 132 144 155 151 152 150
255 152 152 152 149 149 152 150 148 153 145 131 142 156 151 136 132 143 158 159 152 144 132 128 132 138 144 151 150 139 136 134 138 139 143 148 150 146 138 139 135 136 144 148 152 151 153 158 162 159 156 159 152 117 102 114 128 141 138 134 133 141 144 140 131 126 132 138 125 126 133 129 128 135 132 127 130 125 126 140 140 141 133 133 132 138 136 130 128 136 147 149 159 160
255 156 154 148 148 151 151 153 159 162 147 138 146 156 158 155 150 149 153 153 149 143 128 129 141 145 143 153 151 140 136 129 134 146 147 141 145 143 137 143 140 135 139 152 164 159 158 160 165 164 157 153 141 110 99 120 136 138 125 115 109 128 141 138 138 136 140 141 133 134 133 134 137 138 135 129 125 127 132 144 147 141 140 134 130 145 151 138 136 141 152 154 152 158
255 153 149 147 148 153 154 155 159 159 157 155 156 159 159 158 157 158 154 148 143 143 138 141 146 140 138 143 136 133 140 141 139 143 144 140 141 140 138 143 141 141 145 150 156 154 155 158 159 163 162 152 131 103 90 110 130 133 118 104 107 130 144 147 144 138 140 144 145 143 136 145 146 135 142 144 140 146 139 135 140 133 135 133 127 143 147 134 128 132 143 148 146 156
255 153 149 152 154 156 154 150 154 159 165 162 158 161 162 158 158 161 154 147 140 137 137 142 146 145 148 148 137 136 143 147 146 145 145 145 138 130 130 139 139 143 146 145 144 143 148 156 157 157 156 152 130 91 76 99 125 132 123 117 130 142 140 147 147 141 141 144 142 140 139 147 143 137 143 140 139 150 154 140 137 134 125 129 138 145 146 130 119 120 130 141 145 147
255 153 154 155 156 155 154 155 158 159 157 154 154 161 166 168 161 157 154 151 148 144 142 143 143 143 147 148 143 142 141 139 145 148 145 146 147 138 137 147 139 136 139 144 146 143 150 154 154 156 146 141 123 83 83 109 125 132 130 129 136 139 131 137 143 146 142 133 136 143 143 150 147 135 120 114 133 151 150 136 131 125 122 128 140 141 149 140 130 129 129 135 142 139
255 151 155 156 160 156 155 157 158 155 149 148 153 160 161 159 156 156 158 150 149 147 146 146 145 141 141 146 147 144 139 136 135 138 135 134 138 135 138 144 135 137 139 134 134 137 146 148 150 150 143 134 116 88 104 124 130 144 145 138 137 139 136 145 143 147 156 147 143 140 131 136 139 134 128 128 140 144 136 129 133 138 139 138 146 140 146 143 138 143 140 141 156 159
255 157 155 158 159 155 157 156 152 152 154 154 153 151 147 149 153 159 151 131 129 135 143 150 157 156 151 147 147 143 138 139 135 136 139 137 140 142 143 141 137 147 147 144 141 133 135 142 145 146 144 130 109 100 131 151 153 165 163 156 150 149 148 152 144 146 153 149 145 141 136 134 134 131 138 134 137 129 133 127 126 146 148 139 141 141 148 149 144 140 141 143 158 156
255 255 151 153 155 156 156 153 152 153 155 157 149 137 131 139 144 150 148 134 128 134 138 147 155 157 158 154 148 142 140 141 136 138 145 142 143 144 140 137 138 138 135 142 150 139 137 136 136 148 143 124 114 134 159 164 164 169 169 171 161 155 156 157 148 143 136 137 144 141 146 143 133 129 139 134 139 135 137 133 132 142 145 139 129 136 147 144 139 135 139 136 134 120
255 255 146 150 155 155 152 149 148 149 148 148 140 133 133 132 135 141 145 139 132 141 144 143 146 152 153 157 157 148 146 147 144 140 141 141 145 144 132 127 128 132 136 135 136 135 146 145 132 139 141 134 141 163 170 168 171 174 173 173 162 161 160 157 158 151 137 139 149 151 146 138 131 132 141 144 146 141 138 136 141 139 137 142 141 145 138 129 141 148 137 123 119 113
255 255 145 145 147 149 150 153 156 156 153 147 135 128 137 141 142 145 147 147 139 142 144 136 135 150 151 156 157 151 151 155 155 147 139 142 143 141 140 130 122 133 146 142 132 132 145 148 136 128 144 157 164 164 164 171 173 170 168 171 167 168 157 142 147 150 145 150 153 153 142 135 131 134 142 149 148 147 148 144 142 141 138 144 149 149 140 122 141 144 121 106 110 130
255 255 151 151 154 154 150 153 158 154 150 154 146 138 145 152 149 147 150 153 144 137 135 135 140 149 152 153 149 142 143 154 157 148 135 134 128 130 142 141 133 129 132 138 135 134 143 145 136 132 148 159 165 169 169 173 169 166 173 172 162 160 154 144 143 137 137 136 137 149 144 143 141 139 142 140 137 143 150 145 139 135 133 141 142 136 137 126 131 131 120 113 112 134
255 255 149 151 152 154 153 152 154 151 149 154 150 144 146 149 148 145 147 151 144 137 130 125 132 144 154 153 155 152 150 153 156 153 143 134 124 132 143 146 144 139 139 142 144 142 145 141 133 137 149 158 165 173 171 165 166 176 175 166 154 151 152 150 145 133 143 146 146 150 144 148 143 136 141 145 139 140 148 141 131 129 135 146 145 136 138 138 136 128 126 127 118 114
255 255 150 144 147 152 154 152 154 154 155 154 148 147 148 145 140 131 135 142 142 141 124 107 110 127 147 155 162 164 160 158 154 152 143 135 130 137 145 142 139 143 150 146 138 136 141 141 139 143 149 152 154 161 169 166 169 170 164 155 143 144 156 154 144 143 153 160 152 142 148 155 146 137 146 152 148 144 144 143 137 133 131 136 140 133 133 141 139 132 136 129 120 108
255 255 152 152 152 150 150 149 149 153 155 149 146 152 158 152 145 137 140 146 145 143 115 90 90 113 144 156 161 166 162 158 154 157 146 131 134 141 145 141 141 137 142 145 142 138 142 145 147 145 140 137 140 140 148 159 169 162 155 151 148 151 159 148 141 147 149 155 158 148 155 162 157 155 155 152 148 144 139 144 145 141 140 143 149 147 148 144 137 126 126 123 121 116
255 255 152 152 154 152 150 153 155 158 158 156 155 159 158 148 150 150 147 153 154 144 114 93 89 104 138 152 157 162 160 161 159 157 147 139 139 143 147 147 149 145 148 152 146 139 138 144 153 149 142 144 143 142 146 146 156 152 152 156 160 156 151 146 150 152 145 141 144 139 143 154 158 165 163 156 152 148 140 139 141 147 153 150 145 148 157 142 127 116 121 124 116 121
255 255 255 145 151 157 158 160 161 156 152 154 157 156 151 145 152 156 153 155 154 144 128 126 125 113 122 134 148 153 152 157 152 147 146 142 134 136 142 142 149 146 146 152 150 148 140 137 143 140 142 146 145 151 148 139 152 150 149 145 140 134 147 160 162 151 141 135 130 137 153 160 168 174 164 163 162 157 145 140 146 144 154 155 143 146 156 150 138 122 123 125 122 122
255 255 255 149 147 151 158 163 165 160 151 147 154 154 158 160 157 158 164 165 156 141 129 140 144 127 117 111 124 140 148 151 145 142 142 138 136 136 141 138 136 138 146 148 143 146 144 136 135 136 141 142 140 146 140 139 147 145 144 142 143 144 147 146 150 151 149 141 133 144 157 156 164 170 167 172 166 165 155 146 152 144 155 165 164 162 152 150 147 132 127 123 126 133
255 255 255 147 149 152 158 160 159 161 157 152 154 154 161 164 162 159 159 155 151 140 128 143 157 149 133 115 115 134 151 155 151 149 142 136 138 142 149 149 147 147 142 133 136 147 154 155 151 145 142 151 149 145 147 153 150 139 142 139 140 154 151 145 146 156 158 151 147 148 146 143 161 172 172 171 157 154 147 142 149 155 167 174 172 171 154 148 141 130 126 121 125 137
255 255 255 150 152 153 152 153 156 158 157 156 152 154 157 156 155 159 164 157 153 148 144 150 151 148 143 135 126 130 146 151 147 147 143 137 139 151 158 153 146 145 144 150 156 151 153 156 155 152 145 154 153 144 146 153 146 137 143 142 141 147 150 155 151 162 165 160 158 146 149 153 155 163 163 162 157 154 153 151 151 152 161 163 156 159 148 138 134 135 131 124 126 125
255 255 255 159 155 152 149 151 160 161 156 155 153 155 155 152 150 156 165 155 146 144 147 145 139 141 148 147 139 136 149 152 142 143 147 147 149 154 153 149 143 141 151 161 154 143 145 155 160 164 158 149 147 144 148 148 136 138 149 151 144 142 149 157 152 155 159 156 154 154 156 154 152 151 150 161 164 161 159 159 163 156 158 158 149 148 150 145 139 142 132 115 118 122
255 255 255 158 156 153 147 148 152 155 158 157 150 147 149 150 154 156 155 146 143 140 141 144 146 147 149 148 142 142 146 149 146 146 155 163 163 156 146 151 148 144 156 153 156 155 154 158 165 169 169 158 149 151 164 166 151 144 149 151 143 154 166 163 157 157 162 162 157 164 160 149 156 158 154 164 165 153 153 156 156 152 155 156 161 159 145 143 142 139 136 123 119 131
