example/E5 - XRays/X-ray-tomography/rastert_juap10.txt
ncols         356
nrows         356
xllcorner     -0.5
yllcorner     -355.5
cellsize      1
NODATA_value  -9999
[rows 294 to 335 of 356, columns 94 to 187 of 356]
162 162 163 162 162 158 158 166 166 161 162 169 166 155 157 157 150 151 148 140 135 131 125 98 79 101 138 153 152 141 136 146 155 165 159 149 146 145 146 147 145 140 122 124 146 150 152 147 140 143 143 127 134 145 139 141 147 135 141 150 139 130 142 147 145 152 157 159 155 145 134 133 145 146 147 146 146 160 161 143 135 141 146 153 140 130 124 126 139 151 158 155 137 128
158 160 161 153 156 158 159 162 163 164 164 160 154 155 159 160 161 162 146 133 130 134 140 125 108 104 128 146 141 123 123 136 148 159 149 143 139 141 137 140 150 155 142 128 133 142 147 131 126 143 144 132 141 140 134 145 141 132 153 161 145 131 138 138 140 151 153 157 156 143 137 129 129 138 144 145 143 154 159 148 139 147 148 147 142 131 122 114 126 146 153 154 143 120
152 158 159 156 154 155 157 155 158 163 164 166 162 160 165 174 167 156 140 127 128 132 133 133 131 120 132 141 129 113 123 141 145 149 149 153 146 136 132 140 145 150 146 134 140 148 144 129 126 137 143 146 151 136 133 143 138 139 153 160 151 134 132 131 144 153 145 154 161 148 147 129 123 134 144 148 149 153 148 148 146 150 146 137 137 133 125 120 129 141 148 153 147 130
154 161 165 164 155 151 156 155 161 158 159 168 166 168 174 181 167 152 140 130 130 129 128 134 132 126 138 138 122 115 131 142 133 129 142 157 158 154 149 144 137 139 140 131 142 154 144 134 135 133 135 146 149 137 142 140 135 142 146 152 152 137 136 137 147 151 147 155 161 154 147 134 134 136 140 151 151 147 146 150 150 145 139 129 132 130 125 130 137 138 144 148 148 140
157 162 166 161 156 156 160 160 161 150 154 164 165 168 164 160 153 150 145 137 131 126 133 136 126 128 149 150 127 115 136 147 135 126 142 157 158 157 151 139 137 139 139 137 142 154 145 140 144 139 138 145 145 142 151 143 134 136 142 146 144 144 152 148 146 145 145 155 162 154 142 134 137 139 141 156 154 143 146 147 148 144 143 129 127 129 140 145 147 141 141 147 143 142
161 166 164 153 160 162 160 160 159 150 159 165 162 161 150 138 135 139 138 128 121 116 133 146 131 129 144 148 131 116 135 151 145 134 137 146 152 153 142 134 142 142 140 141 137 145 141 139 142 134 137 143 142 150 166 162 146 138 137 140 147 154 160 156 152 151 147 150 159 157 148 141 138 143 146 158 157 151 147 142 143 142 148 135 124 133 144 141 144 142 142 146 142 142
168 168 164 160 164 160 160 161 155 155 168 163 152 152 141 131 127 118 114 122 131 131 144 155 145 145 144 133 127 128 145 159 158 148 137 136 142 142 129 130 146 148 144 138 132 138 138 144 147 136 139 142 140 148 162 163 149 141 134 132 148 156 158 157 153 153 145 140 143 149 148 144 134 140 146 153 148 152 150 141 140 134 142 143 137 144 149 141 140 139 140 140 140 136
169 164 162 163 159 155 164 165 155 153 155 142 140 145 140 131 111 103 117 137 148 150 153 154 151 152 140 122 120 129 152 164 161 150 137 133 135 134 133 139 151 149 145 139 136 137 141 155 151 141 137 138 143 147 155 153 141 137 138 138 147 152 153 154 148 144 142 139 135 137 138 136 135 140 146 148 140 145 143 141 144 131 131 143 144 144 147 146 135 131 136 140 135 138
156 158 163 160 158 158 157 153 150 146 136 133 142 148 148 132 115 121 134 142 150 156 153 151 145 137 127 120 121 131 150 159 159 150 140 140 138 140 145 143 145 146 145 137 131 130 144 154 145 142 128 122 134 141 153 149 130 128 140 144 147 151 152 158 154 143 141 143 136 135 132 131 140 138 144 152 142 142 142 141 141 129 120 131 144 143 143 145 134 126 134 143 136 145
155 157 161 158 158 144 132 140 148 142 135 140 142 146 149 133 130 141 147 152 151 157 156 148 139 134 141 144 142 142 145 145 147 140 141 140 136 140 141 144 148 151 148 139 132 124 134 145 142 146 138 134 137 138 149 147 130 128 142 142 143 153 153 158 160 146 141 142 133 127 130 135 142 137 139 146 146 144 147 141 136 128 110 109 134 150 152 146 137 130 132 140 141 146
153 143 148 153 158 135 118 132 143 145 147 149 145 147 151 140 145 159 162 161 157 160 147 135 136 134 145 153 158 157 145 137 141 138 137 141 142 142 144 150 152 146 133 133 140 140 142 145 148 151 151 151 143 143 146 143 134 134 148 143 140 146 146 153 153 143 147 154 149 139 141 143 141 132 124 124 128 138 151 146 141 139 125 107 118 143 152 150 145 140 137 141 148 148
146 136 142 145 144 130 110 114 134 145 149 153 145 137 139 141 155 164 164 162 157 142 111 116 136 138 137 145 157 165 155 145 148 145 137 145 144 139 148 154 153 136 121 128 140 150 153 147 147 147 158 156 142 143 139 137 138 140 150 144 141 139 142 151 145 142 151 153 146 146 142 139 138 133 124 116 112 130 151 153 143 142 137 117 112 127 145 154 153 141 136 148 156 151
149 146 140 128 123 123 115 116 134 142 143 149 133 131 142 145 148 150 151 154 151 124 91 100 127 136 136 147 157 160 150 141 142 144 144 146 145 147 149 148 153 147 143 143 142 144 144 142 145 145 159 153 142 139 141 145 145 148 147 141 144 151 155 152 143 144 149 145 137 139 131 126 131 141 138 133 128 135 145 150 147 142 136 131 128 125 138 152 153 133 132 146 150 150
151 148 132 121 123 132 134 125 131 138 136 133 125 137 151 144 136 139 144 142 139 127 112 115 137 150 153 159 158 150 143 145 145 145 148 143 147 154 153 151 154 153 159 152 139 139 140 137 139 144 149 149 142 132 137 141 147 151 144 140 144 157 161 156 149 150 150 141 133 137 135 123 131 144 139 135 139 141 142 147 149 143 137 144 143 136 139 147 147 139 138 145 146 145
151 143 129 130 134 139 139 129 132 143 133 117 120 140 152 146 135 135 138 133 139 152 153 149 156 163 165 168 160 143 140 150 150 145 139 137 146 147 148 152 158 157 158 152 146 150 148 135 130 132 134 144 142 134 135 139 144 147 148 148 146 152 161 157 149 152 152 147 145 137 131 128 140 152 144 137 141 139 139 140 142 145 140 143 147 144 142 138 138 143 140 146 147 144
150 133 125 132 134 135 134 132 132 136 134 127 129 142 150 154 152 146 143 141 147 163 162 158 162 165 168 172 153 122 118 133 141 148 143 135 140 146 148 154 163 160 153 154 158 154 152 145 138 130 126 139 140 137 145 151 149 146 145 151 151 155 161 155 155 157 157 151 148 134 132 131 141 146 143 144 147 147 141 137 141 145 145 153 155 149 141 127 123 129 137 149 145 141
146 127 125 131 130 135 136 138 135 128 136 141 144 150 153 163 161 150 146 146 150 159 156 154 161 159 157 163 150 107 91 117 140 153 148 139 139 144 146 152 164 159 148 150 156 145 150 153 152 148 145 146 148 151 156 156 154 151 147 150 155 158 155 153 158 153 152 150 147 142 140 131 140 140 138 139 143 149 148 146 147 152 152 161 163 155 140 121 108 114 128 136 132 129
148 128 128 133 136 144 140 140 136 124 128 140 150 150 152 163 155 144 141 147 153 158 159 152 148 146 150 155 147 118 98 112 136 151 147 143 142 139 137 147 156 159 149 141 145 134 133 146 157 154 159 159 158 161 163 156 155 155 155 149 150 158 157 159 158 147 146 152 151 151 149 137 142 142 136 129 127 134 142 147 154 159 158 164 158 153 139 121 110 106 113 134 141 138
157 138 137 145 154 151 145 140 136 127 117 128 146 142 145 154 140 128 131 144 148 153 154 140 132 136 143 149 142 133 131 128 135 143 139 138 133 133 134 141 145 148 142 128 124 111 112 137 156 151 160 160 157 165 165 158 154 152 156 148 150 161 156 152 149 144 146 154 152 146 143 139 144 148 142 133 121 123 131 136 154 162 156 156 142 137 133 126 118 107 115 143 149 147
153 149 153 157 163 156 153 150 147 136 123 131 148 147 138 139 132 126 132 139 143 151 140 126 129 133 140 145 132 126 132 132 138 140 134 137 137 137 138 144 141 138 133 117 102 97 109 128 144 146 148 150 160 167 164 167 156 145 143 140 150 156 152 150 143 141 151 151 145 144 138 138 151 156 147 139 131 134 135 130 145 155 146 137 124 115 121 121 103 89 107 138 150 144
153 160 163 164 168 162 161 163 159 151 147 141 142 149 128 119 130 135 135 135 144 146 129 127 132 137 147 145 127 113 112 120 139 142 137 142 147 141 139 143 141 145 144 131 113 107 107 111 131 144 147 152 163 165 168 174 153 135 132 138 152 154 151 147 141 142 147 143 142 143 137 143 150 152 152 151 139 139 139 135 139 139 129 128 126 113 107 90 72 69 92 117 141 146
160 168 166 167 171 172 167 168 165 158 151 141 136 142 123 108 120 126 127 134 146 142 135 136 138 143 150 151 137 113 108 116 132 145 149 151 153 150 145 141 142 149 152 151 144 137 123 118 133 146 150 159 166 160 163 159 136 127 138 147 149 152 147 143 142 141 135 134 143 143 144 156 153 149 152 152 135 121 121 132 138 128 123 133 137 126 108 80 67 78 103 116 132 145
163 164 166 166 173 179 170 173 167 162 155 149 139 134 124 107 93 92 101 112 133 144 146 142 135 139 142 147 149 136 138 143 147 157 161 160 160 157 153 146 141 138 137 143 147 146 137 139 149 151 154 167 170 162 162 144 111 107 131 146 149 152 148 147 142 136 126 131 147 151 153 159 157 152 147 146 131 115 115 131 139 142 142 142 145 134 117 96 93 110 132 137 137 143
166 166 170 168 177 177 168 169 163 161 157 155 147 135 123 98 67 56 68 80 112 142 148 143 132 133 132 133 147 155 159 160 161 168 170 167 166 161 164 162 145 129 116 121 129 134 140 148 155 157 162 169 166 161 163 144 110 91 116 148 155 154 152 142 141 138 125 131 150 155 155 151 154 149 142 143 140 131 132 144 149 153 147 136 135 129 120 114 120 134 146 149 144 150
171 170 171 170 174 171 166 166 162 160 158 158 151 138 131 117 88 64 69 76 106 139 148 144 133 135 131 135 150 159 162 165 169 173 172 172 174 168 169 168 141 112 97 105 124 141 151 156 164 167 167 168 165 167 168 159 146 127 138 155 151 154 153 141 146 144 131 134 154 162 163 159 160 150 146 151 157 149 148 155 153 157 142 128 122 115 119 128 141 150 152 155 150 151
171 169 169 170 172 170 170 172 171 172 166 156 144 134 133 129 116 93 90 91 114 140 144 137 135 138 144 156 167 166 164 174 175 174 175 177 179 173 170 160 126 98 94 108 130 150 156 161 168 168 172 174 169 170 164 161 166 164 162 161 155 155 156 153 158 144 136 148 160 164 168 173 168 156 156 157 160 155 154 155 154 161 140 124 121 112 121 139 154 158 160 157 153 152
167 169 171 170 171 170 171 172 174 172 163 149 139 132 122 119 121 119 121 116 121 138 141 133 134 139 145 158 169 166 169 178 176 177 174 172 172 169 162 141 115 97 110 128 149 160 154 160 171 174 175 170 165 168 160 164 167 166 168 169 163 160 162 161 159 141 140 155 164 164 165 172 165 152 156 154 157 154 151 152 153 155 136 118 128 130 134 144 156 156 156 150 153 155
164 168 168 166 167 173 172 169 170 167 157 144 139 135 120 111 119 136 146 144 138 139 141 129 131 138 142 152 167 169 172 179 177 177 171 174 173 165 148 126 112 104 123 140 158 161 156 162 170 167 166 169 165 165 163 168 171 167 169 177 170 167 169 162 157 145 144 152 158 162 163 167 158 153 154 150 154 152 150 155 150 146 128 117 139 141 142 147 157 151 141 137 143 149
158 167 167 163 169 177 172 170 169 165 152 141 143 143 128 110 115 133 144 149 146 138 142 135 135 138 141 148 165 168 171 175 170 173 170 175 172 161 139 129 123 118 134 146 161 160 157 166 167 162 165 169 166 171 169 166 170 163 163 177 173 168 167 162 158 151 147 146 150 157 154 158 157 156 150 152 149 152 157 164 155 144 134 135 150 142 144 144 145 140 132 127 127 136
158 166 162 164 172 175 171 173 169 161 147 139 143 149 141 122 116 128 137 141 147 146 149 146 141 140 137 138 155 161 171 178 167 170 170 171 165 148 127 129 133 130 143 151 163 168 164 168 166 168 172 167 165 174 173 168 164 161 165 176 173 169 165 159 155 157 155 149 143 147 142 149 157 157 154 153 139 141 157 171 160 150 147 148 151 140 139 136 137 142 133 128 130 137
156 163 163 169 171 171 169 169 161 149 133 129 130 139 143 134 127 133 140 143 143 141 151 152 145 141 135 141 153 158 164 169 164 164 160 158 148 133 125 132 144 141 147 155 167 172 173 172 170 172 172 164 165 171 169 164 165 165 167 170 171 167 162 158 154 156 159 154 149 151 143 146 161 158 159 158 140 139 159 167 161 157 154 145 141 133 135 137 140 147 141 141 142 144
150 155 160 168 172 171 170 166 155 138 121 117 114 124 135 136 130 131 147 150 135 130 151 152 139 135 134 143 149 150 155 164 164 157 148 147 144 131 129 140 155 151 155 165 167 168 165 163 166 169 169 164 165 173 172 170 171 167 167 167 168 164 161 159 152 153 158 153 149 143 136 147 162 160 161 155 142 147 158 158 161 166 161 147 136 129 140 146 149 147 145 149 149 149
142 138 148 164 170 171 169 166 154 137 124 123 123 131 132 124 116 126 150 149 139 139 152 145 133 132 137 147 150 147 148 156 153 148 140 137 145 141 134 139 155 156 160 167 165 167 163 162 162 159 162 164 166 174 174 172 171 167 167 170 170 162 164 163 149 153 156 149 145 140 142 158 164 165 165 157 147 152 157 154 160 167 159 142 137 136 143 144 148 150 144 145 149 156
126 116 137 160 169 171 166 163 150 136 131 139 139 134 121 111 110 127 148 146 150 153 154 144 136 133 141 153 154 148 145 150 146 141 134 134 144 143 133 132 147 154 161 171 163 166 169 163 157 155 159 161 167 179 178 167 166 169 166 171 171 160 166 169 153 154 151 144 149 153 157 162 167 171 171 162 155 159 163 159 156 162 151 128 128 139 135 128 132 139 137 141 153 159
118 108 131 154 164 165 159 159 149 140 139 142 138 133 130 123 121 132 141 142 151 154 156 147 143 147 155 161 153 140 137 145 145 140 131 135 141 136 126 123 141 153 160 168 163 166 173 167 164 166 165 161 169 179 176 165 165 164 164 171 172 163 162 164 157 151 148 149 163 171 164 158 159 167 169 164 161 167 170 163 153 153 145 128 130 144 135 126 118 109 119 138 158 158
112 110 130 145 155 159 152 153 149 147 148 144 142 144 148 142 136 130 133 139 148 162 164 150 146 153 155 153 145 133 136 140 138 137 136 141 143 137 125 121 144 158 163 167 167 167 170 170 172 169 169 168 170 174 170 168 169 167 169 172 176 171 165 159 153 145 152 162 167 171 161 157 152 163 168 167 165 169 166 160 151 144 146 145 150 161 156 149 128 100 114 142 159 158
119 129 138 143 151 153 150 152 151 151 149 146 145 149 152 157 157 144 139 136 146 161 159 149 146 146 142 143 142 136 140 138 136 135 136 140 145 141 125 119 139 156 163 162 165 165 168 174 175 168 170 168 167 169 167 169 170 170 168 171 174 171 168 161 151 146 156 166 164 165 161 160 156 163 165 166 164 162 160 157 151 143 146 157 167 175 174 175 160 133 134 146 158 160
135 137 139 145 148 154 160 154 149 151 149 147 147 151 157 167 163 150 144 136 143 149 143 145 145 140 136 140 140 136 141 143 142 134 127 134 143 139 131 125 137 153 158 163 168 162 165 173 172 169 172 167 168 172 169 166 167 169 168 171 169 163 167 164 151 152 160 160 157 156 159 159 161 162 163 167 163 160 163 159 155 152 152 158 168 182 183 179 175 163 154 152 158 164
149 139 144 151 152 158 160 152 150 149 150 146 143 148 156 161 158 145 137 135 143 143 138 146 144 139 139 141 136 131 136 144 141 132 121 128 142 141 140 142 146 155 160 168 167 159 166 171 168 168 174 172 175 173 169 167 168 169 169 169 167 163 164 157 149 153 155 152 149 148 154 158 162 170 166 167 166 166 168 160 160 166 167 162 168 181 182 175 173 166 160 156 158 164
155 148 151 151 153 155 157 153 149 146 150 149 145 148 154 154 152 140 129 137 146 149 148 147 142 142 144 139 129 126 139 144 135 130 126 135 149 147 144 151 148 153 161 162 163 164 168 168 166 168 174 176 178 171 169 168 168 168 168 168 168 164 161 148 144 149 152 152 147 144 149 158 160 168 165 169 171 167 168 162 163 175 181 178 178 182 177 177 173 163 156 157 158 161
255 255 153 151 151 150 153 151 144 140 149 153 154 152 153 151 150 141 138 149 153 155 154 147 142 140 141 141 129 123 139 142 140 136 138 144 152 146 144 150 148 153 160 157 160 168 169 160 163 168 169 172 173 168 168 167 169 169 167 169 165 158 152 140 138 145 153 154 151 150 152 156 157 161 162 164 167 165 166 161 161 171 174 178 177 176 175 177 170 151 142 150 157 167
255 255 255 255 154 150 148 144 144 139 146 154 157 155 154 151 149 148 155 161 154 149 150 147 141 132 133 142 133 116 120 133 144 142 145 152 153 144 140 153 154 154 156 160 162 165 162 158 169 168 165 171 170 166 170 169 167 167 166 164 154 143 140 137 137 144 151 153 153 153 152 154 159 164 164 158 162 163 161 160 158 159 161 170 172 171 171 167 156 132 129 146 163 171
