example/E5 - XRays/X-ray-tomography/rastert_juap15.txt
ncols         356
nrows         356
xllcorner     -0.5
yllcorner     -355.5
cellsize      1
NODATA_value  -9999
[rows 168 to 209 of 356, columns 94 to 187 of 356]
143 123 126 140 147 143 141 140 137 137 144 130 135 149 150 158 173 176 170 173 172 171 166 163 166 165 147 112 110 140 146 137 141 152 151 133 129 135 134 139 141 137 125 127 154 171 163 147 156 166 157 160 154 150 160 152 142 142 137 138 136 140 130 129 146 157 161 155 155 157 152 136 138 155 167 157 153 156 159 158 161 169 164 148 151 158 150 141 148 144 139 133 130 150
143 134 129 131 137 145 142 136 138 133 139 139 136 139 145 164 175 172 175 176 168 162 162 167 166 160 151 126 115 134 146 143 144 160 164 148 138 140 132 135 146 149 135 131 158 166 151 140 146 156 150 159 159 153 151 126 116 126 132 125 125 138 141 133 138 145 145 150 161 158 157 145 138 150 153 145 151 161 161 155 158 167 160 153 152 146 140 148 152 142 138 145 157 152
133 142 138 131 133 136 128 137 145 130 131 144 145 128 126 148 167 166 169 177 171 166 172 171 166 153 149 138 125 136 140 137 135 145 152 146 136 138 133 133 150 133 134 156 167 157 145 142 137 149 140 145 150 155 143 102 100 125 138 125 122 135 155 148 131 131 138 150 166 169 156 140 134 142 144 148 147 154 152 153 160 163 154 152 159 155 149 146 153 157 146 148 155 142
125 126 143 143 142 137 126 140 145 137 135 140 143 128 124 132 152 169 172 178 180 174 174 165 166 154 136 123 130 141 136 121 114 127 143 146 138 135 129 131 140 124 134 160 158 155 158 152 142 157 149 142 141 155 139 111 126 132 135 130 135 145 157 146 122 122 143 148 161 167 157 143 138 148 154 147 142 149 155 149 153 155 156 150 155 153 150 146 151 145 148 144 136 145
128 131 148 148 137 146 145 144 144 140 141 134 130 133 140 139 146 163 171 175 172 168 166 150 156 150 126 123 132 143 135 120 112 113 141 149 147 141 133 137 135 137 146 159 147 142 151 144 148 166 168 151 137 144 136 138 150 131 138 139 142 142 150 154 133 133 159 158 163 159 163 163 155 158 156 135 123 140 152 150 149 146 159 151 152 142 141 151 155 145 162 151 136 153
134 132 132 138 139 156 158 145 140 143 144 147 145 144 135 143 144 151 164 161 155 157 159 149 144 140 137 143 136 148 147 133 121 120 140 145 144 139 142 143 133 132 138 155 155 144 146 147 155 160 155 141 137 140 141 144 147 140 146 141 145 153 154 157 150 148 162 157 159 153 154 165 161 165 166 145 132 144 144 157 154 138 153 159 160 157 142 146 157 166 177 164 144 152
134 130 124 136 142 152 149 141 141 150 149 153 153 155 139 152 157 149 158 148 148 150 148 148 139 141 151 156 141 149 143 129 129 136 138 146 154 154 152 137 136 135 134 139 148 148 153 155 157 151 151 144 145 146 141 144 147 151 151 144 143 161 161 160 160 156 156 158 158 148 144 153 154 164 167 154 150 154 142 139 144 144 156 161 154 148 127 136 157 168 172 166 154 162
142 145 144 147 143 150 154 139 137 149 149 146 143 150 140 147 159 149 142 141 147 155 152 149 140 139 142 149 154 147 118 117 134 129 126 145 152 148 147 137 140 152 154 155 155 156 154 152 159 147 145 144 150 150 138 144 147 158 159 153 149 160 155 165 162 156 150 150 152 149 148 154 158 162 153 141 146 149 141 133 141 148 158 157 144 114 111 145 164 165 162 170 158 158
148 145 140 143 140 146 148 134 136 154 161 151 139 150 145 143 152 152 141 139 148 152 146 139 139 141 136 137 157 147 127 141 147 137 137 148 150 150 153 152 149 155 153 159 164 162 154 145 150 141 141 140 139 150 146 139 135 139 146 146 154 156 148 167 161 144 146 149 146 150 160 160 151 148 145 151 153 150 145 150 152 139 145 144 126 107 129 160 166 167 160 159 150 147
146 138 130 132 139 147 153 145 143 151 146 140 141 151 150 148 156 154 142 140 141 140 137 137 145 153 142 131 137 134 140 156 152 148 148 148 152 163 166 164 170 170 167 160 151 148 155 146 136 139 147 148 142 143 151 145 142 139 142 135 143 156 151 157 154 143 149 158 154 152 155 156 156 152 151 158 161 163 142 144 151 142 148 141 131 131 142 157 162 168 162 153 149 139
128 132 131 120 132 149 156 146 146 148 137 134 150 152 154 159 158 154 152 155 142 143 144 140 146 156 151 139 135 132 144 154 149 145 156 159 159 159 159 156 158 158 169 159 151 152 153 143 137 144 140 143 140 135 152 157 157 151 153 146 144 153 155 152 158 165 169 159 158 161 161 159 166 170 163 164 157 164 153 146 147 149 157 149 137 138 145 157 151 151 159 160 158 134
125 131 131 119 122 127 139 145 154 155 143 144 153 149 149 154 154 143 145 149 147 145 139 141 146 150 142 126 144 153 149 153 160 161 164 161 155 146 153 158 151 150 156 151 152 148 143 133 138 154 145 138 137 142 157 162 158 155 151 156 161 163 168 161 166 169 173 158 166 172 163 161 180 181 164 165 160 165 161 157 152 145 153 147 126 137 148 158 148 137 144 148 157 142
140 140 142 131 121 123 137 158 165 153 142 144 152 149 138 144 153 143 142 140 142 146 147 157 141 126 125 117 145 163 152 152 161 170 171 164 161 150 151 154 156 156 148 152 148 147 150 139 138 144 141 141 148 164 167 161 155 155 142 145 153 160 170 166 166 167 167 159 180 183 165 162 176 167 158 159 167 177 165 157 152 140 154 153 130 146 154 158 156 145 145 154 162 143
148 149 149 129 117 132 147 159 160 152 155 145 139 138 136 153 152 142 133 132 142 155 163 160 144 119 122 134 158 176 166 163 167 170 164 160 168 158 144 140 148 154 154 150 140 148 152 146 147 136 136 145 150 152 155 152 155 153 141 145 146 157 166 170 172 169 168 164 179 170 161 154 155 163 169 154 160 174 160 152 154 150 148 145 143 161 157 162 169 163 162 164 158 134
145 139 136 124 128 140 149 157 152 145 146 149 142 134 133 147 150 149 137 135 152 164 163 154 151 139 150 160 160 167 168 168 175 171 160 164 161 148 144 153 156 156 158 152 153 157 151 150 150 137 142 144 151 153 150 145 156 159 149 147 156 165 164 171 174 165 162 165 168 164 171 167 148 147 160 162 165 161 159 150 146 153 152 148 145 145 149 160 165 161 163 160 151 135
140 137 131 119 131 144 150 157 152 151 149 144 141 136 135 130 137 149 146 145 151 154 160 164 159 160 173 171 167 162 169 171 170 161 163 176 160 149 147 154 161 159 161 158 161 162 166 156 146 145 146 149 162 162 156 152 154 151 146 149 161 174 165 165 176 166 156 160 167 182 180 164 140 145 163 169 165 166 171 161 155 157 155 155 154 136 149 165 162 144 149 155 143 134
140 141 133 124 132 145 147 154 154 155 155 144 136 141 153 146 147 144 131 136 148 154 157 155 150 157 165 160 164 167 174 175 167 153 162 169 160 165 158 156 161 157 161 155 152 152 155 148 145 145 143 146 160 156 153 149 143 142 151 152 154 166 171 164 159 161 167 157 168 185 177 163 156 161 165 168 172 170 165 165 166 165 152 146 157 145 146 159 161 149 147 144 132 135
148 135 127 130 139 144 138 141 151 153 153 148 138 144 138 130 142 141 131 129 140 146 142 137 136 157 166 164 160 165 170 162 151 139 149 154 159 165 157 159 152 148 155 154 155 161 155 147 149 136 122 133 155 155 150 148 150 153 156 149 155 157 166 171 155 156 172 163 162 168 172 167 174 181 170 168 179 175 163 164 167 164 155 148 158 155 156 151 147 145 141 139 139 145
142 131 127 130 132 125 120 134 158 160 155 154 147 143 128 127 139 139 137 139 144 142 142 151 143 148 153 159 166 160 159 148 147 149 157 152 155 158 157 163 160 155 159 156 150 157 157 143 149 131 119 137 150 141 141 150 163 166 162 158 169 168 165 163 160 148 147 155 169 169 171 169 172 175 169 177 171 164 167 163 164 158 160 167 159 155 159 149 147 150 143 143 154 153
137 136 124 121 131 125 124 139 154 157 157 159 162 158 142 133 130 133 146 157 160 152 144 149 140 142 151 164 167 153 149 154 159 149 150 147 145 147 164 172 163 154 165 164 166 172 163 147 140 121 123 132 141 141 140 148 160 171 174 168 182 180 169 160 144 128 137 150 172 168 170 174 166 161 166 183 175 166 163 151 148 146 152 165 157 156 157 148 154 166 159 147 154 150
130 140 121 110 133 143 154 156 156 165 167 164 159 162 155 135 113 108 133 148 145 142 143 150 145 146 148 147 150 144 144 150 152 145 144 154 159 156 162 159 151 159 171 165 170 166 150 148 134 117 128 126 132 141 144 156 155 164 176 173 190 184 167 164 122 94 119 149 167 172 170 169 163 167 171 172 163 171 167 148 126 124 129 150 155 150 160 155 159 162 158 148 152 151
139 143 121 113 132 145 163 167 168 165 165 168 160 162 153 148 123 89 112 137 136 129 127 145 148 143 143 137 126 123 137 145 142 138 136 153 164 161 165 151 146 157 161 153 158 150 131 133 136 137 132 116 126 143 150 158 154 164 175 173 184 180 168 163 123 88 97 140 159 172 168 171 165 172 162 154 152 166 163 150 131 126 134 148 153 161 171 161 160 154 140 140 151 151
146 151 122 109 142 162 162 163 167 162 170 172 166 163 155 155 132 91 101 132 135 122 119 134 149 140 145 122 97 110 134 152 142 136 145 156 147 155 164 153 149 156 164 159 152 147 126 124 139 155 143 116 130 152 151 157 164 163 168 174 178 175 167 164 150 137 126 146 160 159 163 177 168 172 160 153 148 161 161 157 163 148 152 155 151 157 162 149 152 157 143 147 152 140
128 139 128 119 146 162 166 167 171 169 172 175 171 154 149 154 139 115 110 121 120 121 134 139 145 139 134 100 99 129 136 152 145 137 151 161 138 149 162 163 169 159 161 161 140 143 143 136 142 149 129 110 132 144 154 168 167 162 174 179 170 166 170 171 166 161 155 155 144 146 158 171 170 166 163 158 144 151 148 153 171 164 156 156 155 154 154 143 145 153 146 149 151 145
130 119 125 141 156 155 165 166 173 172 166 160 158 152 156 155 144 133 126 125 125 125 141 140 133 139 129 106 123 145 142 154 156 146 144 152 138 154 166 157 170 160 150 150 143 150 146 135 145 153 133 117 136 155 167 163 159 161 157 162 168 172 175 172 174 165 155 144 126 127 139 159 171 167 178 161 147 157 149 151 159 156 159 163 162 160 164 155 150 145 146 157 162 159
142 106 112 142 155 161 166 167 159 161 162 164 160 159 159 152 134 118 117 126 128 116 126 132 142 145 145 134 126 141 152 165 160 152 151 152 155 161 155 146 154 157 147 140 142 140 126 136 147 154 152 140 145 162 163 167 166 161 160 169 170 159 163 163 166 164 158 144 139 145 143 154 173 165 169 165 153 151 152 154 156 154 158 163 165 167 170 164 159 157 159 160 152 165
140 116 124 138 148 165 169 167 167 168 167 170 166 166 157 145 126 110 116 133 141 150 145 133 138 134 135 136 135 151 157 153 149 156 154 148 159 163 152 151 150 153 140 133 147 147 134 149 149 152 151 156 166 160 159 180 177 164 165 171 163 151 165 165 166 158 154 155 153 151 151 155 165 154 142 154 151 141 151 169 158 147 152 167 166 162 166 163 161 161 158 152 140 160
138 132 143 147 155 166 167 165 175 173 164 162 159 163 158 135 115 113 131 146 150 164 164 147 141 134 128 145 158 150 152 149 149 156 156 150 147 152 158 154 153 147 127 130 142 143 143 148 149 157 156 164 175 169 167 184 174 164 166 165 165 152 156 156 163 158 152 151 151 143 153 159 159 155 145 157 168 161 151 156 142 137 152 169 166 161 167 167 167 159 156 152 148 160
132 131 146 147 152 164 165 164 163 165 165 168 170 170 158 128 112 119 150 160 151 152 155 146 142 144 146 151 150 140 140 151 153 158 162 158 154 148 144 136 139 134 125 145 139 128 144 150 145 159 168 171 171 175 167 173 162 162 168 171 168 151 143 151 163 161 154 151 150 143 151 154 160 162 157 149 156 164 152 139 142 150 149 166 168 165 172 177 164 153 157 153 155 158
134 138 147 143 148 162 162 154 157 163 171 166 164 167 147 124 124 128 142 148 152 153 148 142 133 143 149 144 137 131 130 148 156 160 155 152 149 143 131 111 118 133 139 157 137 127 146 152 154 159 168 177 172 169 166 164 157 161 162 167 163 156 154 145 152 170 160 142 144 146 151 146 154 163 162 153 148 153 148 141 137 140 148 162 159 162 172 174 157 151 165 158 152 146
136 135 134 133 142 147 142 133 148 160 167 167 158 162 146 123 124 129 137 130 139 150 142 142 133 144 150 153 149 139 145 155 149 156 151 144 134 137 132 103 101 138 159 160 130 115 136 149 153 147 160 167 163 165 168 165 161 164 157 159 159 150 160 154 150 155 154 151 151 150 141 136 156 166 156 159 148 144 150 152 143 142 157 154 154 168 158 158 162 159 164 158 146 138
138 123 124 137 143 143 149 149 147 143 147 162 161 159 142 127 126 130 145 131 130 138 136 135 128 144 154 153 153 149 156 155 148 153 156 145 121 123 134 126 117 131 136 132 119 104 120 144 157 153 156 160 160 168 170 166 164 164 165 154 149 138 151 156 154 153 156 165 153 148 144 144 161 166 152 152 149 147 148 141 143 142 153 151 150 161 150 152 163 157 154 157 136 127
133 117 119 133 139 144 153 166 161 146 146 157 155 143 120 112 124 127 145 130 139 159 151 148 142 146 150 150 150 152 147 146 149 148 150 143 119 118 132 135 135 140 129 132 129 120 122 139 150 148 146 151 152 158 164 161 163 166 165 139 127 133 147 142 146 159 161 169 160 147 150 154 154 156 150 151 156 153 138 116 126 135 143 154 152 147 151 153 159 167 160 162 151 148
133 129 124 129 138 140 140 153 153 153 157 154 143 137 131 122 128 131 143 145 156 172 165 158 150 142 145 152 149 142 139 144 149 145 139 135 133 131 130 135 145 146 140 149 143 147 148 146 153 147 143 153 152 150 159 161 164 159 135 104 102 123 141 140 149 163 166 159 146 142 150 158 151 150 151 150 153 150 141 128 130 141 141 148 146 139 148 149 152 163 157 153 158 165
134 133 130 137 146 146 146 155 153 156 163 153 142 135 132 141 146 149 153 165 166 163 171 170 163 155 143 145 152 145 145 136 139 152 147 142 139 127 134 148 145 133 145 158 149 158 158 152 159 145 142 150 135 137 151 153 152 127 85 72 87 113 134 137 146 157 162 155 147 148 137 138 155 158 158 154 152 132 133 139 139 141 136 142 144 154 154 144 156 157 157 154 155 164
132 134 137 130 136 148 153 156 155 156 153 152 151 143 140 143 144 144 160 168 160 164 176 174 172 171 140 121 139 145 148 138 143 156 151 145 141 131 149 156 142 139 152 159 150 152 148 150 155 143 145 144 123 132 149 149 135 120 90 72 85 103 130 144 162 167 158 154 144 117 86 91 147 155 157 165 149 117 113 110 132 144 148 160 152 139 136 151 173 162 161 166 164 153
138 153 155 146 151 161 158 157 160 159 162 158 142 140 147 138 131 137 159 165 167 174 169 168 169 160 139 134 146 134 137 141 135 146 155 152 144 141 144 138 143 155 137 131 141 145 148 155 156 156 151 153 155 150 144 149 137 141 134 125 131 125 138 151 166 169 151 137 110 78 67 82 139 160 161 171 155 138 125 113 139 152 158 154 143 135 145 168 184 180 174 176 173 157
143 158 158 156 167 178 175 171 169 159 158 153 138 143 145 135 133 139 151 151 160 176 172 173 168 157 152 155 144 116 118 140 125 128 141 147 146 139 139 136 147 149 123 113 130 147 148 148 150 165 154 147 163 159 150 155 152 152 149 149 153 153 154 165 177 167 153 141 104 95 113 112 130 167 172 158 154 167 152 143 161 160 145 129 135 161 182 175 182 185 178 180 173 163
160 158 156 152 168 179 165 166 158 147 146 143 143 143 125 121 134 139 149 154 156 165 170 172 172 163 150 151 152 136 127 131 117 110 111 128 135 118 135 144 145 139 124 113 128 157 157 160 152 155 152 136 151 156 164 169 159 152 155 151 158 168 162 166 175 161 149 144 124 136 153 152 156 172 172 160 165 174 170 153 147 155 147 144 169 182 179 165 181 180 170 176 175 161
161 162 167 170 173 174 160 169 164 156 148 137 139 138 108 108 132 139 141 152 154 155 151 156 155 151 146 153 159 150 132 109 99 106 107 117 119 116 132 145 150 147 137 123 123 155 161 165 162 159 159 144 151 154 155 161 159 164 173 156 159 171 172 161 158 157 151 156 153 158 156 157 165 167 165 166 173 168 168 155 142 158 156 151 166 172 171 170 183 181 170 180 180 164
147 159 167 172 173 177 172 173 168 163 159 147 140 137 115 108 127 140 136 141 141 145 139 148 141 143 150 141 146 149 129 108 99 103 110 117 118 130 147 158 156 155 147 139 138 147 155 158 156 150 153 159 157 152 151 160 163 169 178 161 158 161 159 157 165 166 159 156 152 158 157 157 160 162 155 159 159 139 143 156 160 166 165 166 167 167 177 181 181 184 177 177 177 161
151 160 171 172 159 165 172 172 167 162 161 155 144 140 128 113 119 132 135 146 142 143 138 135 135 147 148 121 132 152 143 118 110 104 115 132 134 137 148 160 158 151 144 147 160 156 156 169 149 130 141 152 153 146 149 157 160 158 170 170 170 159 147 161 165 162 160 160 172 163 159 164 158 157 146 150 145 141 150 159 158 165 172 177 180 173 169 179 172 171 179 176 163 154
