example/E5 - XRays/X-ray-tomography/rastert_juap04.txt
ncols         356
nrows         356
xllcorner     -0.5
yllcorner     -355.5
cellsize      1
NODATA_value  -9999
[rows 126 to 167 of 356, columns 0 to 93 of 356]
255 255 255 255 255 255 255 255 144 143 151 148 137 134 135 130 123 132 132 125 131 133 128 130 132 142 149 143 138 137 143 154 154 156 155 144 146 153 158 159 162 160 155 159 151 144 153 147 125 134 160 163 153 150 143 145 152 151 157 169 172 177 170 156 155 160 161 157 152 152 158 170 164 161 169 169 172 161 153 156 156 162 164 168 162 159 170 167 166 164 162 168 158 159
255 255 255 255 255 255 255 255 138 130 135 138 132 128 129 134 133 133 141 136 135 134 128 115 115 125 134 142 152 149 151 160 164 159 153 152 152 150 155 156 158 161 162 163 163 154 144 149 145 147 153 154 153 147 143 152 162 168 160 167 168 164 164 160 158 165 156 162 164 159 157 166 162 164 171 168 173 168 161 159 162 161 165 174 169 165 165 170 163 154 156 169 160 140
255 255 255 255 255 255 255 138 135 129 127 125 119 122 126 131 132 129 139 144 142 137 128 115 115 129 136 139 150 149 156 154 157 156 149 158 160 151 152 154 160 166 163 156 158 166 152 150 157 161 157 154 153 143 133 133 140 157 160 160 158 155 153 157 160 166 153 156 156 156 157 164 161 165 167 160 160 164 170 171 172 171 166 160 159 161 156 164 166 165 156 152 157 142
255 255 255 255 255 255 255 141 135 136 138 134 129 126 134 137 139 144 146 141 140 130 108 108 128 148 152 147 142 133 145 147 149 155 154 158 158 152 151 155 159 162 168 165 155 161 159 152 148 150 151 150 145 130 104 107 127 144 159 162 152 154 161 158 158 161 159 162 160 161 160 165 165 170 171 169 166 151 153 162 167 170 167 163 160 162 157 161 161 162 170 155 146 147
255 255 255 255 255 255 255 148 143 141 142 145 144 135 137 143 144 145 147 146 141 116 81 88 124 146 151 151 149 144 145 148 153 149 154 160 159 161 156 159 161 157 164 164 153 156 165 163 153 152 151 152 143 121 90 102 140 148 151 164 167 159 164 168 169 162 153 162 164 163 155 160 161 165 170 172 178 162 147 143 158 163 161 171 168 165 168 166 153 143 162 169 150 146
255 255 255 255 255 255 255 148 150 149 147 147 147 144 137 136 141 134 131 142 133 95 70 88 125 142 148 154 152 154 148 144 153 153 153 156 158 162 160 155 159 161 156 152 151 150 158 159 154 153 142 136 138 126 111 113 137 148 152 154 161 160 157 157 163 169 159 165 168 160 159 166 169 164 164 169 168 170 167 159 163 161 157 169 165 160 164 161 158 157 155 163 157 157
255 255 255 255 255 255 156 149 153 160 157 150 148 148 149 143 141 139 129 131 126 89 68 91 129 140 144 149 152 152 147 149 154 158 158 160 162 160 158 159 161 164 165 160 159 161 165 172 162 143 136 125 138 143 144 148 150 155 159 155 150 154 159 160 159 167 163 164 154 145 153 158 171 166 154 156 153 152 152 165 170 158 158 162 167 170 163 159 168 176 160 158 163 171
255 255 255 255 255 255 156 159 159 156 148 144 142 140 147 148 147 147 134 131 131 106 90 109 137 151 154 152 148 142 139 151 155 159 160 155 154 164 165 164 159 157 161 160 161 162 165 171 164 150 142 128 139 153 152 151 149 150 157 155 150 153 156 162 161 164 167 165 158 161 153 148 161 161 156 151 146 146 145 160 168 165 166 152 159 173 160 167 174 175 172 168 165 168
255 255 255 255 255 255 163 164 165 162 155 151 146 142 150 156 152 149 150 145 137 132 132 130 135 150 155 156 151 149 147 152 155 159 159 160 155 166 174 165 164 166 152 149 156 155 157 155 158 156 156 147 146 163 161 156 152 146 145 152 155 160 159 157 158 155 155 156 159 165 161 160 158 153 151 139 132 136 146 150 156 166 168 154 159 160 148 162 165 161 172 174 164 156
255 255 255 255 255 255 157 163 162 158 156 149 151 151 151 155 151 150 160 158 146 142 147 141 135 140 155 159 156 161 159 156 160 156 155 156 157 162 164 159 162 170 161 157 157 158 164 162 161 159 163 160 153 160 167 166 160 148 142 155 161 162 165 157 150 139 145 155 159 159 161 165 156 151 143 128 115 105 126 140 157 166 160 152 166 157 146 155 163 161 164 167 162 152
255 255 255 255 255 155 150 150 148 141 148 150 156 159 154 148 148 157 160 156 144 140 149 147 138 135 147 158 162 155 150 156 169 165 163 159 156 160 163 159 154 158 166 165 165 160 165 165 166 168 163 159 162 159 160 162 156 143 145 156 153 154 159 155 142 125 134 154 152 156 160 158 150 147 134 113 98 93 118 134 149 163 161 160 162 150 152 153 153 153 161 160 166 164
255 255 255 255 255 156 153 151 152 151 154 155 158 158 158 157 154 158 154 149 149 150 151 149 146 146 144 148 163 162 154 160 171 168 165 161 157 157 159 156 160 157 160 158 158 152 155 153 164 179 168 161 163 163 163 157 158 160 161 162 156 157 153 149 146 130 124 138 149 157 160 158 157 145 121 94 86 91 105 122 143 162 156 159 147 140 142 134 126 133 148 147 152 165
255 255 255 255 255 140 141 147 153 156 155 151 152 150 155 160 158 158 162 162 157 152 141 137 137 147 151 146 154 162 161 159 163 164 166 167 166 160 154 161 164 160 166 165 170 165 166 168 165 172 163 159 157 165 167 156 163 167 165 159 163 166 155 146 147 134 115 115 137 146 153 152 147 134 109 81 85 104 115 126 139 159 157 157 152 152 138 125 122 139 160 163 153 156
255 255 255 255 255 132 134 144 152 158 161 157 153 151 157 161 159 160 163 167 161 154 144 136 142 147 153 154 152 151 158 160 157 162 165 172 171 162 158 167 170 167 164 166 171 165 167 171 161 165 165 157 154 159 166 164 171 169 163 159 161 164 156 152 157 149 125 119 131 133 149 153 129 104 85 72 88 110 124 141 146 157 160 157 155 161 152 144 130 142 166 165 162 160
255 255 255 255 116 111 125 141 148 157 163 162 160 164 160 156 157 162 161 159 157 155 150 140 149 149 146 146 144 148 154 154 150 161 166 162 166 169 163 161 166 172 170 169 163 165 165 162 162 166 165 154 163 163 164 163 160 160 165 166 157 150 153 155 161 161 147 137 140 137 142 139 114 91 83 87 116 143 145 144 152 165 169 164 169 173 166 152 138 140 145 144 146 157
255 255 255 255 94 83 101 127 142 145 149 156 161 168 161 155 156 159 159 162 164 158 157 157 153 153 151 145 140 152 159 160 157 160 166 155 154 164 164 160 165 172 169 170 159 154 159 160 159 157 163 154 154 155 160 164 163 159 156 164 160 157 162 154 149 146 153 151 145 143 138 130 108 92 92 108 140 162 156 141 147 169 168 161 173 176 173 165 160 150 141 142 147 153
255 255 255 255 81 69 82 112 135 143 149 156 152 158 163 159 157 155 153 155 158 160 157 158 158 163 169 170 158 159 161 164 169 158 155 156 152 160 163 154 157 166 164 168 158 146 154 158 154 152 159 159 160 157 159 161 166 166 157 158 158 161 164 149 152 144 144 154 155 148 144 150 136 126 134 144 152 155 156 152 148 164 166 161 167 170 169 169 169 159 153 154 152 154
255 255 255 255 69 63 81 109 131 136 143 151 150 154 160 156 157 158 156 158 163 159 147 143 152 164 167 170 169 167 163 152 158 157 156 162 158 160 166 163 161 163 160 163 165 158 156 156 159 160 159 159 171 169 158 166 175 181 180 161 154 152 156 153 153 143 139 148 163 159 143 148 155 154 148 142 150 157 160 167 158 158 155 163 173 169 170 170 164 158 161 165 159 159
255 255 255 255 48 56 83 111 130 129 137 147 151 154 154 155 155 150 147 153 160 157 150 153 155 160 160 163 164 164 165 153 159 168 160 165 165 156 163 160 159 162 159 164 170 164 160 164 162 158 164 161 160 165 166 174 164 164 174 163 156 151 146 153 158 150 156 163 168 165 148 147 149 142 137 136 143 158 166 165 161 165 151 155 160 163 168 165 155 152 161 167 165 161
255 255 255 54 32 43 70 100 123 125 129 139 143 151 155 156 151 147 145 148 146 146 149 152 157 165 162 161 166 170 173 160 158 169 167 165 166 161 162 160 163 163 157 166 168 162 161 161 167 161 163 162 153 163 168 174 168 156 160 161 161 155 154 153 155 150 154 164 161 150 147 149 151 143 152 160 158 165 167 163 151 152 162 165 163 162 159 159 152 154 156 157 154 156
255 255 255 51 35 48 76 102 113 117 124 141 147 149 149 146 138 143 140 144 146 144 149 148 152 165 163 160 162 168 168 162 161 172 173 163 163 167 166 165 169 165 157 162 166 171 173 160 166 170 158 156 153 165 169 169 169 160 160 156 156 157 156 150 156 158 158 149 132 133 156 149 149 152 155 162 158 158 165 166 159 150 163 168 159 141 145 161 165 167 151 143 145 156
255 255 255 57 40 51 77 102 116 123 127 137 140 146 147 147 143 143 139 137 144 152 156 158 151 150 159 165 155 152 154 152 160 179 174 161 159 163 166 160 168 170 165 160 160 166 170 163 163 171 168 163 156 163 166 162 157 164 167 158 151 156 148 135 145 155 159 154 138 139 156 151 149 155 152 161 170 159 164 175 163 162 163 152 145 121 119 144 163 164 157 152 140 147
255 255 255 60 44 51 82 114 134 133 130 138 144 147 148 153 153 151 152 153 156 158 154 161 165 155 156 165 161 157 159 154 154 163 171 173 166 162 166 163 165 171 168 156 155 162 169 166 165 164 167 173 168 167 167 160 154 157 160 157 145 147 146 143 152 154 155 165 158 149 149 154 148 148 157 171 180 169 168 172 159 158 160 146 145 119 99 126 155 156 158 150 144 146
255 255 255 66 52 55 89 121 134 131 129 140 150 143 143 148 151 153 155 156 154 159 158 160 161 161 161 159 167 167 162 166 162 157 163 168 169 164 165 172 172 175 169 158 154 159 170 167 166 159 160 160 158 166 171 163 164 162 152 150 146 135 136 146 154 157 151 158 160 155 151 159 159 158 160 158 158 166 171 165 161 154 153 154 156 138 109 120 154 154 156 156 166 150
255 255 255 92 81 84 107 124 134 139 143 147 150 146 147 148 150 148 149 153 151 162 166 166 160 158 160 157 164 169 165 166 166 161 157 162 173 167 165 173 169 161 166 163 162 165 167 159 167 164 162 165 161 156 165 163 160 163 156 159 155 149 145 149 153 157 154 150 163 163 156 149 155 167 159 147 150 168 161 159 172 161 153 160 164 152 131 145 164 146 143 156 181 165
255 255 135 112 106 109 118 128 141 149 151 149 147 148 150 148 152 154 153 153 158 166 167 170 162 148 145 149 154 165 167 161 163 163 153 155 164 162 163 175 175 163 169 168 162 159 159 156 161 161 161 173 167 158 164 158 147 149 158 161 149 151 156 154 150 152 159 161 167 170 172 157 150 154 149 149 153 164 160 158 168 165 159 162 160 159 146 161 168 143 140 149 169 181
255 255 147 125 123 128 120 115 131 142 149 152 146 146 148 149 152 159 158 153 158 167 170 173 162 152 152 155 153 163 160 156 163 160 150 150 156 160 161 162 165 162 162 159 163 163 162 161 159 159 162 174 173 170 168 163 160 154 153 153 144 140 150 158 161 152 162 163 163 161 162 154 160 163 153 156 154 154 160 165 160 154 160 164 153 165 166 158 161 151 147 147 153 165
255 255 155 145 140 138 123 110 123 142 149 150 149 154 157 154 148 152 154 161 159 155 156 168 169 167 165 161 158 164 162 161 162 162 157 149 155 159 162 159 160 162 160 163 167 164 168 169 169 164 160 167 170 171 165 162 168 162 153 155 156 154 159 161 165 162 162 162 162 150 141 140 145 160 161 165 162 152 155 172 175 164 158 149 130 138 164 162 157 156 150 145 149 155
255 255 148 143 139 133 121 113 123 140 144 140 147 158 167 163 158 159 158 163 159 152 154 158 158 158 163 163 164 160 156 155 151 156 162 153 156 151 150 155 161 163 158 162 156 149 162 163 164 157 153 157 158 152 154 163 168 164 157 157 153 155 161 161 156 157 151 153 164 154 141 152 148 156 163 171 168 154 160 166 159 168 163 146 139 147 157 162 168 172 169 151 150 147
255 255 142 130 125 124 112 112 133 141 146 145 146 158 167 169 163 164 167 161 152 156 165 167 166 164 165 168 160 150 144 142 147 155 164 160 161 154 152 153 153 160 162 158 158 149 155 157 161 154 150 158 155 142 144 156 159 156 154 147 133 146 156 158 165 164 162 160 164 157 154 160 155 168 168 162 165 161 162 160 155 162 154 135 130 156 169 161 155 156 161 156 161 149
255 255 130 103 94 96 93 96 117 131 139 150 148 145 154 166 166 164 168 167 164 159 160 168 167 159 158 164 162 153 147 147 157 157 158 160 162 163 159 162 156 158 161 157 163 157 159 161 167 173 165 159 157 150 150 155 164 162 154 149 148 148 152 162 170 159 160 155 156 157 163 156 148 152 164 163 165 165 157 158 163 154 139 126 132 146 165 177 166 162 158 146 154 149
255 255 99 70 69 67 68 71 92 122 135 145 155 153 151 159 162 164 165 170 178 169 163 158 156 157 157 153 156 161 161 156 160 160 160 162 165 170 160 158 153 151 156 168 165 154 153 151 163 173 166 156 159 159 162 162 157 149 142 143 152 157 165 164 163 154 153 150 156 166 165 167 160 157 167 166 169 172 166 161 157 159 146 124 147 159 162 164 160 165 170 159 148 143
255 255 78 64 75 76 79 78 99 128 148 154 158 164 158 152 153 157 154 155 166 169 167 161 159 166 168 157 152 154 164 159 157 165 167 166 163 158 152 155 154 157 155 158 160 160 155 147 147 154 163 159 163 160 154 158 159 155 142 149 149 152 162 161 157 156 159 160 160 166 163 162 161 166 163 155 165 171 176 166 154 156 137 120 145 161 170 160 168 160 155 170 156 145
255 128 90 67 71 77 92 100 118 140 152 158 158 160 161 157 160 160 162 161 160 166 161 167 170 167 163 160 166 157 152 153 155 160 161 161 164 159 154 159 162 167 151 138 152 162 154 155 153 160 173 169 164 161 163 168 172 180 166 178 170 161 160 167 157 154 161 162 161 161 161 156 162 172 176 164 155 165 173 166 156 153 130 119 153 158 169 168 171 163 159 160 153 159
255 146 118 83 77 94 120 137 143 153 157 160 156 159 163 160 161 161 171 166 159 161 156 161 166 163 160 159 167 162 160 162 164 166 165 166 164 152 142 151 157 159 147 140 159 168 159 155 152 149 157 164 161 159 162 163 164 165 164 172 165 169 165 160 163 155 149 152 155 155 157 154 160 168 178 183 170 171 158 152 161 156 128 130 153 154 159 163 168 173 170 158 153 165
255 149 129 106 110 125 144 155 153 153 158 165 165 162 164 161 161 154 155 157 159 161 158 157 164 166 165 159 153 153 168 175 165 157 156 160 156 152 148 150 154 155 145 138 147 154 155 158 161 162 160 163 166 159 164 157 158 165 166 169 162 159 162 163 168 165 152 144 149 156 158 153 154 166 176 176 166 173 162 147 142 143 140 149 155 166 169 169 160 158 154 152 151 156
255 147 129 117 121 126 138 147 152 156 153 154 156 157 160 168 169 161 159 161 162 162 162 161 165 167 170 164 152 151 164 162 156 152 160 161 154 164 165 161 163 159 145 137 142 149 152 158 160 166 156 149 164 156 164 170 161 164 162 160 153 150 158 170 156 157 158 151 150 159 162 153 150 163 169 165 159 161 161 150 123 122 148 153 154 167 168 165 157 150 136 139 155 157
255 151 136 124 124 127 137 144 153 163 162 158 163 168 160 161 161 162 165 160 163 168 164 164 166 164 165 165 162 166 167 157 157 161 162 162 156 155 155 153 154 147 140 137 139 147 157 156 151 161 165 157 160 158 160 165 161 156 165 162 149 155 160 161 145 143 158 163 164 159 149 158 167 157 145 151 163 154 147 136 112 120 163 170 153 157 155 150 146 137 114 124 154 169
255 148 145 141 145 150 157 155 153 153 158 159 156 160 162 160 156 155 158 165 167 167 162 167 173 174 173 170 168 169 165 160 162 164 159 159 164 157 155 156 146 143 139 133 133 145 158 159 158 163 169 172 167 161 160 162 172 167 177 177 160 167 174 164 154 150 155 165 168 168 156 158 166 162 161 156 163 164 158 149 130 130 157 162 146 137 124 113 109 111 112 131 155 170
255 147 148 144 146 148 156 163 160 157 157 157 152 153 159 160 158 155 153 163 157 154 154 163 169 173 174 168 168 160 157 158 156 155 151 150 165 167 167 170 158 155 141 129 132 147 155 157 169 169 166 169 165 161 165 162 165 165 170 171 169 169 172 165 168 169 153 155 151 156 156 152 149 158 163 159 153 155 158 158 134 122 143 154 151 117 86 85 107 123 141 154 157 168
255 153 154 158 157 147 148 159 164 164 157 155 156 156 152 153 160 163 162 168 162 163 165 169 171 165 168 165 166 161 156 151 146 150 152 156 158 157 154 164 158 157 155 151 145 146 157 157 164 164 160 159 160 162 168 163 162 160 163 166 170 169 174 166 157 166 160 158 161 155 157 166 163 165 162 163 156 147 160 154 120 115 148 158 153 127 101 104 137 153 152 157 161 160
255 152 154 160 164 162 156 154 158 167 164 164 161 157 154 161 162 162 162 167 165 165 163 156 157 161 166 159 156 166 170 159 156 152 152 163 165 160 147 154 157 158 161 161 153 147 159 158 153 153 161 166 169 170 170 165 164 162 160 161 169 162 162 161 148 156 167 167 157 161 170 172 167 168 172 170 159 150 163 153 124 115 142 156 152 143 121 133 154 162 156 159 174 178
