example/E5 - XRays/X-ray-tomography/rastert_juap44.txt
ncols         356
nrows         356
xllcorner     -0.5
yllcorner     -355.5
cellsize      1
NODATA_value  -9999
[rows 42 to 83 of 356, columns 188 to 281 of 356]
148 137 138 143 143 139 139 140 140 145 139 136 132 138 139 136 143 146 139 137 139 142 146 147 146 135 129 134 139 136 133 136 143 142 116 91 80 82 111 137 141 145 145 140 143 152 143 133 133 144 152 146 144 145 148 153 143 135 143 139 137 140 136 130 141 145 145 139 145 154 155 152 145 134 135 146 146 145 156 166 163 155 151 148 146 151 153 151 151 149 149 157 162 155
138 133 139 140 134 132 146 149 147 145 146 145 137 134 139 136 143 143 143 141 138 135 132 135 144 142 130 136 139 132 130 139 149 143 118 98 94 93 116 133 139 140 141 144 147 150 145 141 136 143 146 144 145 141 139 149 147 140 146 144 141 145 137 129 139 144 144 138 146 152 160 156 141 130 132 141 149 158 168 167 164 157 152 145 143 153 152 152 151 149 151 158 157 155
131 126 134 141 137 135 149 149 144 142 148 147 137 141 139 135 144 140 141 137 136 131 130 131 141 149 138 135 136 137 141 147 147 137 117 109 113 115 126 129 136 138 134 136 138 142 146 152 147 146 139 141 144 137 139 149 147 143 145 147 147 148 137 131 137 140 139 135 142 152 159 154 139 131 131 139 157 167 165 162 156 151 148 144 146 148 150 155 150 145 150 154 154 158
141 137 140 147 145 146 146 142 139 139 146 144 138 143 134 132 142 136 131 133 141 136 138 136 134 141 136 129 129 139 146 145 145 138 120 122 129 132 135 133 138 129 112 110 113 126 139 152 155 154 144 142 145 139 142 147 150 145 141 147 148 146 137 131 136 141 136 133 140 150 153 152 141 132 131 144 162 166 161 159 151 151 147 143 137 140 151 156 151 148 155 157 156 156
151 149 151 155 150 151 145 139 138 138 141 135 137 140 133 133 138 135 129 130 139 135 142 138 134 135 132 131 136 142 140 141 152 139 123 135 134 136 139 133 136 128 110 100 101 120 136 147 156 158 151 143 146 144 141 143 151 150 144 149 146 143 132 128 136 151 148 145 142 142 149 153 145 134 135 144 154 156 156 157 150 153 146 142 140 144 151 152 146 145 154 156 155 152
153 156 160 156 154 157 149 138 138 144 139 135 141 145 139 142 143 138 137 139 139 133 142 139 138 142 137 132 141 145 141 145 151 142 138 143 141 146 146 136 137 136 125 117 123 131 142 150 155 163 155 143 144 141 143 144 153 158 157 154 144 137 129 129 138 155 155 150 142 137 144 147 144 137 136 138 147 155 158 155 152 149 145 146 142 144 153 150 146 145 151 152 154 155
162 167 172 160 156 159 150 131 133 143 141 140 141 146 142 147 144 138 140 137 132 137 143 134 133 146 145 141 148 149 150 151 149 145 144 141 142 149 141 134 142 143 138 138 146 136 140 147 146 152 149 145 138 136 142 143 152 161 162 159 147 137 133 134 140 151 154 151 142 141 140 138 144 139 130 130 139 147 146 146 148 148 145 141 140 146 154 147 149 148 150 155 159 162
166 173 173 165 156 156 151 137 137 139 139 132 135 144 136 143 148 145 148 137 128 133 138 131 129 144 149 149 156 154 156 149 147 145 142 137 132 135 135 137 143 141 139 143 150 143 145 150 137 134 139 148 143 139 142 141 147 162 161 155 144 133 134 143 145 148 155 157 144 140 137 135 140 134 128 131 137 133 128 130 135 144 139 136 145 152 151 149 150 146 155 165 163 164
168 173 173 170 162 157 160 151 143 132 134 132 134 139 133 140 145 143 146 137 132 129 133 140 137 142 146 151 156 153 156 150 150 149 144 136 128 132 144 142 129 133 140 145 145 141 144 147 131 126 135 148 146 141 144 137 141 153 151 146 138 128 134 145 143 142 156 153 133 122 123 127 135 138 139 141 139 129 128 130 132 133 125 128 144 153 147 148 151 148 160 165 162 164
171 169 173 174 166 162 170 160 148 133 133 133 134 137 135 141 138 135 140 138 138 132 126 135 139 141 147 149 150 154 159 153 150 146 142 140 137 139 145 139 126 133 146 151 142 134 138 141 132 134 149 152 145 142 143 136 141 145 144 143 142 134 136 145 142 139 149 140 111 91 98 111 131 143 145 143 137 135 137 141 141 129 116 126 140 144 139 141 149 152 162 161 164 165
171 169 173 168 165 167 171 166 151 140 142 137 131 138 141 143 136 131 132 132 131 138 130 132 136 138 151 154 156 162 158 153 151 141 141 146 144 140 142 145 145 144 146 145 140 136 139 140 136 146 158 157 150 146 140 136 143 146 140 143 148 140 140 144 139 135 134 127 107 84 90 108 131 143 144 143 144 147 147 146 141 133 129 140 140 138 135 138 149 158 163 166 170 163
171 173 175 167 168 170 168 167 148 142 152 150 134 138 144 145 139 135 121 114 113 129 133 128 132 144 155 158 163 166 154 155 156 152 152 148 148 146 138 144 148 143 143 141 147 145 141 144 143 148 153 153 150 149 143 132 137 144 143 147 144 141 145 142 133 135 135 132 121 100 104 116 131 141 141 144 148 153 149 142 144 146 148 149 142 141 133 134 148 163 168 170 169 164
167 177 175 169 171 168 168 168 146 137 147 151 144 141 151 148 135 134 124 122 125 126 128 134 143 147 150 162 161 164 159 157 150 148 154 148 149 155 142 140 143 141 137 135 144 139 136 145 150 147 140 130 128 136 141 130 135 144 149 149 140 142 149 145 136 139 144 146 141 126 120 126 137 143 145 146 148 151 149 147 150 155 157 154 149 143 133 133 147 164 167 166 165 161
162 174 170 167 171 169 165 163 154 142 141 148 150 145 152 144 132 137 139 139 141 129 130 143 145 143 152 168 163 162 161 155 143 138 148 145 149 156 142 140 143 138 134 135 139 133 136 150 153 151 142 129 125 134 133 127 139 144 147 148 143 146 150 145 141 141 146 151 152 137 133 140 147 150 148 147 148 148 147 151 150 150 153 156 151 144 142 141 148 157 159 160 162 158
153 160 166 168 168 165 160 153 149 144 143 141 145 147 145 141 138 143 147 145 140 132 133 144 136 143 161 164 160 159 159 157 150 143 143 146 153 153 134 132 140 137 132 133 139 134 140 154 151 151 147 139 135 141 137 135 136 132 141 148 148 153 154 147 140 135 140 149 151 140 145 151 151 151 148 147 146 144 150 154 155 149 144 149 147 145 146 145 150 155 154 157 160 161
143 151 162 165 163 157 150 142 135 134 146 142 138 136 133 135 139 140 132 133 135 134 132 138 136 147 162 163 166 163 156 153 156 148 147 153 153 144 132 133 139 140 136 134 136 134 145 157 152 142 136 140 142 145 144 141 132 123 135 142 146 149 147 142 140 141 146 151 149 145 153 151 146 148 150 147 144 145 149 154 160 154 147 147 139 143 148 146 149 152 156 158 158 160
142 147 153 161 156 147 138 134 129 128 148 151 138 128 133 141 138 130 117 124 135 137 133 133 135 145 159 161 168 169 160 156 159 146 151 157 153 148 143 135 133 141 140 132 127 129 142 155 152 141 136 137 140 140 139 132 121 120 131 137 142 138 136 135 136 139 145 152 146 142 145 143 144 149 147 135 129 127 128 138 148 150 144 141 138 146 140 139 144 149 156 156 155 156
140 144 147 156 148 140 135 135 131 131 144 143 140 134 137 146 139 131 129 132 139 137 129 128 136 145 153 155 160 161 156 156 152 139 141 151 154 153 151 139 131 144 142 134 134 141 148 151 146 141 141 136 132 132 137 123 106 114 127 135 142 139 142 134 129 134 146 152 143 134 137 140 145 150 149 133 119 108 114 122 130 136 139 140 141 143 135 137 142 145 150 152 153 156
137 146 146 154 150 144 142 138 139 134 138 137 141 139 133 139 141 138 139 139 137 139 128 130 144 148 144 151 154 158 156 152 144 137 144 154 158 154 149 142 136 144 149 144 141 145 150 152 146 141 141 136 126 129 142 133 115 121 135 142 144 143 145 136 136 143 151 150 144 136 140 147 148 148 149 138 124 113 120 126 125 128 132 134 140 141 135 136 137 139 146 146 148 152
137 151 153 153 153 147 144 138 141 137 146 149 148 139 130 133 138 136 139 142 140 140 130 141 158 150 137 149 155 153 153 146 140 142 152 155 157 151 145 141 140 146 154 150 146 146 146 149 143 140 141 139 132 133 141 136 129 132 142 142 143 139 139 135 138 144 148 152 153 146 141 146 148 139 140 139 130 129 129 126 126 130 126 123 134 136 129 129 131 135 143 143 149 155
141 153 155 153 144 138 142 140 139 136 145 148 147 136 127 129 133 129 133 139 141 142 129 138 158 157 142 149 158 149 148 146 146 148 152 151 145 143 139 138 139 143 144 140 144 143 140 148 146 140 135 137 142 149 143 136 136 140 139 138 137 130 131 133 136 143 144 152 156 149 141 149 146 132 132 140 139 140 133 131 135 137 133 130 131 129 125 125 129 137 142 146 151 152
142 153 153 154 135 130 146 141 132 134 145 146 146 138 129 132 136 133 132 139 141 139 131 136 151 152 141 144 151 148 147 147 149 149 141 141 138 134 133 137 133 142 142 138 142 143 137 149 150 144 136 132 137 148 141 140 145 144 137 137 131 125 128 132 136 142 148 151 149 144 143 153 147 134 133 140 143 142 139 140 143 143 136 133 131 126 126 126 129 140 137 142 140 142
137 145 147 151 138 128 145 144 138 139 144 148 142 137 132 140 141 139 135 134 149 150 143 144 149 155 147 141 142 147 146 144 136 136 138 136 136 126 130 142 140 145 146 143 141 137 136 144 150 147 135 133 135 146 142 144 146 145 140 141 137 139 136 131 132 136 150 150 145 148 145 148 149 144 144 142 142 141 138 140 138 138 130 132 137 132 133 135 138 143 143 146 136 136
144 144 140 137 131 127 136 141 143 136 134 143 134 133 138 140 143 142 146 140 152 161 161 158 149 160 157 144 141 143 141 144 127 119 135 132 131 125 130 140 147 148 142 140 142 137 135 135 138 143 137 134 141 147 143 141 140 137 136 141 149 154 141 126 125 134 143 145 148 147 143 148 153 151 146 136 141 135 132 134 129 134 131 132 133 129 140 145 146 151 156 148 134 133
143 143 140 135 134 129 131 138 137 135 138 146 137 132 136 138 140 145 157 158 155 158 165 160 151 159 154 142 140 143 143 140 128 124 132 130 135 138 136 123 133 146 141 143 148 141 141 142 137 138 132 132 149 152 141 136 131 123 130 137 153 158 146 137 136 139 141 145 155 148 146 155 156 150 141 133 136 133 136 140 136 142 142 139 135 133 151 157 154 156 157 147 139 139
135 131 139 136 132 131 133 145 139 136 140 146 141 139 143 143 143 155 167 171 162 160 160 153 155 158 143 138 138 139 139 135 129 126 135 143 150 151 146 123 125 138 134 143 145 136 141 145 144 142 136 139 155 154 139 135 130 128 138 137 147 151 148 147 147 147 139 144 156 149 151 161 153 142 136 138 140 137 138 145 143 150 154 153 151 155 168 165 162 157 151 147 146 143
135 128 136 133 125 134 138 139 129 128 138 140 139 143 146 143 147 162 164 165 165 167 159 159 166 165 148 146 141 129 126 134 133 125 133 146 156 161 156 137 122 121 122 139 137 126 133 143 143 145 145 141 148 143 131 133 136 141 140 135 140 142 146 141 138 140 138 145 143 126 127 140 139 136 140 147 145 130 134 147 153 159 162 167 168 171 172 167 162 149 135 135 143 144
140 135 137 136 134 135 134 118 117 129 141 134 137 139 138 141 146 158 165 171 168 171 166 171 171 162 150 144 133 119 123 135 137 125 131 147 157 163 156 145 126 124 129 139 132 128 139 144 141 145 142 130 133 137 140 140 140 143 138 140 136 133 141 134 127 126 132 136 130 112 108 123 132 134 138 147 140 125 129 144 158 163 169 175 174 174 171 169 160 139 122 119 128 134
141 138 133 134 141 137 131 118 118 126 137 133 135 137 143 143 143 153 164 171 164 173 172 165 163 154 147 135 132 126 126 130 135 132 137 154 163 166 159 149 138 144 142 137 135 144 144 144 146 151 141 130 128 137 146 144 141 146 142 140 125 128 138 132 130 134 134 130 127 119 122 132 131 130 132 140 138 135 134 140 150 160 166 171 172 171 164 162 153 133 123 122 130 132
135 130 114 125 138 138 130 119 114 118 128 133 137 133 141 141 133 142 160 168 163 176 172 158 160 145 139 132 133 130 130 125 128 134 138 157 161 161 158 154 145 150 145 138 141 149 143 143 144 149 140 138 139 138 141 137 141 148 140 134 122 131 135 137 141 149 140 132 132 124 125 130 131 130 124 130 138 146 143 139 143 150 157 163 164 162 155 153 143 132 136 139 136 130
144 141 124 127 131 130 133 129 134 135 126 135 140 134 137 139 138 144 153 155 158 167 166 158 157 133 121 126 128 122 130 127 125 131 137 157 158 160 163 155 147 148 146 140 141 143 143 144 145 151 143 146 140 133 129 128 139 150 149 144 138 133 128 135 144 148 136 131 134 127 121 122 131 131 121 128 136 145 143 137 134 131 141 151 147 144 144 140 135 134 145 144 137 135
152 142 130 122 120 128 131 131 140 144 131 136 139 136 135 140 140 139 144 146 146 144 150 143 139 125 116 119 119 115 130 129 129 133 137 148 157 163 167 159 153 149 143 137 139 139 148 144 144 159 153 146 131 124 126 128 137 147 151 155 147 133 129 141 149 149 142 139 138 130 125 131 139 137 133 138 136 134 132 129 125 122 129 135 135 136 139 136 136 144 153 148 140 143
160 154 137 119 120 128 121 127 129 128 135 143 142 136 141 149 146 141 144 142 137 137 139 129 126 124 126 126 122 118 131 129 131 142 145 139 149 161 162 161 155 147 140 134 136 137 145 139 134 151 148 139 134 129 136 140 147 145 147 158 149 138 139 150 155 153 148 148 146 135 138 142 143 141 139 144 139 131 127 132 130 128 129 130 133 134 137 137 139 146 156 154 145 145
162 168 152 133 140 136 123 128 131 128 132 141 143 141 146 155 154 153 155 139 127 132 132 126 128 131 133 129 127 131 134 136 133 149 152 136 136 147 149 146 149 149 145 142 142 138 136 135 133 145 142 134 139 140 149 145 150 152 154 154 143 140 141 156 158 155 153 151 148 137 138 142 142 141 139 142 137 134 134 142 141 135 128 131 131 127 133 137 139 143 150 152 143 140
157 164 158 141 135 130 126 124 122 128 132 136 142 141 143 149 146 152 154 139 133 139 133 126 131 139 140 133 136 141 136 139 135 144 149 136 135 146 143 140 151 146 146 147 145 141 134 133 139 138 133 133 141 143 151 143 144 147 150 146 138 133 139 157 154 148 149 155 150 138 137 140 138 130 132 139 135 133 136 144 140 130 126 130 137 137 141 145 146 145 143 141 141 139
163 169 164 145 124 126 131 123 112 113 129 139 143 140 137 141 142 144 145 138 137 139 128 126 136 148 136 133 143 136 124 131 135 146 153 143 142 145 136 133 143 140 142 146 144 144 139 134 130 123 123 133 139 132 143 146 145 143 146 146 143 130 133 150 148 143 142 147 145 140 139 138 133 124 126 127 130 134 139 136 132 130 127 131 142 146 145 148 148 140 136 138 142 137
164 161 155 139 124 129 134 122 120 129 131 133 137 142 141 134 137 143 141 136 133 131 128 139 144 149 138 135 146 135 115 118 132 142 150 145 141 142 132 131 141 142 140 135 136 141 135 131 129 128 129 137 138 129 145 150 144 146 145 138 137 134 136 146 147 145 144 144 139 137 133 136 132 129 125 117 117 126 134 129 122 119 120 126 138 139 140 147 141 133 138 144 141 135
165 156 148 136 129 132 135 131 128 134 128 126 131 137 143 135 134 139 134 133 133 124 135 145 145 148 138 133 149 140 117 103 119 128 139 138 140 144 131 136 140 129 134 133 135 139 130 124 138 139 134 141 147 142 147 148 143 149 150 140 135 136 141 140 145 149 146 140 134 132 131 135 135 136 132 113 105 117 126 127 117 107 108 113 125 131 142 150 141 143 146 142 139 135
157 144 129 124 134 134 135 144 141 139 137 136 136 136 141 136 138 132 128 141 142 132 146 144 142 144 137 136 145 140 122 99 110 125 135 140 142 143 134 143 137 126 141 141 136 141 136 130 142 131 129 147 151 145 136 135 146 148 146 135 129 134 140 140 145 143 138 141 142 145 137 138 144 142 136 123 118 125 126 122 111 99 94 92 103 115 138 146 140 145 142 138 142 134
146 128 122 126 135 132 135 146 150 151 145 146 147 141 140 140 138 135 131 141 141 132 141 138 137 135 134 144 151 138 114 109 130 140 143 148 151 150 143 149 145 140 138 136 136 141 137 135 139 129 134 143 140 135 129 131 140 137 135 120 116 133 140 135 134 130 139 150 157 157 137 140 148 147 145 134 131 131 121 115 109 96 87 79 82 86 104 124 134 143 142 139 140 136
144 118 125 141 130 131 142 141 148 152 151 153 155 147 142 142 143 145 137 138 138 128 131 136 136 136 136 147 148 126 113 128 147 148 144 148 150 152 147 153 150 143 127 124 137 145 136 129 131 133 133 128 130 133 129 133 131 131 133 120 119 133 138 128 129 134 145 147 153 148 134 136 141 144 140 130 134 132 121 113 109 98 88 79 70 60 68 86 109 129 138 141 141 138
134 114 127 145 127 127 138 130 133 144 157 149 146 145 143 148 145 141 137 136 139 129 127 137 138 138 136 146 134 99 95 129 146 147 145 149 147 153 148 150 142 141 135 127 133 137 124 122 129 136 129 128 134 132 129 135 144 144 136 128 132 138 136 132 142 151 152 140 131 130 132 134 134 135 136 132 136 131 122 112 103 97 89 71 54 45 51 58 75 99 126 144 147 141
