example/E5 - XRays/X-ray-tomography/rastert_juap27.txt
ncols         356
nrows         356
xllcorner     -0.5
yllcorner     -355.5
cellsize      1
NODATA_value  -9999
[rows 126 to 167 of 356, columns 94 to 187 of 356]
142 139 137 148 145 131 123 116 104 96 123 148 149 142 136 156 158 151 154 153 137 128 117 129 136 135 134 137 129 133 141 140 141 140 148 147 137 142 143 144 127 128 138 135 123 123 148 138 130 146 164 156 122 103 125 139 139 136 135 147 148 146 121 95 103 130 152 149 141 141 134 138 153 156 142 143 137 156 150 130 140 154 154 154 155 158 157 148 149 153 146 135 140 146
129 137 140 143 143 129 125 123 110 109 123 126 134 129 127 140 133 134 148 156 151 127 106 129 141 140 133 129 127 125 135 147 146 127 132 142 141 144 137 133 113 126 147 137 117 114 134 137 150 155 155 146 124 116 138 149 149 141 125 136 138 142 137 130 116 114 131 143 144 144 134 135 141 138 134 147 150 157 152 137 141 155 151 145 152 158 159 152 159 158 140 122 128 139
125 131 139 139 140 128 126 131 120 126 122 111 120 123 125 129 114 127 151 146 153 129 109 132 134 134 133 114 115 119 135 145 139 117 122 142 152 150 127 117 122 132 137 139 132 126 124 133 160 161 152 153 146 146 159 151 150 148 131 131 124 123 127 134 121 102 103 127 138 136 129 135 135 128 129 135 140 141 137 142 141 147 146 142 149 148 150 159 154 147 131 111 122 119
125 126 141 140 135 129 126 128 120 129 125 121 130 135 137 137 129 135 145 140 143 143 134 143 145 138 141 105 98 113 135 138 131 127 126 133 143 150 120 94 109 129 132 133 130 128 134 138 155 169 164 163 155 158 170 158 147 143 134 130 120 118 113 125 128 105 98 120 132 128 118 131 136 124 131 138 133 134 133 151 153 138 129 132 144 148 147 157 143 133 131 123 132 110
133 130 137 142 138 136 137 129 118 130 126 117 128 131 142 142 134 138 135 133 138 145 140 148 158 149 144 109 89 106 130 137 137 144 145 144 140 140 132 114 119 135 141 139 134 132 141 138 139 149 150 150 153 152 150 143 138 142 142 129 132 132 119 126 139 120 114 127 134 122 109 122 137 141 134 139 147 144 142 150 150 142 131 126 131 145 147 135 122 117 134 147 142 110
143 137 147 146 135 133 131 123 119 131 130 119 124 121 147 153 135 132 123 124 131 137 134 143 150 145 142 129 119 122 134 136 138 146 150 151 148 140 152 148 135 127 130 137 134 137 145 145 136 128 139 145 148 146 140 143 142 145 132 104 111 123 130 138 140 134 130 134 140 133 125 125 129 140 124 128 140 141 151 152 152 155 138 120 118 135 144 126 132 148 163 162 150 122
137 139 154 143 127 122 121 121 118 122 121 127 134 129 148 154 142 145 136 128 117 123 133 141 147 137 135 135 128 127 137 134 134 142 147 147 145 137 147 151 142 135 134 135 127 137 140 150 143 125 128 128 122 136 151 150 137 144 137 115 108 111 126 128 129 133 129 142 152 153 149 139 138 137 132 130 139 141 142 154 152 153 138 123 124 130 142 143 156 160 158 160 154 132
139 149 152 133 132 130 128 117 103 110 116 122 128 132 137 153 153 151 144 127 99 107 122 131 140 137 139 136 125 128 130 127 135 144 143 142 140 133 133 131 136 145 135 133 127 131 138 152 151 138 120 113 105 130 148 135 122 136 151 148 129 120 124 117 116 133 137 151 165 158 150 142 142 133 146 140 138 144 143 154 150 152 149 137 136 130 140 158 163 152 157 169 156 145
136 137 143 129 140 139 132 128 122 122 131 127 127 130 115 131 150 145 141 132 104 110 126 132 137 136 133 135 132 138 141 128 129 149 145 135 134 137 140 129 124 133 124 124 133 138 137 138 144 150 140 137 121 127 135 133 138 144 148 148 142 136 134 117 107 118 134 153 167 164 151 142 144 132 135 134 133 146 146 154 156 152 147 137 132 132 146 151 146 142 156 165 150 143
143 129 141 135 134 139 143 148 144 135 134 132 129 133 120 116 139 147 141 130 116 122 130 129 135 139 131 135 130 127 137 133 130 143 143 142 148 143 139 139 128 126 128 133 138 139 143 139 139 140 147 142 133 127 131 136 152 153 142 139 142 133 131 120 115 124 132 141 157 173 168 150 145 137 131 130 137 145 139 150 150 144 139 137 132 138 153 133 117 126 142 153 147 139
139 137 142 137 123 129 141 133 128 131 133 122 120 132 140 133 142 148 145 135 128 125 128 132 138 141 139 139 137 135 141 141 139 140 143 142 151 153 141 144 136 130 130 131 120 110 124 139 146 139 145 135 130 130 140 138 147 147 130 135 137 126 128 125 126 124 117 123 138 157 154 138 134 140 145 134 140 142 132 141 147 155 154 150 136 139 148 131 120 137 147 149 149 145
129 139 139 136 127 116 125 128 131 135 141 134 128 125 136 151 147 149 150 145 145 147 145 140 147 144 142 136 139 143 151 145 143 140 141 134 133 142 137 131 131 135 138 133 125 120 123 129 140 144 139 136 135 131 127 131 139 147 131 133 133 126 133 129 134 136 124 126 137 143 138 138 133 135 136 119 130 139 139 152 155 145 142 152 143 131 127 135 133 139 141 140 145 151
138 154 154 154 149 129 127 139 142 135 135 137 130 127 138 152 146 148 148 143 151 165 156 140 144 147 149 140 142 148 154 151 145 139 139 136 127 139 143 131 131 138 139 144 156 152 130 121 125 133 128 125 137 144 130 131 141 149 142 142 133 127 126 129 138 134 134 139 140 139 132 139 140 137 136 129 135 136 136 144 142 133 137 148 147 131 130 144 150 142 125 129 142 149
139 146 151 161 149 138 141 135 134 141 142 143 134 132 140 141 149 153 153 159 157 157 141 132 151 155 154 141 136 150 159 159 150 144 145 134 125 143 151 143 140 148 144 141 148 148 122 112 122 131 124 120 142 158 151 147 144 135 140 151 141 133 128 135 142 132 124 127 127 126 131 138 148 140 130 136 139 138 140 137 139 142 141 151 155 133 142 146 136 141 134 128 140 147
124 129 149 157 144 139 140 132 130 137 144 143 137 142 144 135 139 139 145 161 153 151 144 146 161 148 142 142 134 145 159 153 147 143 152 147 144 152 154 163 158 149 152 151 141 143 128 104 115 136 137 138 156 160 156 158 157 134 125 140 140 136 133 140 137 134 131 122 122 122 133 144 156 139 123 133 138 142 143 136 145 151 152 159 147 120 133 143 121 133 140 133 146 154
114 126 151 141 126 127 126 137 144 142 142 135 128 135 138 137 134 138 149 156 151 148 153 154 155 141 140 152 144 142 150 139 139 143 157 158 157 159 154 161 168 158 156 154 134 131 128 117 122 133 145 154 169 166 159 168 175 158 136 132 137 141 141 146 138 140 143 132 127 126 135 147 143 137 143 139 139 144 145 144 150 154 154 163 153 142 138 137 132 140 136 140 153 147
125 126 130 122 133 128 112 128 144 140 139 133 121 120 135 137 129 132 150 154 151 146 144 143 144 144 150 152 151 150 145 139 137 140 152 161 166 163 156 158 166 169 154 149 151 139 132 133 139 133 145 152 166 166 158 163 167 157 145 137 139 140 144 138 140 147 140 140 139 129 140 155 134 137 151 142 140 137 145 151 154 153 148 150 144 150 149 138 135 146 148 151 140 120
148 135 131 132 141 147 145 141 138 139 135 133 124 112 122 137 141 131 136 146 153 150 139 141 141 148 148 144 157 152 146 155 153 148 148 152 153 159 164 163 168 167 162 167 167 154 150 142 141 128 137 157 169 165 164 160 160 154 138 140 143 131 132 125 132 144 140 148 151 141 145 144 119 126 135 132 140 141 141 144 150 155 148 142 140 141 140 144 142 151 152 152 116 92
129 115 114 129 141 155 167 161 143 148 140 134 140 127 125 134 136 132 130 140 143 142 131 132 136 142 138 138 142 141 145 154 154 155 149 145 149 162 168 166 176 172 167 175 166 153 150 152 133 124 132 146 158 154 162 161 149 142 135 144 147 129 133 126 121 128 132 133 138 142 143 136 122 130 139 137 140 136 138 145 149 155 155 148 145 137 136 151 159 156 139 140 120 106
122 120 106 116 140 157 163 151 136 141 149 146 151 146 135 130 125 122 126 135 138 139 128 123 129 125 129 137 142 152 142 143 137 136 143 145 140 156 159 162 170 172 162 160 162 159 151 148 128 128 130 134 145 146 151 150 138 131 131 133 138 136 138 130 120 116 134 132 118 125 136 139 136 138 147 147 144 139 137 140 147 146 153 165 159 140 140 149 154 146 138 147 140 136
134 141 132 141 148 154 153 149 142 136 144 144 147 139 130 125 131 128 121 119 135 144 142 137 130 120 127 136 130 131 131 141 137 133 139 144 135 143 148 159 159 160 160 152 148 158 157 152 144 132 136 139 140 143 143 139 130 132 139 131 143 145 140 140 129 120 132 129 112 118 130 138 144 150 149 155 150 136 129 136 143 141 149 164 160 144 155 152 139 139 143 154 154 164
126 142 136 153 160 145 138 147 151 145 133 132 143 136 135 129 131 132 126 121 137 141 142 143 143 134 128 137 133 132 134 136 133 136 134 138 135 133 134 148 147 158 165 154 144 144 143 135 142 132 137 138 140 137 131 133 123 129 139 133 151 151 144 140 131 125 130 140 126 129 130 121 132 151 144 137 136 128 126 138 145 148 157 163 156 154 162 154 138 141 152 160 158 172
107 131 141 152 158 151 139 141 146 149 143 139 141 133 137 134 128 127 127 129 142 149 144 139 138 124 113 135 144 149 148 149 147 145 134 138 131 129 131 140 143 149 149 139 137 142 141 135 140 140 142 139 142 143 142 138 116 118 132 138 149 140 141 138 133 136 143 155 144 122 118 120 129 140 136 124 127 124 111 123 146 153 162 170 158 156 152 153 141 126 149 170 165 171
114 124 150 150 130 130 133 139 138 145 158 151 141 133 139 140 135 132 132 134 139 146 145 141 140 125 121 139 139 141 148 152 153 146 135 139 134 136 128 128 139 138 141 144 139 139 144 144 141 144 151 150 153 151 153 148 133 132 141 151 160 142 138 144 130 133 133 137 144 123 122 138 137 128 113 108 112 107 94 108 148 161 162 171 160 164 155 144 127 108 143 175 173 174
132 129 137 133 118 116 124 137 132 135 147 146 134 132 139 137 144 149 147 139 128 137 140 132 133 131 133 133 130 137 147 150 155 153 148 148 135 135 132 129 130 129 140 155 152 142 143 147 138 134 150 159 162 156 157 155 142 135 135 131 141 140 131 148 135 137 132 133 140 130 132 137 143 142 109 99 123 124 105 114 151 162 163 168 168 168 157 142 129 137 161 168 172 180
125 130 124 124 136 127 124 139 139 133 135 141 139 139 150 138 148 150 141 141 136 141 139 130 133 130 133 128 117 118 132 144 156 157 153 152 141 131 133 136 129 131 144 145 143 142 140 138 145 146 153 163 166 164 162 155 148 135 117 112 134 136 121 135 127 129 133 140 135 130 143 151 153 140 116 111 135 127 117 131 158 172 173 165 165 157 156 154 148 149 165 172 168 176
128 124 114 120 136 137 136 138 142 151 137 135 149 140 150 150 147 146 139 139 139 131 138 143 138 120 122 135 122 109 123 136 145 149 146 155 154 138 134 139 131 134 139 137 136 143 141 134 139 144 165 167 156 155 149 142 153 146 120 123 138 132 130 133 116 123 139 140 134 125 139 153 154 136 117 119 132 112 118 147 156 173 173 165 169 164 169 156 145 144 156 167 166 175
139 124 109 122 136 142 149 141 146 158 147 136 136 127 137 145 143 144 143 148 152 134 138 141 140 128 125 131 115 106 123 146 143 140 148 151 140 127 127 133 130 131 136 149 152 153 146 144 140 134 154 163 158 159 158 154 153 150 141 136 135 128 127 130 113 119 144 150 149 118 129 153 156 150 125 111 127 130 142 154 151 173 174 169 169 167 163 155 148 150 157 163 165 175
148 140 121 135 146 140 146 142 143 141 141 144 132 122 135 142 142 138 135 147 154 145 144 135 147 144 134 125 115 112 126 150 150 142 141 138 137 132 131 137 134 132 130 141 152 149 147 141 132 123 123 149 163 161 159 153 135 132 140 130 133 124 111 123 121 135 148 142 154 144 137 151 152 146 118 109 129 141 141 148 159 165 160 161 161 154 142 140 137 144 158 170 170 177
142 134 111 127 144 129 129 144 146 136 141 148 149 141 131 136 141 141 139 144 140 136 131 133 146 138 136 141 127 114 125 136 139 138 139 135 136 146 145 140 135 143 137 136 140 134 130 123 118 113 115 144 159 161 157 139 119 125 137 132 139 136 132 137 126 143 153 143 145 143 147 156 146 130 109 114 123 138 145 143 156 145 151 163 155 135 124 125 133 148 159 160 160 168
148 135 120 131 140 121 114 137 141 140 157 154 149 155 140 135 135 142 145 148 135 134 139 138 147 144 148 163 153 140 136 126 121 127 146 146 124 137 144 136 134 141 140 133 128 128 127 129 128 117 119 132 149 161 152 133 122 128 131 130 146 147 146 139 127 139 155 152 146 142 154 154 134 126 118 115 105 131 148 141 142 125 128 150 142 119 119 121 132 148 161 159 169 176
135 131 136 138 137 134 132 141 144 147 152 143 140 157 157 155 148 149 144 148 153 164 170 152 152 154 151 155 159 157 145 127 119 123 139 146 132 135 129 125 132 133 138 134 127 134 131 132 133 129 130 143 150 147 140 136 128 119 117 123 142 145 139 127 131 133 145 147 138 138 148 149 138 126 107 104 108 129 134 143 136 116 114 131 135 120 124 127 126 135 163 159 165 179
122 122 130 131 131 138 138 137 144 144 137 150 158 161 163 174 172 164 155 151 160 171 176 166 162 160 155 155 160 153 144 136 129 132 129 122 128 132 127 126 132 133 135 144 141 137 131 123 129 139 137 142 147 145 141 138 123 115 127 131 133 139 143 132 131 125 132 141 133 140 148 144 153 141 105 104 131 135 126 137 133 110 118 142 150 130 121 129 123 125 154 161 170 178
128 127 134 138 140 139 127 125 137 143 140 159 166 158 159 165 163 161 160 155 158 164 163 167 163 157 162 165 158 154 149 145 144 141 127 127 134 119 123 126 123 129 129 136 144 136 137 135 132 128 135 146 149 143 146 146 128 126 142 138 136 141 150 144 137 136 141 141 137 153 156 140 145 154 126 110 140 146 137 140 135 102 97 133 143 134 128 129 112 108 143 163 170 176
144 131 136 142 143 137 134 137 134 136 142 164 169 159 156 159 162 167 166 168 166 161 157 160 153 156 159 168 159 157 157 151 152 143 129 137 145 124 131 137 138 145 137 123 134 139 137 133 142 127 122 136 152 152 150 143 133 140 150 146 146 142 143 144 146 149 140 138 143 156 155 142 138 149 130 119 152 160 145 145 130 93 76 106 126 139 148 143 120 100 129 159 166 169
132 119 123 133 144 140 141 146 136 141 155 162 168 171 166 168 167 168 162 170 170 162 161 167 164 169 156 161 162 160 165 157 156 148 143 138 137 135 139 145 154 146 139 129 123 140 143 138 151 141 135 140 153 162 150 132 145 159 152 145 134 125 135 136 142 154 145 141 152 155 153 150 149 144 122 125 154 157 145 152 131 93 72 86 117 145 163 159 135 105 115 149 163 168
123 121 114 110 129 133 132 141 132 141 161 163 160 164 174 166 159 166 166 168 166 162 166 163 165 178 169 162 170 169 170 166 163 156 152 138 132 137 132 135 144 137 131 127 124 137 139 133 139 144 148 153 151 150 146 144 159 150 139 145 138 126 135 141 149 157 151 140 143 152 153 145 140 131 118 116 140 163 148 146 134 115 102 111 136 158 164 163 155 141 133 147 168 170
124 119 116 103 107 119 124 137 134 139 156 160 159 164 179 172 167 176 171 169 168 170 178 165 170 175 178 176 169 163 162 167 168 167 161 153 136 128 125 124 132 130 124 131 136 142 136 125 119 127 121 137 151 141 146 153 155 148 140 142 143 131 134 145 146 152 151 141 134 144 153 146 142 132 120 115 133 159 148 141 137 134 135 144 153 161 161 166 167 164 156 155 172 184
133 120 130 131 128 134 139 138 138 149 156 158 162 164 158 159 161 175 176 166 158 168 174 163 171 174 173 169 161 159 160 164 170 176 161 157 151 129 123 116 118 120 124 126 135 142 133 131 126 131 119 127 145 136 137 135 137 150 148 133 129 117 128 153 146 147 149 149 141 135 138 140 133 120 122 122 131 151 150 156 161 154 150 157 157 163 171 172 169 168 172 165 166 168
144 138 133 133 130 124 137 140 132 145 154 153 153 159 150 152 158 166 166 167 162 166 163 159 170 173 171 171 175 170 167 165 166 177 164 155 158 137 131 133 131 118 117 128 138 139 133 142 141 137 130 125 123 130 147 146 138 149 148 132 125 117 132 148 151 153 151 149 143 134 132 131 117 114 118 113 138 156 157 159 165 173 167 165 169 176 174 168 166 164 159 156 171 166
147 138 120 131 130 120 136 148 145 135 138 150 156 164 160 152 158 161 158 169 177 175 166 164 172 168 171 176 174 168 168 173 165 166 170 165 165 150 144 147 142 124 120 134 142 142 137 150 143 126 107 93 91 117 143 150 147 145 134 134 145 141 145 148 147 150 151 144 146 146 143 143 134 136 129 124 156 163 158 168 167 166 168 166 155 164 167 163 171 177 166 159 171 164
144 135 124 137 142 138 145 149 151 134 133 155 163 161 159 158 162 162 163 172 179 173 173 176 166 163 170 164 159 166 166 170 169 168 172 165 156 138 138 145 130 118 123 137 142 142 131 131 138 124 84 79 97 115 126 140 145 154 149 138 151 154 154 151 145 148 140 117 131 149 147 145 145 145 139 144 165 164 163 175 163 160 169 165 160 174 176 176 177 172 174 164 153 157
