example/E5 - XRays/X-ray-tomography/rastert_juap03.txt
ncols         356
nrows         356
xllcorner     -0.5
yllcorner     -355.5
cellsize      1
NODATA_value  -9999
[rows 168 to 209 of 356, columns 188 to 281 of 356]
165 163 161 160 172 176 180 171 177 173 160 159 156 163 161 156 158 154 158 147 153 162 163 145 153 164 164 162 166 170 171 167 161 158 154 156 158 158 168 157 154 135 147 150 135 150 144 158 159 156 170 154 161 159 161 164 161 157 169 153 145 149 158 156 150 155 138 134 148 160 171 159 150 158 151 161 163 166 164 150 145 147 150 152 161 161 158 165 165 174 169 175 178 167
165 166 177 160 168 180 176 177 187 173 181 176 166 165 157 150 154 154 152 143 155 159 172 164 158 168 173 176 177 164 171 164 164 172 173 165 160 152 161 154 149 145 155 162 152 152 149 162 165 161 168 159 160 158 150 154 169 162 157 146 140 148 163 157 149 140 135 156 163 151 155 153 147 157 154 150 156 155 153 148 154 156 165 164 160 158 162 154 162 171 163 177 180 168
175 175 176 156 165 181 164 159 175 171 182 173 176 175 161 159 151 142 145 144 156 161 168 172 170 168 156 163 172 166 178 163 167 179 166 162 175 147 136 148 148 164 160 152 151 156 156 157 159 151 157 157 153 152 146 152 166 158 149 156 157 158 160 148 149 148 142 158 162 148 150 148 152 160 157 148 148 154 152 147 163 164 159 162 157 158 164 159 169 168 165 172 170 167
175 159 164 176 172 166 172 171 179 169 174 171 177 166 150 162 151 149 154 159 151 147 160 167 162 161 164 157 167 167 172 170 180 178 157 168 180 151 137 138 130 141 156 150 152 154 159 156 166 165 159 157 161 158 152 156 162 163 153 159 155 156 151 147 153 155 145 144 147 143 140 138 148 152 144 146 152 163 166 161 173 159 145 159 160 157 168 168 169 169 173 168 165 165
174 161 173 191 177 158 166 172 177 179 182 172 183 175 162 166 141 136 147 170 166 150 154 161 163 160 177 163 160 162 161 167 179 173 167 180 171 154 150 151 141 134 150 155 159 145 160 166 164 166 159 152 161 167 167 163 158 163 153 158 153 146 157 163 153 144 146 153 156 154 148 143 148 152 152 160 168 166 158 162 169 160 167 171 157 162 172 175 172 176 174 162 162 162
181 160 168 184 178 170 181 173 178 189 184 173 183 175 172 163 137 127 141 162 170 161 164 165 156 155 175 162 164 165 159 168 177 172 177 177 157 153 149 150 159 141 151 163 159 147 153 163 163 164 155 155 173 178 166 164 161 167 157 151 152 148 158 157 147 150 146 157 163 166 160 153 146 156 158 158 167 163 148 152 158 163 175 171 163 171 165 165 171 179 168 160 158 162
184 174 171 174 176 171 186 173 171 174 169 173 182 175 176 170 153 147 153 164 165 155 157 161 164 162 161 156 173 171 162 170 170 162 165 173 158 158 158 149 160 155 151 167 161 152 150 164 175 166 154 157 171 173 168 153 147 170 173 151 149 157 159 165 162 164 149 155 148 138 144 145 144 157 153 154 164 156 142 147 156 166 165 165 167 170 160 159 162 164 160 165 157 161
180 183 175 187 180 161 172 171 165 166 174 171 174 185 178 166 153 160 160 162 155 151 160 165 165 159 156 156 167 166 165 166 156 148 157 174 160 154 154 152 152 156 148 170 174 155 156 172 176 160 150 156 169 162 159 158 147 152 165 155 158 165 156 160 157 158 156 157 150 145 146 150 149 144 152 168 162 136 149 168 169 173 174 177 172 173 167 161 161 163 161 168 164 163
187 179 167 177 165 163 177 172 160 169 180 164 169 184 180 164 166 176 164 153 142 152 161 161 158 154 155 141 154 166 175 173 162 150 158 171 149 147 146 136 147 156 162 164 160 154 160 164 160 164 161 165 173 153 151 158 151 153 155 148 160 169 150 143 153 157 157 156 159 154 151 159 150 145 160 171 149 128 157 174 173 170 168 177 167 163 167 172 170 162 163 171 172 169
183 177 171 162 159 173 181 175 157 164 175 172 170 170 177 172 169 170 163 169 164 161 154 156 159 157 155 118 116 146 170 164 163 162 156 167 151 151 149 127 143 147 157 151 148 156 166 168 161 169 164 160 162 156 165 164 156 162 159 161 171 170 152 150 164 160 160 156 159 160 160 166 157 157 155 149 138 140 166 171 170 173 169 173 166 167 176 179 163 156 174 172 170 175
173 175 180 171 168 166 172 173 158 171 171 167 172 165 166 167 154 154 154 164 149 137 150 164 159 144 122 120 139 159 171 172 174 176 161 163 153 144 142 138 136 133 155 161 155 153 148 148 155 155 153 156 166 167 166 170 162 159 167 174 165 156 152 161 164 157 164 157 152 152 154 151 153 162 159 152 153 149 161 172 170 176 173 164 169 173 171 164 165 168 183 171 170 177
173 160 170 183 171 167 171 161 149 166 162 161 164 159 161 162 164 163 138 142 157 156 169 180 167 148 129 147 167 169 173 175 168 167 159 159 144 134 135 131 123 135 158 165 156 157 166 163 163 159 161 165 170 170 163 157 155 154 170 166 152 145 154 165 156 157 159 156 155 151 151 159 167 168 154 151 157 146 150 162 156 152 169 178 173 168 166 166 176 164 177 184 178 176
182 171 179 182 167 176 170 156 166 170 165 165 167 155 162 166 161 176 169 161 159 162 172 181 174 152 155 162 163 162 165 159 154 156 151 163 147 138 142 122 124 149 165 164 157 157 178 170 161 161 161 165 173 170 161 160 164 160 164 158 151 154 159 162 159 162 152 156 163 155 157 175 175 165 154 158 156 153 161 158 149 152 177 181 166 167 177 186 179 160 167 170 161 159
169 173 176 170 172 174 163 159 175 165 162 160 167 158 168 172 152 155 166 174 159 170 179 171 161 159 173 166 164 167 162 153 151 153 148 160 144 142 156 142 145 160 164 160 174 164 154 148 148 147 150 162 168 164 159 164 161 150 153 156 151 158 156 156 156 162 157 157 155 153 162 167 157 157 167 166 163 173 171 151 150 169 178 171 173 174 174 176 173 176 171 161 158 164
157 171 181 171 173 176 161 166 170 155 144 153 170 168 164 153 149 168 167 186 178 168 164 160 157 163 173 165 161 152 160 169 163 162 160 161 151 157 176 168 157 156 158 154 167 167 156 159 157 151 151 156 152 160 164 159 148 149 161 156 151 158 159 165 159 160 171 173 159 157 160 161 168 172 171 162 166 170 162 155 166 169 165 169 171 172 166 160 170 181 174 164 161 163
166 171 173 159 161 166 160 167 167 168 161 158 170 173 156 145 153 176 176 180 167 155 155 159 162 160 170 168 169 166 170 167 166 168 164 157 158 167 177 169 163 168 164 156 152 149 156 168 164 162 158 148 148 161 162 155 148 154 158 151 160 163 160 168 171 166 173 171 165 160 165 170 184 181 166 163 169 167 162 164 170 155 161 172 156 157 166 167 167 165 170 166 159 157
169 161 163 159 165 164 156 163 164 167 179 170 166 166 170 178 163 153 169 169 167 164 154 159 166 162 166 168 167 172 170 154 162 160 149 152 160 166 169 161 173 174 159 157 152 148 153 156 157 155 157 152 160 163 156 158 159 158 159 154 164 170 164 160 171 172 171 160 159 158 164 162 166 173 172 160 163 169 158 158 156 148 157 165 158 151 163 162 157 160 167 167 159 160
169 163 159 165 165 163 170 172 166 157 163 165 172 164 173 177 174 163 163 156 165 168 162 166 164 163 159 165 168 177 166 154 165 161 154 167 162 168 159 148 168 162 155 170 170 161 163 157 147 143 146 149 161 150 152 163 167 167 162 158 166 169 169 163 159 152 162 166 165 155 153 157 157 165 165 151 157 162 157 162 160 157 151 151 159 157 161 158 162 168 163 163 159 158
171 173 163 166 161 166 183 172 162 165 161 155 165 169 175 161 162 169 159 162 159 153 160 158 160 164 166 162 163 183 182 162 165 173 165 167 169 186 172 156 167 172 166 174 174 170 177 160 144 146 159 171 164 149 158 159 160 160 155 163 164 150 155 166 161 152 162 170 168 165 156 157 163 174 171 156 155 163 166 160 155 155 159 161 160 161 169 163 166 165 160 159 156 159
161 173 165 159 169 174 174 168 151 160 176 162 150 172 178 163 141 147 150 154 151 144 145 140 159 168 167 166 161 166 175 163 167 168 155 157 171 170 154 143 164 185 173 167 160 170 174 159 152 153 170 174 160 155 157 152 156 159 152 157 167 154 155 162 165 163 160 157 162 171 168 168 164 155 162 160 154 164 158 150 153 151 152 162 164 158 158 156 166 165 162 166 171 168
175 184 177 168 170 158 145 168 171 151 163 164 160 176 175 166 150 145 146 147 158 160 153 142 145 149 156 169 173 169 173 164 170 160 152 148 167 166 162 162 176 173 168 172 162 170 165 153 158 159 153 148 148 162 173 164 163 163 161 169 169 158 160 149 152 156 152 155 165 161 160 168 156 149 166 168 146 153 154 151 162 158 156 157 160 153 150 158 158 162 168 162 161 164
169 174 171 173 182 171 154 167 166 155 155 156 166 171 168 156 161 161 155 160 165 171 169 160 150 139 147 166 169 167 168 170 172 174 174 161 171 171 182 179 175 162 159 169 171 164 154 154 162 157 141 150 159 166 171 167 165 156 164 173 164 153 162 153 156 162 155 163 162 163 163 148 149 160 156 153 150 154 155 158 174 167 169 167 171 161 155 161 151 150 162 160 161 168
159 161 174 173 168 171 174 173 163 159 153 149 169 166 162 165 173 164 149 164 164 166 162 161 162 155 157 158 147 148 160 170 172 177 161 158 172 165 179 179 172 176 170 170 172 163 153 166 171 154 151 165 171 167 171 175 164 156 162 159 164 154 153 149 162 164 160 173 160 161 165 147 159 164 155 142 151 154 153 166 191 186 175 167 173 163 157 158 157 156 164 158 159 161
172 173 181 171 166 169 165 173 175 172 165 160 169 165 168 172 171 165 157 172 163 162 162 158 160 167 169 158 162 162 159 162 164 172 154 159 161 155 173 175 172 185 175 168 164 175 165 161 168 144 142 157 168 167 179 175 166 172 168 161 174 158 153 159 172 173 170 162 158 162 171 165 174 171 165 164 158 148 150 170 198 194 171 160 166 162 162 163 161 166 170 158 155 158
177 171 175 164 173 185 169 173 181 171 160 168 175 168 171 177 165 168 167 170 163 167 168 166 164 167 157 152 160 165 161 152 152 162 160 174 167 163 170 171 176 171 153 156 158 173 173 156 156 142 146 159 155 156 165 171 177 164 157 165 173 163 158 165 168 174 175 159 164 162 163 163 167 161 155 165 162 147 153 173 189 181 163 166 171 164 171 173 158 155 155 158 154 153
180 182 171 145 152 173 160 169 181 169 155 168 169 162 163 167 171 175 171 171 170 167 175 173 163 168 162 151 148 149 143 140 157 162 166 187 180 169 185 185 174 162 146 150 158 162 169 157 152 145 148 156 150 150 150 158 166 158 155 158 157 156 161 166 159 165 173 172 170 160 160 159 163 152 148 157 163 160 165 165 163 165 170 176 172 163 162 160 146 150 159 155 147 155
185 185 164 143 153 166 160 164 173 172 168 169 158 160 170 168 169 177 174 166 166 164 162 164 173 171 162 156 160 159 152 154 158 157 157 174 170 163 173 155 138 148 154 160 172 166 165 159 161 149 137 148 156 151 156 165 164 161 161 156 147 146 159 159 165 176 175 170 165 168 171 162 166 163 168 161 161 159 156 159 161 161 171 176 173 170 157 154 150 148 134 123 136 150
185 173 169 149 141 157 166 163 164 166 162 167 163 165 170 163 157 173 173 168 160 159 161 155 156 165 159 161 170 169 165 167 166 166 156 164 166 143 122 104 98 100 130 161 165 164 162 162 170 154 138 145 156 162 168 163 161 161 161 163 158 158 166 154 158 164 165 170 168 167 163 170 170 172 181 172 169 163 161 172 173 169 168 174 174 173 161 155 157 140 90 70 96 129
178 180 178 153 129 143 161 170 175 176 161 166 163 161 155 149 159 169 166 161 163 156 158 161 157 160 163 168 169 167 158 155 163 168 156 160 171 135 111 109 104 84 112 155 164 170 168 166 160 150 160 154 159 167 169 160 163 168 166 167 165 164 161 152 148 156 163 167 165 155 149 163 170 172 171 162 168 167 166 172 176 173 168 169 162 168 171 158 152 125 65 46 73 118
189 192 174 154 153 160 168 175 183 174 168 177 158 165 169 160 158 164 173 159 160 157 157 162 156 156 159 170 170 159 163 161 157 167 166 156 167 154 136 133 140 132 144 161 162 163 158 159 155 159 169 159 158 158 166 160 154 160 168 163 158 158 160 155 148 156 148 146 148 145 160 167 164 168 166 160 165 172 170 162 171 174 174 167 147 146 158 154 143 110 59 47 73 115
195 186 171 164 178 167 170 174 166 149 165 180 171 168 165 171 174 162 160 161 158 157 167 167 151 158 156 169 172 165 174 161 150 168 172 161 171 165 155 159 168 159 161 165 159 158 162 168 172 177 168 157 161 155 158 161 152 153 165 162 161 160 163 146 145 151 143 144 144 149 164 168 172 177 171 168 172 171 163 156 170 174 178 168 153 142 143 145 134 111 95 92 111 132
204 198 186 169 164 160 177 172 160 161 168 171 168 175 177 175 166 156 160 157 150 157 152 156 157 166 161 179 178 174 178 172 167 177 172 163 163 157 159 175 169 154 153 156 166 169 171 169 169 163 156 159 164 162 162 168 165 167 175 171 165 173 171 145 141 145 149 158 150 154 164 173 174 175 176 172 175 163 154 166 176 167 163 167 167 155 150 147 134 128 134 135 146 151
186 160 155 159 159 172 182 169 162 173 170 165 159 175 181 163 157 161 171 161 161 169 151 157 157 167 175 192 181 174 178 174 176 169 170 163 165 173 157 159 176 162 152 161 167 156 158 163 165 164 167 167 157 152 167 171 163 167 168 166 167 170 164 151 155 154 152 149 147 160 169 182 179 165 172 182 180 170 174 175 168 158 153 162 170 162 155 148 144 147 149 153 154 153
174 166 165 158 158 161 163 167 170 173 174 172 167 169 171 162 160 155 156 161 171 172 168 161 153 161 164 178 178 177 177 168 185 178 173 170 174 180 157 150 177 172 160 172 165 150 156 158 167 169 170 171 163 147 162 170 162 166 163 167 171 161 150 154 164 162 153 142 145 160 170 176 176 168 169 171 167 172 180 166 155 161 158 158 159 158 155 149 155 159 157 162 155 151
163 165 157 148 154 149 154 166 165 160 171 178 175 166 161 155 150 159 166 168 179 170 169 162 160 175 170 169 176 168 169 175 184 190 176 171 172 179 179 167 161 167 171 180 175 154 160 169 174 169 165 163 164 154 152 158 167 177 167 177 171 154 154 163 163 164 164 155 153 163 174 167 162 163 171 159 155 163 167 166 160 166 168 161 153 160 165 165 171 171 165 165 160 159
156 152 146 140 152 163 166 161 158 163 166 162 153 156 159 163 171 176 169 157 171 177 151 151 161 173 176 170 178 171 172 180 182 194 172 167 171 173 176 169 155 161 169 179 178 154 156 163 178 177 174 167 160 156 160 159 163 179 165 169 173 171 169 165 159 152 166 170 163 159 164 163 161 157 165 167 163 173 168 167 161 163 168 168 166 171 170 166 171 171 156 149 154 157
162 154 163 155 159 164 165 165 160 171 177 166 157 158 150 152 174 167 155 153 167 181 154 159 168 168 175 170 180 177 179 192 188 189 173 167 165 170 178 169 151 157 161 162 163 171 178 172 182 173 177 165 157 163 168 166 159 171 168 161 162 171 174 175 172 158 160 172 169 160 165 169 160 163 161 163 160 170 161 162 165 166 169 173 172 169 166 159 161 156 142 143 157 150
152 150 160 163 163 154 151 157 150 157 173 172 170 170 172 155 155 157 158 162 162 176 178 179 174 169 167 164 187 193 182 183 173 163 167 171 163 177 193 178 161 160 167 172 166 171 184 184 176 166 171 164 157 156 162 164 161 168 175 168 160 157 164 174 174 163 166 174 163 157 164 176 158 158 162 157 158 156 153 157 161 159 161 163 169 164 166 163 160 145 134 134 151 152
156 150 156 164 162 163 156 164 164 166 172 161 158 159 170 172 165 160 159 163 169 170 178 180 177 170 169 170 176 178 170 179 184 163 169 175 171 169 173 174 175 173 169 159 161 166 171 175 161 162 168 167 161 159 165 165 169 169 183 183 175 173 168 173 177 168 169 170 163 162 158 164 162 166 167 164 170 163 159 157 163 166 161 159 175 167 166 169 165 152 153 150 153 157
160 157 167 171 163 170 168 168 158 156 160 162 173 159 151 162 163 163 159 158 160 164 176 170 168 173 192 191 185 183 184 187 177 172 173 176 175 164 171 177 176 174 167 167 168 177 175 170 164 165 173 172 159 162 154 154 177 179 182 187 185 185 171 165 174 172 171 176 168 167 170 165 174 178 170 170 169 165 168 173 179 177 169 161 164 157 164 177 175 162 167 163 159 166
158 165 168 164 154 172 171 165 164 160 152 160 176 170 165 161 156 168 157 156 156 159 179 171 169 178 185 182 185 184 179 172 162 179 185 184 192 187 173 174 175 173 169 178 169 179 189 179 167 167 176 180 168 163 160 162 171 179 175 179 178 183 182 170 175 181 177 176 159 152 165 168 172 162 167 174 166 162 167 176 187 175 164 155 157 167 173 173 173 169 170 165 162 158
163 162 153 161 156 166 165 170 168 163 158 149 146 160 171 166 167 180 169 160 150 150 168 174 170 176 183 176 172 175 169 179 181 182 181 185 195 187 171 179 174 172 165 165 155 157 170 172 158 156 170 182 170 163 166 174 176 177 170 168 175 184 190 170 167 182 175 165 157 150 159 164 163 157 168 180 175 167 165 164 173 173 165 158 165 170 169 173 172 178 179 167 157 151
