example/E5 - XRays/X-ray-tomography/rastert_juap49.txt
ncols         356
nrows         356
xllcorner     -0.5
yllcorner     -355.5
cellsize      1
NODATA_value  -9999
[rows 168 to 209 of 356, columns 95 to 189 of 356]
157 158 164 162 155 157 162 162 150 145 148 145 148 154 155 152 147 148 131 133 142 142 147 141 145 148 144 138 140 145 136 138 139 137 139 134 138 128 124 139 135 134 146 143 145 145 147 144 141 145 149 157 162 148 141 152 155 165 167 164 168 168 160 159 171 180 172 175 181 175 178 179 174 177 167 169 167 163 166 162 166 174 173 168 161 158 151 155 162 151 139 134 137 148 156
152 155 159 160 154 154 154 156 150 140 148 154 149 141 138 146 142 143 138 133 135 123 131 141 145 146 152 155 155 152 140 137 141 141 146 140 136 142 141 136 134 136 154 159 151 151 151 151 144 142 142 147 170 159 134 132 151 161 165 167 163 157 154 161 168 182 178 173 175 182 182 168 162 172 167 167 174 164 166 158 161 174 180 179 169 161 157 164 167 148 134 139 143 152 155
149 148 155 148 145 155 156 148 153 158 156 159 149 142 143 140 138 142 148 141 138 128 128 136 139 148 148 158 159 153 146 150 153 136 137 141 139 142 147 141 131 130 149 160 153 152 147 143 139 141 138 134 161 160 144 142 157 162 167 165 155 155 156 164 174 171 176 183 174 186 186 172 173 181 177 164 161 164 177 170 169 166 173 175 157 152 160 164 165 149 133 141 138 145 149
159 136 136 142 141 149 158 152 155 155 145 146 139 142 147 136 133 143 149 138 130 136 144 141 132 132 134 148 162 155 142 155 165 145 137 133 127 130 128 135 130 132 139 151 145 147 145 141 139 141 139 132 142 144 145 145 144 147 154 160 160 158 160 168 180 177 183 184 181 184 180 173 173 173 177 165 162 158 171 176 168 167 171 163 152 158 167 167 158 139 130 135 136 148 150
170 155 145 145 128 130 139 142 143 139 140 142 139 138 144 149 141 148 152 133 119 141 150 141 134 137 146 160 171 165 153 156 158 145 138 127 117 124 107 115 131 137 129 135 136 147 148 151 150 147 144 140 135 131 138 144 141 147 158 162 166 164 167 174 178 179 177 175 181 184 182 172 168 166 169 160 154 157 167 174 160 171 178 169 161 165 165 165 154 143 136 125 135 150 153
158 155 146 128 108 114 131 135 131 125 142 145 139 140 141 148 141 153 162 148 144 151 153 145 136 153 158 166 175 162 156 156 147 137 140 138 123 136 123 114 117 128 125 137 141 146 149 144 138 143 150 152 151 149 140 149 159 154 150 148 164 168 164 169 171 173 175 174 177 177 175 169 171 172 166 161 165 167 164 163 157 167 167 157 152 154 160 159 150 145 139 134 149 159 152
147 126 113 100 105 124 138 140 137 131 136 136 130 139 145 152 151 157 175 172 173 160 164 155 128 151 166 170 175 163 156 148 137 144 144 142 126 135 133 126 135 140 125 136 146 146 142 135 131 146 158 161 167 161 145 147 151 152 152 162 169 165 166 170 174 175 177 177 175 177 174 171 173 173 169 168 177 179 170 169 166 162 155 149 163 166 160 149 144 149 147 145 148 150 137
134 114 112 116 120 127 134 139 140 139 135 139 130 133 141 145 158 164 174 177 175 159 162 151 129 146 162 172 178 172 161 147 139 149 138 133 128 130 137 136 141 142 116 112 134 148 139 148 146 148 159 174 181 164 152 152 149 149 154 160 160 163 166 165 167 166 172 177 177 175 170 163 169 181 180 172 175 176 171 177 173 171 167 160 173 161 145 137 151 157 141 136 137 142 129
135 129 135 135 133 137 138 138 141 141 131 139 137 140 144 145 156 167 173 174 159 154 165 155 143 141 149 167 168 172 169 153 141 154 148 144 136 135 144 136 129 139 119 112 137 146 136 147 155 143 151 171 172 160 154 148 145 144 156 155 152 161 164 161 160 163 171 178 178 167 164 157 170 173 171 168 172 174 168 169 173 171 168 167 173 147 139 147 162 168 138 111 116 125 135
138 145 146 137 138 138 130 127 127 127 129 136 142 146 146 147 144 153 164 162 151 157 156 152 154 149 155 180 174 178 171 154 144 149 145 150 148 143 137 133 142 154 130 123 134 140 148 148 155 138 139 159 150 149 152 152 148 140 153 152 148 149 166 171 167 171 177 179 178 169 166 166 169 161 165 176 176 171 172 169 176 173 170 168 165 137 145 169 165 165 136 103 101 110 124
146 151 138 138 137 127 134 136 127 124 134 139 142 138 133 140 140 143 149 146 142 152 149 150 155 150 139 157 165 174 168 153 148 137 134 148 145 146 139 134 134 130 120 118 118 125 137 138 144 137 133 151 151 141 142 146 151 148 146 149 150 146 164 170 170 173 173 165 166 165 156 166 175 168 173 174 172 169 173 174 178 173 173 168 158 144 148 164 163 164 139 104 91 104 106
142 147 136 130 134 124 124 135 140 133 136 148 146 140 136 135 141 135 137 137 134 139 143 143 129 108 121 151 171 169 157 147 145 144 147 148 145 141 144 143 127 112 120 122 125 133 132 128 133 141 131 135 149 147 143 141 146 148 145 148 149 153 159 158 160 168 172 162 163 161 153 162 175 170 174 181 177 174 167 167 175 172 173 167 158 156 152 153 159 150 125 84 76 96 103
135 141 142 132 142 135 127 136 143 134 138 138 133 130 126 128 131 123 130 135 143 153 148 121 99 75 97 149 177 174 169 160 149 149 149 135 142 145 136 136 123 111 129 139 134 128 130 128 128 131 124 129 143 144 138 133 141 146 140 135 142 152 155 160 152 157 166 160 163 167 167 161 166 170 166 175 173 175 170 158 167 173 171 170 162 160 163 156 156 138 116 92 92 101 104
139 146 149 141 149 139 128 127 130 125 137 131 127 130 126 133 133 132 130 133 152 163 150 115 105 99 107 150 171 173 172 165 149 143 141 131 141 149 143 135 122 113 135 149 141 127 132 136 118 109 123 142 144 141 143 139 144 145 130 128 152 157 156 158 151 158 167 159 152 164 167 160 169 172 169 164 155 171 180 165 164 170 173 166 152 160 167 148 146 140 125 105 94 97 107
142 148 152 148 153 151 135 125 135 134 138 133 124 132 130 134 133 136 139 137 147 152 132 106 120 129 128 143 157 159 153 159 143 136 146 148 156 147 143 135 125 120 131 141 145 141 130 130 112 96 114 131 138 145 152 150 146 146 139 143 154 147 150 157 161 161 159 157 147 155 164 158 167 165 170 173 162 165 176 171 161 156 163 158 147 162 164 156 151 141 134 121 101 109 128
138 140 147 151 148 151 151 139 144 135 125 127 126 141 136 128 134 134 137 131 137 138 119 104 118 123 111 120 148 152 139 142 132 130 137 140 151 151 150 140 124 122 131 132 141 147 129 124 118 111 119 129 132 130 138 141 139 142 147 152 145 137 142 153 155 150 138 149 150 153 163 154 157 152 152 167 166 163 168 164 156 137 132 139 147 158 141 141 147 144 142 153 148 143 146
129 135 138 137 133 141 146 133 133 134 123 130 127 136 138 129 129 136 138 137 143 148 144 135 122 108 93 106 121 117 114 130 136 138 141 134 144 153 149 141 126 121 135 139 136 134 126 120 119 126 132 138 136 127 131 135 139 136 136 143 140 140 134 144 145 145 138 144 148 154 154 146 161 157 152 152 157 170 164 155 152 137 137 150 156 154 126 111 125 149 149 154 156 148 148
126 128 127 126 127 140 149 127 124 139 119 119 110 115 120 122 129 139 137 143 147 149 147 137 116 85 71 85 86 87 105 128 140 133 129 132 137 138 133 134 137 138 146 150 141 131 133 123 114 130 134 129 125 132 133 128 136 135 131 137 129 113 105 130 142 146 149 143 135 145 149 146 156 155 153 148 150 161 159 148 151 156 167 160 141 137 122 111 135 163 153 149 155 158 146
136 130 117 128 141 147 151 134 132 138 122 122 115 123 127 123 126 133 131 140 145 138 124 120 119 90 63 77 93 115 142 157 164 144 135 142 138 128 122 138 157 151 144 135 138 132 124 133 136 137 134 136 132 141 144 139 140 136 134 133 127 105 92 117 123 131 144 147 137 140 142 147 150 150 153 159 154 155 161 152 148 162 154 140 127 129 127 116 140 167 150 140 144 146 135
131 135 137 144 146 145 143 140 140 135 134 130 115 114 117 121 127 130 129 126 124 124 119 117 124 108 76 90 121 147 162 160 156 153 164 152 131 141 141 156 160 146 142 142 144 134 128 130 136 140 135 133 135 149 154 146 147 144 141 132 128 119 100 108 112 121 126 126 126 132 134 143 146 150 157 160 153 153 154 148 150 151 142 125 100 106 124 128 134 141 139 139 148 145 145
115 127 144 140 132 140 146 153 152 147 148 138 115 107 111 118 136 134 132 126 120 124 133 123 120 109 100 120 144 160 161 163 162 166 168 153 135 149 143 151 148 147 147 155 150 135 141 149 145 138 126 135 141 147 149 149 148 142 151 144 131 124 110 107 120 131 131 125 122 133 146 150 148 155 154 152 156 152 148 148 151 143 143 115 82 97 122 136 131 109 120 137 151 150 148
128 125 141 142 135 145 146 146 159 157 148 143 135 136 134 121 129 125 127 133 126 113 112 117 124 121 125 139 153 168 164 170 170 170 175 174 161 154 142 145 141 137 133 148 152 142 148 155 148 133 133 148 137 134 144 149 140 136 152 148 136 120 116 115 125 136 139 142 136 137 148 145 148 152 149 151 154 142 142 140 139 144 149 126 101 105 122 135 140 123 115 129 147 153 149
154 142 139 140 139 139 143 147 155 148 139 151 145 141 137 127 131 125 131 145 137 104 84 102 121 129 142 157 167 170 165 169 171 171 172 163 163 155 145 144 137 138 133 138 151 156 156 155 145 127 133 147 141 142 146 144 137 134 148 148 141 137 136 132 131 140 134 138 135 133 140 141 136 131 128 138 143 143 143 132 124 146 151 141 135 131 124 127 147 151 132 141 150 157 159
162 157 147 137 135 130 138 143 144 137 138 151 142 136 136 134 136 134 147 150 144 126 105 122 129 133 149 170 179 176 174 170 170 178 175 166 169 161 148 140 140 153 142 142 156 168 162 149 146 144 133 129 136 133 125 144 152 139 145 153 148 150 145 141 128 123 118 117 129 136 134 139 136 122 119 136 139 136 138 138 122 123 125 124 137 154 148 139 132 141 140 147 159 166 167
165 163 160 147 138 130 133 140 139 127 137 145 133 132 131 134 136 136 133 134 134 138 130 136 130 135 145 158 171 178 176 167 163 171 175 174 170 172 170 151 140 150 147 152 158 171 170 159 158 147 131 128 136 131 120 142 158 143 144 162 159 153 151 151 130 112 122 133 133 140 140 138 138 128 127 139 136 127 139 148 126 112 116 108 126 150 153 147 135 143 153 150 162 160 155
175 167 163 155 147 148 142 143 150 136 144 151 138 139 142 140 141 139 131 129 135 132 125 135 130 142 151 157 167 173 172 166 169 168 167 168 167 166 160 148 134 137 146 158 158 167 171 175 166 128 120 137 139 137 139 138 145 154 162 163 160 156 151 154 147 130 127 132 126 132 134 137 134 132 137 142 140 137 140 145 132 123 126 118 137 147 151 160 167 172 174 161 161 153 148
170 169 173 159 151 148 133 127 139 132 128 138 130 136 148 141 138 138 144 139 133 127 136 145 132 144 159 166 167 167 169 160 174 172 171 170 166 164 164 170 150 132 138 141 150 161 157 162 151 119 119 132 128 134 142 127 131 150 166 169 161 160 159 159 151 139 138 126 131 140 136 131 111 121 137 143 143 137 139 143 136 134 135 129 132 138 145 148 156 158 152 143 152 160 156
170 162 169 167 163 149 136 140 145 127 124 139 131 141 153 148 145 137 141 139 135 132 138 141 137 148 156 166 172 174 173 163 176 172 174 175 174 177 170 164 146 135 136 123 147 147 133 145 148 134 124 127 129 131 130 127 142 149 162 162 153 157 158 155 147 136 150 140 149 148 141 131 92 103 134 142 133 131 137 140 141 135 139 142 129 126 135 145 154 155 150 156 161 157 161
179 177 170 167 168 160 151 140 149 139 134 141 136 143 144 145 141 132 138 136 133 134 136 137 149 155 152 160 170 170 172 168 170 172 179 180 176 174 157 152 148 137 123 118 141 139 127 129 142 148 134 124 118 109 108 132 150 149 165 161 149 155 163 166 162 146 151 146 137 128 141 148 116 104 129 151 137 124 131 146 155 143 141 144 140 122 126 152 157 148 150 156 156 146 155
175 182 179 174 168 163 151 127 134 144 142 139 135 146 151 148 129 127 138 137 132 131 137 135 144 157 162 162 168 177 183 175 170 172 181 174 160 164 159 159 157 139 122 122 134 145 140 126 137 140 134 129 118 103 100 121 131 136 156 162 159 160 164 168 164 152 150 146 122 125 143 148 132 121 131 147 142 131 142 147 152 149 143 137 152 132 127 151 156 142 145 149 154 155 159
173 178 180 177 170 161 149 130 123 138 139 136 133 154 154 140 131 139 141 138 139 136 134 133 143 159 171 172 173 179 177 165 165 174 179 167 163 174 162 154 156 139 121 108 111 132 140 133 139 133 129 132 138 128 107 110 126 140 155 158 157 158 149 146 147 150 148 140 129 149 151 143 147 142 135 140 137 139 148 141 144 155 152 139 153 146 134 149 156 140 151 151 154 165 164
175 180 179 176 174 173 152 126 117 142 140 141 132 138 144 147 149 143 138 140 149 143 141 148 154 165 175 177 173 172 169 163 167 176 169 159 167 168 153 153 163 150 134 125 109 125 147 144 149 144 134 141 145 142 129 133 140 144 155 167 163 148 148 146 139 135 136 138 142 152 148 145 155 156 146 144 138 137 139 142 153 155 151 142 144 144 139 147 155 146 160 157 148 151 147
168 176 171 170 171 169 155 137 123 131 128 133 133 136 141 144 148 146 141 147 154 146 144 155 152 162 172 181 176 170 169 168 170 168 155 166 177 167 153 150 159 154 148 152 127 123 143 142 150 149 141 145 139 142 130 139 142 149 159 167 162 129 139 146 126 121 139 146 153 149 135 129 141 150 142 141 139 147 149 150 157 145 146 149 127 125 137 149 165 163 162 162 156 151 146
170 172 167 171 174 166 158 150 135 127 125 135 144 135 138 145 140 147 167 164 145 144 143 145 150 159 166 177 175 171 167 166 168 168 159 163 170 168 158 147 150 147 152 167 150 132 145 135 138 146 133 129 130 139 133 139 137 148 157 161 154 129 139 137 125 127 133 139 144 139 127 116 134 157 151 142 140 141 133 146 159 150 141 132 105 104 137 161 170 163 155 156 156 149 146
170 174 164 168 168 155 148 147 140 133 130 134 141 138 135 139 132 141 158 149 142 138 143 145 147 151 152 164 165 164 160 168 162 164 175 170 163 156 144 129 137 147 140 149 149 141 147 136 135 152 138 130 128 126 132 143 141 138 133 136 141 142 142 132 139 142 135 134 132 126 112 106 123 148 149 146 141 145 138 140 147 141 145 144 134 134 152 166 164 160 159 150 148 146 146
162 171 161 169 161 143 148 159 150 138 134 127 132 134 128 135 144 155 158 147 148 143 149 147 136 146 147 143 147 159 151 155 159 164 173 166 156 148 134 128 134 139 130 147 156 147 148 142 131 147 142 137 137 142 148 146 139 132 132 141 149 154 142 132 141 140 141 131 125 127 111 105 101 113 122 141 149 157 156 151 150 136 140 147 138 141 139 150 159 156 151 144 148 146 154
150 157 155 152 143 144 148 158 155 151 146 121 130 136 128 128 142 152 162 161 153 148 149 145 136 143 149 139 133 147 145 141 155 154 148 147 148 147 137 144 138 128 128 151 147 145 161 157 136 146 149 151 150 150 156 154 141 126 135 148 153 155 148 145 150 146 146 132 123 113 98 99 88 105 111 126 151 148 149 142 139 138 146 148 132 134 133 140 149 151 145 147 154 143 149
147 153 144 134 136 145 136 137 146 153 146 122 135 142 135 131 146 155 154 150 148 146 143 146 143 131 134 139 135 139 139 136 140 136 143 152 157 154 141 139 134 130 128 129 128 153 166 157 146 149 149 154 163 157 154 164 152 135 140 155 156 149 151 148 140 140 146 142 134 115 104 99 99 122 116 124 139 140 156 134 122 133 139 157 155 143 138 139 136 149 150 150 158 144 147
140 138 133 134 143 153 140 132 140 147 129 107 121 139 142 135 149 150 139 131 140 149 137 132 144 140 139 152 147 139 138 138 121 126 139 143 147 147 136 133 134 132 135 128 129 156 153 144 156 153 140 148 156 152 142 149 145 136 136 157 171 161 163 154 139 135 141 142 140 140 141 135 137 144 141 143 140 142 157 139 130 138 133 152 155 136 139 149 131 138 150 153 158 148 143
131 130 135 135 141 150 151 145 136 127 106 82 99 128 136 138 146 133 133 138 135 141 139 137 144 138 142 147 140 136 140 137 126 140 144 138 134 138 136 140 147 139 131 127 130 153 152 141 148 156 138 135 143 150 145 152 153 151 150 162 170 159 165 156 146 134 139 141 140 148 142 143 142 145 154 150 147 145 145 139 138 140 125 131 149 153 149 154 136 132 135 140 152 157 150
140 141 137 137 144 146 154 159 147 132 119 87 89 119 134 142 140 133 141 142 131 138 143 152 150 141 142 138 141 148 152 147 142 149 142 150 148 143 138 139 147 149 148 144 137 140 146 145 138 137 126 123 120 126 121 134 152 147 148 163 167 153 153 149 145 124 123 142 145 152 148 152 160 161 156 150 159 149 137 137 137 130 124 129 135 149 159 156 147 148 145 149 158 142 136
136 136 137 147 150 150 154 157 154 146 136 112 119 139 136 132 136 137 138 136 136 149 150 148 152 150 139 134 139 138 137 139 144 150 136 156 154 149 147 140 141 146 164 159 147 145 144 140 140 135 134 134 126 120 111 127 143 144 146 150 153 150 148 146 148 124 108 128 146 148 146 157 167 163 159 154 157 157 149 141 138 131 129 139 127 131 153 155 153 152 144 146 152 134 138
