example/E5 - XRays/X-ray-tomography/rastert_juap39.txt
ncols         356
nrows         356
xllcorner     -0.5
yllcorner     -355.5
cellsize      1
NODATA_value  -9999
[rows 42 to 83 of 356, columns 94 to 187 of 356]
91 120 134 126 127 128 134 148 150 156 155 162 162 156 154 155 155 159 149 141 141 134 136 130 125 119 107 105 117 112 113 138 154 157 163 161 154 146 124 94 95 116 118 123 141 147 142 136 143 158 152 147 150 147 143 142 143 146 149 153 148 131 137 145 145 141 139 146 155 145 130 142 163 169 174 176 173 171 171 179 179 178 164 153 147 144 141 132 138 146 151 147 145 147
55 90 126 141 150 151 150 161 167 172 166 169 162 152 151 159 157 150 133 124 136 134 132 125 119 104 110 125 133 134 137 146 149 152 161 156 146 144 122 102 112 118 117 129 143 146 133 123 134 146 152 153 152 152 145 144 146 151 142 136 133 124 135 147 141 135 135 150 162 150 139 152 166 165 171 180 171 170 171 181 178 183 176 166 152 144 138 139 144 146 150 148 149 146
72 102 131 144 158 162 156 164 170 174 166 163 161 155 153 160 161 143 120 110 127 139 126 121 126 102 105 136 146 145 143 148 144 139 154 157 145 145 136 129 135 131 134 133 131 138 124 111 126 132 140 148 144 143 141 139 143 148 144 140 137 127 130 146 143 131 133 147 158 150 140 146 159 160 161 172 162 165 172 179 173 183 182 171 153 140 134 141 147 144 144 144 146 136
118 131 148 150 160 171 163 165 167 169 162 158 158 159 156 158 163 148 124 116 125 139 129 125 129 104 102 134 149 145 136 138 142 136 151 161 151 145 140 139 147 143 145 142 130 130 112 103 125 133 137 148 143 136 140 137 134 132 145 154 143 121 112 132 140 130 130 141 154 146 132 134 155 164 164 171 163 166 172 171 170 178 180 175 162 140 138 134 136 143 141 139 139 131
148 149 157 156 156 166 167 163 164 171 162 154 154 159 159 157 156 145 135 126 115 121 126 132 133 125 131 140 140 134 127 131 144 146 155 163 158 149 142 134 144 144 135 141 134 129 117 113 136 145 143 149 142 130 134 133 130 126 147 161 148 125 120 134 139 138 133 140 151 142 137 137 153 166 168 168 163 166 170 168 169 172 180 179 168 143 140 137 133 142 143 141 137 132
159 157 156 158 158 161 163 162 166 170 163 159 159 159 158 154 151 139 136 127 115 106 110 130 142 139 147 149 140 131 136 140 143 147 155 159 160 155 148 137 137 144 139 145 137 135 139 136 150 152 141 138 132 126 137 134 138 142 150 150 146 140 142 149 141 138 131 137 139 131 145 148 146 154 162 159 155 157 165 169 164 163 176 182 172 151 147 148 140 138 137 133 134 141
161 158 156 163 167 162 158 160 164 168 167 166 163 156 157 155 149 135 134 132 127 114 112 131 147 146 144 144 142 139 151 152 143 143 151 160 159 154 146 138 126 135 148 156 152 150 150 151 157 154 141 133 134 131 135 134 139 144 141 135 142 145 145 152 145 142 141 143 138 133 148 156 144 145 158 151 145 146 158 164 160 159 170 176 169 159 147 139 134 134 136 137 130 138
162 158 157 160 168 168 158 157 160 160 165 166 165 160 164 159 145 133 129 134 140 137 136 139 140 146 147 138 144 145 151 149 136 128 137 157 151 141 135 127 114 127 153 163 162 159 153 160 162 153 139 127 136 138 130 130 134 139 140 143 142 141 142 146 145 146 147 146 144 140 142 146 145 147 155 147 143 147 156 158 156 165 170 172 171 164 141 126 134 135 137 142 124 126
165 156 152 156 159 162 160 161 157 159 167 169 165 160 161 155 143 136 131 134 140 146 150 147 140 137 141 133 146 151 148 139 129 123 131 146 146 141 136 127 116 129 155 160 162 161 155 156 152 145 129 120 131 137 128 130 137 143 146 148 146 141 140 141 142 139 136 136 139 142 145 143 144 140 146 147 147 149 156 160 160 165 168 170 174 160 136 127 139 136 138 146 132 137
163 159 156 160 159 158 160 165 160 159 166 170 167 157 148 129 121 131 131 132 143 146 151 149 148 140 140 142 149 150 144 141 145 144 143 137 138 141 141 134 125 136 155 156 158 159 155 158 145 132 112 99 118 134 136 148 150 154 155 146 141 141 135 141 145 142 136 136 139 143 144 139 140 142 154 165 165 152 151 159 164 165 160 158 155 141 132 137 141 130 140 149 145 150
160 164 164 165 160 161 162 159 161 161 161 164 168 154 146 126 117 136 128 123 130 131 145 147 149 145 144 148 151 143 142 143 142 146 147 147 148 137 142 144 134 139 149 149 154 155 151 148 133 119 89 67 95 130 138 153 161 162 158 148 147 147 136 145 153 146 138 139 143 142 140 140 141 145 159 169 170 158 151 152 160 164 156 152 145 126 127 137 143 136 139 141 142 149
161 160 162 167 160 157 166 164 161 157 156 152 158 153 147 149 144 147 145 136 135 131 138 137 140 149 152 149 152 152 146 138 127 132 139 147 150 138 143 153 137 138 141 137 142 139 135 130 116 112 89 69 94 132 147 154 160 164 164 152 154 151 139 147 154 146 138 138 143 142 145 145 142 143 154 159 155 155 155 151 152 156 150 145 141 125 126 131 141 145 139 140 142 153
158 157 158 161 154 149 153 161 163 148 146 145 149 157 158 161 160 158 165 149 137 135 135 128 125 141 156 150 150 149 139 130 130 142 148 151 151 150 147 150 143 140 136 128 124 125 131 124 109 118 111 102 118 139 158 165 158 162 167 154 154 151 142 144 148 146 147 146 147 140 143 147 142 139 144 147 146 151 154 150 145 148 150 138 136 137 138 140 153 159 149 152 153 156
158 161 160 157 150 146 144 147 148 138 143 150 153 160 163 163 165 161 168 156 141 133 134 129 123 130 147 148 144 134 130 127 129 145 154 152 153 157 154 148 139 134 132 121 118 124 137 132 111 127 134 134 145 153 164 169 165 167 164 162 156 140 137 145 145 145 150 147 143 139 140 150 145 138 142 141 139 146 151 152 139 139 145 132 126 137 152 158 171 176 160 162 159 152
153 153 150 146 135 118 106 104 115 137 153 155 158 164 162 161 161 158 161 154 146 132 131 137 134 135 136 139 142 126 118 124 128 140 147 142 146 154 155 151 130 122 125 121 125 125 132 139 117 129 140 145 159 158 165 165 164 171 164 163 154 134 130 139 137 141 149 143 144 141 142 150 146 139 145 139 137 148 151 149 136 141 148 135 131 132 158 168 168 174 164 170 167 153
136 132 130 131 118 73 46 50 80 133 162 165 165 169 170 165 166 160 149 140 143 133 126 142 149 149 138 134 133 123 115 130 140 142 141 140 143 150 151 148 121 102 115 123 126 123 124 139 137 142 145 150 155 148 156 167 162 169 167 165 161 150 137 133 137 137 146 147 151 142 140 145 142 136 140 136 135 148 140 134 132 140 147 137 141 147 162 169 168 172 171 174 167 151
114 105 110 125 120 73 36 45 92 134 154 159 168 166 166 165 163 150 135 125 131 134 128 139 143 142 138 132 132 127 134 146 140 144 148 145 146 145 148 146 115 93 117 128 128 127 128 136 151 158 148 155 151 135 140 160 163 160 159 160 158 159 150 134 140 138 141 144 144 136 140 145 145 141 135 130 133 145 136 128 133 141 148 151 158 169 168 166 171 171 165 163 153 144
119 116 113 120 113 79 58 72 116 130 124 136 153 150 147 145 142 138 134 137 136 137 135 139 142 143 141 128 126 127 142 148 139 143 149 142 141 141 149 152 115 94 123 135 128 124 134 139 146 155 147 154 149 139 142 157 164 160 156 161 154 152 155 136 138 147 137 133 139 138 143 144 141 141 140 141 146 145 135 136 140 149 161 173 173 174 169 169 177 172 164 162 149 144
142 145 137 137 119 94 91 104 126 125 106 117 134 133 132 132 127 129 136 143 148 153 146 136 137 144 147 135 122 128 134 141 144 138 131 129 134 138 139 139 119 108 126 140 131 120 131 139 141 145 137 139 137 145 147 149 152 159 155 158 157 141 144 138 137 145 132 129 136 138 142 143 141 137 134 141 143 137 133 144 148 152 169 177 177 174 170 174 173 167 157 157 152 145
143 145 149 153 134 124 124 121 122 120 105 103 121 130 128 134 125 119 141 148 153 153 147 138 133 144 145 137 130 132 129 141 140 133 132 128 125 126 122 125 122 123 135 142 131 121 131 138 137 131 128 129 124 137 142 142 135 142 146 147 142 133 135 142 144 139 129 133 138 143 143 142 143 142 126 129 138 139 138 139 143 147 168 179 179 174 162 161 166 167 155 151 151 134
142 145 155 157 144 133 132 130 115 114 108 102 124 136 129 134 133 121 135 145 147 144 133 128 131 137 132 132 133 140 134 139 145 139 136 127 123 129 128 128 133 136 131 139 139 129 137 139 136 135 137 128 129 135 140 148 138 138 137 140 131 129 136 140 141 128 118 138 143 144 145 147 143 140 131 125 136 143 137 136 147 145 153 170 169 173 169 164 161 163 156 143 144 126
143 151 160 158 150 137 130 136 119 117 120 116 125 128 135 140 142 138 132 135 133 125 119 125 133 126 122 135 135 142 138 140 151 141 125 117 119 128 133 130 136 137 118 132 145 131 137 138 132 139 149 137 142 144 141 142 139 137 130 139 143 133 133 129 125 119 110 133 143 143 146 149 145 137 138 135 141 143 138 143 151 145 138 150 149 157 162 159 154 156 154 143 140 132
140 148 155 149 144 142 131 135 125 126 136 138 130 121 138 146 148 150 138 134 129 128 136 139 132 129 132 137 142 151 146 145 150 146 134 124 128 127 132 127 135 141 128 132 140 136 139 137 138 139 142 146 154 146 143 138 140 142 136 139 155 155 143 136 133 128 121 136 143 139 140 141 147 140 142 139 141 144 143 150 154 142 137 142 135 145 147 143 144 147 159 157 146 140
150 151 153 147 143 142 127 124 122 135 146 146 137 132 137 138 144 148 143 140 135 139 146 139 133 133 131 133 145 156 159 154 150 149 145 130 139 148 144 128 130 136 137 132 133 137 142 141 140 139 143 153 149 137 133 132 134 147 149 147 157 164 152 144 154 144 133 138 139 139 140 139 142 144 145 141 138 140 147 150 147 139 146 151 140 142 146 145 142 140 153 155 144 147
158 158 155 150 152 148 125 117 127 139 140 139 135 141 152 145 146 156 159 152 149 145 145 145 139 139 139 135 148 159 161 155 148 150 146 122 128 143 146 140 129 128 133 131 140 134 141 149 138 130 141 142 130 125 131 137 134 142 154 159 162 165 159 150 160 155 146 145 140 143 143 136 132 140 141 150 144 133 143 150 145 146 152 148 143 146 152 154 149 144 145 151 148 145
162 163 156 146 146 142 126 121 136 142 133 133 138 145 160 158 155 161 170 161 156 156 148 160 150 141 150 146 149 163 159 157 153 151 149 131 124 124 137 152 141 138 143 138 138 128 145 157 142 130 138 140 124 111 121 135 137 142 149 160 170 167 161 163 163 159 153 142 130 130 140 139 133 139 137 143 145 137 147 152 144 146 148 141 143 154 159 163 154 143 144 150 150 140
169 171 163 151 146 141 136 126 130 141 141 136 139 153 161 156 167 164 171 172 161 165 158 165 157 138 148 150 144 161 165 161 159 152 150 139 115 104 128 145 144 142 147 133 131 132 145 153 151 144 135 141 129 123 135 144 149 150 147 153 168 161 156 174 163 150 145 139 139 128 131 132 132 140 141 143 142 142 158 153 138 140 146 143 140 152 158 158 144 137 146 142 143 144
163 161 156 159 153 140 135 128 127 138 145 136 129 151 164 156 174 173 171 181 168 165 162 162 164 146 147 151 151 164 161 153 157 158 149 136 130 115 128 132 138 144 138 128 129 128 127 130 143 144 134 140 140 151 176 169 155 153 150 150 164 167 158 167 157 148 142 143 146 133 134 132 132 138 143 149 139 140 157 150 136 135 143 148 144 154 152 151 139 129 141 142 146 143
153 150 144 154 154 141 135 127 125 132 125 112 120 149 164 157 165 166 162 174 172 168 169 163 166 154 146 146 148 157 153 147 150 152 150 142 144 139 141 131 132 137 131 133 135 133 126 118 136 148 137 136 147 152 191 186 150 154 159 152 155 163 160 157 149 148 140 142 142 133 140 146 142 144 148 143 140 143 147 143 137 136 142 151 142 148 147 154 149 128 140 149 149 148
151 155 146 143 144 144 136 123 123 125 111 105 122 141 156 157 166 166 163 167 172 171 174 173 170 164 153 148 142 147 152 145 140 143 147 140 135 147 153 145 133 128 128 128 129 137 134 130 142 151 136 127 146 149 174 180 149 149 150 142 131 142 154 149 147 153 137 139 146 138 136 151 149 157 160 145 145 144 150 151 149 155 154 155 138 141 141 149 153 137 139 148 146 149
144 153 151 144 139 148 151 129 119 119 115 120 124 132 148 157 162 169 171 168 167 171 173 168 167 166 160 153 142 141 143 135 131 141 138 134 141 154 153 147 132 133 131 127 124 129 138 135 145 149 143 133 143 142 156 170 152 145 136 127 120 134 149 154 148 153 137 136 144 142 139 147 140 153 161 150 147 153 156 156 151 160 155 145 133 144 143 143 151 150 143 143 144 145
138 143 148 148 142 144 148 140 129 132 131 124 116 122 137 155 155 160 165 166 163 166 173 167 166 167 161 153 148 145 143 131 118 138 137 133 145 148 145 140 140 141 136 135 129 125 129 126 144 147 147 145 145 141 150 162 152 145 147 141 135 141 147 153 151 152 147 145 142 146 151 143 121 125 143 144 142 158 160 160 158 166 151 142 151 154 144 143 149 157 147 141 145 143
149 142 137 142 144 140 131 132 130 128 137 135 121 120 120 136 158 163 163 168 169 165 165 165 159 165 158 142 150 153 148 134 119 135 135 129 137 139 129 133 142 143 137 129 126 130 144 142 150 152 144 139 144 144 147 148 139 138 149 147 144 146 139 138 153 152 150 144 143 151 149 139 130 127 132 141 134 144 156 158 160 166 158 151 151 150 144 147 152 161 149 149 156 146
153 143 139 145 141 132 132 132 129 108 106 124 132 132 123 130 161 169 166 167 173 175 166 160 156 148 137 126 138 144 138 131 132 136 133 139 139 136 121 127 134 132 135 133 135 138 151 159 156 164 149 132 142 137 138 138 132 129 145 147 145 142 137 139 154 148 147 141 141 152 144 136 144 146 139 134 128 142 156 153 151 151 159 160 141 143 147 146 149 154 155 154 159 151
158 144 137 144 141 132 137 135 136 117 101 120 130 130 132 136 150 163 167 164 166 170 163 157 140 111 105 110 119 121 115 127 136 135 139 143 135 135 133 128 129 118 119 131 139 139 143 154 157 163 156 147 153 141 138 136 134 120 133 147 145 143 149 148 146 139 147 154 148 147 142 140 143 143 142 135 134 142 150 151 149 144 148 154 147 145 151 151 152 154 157 159 161 146
161 150 138 139 138 136 141 140 133 127 123 137 145 137 136 147 147 148 168 170 159 159 149 123 90 71 79 92 103 105 98 123 134 134 130 127 124 132 143 136 135 125 120 130 130 136 138 150 163 155 146 148 157 146 142 131 127 114 121 145 144 143 147 153 141 131 144 156 153 142 142 143 142 141 143 133 130 131 139 142 143 145 146 153 159 155 155 157 155 162 157 155 149 135
163 153 143 144 124 118 135 143 134 132 134 138 153 149 136 147 154 146 155 162 156 152 139 118 93 95 104 110 117 123 119 127 132 138 136 128 122 132 143 139 137 131 127 132 131 139 140 142 152 150 137 140 162 156 158 157 145 134 128 134 135 137 142 149 136 132 140 153 151 142 138 143 153 146 139 132 132 135 132 132 132 144 154 153 160 172 167 159 156 163 160 152 141 136
161 153 134 141 128 121 130 135 133 133 137 139 145 145 139 139 143 150 154 157 159 150 141 136 129 127 131 131 126 130 138 133 133 144 144 133 128 132 134 138 129 107 103 123 133 136 141 135 132 139 140 146 164 164 164 169 164 160 151 139 130 130 138 136 128 139 145 146 142 146 144 139 150 146 134 142 141 141 130 123 129 150 157 146 148 172 171 161 165 168 166 156 144 145
152 157 141 147 142 135 133 133 128 126 139 138 129 133 132 137 131 138 149 154 148 144 147 138 137 137 141 137 133 127 130 134 136 143 144 128 130 138 129 132 129 99 96 120 134 129 137 144 138 130 129 149 164 161 163 168 167 169 163 158 145 140 144 137 133 148 150 139 135 142 141 137 143 142 135 141 139 132 129 127 139 156 160 153 153 164 166 164 173 168 163 156 150 158
143 148 152 160 153 142 132 127 129 130 136 135 123 119 123 138 146 143 135 130 133 143 154 139 121 122 129 125 128 125 124 139 147 138 146 138 132 144 134 120 135 118 105 120 138 133 139 147 140 132 128 148 167 159 160 172 176 178 163 161 160 149 143 138 134 144 143 132 129 140 144 146 146 145 139 133 135 129 134 142 144 150 160 157 155 158 159 161 168 157 151 150 148 162
144 146 156 163 156 147 134 120 122 126 120 121 120 114 122 138 143 134 113 101 123 142 142 133 125 122 122 123 133 131 134 143 143 138 144 147 137 136 134 130 144 137 131 129 134 133 142 146 140 128 127 146 165 160 160 174 176 173 162 162 156 149 147 147 143 135 133 135 129 143 149 143 140 142 140 133 133 139 138 146 145 146 156 154 155 155 149 141 137 133 136 150 158 166
125 141 159 158 151 153 144 126 117 111 93 88 108 128 133 140 134 127 112 109 135 145 130 120 127 130 125 126 136 145 151 153 134 129 132 142 145 134 141 149 154 153 153 139 134 141 145 151 151 132 124 144 161 160 163 174 169 164 165 165 156 157 161 160 156 132 126 131 129 143 147 140 138 139 137 138 134 142 146 150 147 143 145 153 157 153 141 124 123 132 143 150 161 168
