example/E5 - XRays/X-ray-tomography/rastert_juap16.txt
ncols         356
nrows         356
xllcorner     -0.5
yllcorner     -355.5
cellsize      1
NODATA_value  -9999
[rows 84 to 125 of 356, columns 0 to 93 of 356]
255 255 255 255 255 255 255 255 255 255 255 255 255 255 255 255 255 255 255 255 255 255 255 255 255 255 255 147 159 161 165 174 174 174 177 173 172 171 170 171 170 167 163 166 168 163 157 141 132 129 131 144 149 139 121 104 100 112 125 122 118 112 101 97 115 127 125 128 130 127 131 154 154 155 161 147 137 137 132 127 136 143 139 138 129 117 133 140 148 147 138 137 141 140
255 255 255 255 255 255 255 255 255 255 255 255 255 255 255 255 255 255 255 255 255 255 255 255 255 255 141 141 155 159 159 168 173 174 174 172 170 171 169 168 168 164 159 158 154 148 150 148 137 132 129 135 146 147 126 105 108 115 119 111 100 107 110 100 110 126 131 129 124 129 132 152 151 147 153 144 136 131 116 118 134 145 137 128 134 130 134 138 142 142 139 129 132 145
255 255 255 255 255 255 255 255 255 255 255 255 255 255 255 255 255 255 255 255 255 255 255 255 255 255 146 135 146 162 166 166 168 171 169 169 166 166 167 163 162 157 147 143 141 138 137 137 133 138 140 132 137 145 132 121 123 115 108 102 93 97 112 109 116 126 124 125 121 124 126 137 142 147 142 130 127 128 123 128 137 142 137 129 138 132 127 132 141 140 140 133 132 143
255 255 255 255 255 255 255 255 255 255 255 255 255 255 255 255 255 255 255 255 255 255 255 255 255 144 141 125 128 150 163 159 155 162 166 167 169 168 166 160 151 144 139 139 143 146 126 115 125 129 136 140 138 144 136 119 111 103 92 90 89 91 107 109 118 130 124 122 125 120 124 129 130 142 136 130 128 132 144 147 144 140 145 142 140 126 118 124 144 145 140 144 145 135
255 255 255 255 255 255 255 255 255 255 255 255 255 255 255 255 255 255 255 255 255 255 255 255 255 146 143 124 122 138 145 146 151 157 157 158 161 163 161 151 138 133 138 144 144 146 134 119 125 128 132 141 142 138 129 117 99 94 95 98 94 99 118 124 128 132 127 124 131 125 129 137 133 134 131 136 137 134 143 145 145 145 145 142 143 126 121 118 134 143 142 142 147 139
255 255 255 255 255 255 255 255 255 255 255 255 255 255 255 255 255 255 255 255 255 255 255 255 152 153 152 138 134 134 124 133 148 143 122 128 144 154 151 135 128 131 131 129 130 135 141 140 136 132 135 142 142 126 110 122 109 90 93 107 117 122 134 141 141 138 132 131 141 137 138 137 136 131 128 135 143 147 144 141 143 145 145 139 140 135 134 128 130 136 140 139 135 132
255 255 255 255 255 255 255 255 255 255 255 255 255 255 255 255 255 255 255 255 255 255 255 148 150 148 151 150 144 133 117 126 131 113 90 101 129 143 145 133 125 133 130 120 125 130 138 141 141 128 132 141 132 106 87 106 112 98 101 114 129 132 139 143 141 139 134 140 146 141 141 137 138 138 138 133 132 144 147 146 138 132 145 140 132 141 141 133 126 128 141 146 145 135
255 255 255 255 255 255 255 255 255 255 255 255 255 255 255 255 255 255 255 255 255 255 255 126 143 148 149 149 144 139 129 120 103 92 85 98 126 139 139 134 122 132 137 129 127 121 122 130 137 120 125 142 133 107 98 111 116 111 113 112 119 130 138 140 140 140 137 146 149 144 139 132 134 146 151 143 136 136 139 145 139 134 146 149 135 139 141 133 131 126 137 139 149 145
255 255 255 255 255 255 255 255 255 255 255 255 255 255 255 255 255 255 255 255 255 255 74 85 123 139 144 147 145 149 139 122 112 115 107 104 121 138 143 131 124 135 147 149 138 122 113 118 134 123 124 143 139 128 127 135 130 121 119 116 124 146 152 149 143 143 143 144 143 141 138 133 133 142 145 135 137 145 143 144 142 139 140 147 142 137 144 139 139 138 141 139 146 147
255 255 255 255 255 255 255 255 255 255 255 255 255 255 255 255 255 255 255 255 255 255 36 50 94 124 137 142 139 142 131 126 134 141 129 112 123 130 133 128 129 140 148 155 145 131 113 101 127 132 126 140 136 138 144 148 138 129 123 126 135 146 154 149 141 145 146 139 133 131 137 137 129 129 133 132 136 148 144 138 139 138 135 137 146 141 141 141 137 135 136 139 146 147
255 255 255 255 255 255 255 255 255 255 255 255 255 255 255 255 255 255 255 255 255 46 26 29 62 111 143 144 138 137 130 133 138 137 129 117 128 130 113 105 115 136 143 148 147 141 126 107 113 130 139 143 132 141 147 147 141 136 136 138 142 138 138 140 140 150 150 137 137 143 148 143 124 125 131 137 137 140 135 131 133 134 137 132 137 149 150 147 141 139 139 141 143 143
255 255 255 255 255 255 255 255 255 255 255 255 255 255 255 255 255 255 255 255 255 31 22 21 50 100 137 144 142 149 145 142 136 129 131 129 127 125 113 109 116 131 139 140 142 137 130 117 104 107 125 130 130 139 135 135 134 134 144 137 142 143 136 137 142 150 147 140 142 145 146 152 124 115 131 143 136 135 132 121 123 133 141 130 122 138 147 152 148 141 147 150 144 145
255 255 255 255 255 255 255 255 255 255 255 255 255 255 255 255 255 255 255 255 36 17 24 40 73 114 136 142 142 144 148 138 114 109 122 127 131 128 125 132 131 129 134 134 134 129 123 116 112 105 100 117 140 141 127 137 141 139 149 139 138 140 131 134 145 154 149 144 141 137 133 141 113 91 113 134 135 140 138 115 106 122 133 130 122 133 140 146 150 144 149 148 138 148
255 255 255 255 255 255 255 255 255 255 255 255 255 255 255 255 255 255 255 255 26 18 48 96 121 137 144 142 140 139 142 134 101 87 89 96 126 130 123 131 136 136 136 131 123 121 121 119 126 125 113 127 147 144 127 144 152 144 143 139 129 133 136 140 138 145 147 144 142 138 130 132 116 89 97 119 122 128 129 112 100 105 108 108 121 138 141 135 139 142 145 146 141 147
255 255 255 255 255 255 255 255 255 255 255 255 255 255 255 255 255 255 255 34 21 25 77 131 142 137 136 136 143 143 139 134 120 113 102 98 125 126 119 125 133 144 143 140 125 117 113 108 121 135 140 145 145 136 114 123 136 142 138 129 125 126 128 139 131 136 141 143 135 133 136 135 134 118 111 114 108 118 115 104 105 103 96 96 115 136 145 135 132 144 155 149 146 147
255 255 255 255 255 255 255 255 255 255 255 255 255 255 255 255 255 255 255 24 19 33 92 138 145 140 139 145 152 150 144 140 131 137 142 136 138 132 130 130 128 138 138 133 114 117 123 113 121 133 141 145 144 136 119 124 131 141 148 139 131 131 124 133 125 127 132 140 127 122 127 119 119 110 117 124 114 125 125 118 118 112 106 106 119 138 152 149 143 143 160 161 156 157
255 255 255 255 255 255 255 255 255 255 255 255 255 255 255 255 255 255 35 25 22 37 98 139 148 150 144 146 152 150 148 149 143 144 153 150 144 142 141 136 134 145 141 120 99 112 132 127 128 133 135 134 131 141 147 146 142 146 157 156 142 140 133 133 132 132 125 129 127 128 123 113 107 90 101 131 137 142 141 139 138 140 137 136 135 132 135 143 145 143 152 158 157 155
255 255 255 255 255 255 255 255 255 255 255 255 255 255 255 255 255 255 24 25 27 44 107 138 138 148 146 144 153 148 143 150 155 160 161 157 154 148 146 144 145 154 150 130 115 117 128 129 130 129 120 117 122 133 146 149 149 154 163 165 152 150 145 137 135 135 124 115 116 126 129 128 132 127 128 141 149 153 155 152 148 147 143 138 141 133 132 140 140 143 146 140 140 132
255 255 255 255 255 255 255 255 255 255 255 255 255 255 255 255 255 34 18 19 24 48 108 138 138 142 139 135 144 144 137 145 149 154 156 157 160 150 139 142 141 140 145 144 140 130 125 126 131 133 125 120 120 126 139 146 156 161 160 162 159 151 138 132 135 133 121 111 117 133 147 144 147 154 152 154 156 156 156 154 147 143 141 136 132 133 140 145 142 143 139 126 128 124
255 255 255 255 255 255 255 255 255 255 255 255 255 255 255 255 255 28 25 23 25 49 100 130 138 141 125 126 138 142 139 138 143 152 156 158 164 160 142 135 132 123 131 141 147 142 129 118 126 138 139 130 119 123 140 149 160 165 157 156 158 154 135 126 125 124 111 105 122 134 148 146 148 157 153 156 162 160 157 154 147 141 141 138 134 139 140 136 141 136 131 125 129 134
255 255 255 255 255 255 255 255 255 255 255 255 255 255 255 255 37 21 26 22 34 68 107 126 129 131 120 130 141 139 140 137 145 158 162 158 158 157 150 143 143 134 137 140 138 138 128 117 131 145 147 139 126 122 128 139 147 154 150 153 157 163 145 134 129 109 95 109 132 139 144 145 149 152 154 154 155 157 157 151 147 136 136 133 134 147 143 138 144 136 132 136 130 133
255 255 255 255 255 255 255 255 255 255 255 255 255 255 255 255 27 22 23 19 44 89 116 128 127 131 128 130 137 135 129 127 139 144 148 157 160 151 150 146 151 149 145 148 146 146 141 126 135 145 141 142 139 129 113 111 117 130 132 141 155 162 148 134 133 112 102 119 133 140 141 144 147 150 152 151 151 152 152 136 138 142 139 135 135 144 143 136 140 133 134 149 140 133
255 255 255 255 255 255 255 255 255 255 255 255 255 255 255 46 21 21 24 25 49 89 113 124 136 142 134 124 119 116 123 133 146 145 138 144 152 151 146 135 139 129 126 141 142 150 156 147 142 147 134 124 119 119 121 123 122 129 122 123 142 151 145 132 134 136 136 138 134 133 131 139 148 153 148 148 153 144 140 138 138 144 138 132 133 134 143 143 139 135 134 153 144 138
255 255 255 255 255 255 255 255 255 255 255 255 255 255 255 54 23 19 22 25 44 84 117 126 136 143 134 123 101 87 113 137 147 150 147 143 146 147 137 129 137 125 124 139 134 143 153 150 131 130 138 131 111 105 123 138 134 128 115 117 135 145 147 141 132 137 146 151 144 137 138 147 149 147 145 148 148 143 133 133 135 139 130 126 137 137 140 141 137 143 128 135 134 136
255 255 255 255 255 255 255 255 255 255 255 255 255 255 255 63 25 17 19 24 34 75 119 127 131 139 134 127 112 103 121 142 148 146 149 149 145 143 141 135 128 123 130 139 126 136 145 138 122 117 133 145 139 128 135 136 121 117 118 129 141 145 150 155 135 126 137 141 134 136 145 150 145 139 147 149 133 136 133 115 117 139 134 127 141 143 134 137 137 147 132 124 129 132
255 255 255 255 255 255 255 255 255 255 255 255 255 255 111 57 22 14 13 16 27 72 121 123 123 131 131 128 129 130 127 140 151 147 139 137 138 140 145 136 106 103 129 138 126 135 145 136 128 129 134 137 137 129 135 137 126 122 125 140 158 157 152 160 148 137 144 142 137 130 142 146 137 132 143 150 138 138 138 126 121 135 136 135 130 125 129 143 138 134 135 131 134 133
255 255 255 255 255 255 255 255 255 255 255 255 255 255 97 51 28 19 17 25 44 84 119 117 111 121 130 128 127 133 127 136 148 148 142 140 137 138 146 142 113 110 133 142 141 135 129 123 125 140 143 137 138 129 131 136 139 142 139 151 164 169 163 160 154 147 149 137 122 120 134 135 125 131 138 140 135 130 129 132 133 138 143 142 118 111 127 145 141 127 132 133 125 130
255 255 255 255 255 255 255 255 255 255 255 255 255 114 72 35 26 24 27 48 81 102 104 102 106 115 124 124 113 123 131 136 138 139 138 137 134 137 144 143 131 130 137 138 132 124 120 129 139 151 151 141 144 145 148 141 137 151 152 151 157 163 161 158 150 142 141 138 138 135 128 126 129 136 139 132 125 129 135 130 132 141 141 145 134 135 139 136 129 123 131 141 138 135
255 255 255 255 255 255 255 255 255 255 255 255 255 100 56 31 34 43 45 58 90 113 104 95 109 125 128 121 102 108 128 141 140 139 144 137 126 136 140 135 128 130 135 136 128 126 136 145 151 153 151 141 138 140 150 151 136 136 149 154 156 159 151 150 148 142 137 136 144 138 132 135 138 137 140 140 137 137 147 146 135 136 138 145 144 139 133 127 134 129 130 145 148 136
255 255 255 255 255 255 255 255 255 255 255 255 135 100 68 51 53 66 69 68 88 111 114 107 114 130 137 133 117 114 131 143 144 141 149 143 130 132 139 142 136 131 135 138 136 135 135 138 148 154 155 151 145 129 135 148 144 134 143 149 143 146 140 135 141 142 140 137 139 142 149 145 141 143 144 144 138 131 136 144 138 140 142 133 129 120 113 112 135 140 132 137 139 133
255 255 255 255 255 255 255 255 255 255 255 255 134 104 80 67 69 80 82 89 108 119 120 128 136 140 139 141 135 128 136 143 148 145 145 146 143 135 139 149 152 143 133 132 136 140 141 142 146 152 160 158 152 135 131 141 146 140 135 134 135 142 139 125 130 137 140 142 136 141 154 152 144 147 148 144 136 137 142 140 135 143 140 127 128 128 118 117 141 154 146 137 132 134
255 255 255 255 255 255 255 255 255 255 255 255 139 122 94 76 82 96 102 113 135 139 133 137 147 152 148 144 137 130 136 140 146 150 148 149 148 138 140 148 149 143 132 128 133 135 148 156 150 154 162 162 149 132 132 142 144 139 130 129 140 142 142 143 148 146 140 138 134 139 147 153 152 152 143 139 140 145 149 142 138 140 127 126 132 125 127 134 150 152 145 142 138 135
255 255 255 255 255 255 255 255 255 255 255 136 130 132 120 107 111 125 134 136 146 152 151 147 147 150 148 142 136 134 142 143 147 152 151 149 143 131 136 142 135 134 129 122 130 131 145 161 156 156 160 159 150 135 140 141 140 142 131 124 140 145 145 153 156 144 136 140 140 138 129 125 134 148 148 144 143 139 147 141 135 134 126 132 131 130 134 131 142 145 145 149 152 151
255 255 255 255 255 255 255 255 255 255 255 130 130 140 144 139 139 144 143 143 149 150 154 158 157 150 144 140 144 146 145 137 134 144 149 148 147 149 146 143 135 132 127 115 126 137 147 160 158 157 162 161 157 143 144 138 136 138 144 135 139 149 150 154 158 152 137 140 140 137 131 124 128 139 144 149 143 132 138 135 131 132 137 137 120 126 133 130 141 143 150 157 163 166
255 255 255 255 255 255 255 255 255 255 255 142 144 146 149 148 148 150 145 145 147 142 142 152 161 160 152 143 143 138 137 132 124 135 141 138 148 163 156 150 140 131 126 122 128 132 140 145 144 152 161 158 156 144 138 132 127 130 147 145 135 143 154 157 153 153 146 141 142 145 145 141 137 140 134 142 144 130 134 125 123 134 144 140 123 121 137 149 159 157 159 157 158 162
255 255 255 255 255 255 255 255 255 255 151 147 149 148 150 152 150 152 149 148 138 141 148 147 152 159 155 146 144 130 134 144 138 141 147 141 149 160 151 148 141 127 120 129 139 136 134 132 131 140 148 145 145 146 141 135 132 135 140 140 135 139 153 155 144 143 149 146 139 143 150 149 141 140 133 139 140 115 118 116 110 124 138 141 141 137 150 158 160 160 167 161 161 164
255 255 255 255 255 255 255 255 255 255 152 150 154 153 152 157 157 156 157 155 145 149 152 135 136 146 141 136 142 139 139 148 145 143 156 156 154 151 138 138 138 133 129 134 139 141 148 136 133 136 140 149 139 137 142 135 134 139 139 135 137 140 144 145 139 141 147 147 135 137 142 139 133 132 130 144 140 108 106 110 109 117 138 146 142 137 152 161 162 165 166 159 162 167
255 255 255 255 255 255 255 255 255 255 153 151 153 158 159 160 162 161 156 158 157 157 157 141 130 139 138 141 146 149 148 146 142 139 152 160 158 154 145 143 140 141 145 145 147 146 142 124 130 141 140 150 145 138 144 143 142 140 148 148 137 134 137 137 138 142 142 148 137 127 130 138 135 135 132 133 131 115 108 112 122 130 141 147 144 146 155 166 167 170 164 161 159 160
255 255 255 255 255 255 255 255 255 153 151 152 154 164 168 166 168 165 155 154 158 157 155 154 141 141 139 144 148 148 145 141 141 145 150 150 153 158 156 150 144 145 154 156 152 146 129 120 137 147 143 149 139 135 139 137 139 138 148 156 143 132 133 133 133 148 154 159 144 125 123 137 132 128 134 135 136 137 124 120 137 142 145 148 150 164 162 168 166 161 163 175 164 155
255 255 255 255 255 255 255 255 255 155 153 158 159 159 166 169 168 165 166 164 161 163 156 154 147 139 141 150 150 142 137 141 147 147 145 146 151 154 152 148 142 146 155 157 149 141 132 134 144 144 141 143 133 130 136 139 135 135 142 150 143 132 128 139 142 154 157 158 141 121 128 140 136 134 140 146 143 136 128 133 151 148 151 153 144 156 163 168 168 162 163 163 155 157
255 255 255 255 255 255 255 255 255 166 159 158 161 162 164 167 166 163 165 166 165 167 161 155 154 144 147 156 153 145 133 133 141 142 147 150 150 150 150 149 142 143 147 146 144 141 145 144 148 150 144 141 138 142 143 144 123 124 142 148 141 133 126 144 153 155 154 149 122 103 124 134 137 142 136 140 146 135 131 139 147 144 152 156 150 152 159 161 165 160 162 164 157 165
255 255 255 255 255 255 255 255 161 163 162 161 161 166 166 165 167 166 159 159 162 160 154 158 161 156 155 152 146 144 120 107 118 134 148 146 145 142 144 149 144 143 142 141 152 158 162 159 156 156 147 145 144 142 143 145 125 127 140 138 133 123 124 143 153 156 153 141 118 111 124 139 137 137 136 140 147 142 139 145 144 134 138 149 154 155 162 159 159 161 161 164 157 155
