example/E5 - XRays/X-ray-tomography/rastert_juap48.txt
ncols         356
nrows         356
xllcorner     -0.5
yllcorner     -355.5
cellsize      1
NODATA_value  -9999
[rows 0 to 41 of 356, columns 95 to 189 of 356]
255 255 255 255 255 255 255 255 255 255 255 255 255 255 255 255 255 255 255 255 255 255 255 255 255 255 255 255 255 255 255 255 255 255 255 255 255 255 255 255 255 255 255 255 255 255 255 255 255 255 255 255 255 255 255 255 255 255 255 255 255 255 255 255 255 255 255 255 255 255 255 255 255 255 255 255 255 255 255 255 255 255 152 255 255 255 255 255 255 255 255 255 255 255 255
255 255 255 255 255 255 255 255 255 255 255 255 255 255 255 255 255 255 255 255 255 255 255 255 255 255 255 255 255 255 255 255 255 255 255 255 255 255 255 255 255 255 255 255 255 255 255 255 255 255 255 255 255 255 255 255 255 255 255 255 255 255 255 255 131 126 126 127 127 127 125 119 115 120 114 113 123 137 144 147 150 144 145 146 149 153 151 152 153 159 163 158 156 159 164
255 255 255 255 255 255 255 255 255 255 255 255 255 255 255 255 255 255 255 255 255 255 255 255 255 255 255 255 255 255 255 255 255 255 255 255 255 255 255 255 255 255 255 255 255 255 255 255 255 255 255 255 255 255 255 255 157 156 156 158 158 154 156 149 136 126 114 111 109 111 127 126 113 108 93 93 119 139 143 149 155 152 150 149 149 148 148 149 145 154 163 159 156 154 161
255 255 255 255 255 255 255 255 255 255 255 255 255 255 255 255 255 255 255 255 255 255 255 255 255 255 255 255 255 255 255 255 255 255 255 255 255 255 255 255 255 255 255 255 255 255 255 255 255 255 161 167 160 161 163 161 162 159 155 154 155 154 154 157 151 140 129 123 111 107 128 127 111 109 106 111 133 148 148 151 154 156 154 151 151 149 149 149 148 156 162 160 154 150 156
255 255 255 255 255 255 255 255 255 255 255 255 255 255 255 255 255 255 255 255 255 255 255 255 255 255 255 255 255 255 255 255 255 255 255 255 255 255 255 255 255 255 255 255 255 157 158 166 167 156 161 167 160 162 163 158 162 160 159 157 153 155 154 156 159 153 146 141 129 115 118 116 110 123 134 136 146 154 153 149 146 144 143 143 147 151 152 152 157 162 161 156 147 145 150
255 255 255 255 255 255 255 255 255 255 255 255 255 255 255 255 255 255 255 255 255 255 255 255 255 255 255 255 255 255 255 255 255 255 255 255 255 255 255 255 255 159 154 157 163 159 155 163 167 161 161 161 161 169 165 157 162 158 157 160 154 157 157 152 160 160 152 152 145 131 129 128 130 143 147 144 150 151 151 151 142 132 128 132 142 148 153 159 159 160 158 148 140 145 147
255 255 255 255 255 255 255 255 255 255 255 255 255 255 255 255 255 255 255 255 255 255 255 255 255 255 255 255 255 255 255 255 255 255 255 255 255 154 149 148 151 153 152 155 164 161 156 159 163 164 163 161 161 166 165 158 157 155 156 158 155 153 156 152 160 160 151 153 151 144 147 147 150 151 148 147 151 149 152 154 143 135 132 134 141 142 147 159 156 159 157 147 144 150 148
255 255 255 255 255 255 255 255 255 255 255 255 255 255 255 255 255 255 255 255 255 255 255 255 255 255 255 255 255 255 255 255 255 151 156 152 149 152 145 143 144 145 152 155 163 164 159 157 159 163 161 162 165 160 162 164 160 152 155 155 155 153 156 156 160 158 152 152 150 150 153 150 153 153 151 152 154 153 150 146 140 144 142 140 136 136 143 153 157 158 156 152 151 150 146
255 255 255 255 255 255 255 255 255 255 255 255 255 255 255 255 255 255 255 255 255 255 255 255 255 255 255 255 255 255 152 151 145 143 150 152 149 147 139 138 138 137 144 149 157 163 161 161 159 162 161 161 166 160 161 164 165 152 155 159 153 154 158 161 154 153 152 150 150 149 149 145 150 155 152 147 153 155 148 142 140 143 140 135 132 137 144 154 161 160 157 158 154 147 143
255 255 255 255 255 255 255 255 255 255 255 255 255 255 255 255 255 255 255 255 255 255 255 255 255 255 255 160 156 154 155 153 141 138 138 146 151 142 132 135 140 135 136 146 154 160 161 164 159 156 161 163 166 163 166 165 164 153 156 162 153 153 157 162 153 149 149 151 155 153 150 146 148 154 154 148 154 155 154 153 150 145 141 131 127 133 146 158 162 162 158 157 154 148 149
255 255 255 255 255 255 255 255 255 255 255 255 255 255 255 255 255 255 255 255 255 255 255 255 159 154 151 151 150 154 156 153 140 135 128 132 146 145 135 138 143 133 131 146 154 155 156 162 160 156 162 163 167 165 165 165 160 152 153 155 156 158 155 158 154 149 149 153 156 151 151 148 144 151 153 147 152 152 157 159 154 146 141 134 134 141 147 154 158 159 154 152 157 155 157
255 255 255 255 255 255 255 255 255 255 255 255 255 255 255 255 255 255 255 255 255 156 157 153 153 160 159 151 147 148 149 145 133 130 126 126 140 144 136 136 144 132 126 145 157 154 157 161 158 157 166 160 160 162 162 163 159 152 152 150 156 161 158 157 152 151 149 151 156 151 149 147 142 148 149 144 152 151 154 155 150 142 136 134 140 149 145 148 156 156 153 150 158 160 163
255 255 255 255 255 255 255 255 255 255 255 255 255 255 255 255 255 255 153 148 148 149 149 146 143 151 151 146 146 145 146 137 132 139 139 138 136 133 128 132 142 132 126 150 164 158 161 160 156 155 164 162 159 163 161 161 159 153 153 153 154 154 160 157 150 153 152 148 152 152 149 146 143 143 141 145 151 149 148 148 148 134 117 113 123 139 144 149 156 157 155 147 152 158 160
255 255 255 255 255 255 255 255 255 255 255 255 255 255 255 255 150 152 152 143 138 138 143 144 143 144 137 136 141 140 146 144 140 148 149 146 141 132 124 129 139 141 139 157 167 164 164 158 154 157 166 168 163 163 161 164 160 154 153 158 154 148 158 160 154 154 150 145 149 154 149 140 138 140 142 144 147 148 144 143 143 132 114 104 110 131 144 150 157 155 154 149 153 157 157
255 255 255 255 255 255 255 255 255 255 255 255 255 255 155 151 146 148 146 144 143 137 141 146 146 145 138 136 139 138 148 151 146 150 153 150 145 137 132 129 134 148 154 157 164 166 164 156 152 158 169 172 164 162 160 164 160 150 151 158 152 143 154 158 156 155 148 142 149 157 150 136 134 144 147 141 145 147 138 134 138 141 132 122 122 134 145 148 156 155 151 148 152 156 157
255 255 255 255 255 255 255 255 255 255 255 155 151 152 154 146 138 138 133 138 148 144 142 144 147 147 140 141 139 137 147 149 149 154 152 147 145 139 138 137 135 147 156 158 160 164 162 156 153 157 168 169 163 160 155 155 152 147 146 150 148 142 150 154 155 153 149 140 141 155 154 138 127 135 146 140 143 147 140 130 131 144 146 137 131 136 146 149 156 158 150 146 149 154 158
255 255 255 255 255 255 255 255 255 157 158 151 150 155 155 145 128 119 122 137 147 146 147 146 146 145 138 143 136 130 139 142 145 143 138 139 141 137 134 143 144 148 155 159 157 161 159 155 153 154 162 159 152 148 143 143 143 140 136 147 158 153 151 151 150 147 149 145 141 150 152 131 106 117 138 138 141 143 136 124 114 127 135 130 134 141 146 150 156 157 150 148 149 157 161
255 255 255 255 255 255 255 163 155 157 158 147 145 154 154 143 129 119 124 141 151 148 149 147 143 140 128 131 133 133 134 133 131 132 135 137 135 134 133 142 146 151 157 156 154 155 155 155 153 153 155 150 136 134 137 139 140 134 124 143 165 162 157 155 151 145 146 147 143 146 147 129 100 108 132 140 145 148 140 112 97 112 123 128 142 148 146 150 153 155 155 153 149 160 166
255 255 255 255 255 161 161 162 156 158 155 144 139 145 149 139 138 134 133 143 154 152 148 143 141 138 126 126 137 144 136 131 124 128 141 141 133 124 127 135 141 157 163 152 151 151 148 147 150 152 150 139 126 126 134 142 148 137 121 142 165 163 154 146 149 153 150 153 148 146 145 138 119 117 131 149 154 155 153 119 105 111 122 132 141 146 144 146 152 155 158 157 152 156 160
255 255 255 156 158 156 159 162 156 156 151 145 143 141 143 141 142 138 134 137 144 148 150 145 141 139 132 132 137 145 137 135 132 126 134 138 132 117 119 135 142 158 167 152 151 149 141 135 146 156 153 136 123 130 140 147 153 139 121 138 161 164 152 134 140 160 160 161 151 138 132 142 136 130 135 151 160 159 161 137 123 118 120 134 137 144 146 144 147 155 158 161 159 156 159
255 156 154 151 154 157 155 156 157 159 154 149 148 149 148 149 142 136 134 133 133 142 151 144 141 143 136 133 136 141 139 138 134 126 128 127 125 123 125 140 148 154 161 156 153 147 139 132 147 156 153 143 127 132 144 151 157 148 126 125 148 154 145 136 146 165 164 159 146 135 128 139 142 134 138 152 159 159 163 149 136 132 133 138 136 141 146 151 149 152 157 157 154 153 160
148 152 151 148 151 158 154 152 156 160 157 151 151 157 155 153 143 141 140 137 135 139 143 143 142 142 135 136 141 141 142 139 134 126 125 122 118 126 135 146 156 160 158 157 150 141 137 135 150 158 153 145 132 133 141 146 151 142 126 129 147 149 145 146 156 163 157 153 143 136 137 140 139 135 136 151 158 154 156 153 148 143 140 135 133 143 152 162 156 149 152 148 145 150 157
144 147 150 144 145 150 151 153 158 158 152 150 151 157 155 149 142 140 142 137 138 137 131 137 141 141 142 142 145 148 146 139 134 128 120 118 123 138 153 156 153 159 155 149 139 131 127 119 130 149 155 148 139 135 140 141 147 143 136 147 158 156 157 159 160 159 151 145 142 137 133 131 130 136 133 140 150 149 146 151 156 151 148 141 143 148 155 159 153 144 146 147 147 147 154
146 147 148 143 142 141 148 154 156 155 150 146 144 142 142 136 133 132 134 135 142 141 133 135 135 143 151 145 142 147 143 137 133 136 132 130 144 156 166 163 152 152 144 137 136 130 116 101 106 128 147 148 147 143 139 134 145 152 154 161 165 162 163 165 160 158 157 149 144 141 132 128 126 134 133 134 139 141 141 149 154 152 151 150 151 152 153 153 149 145 147 153 156 150 149
150 152 151 144 142 140 150 153 149 147 145 139 138 139 136 134 134 133 130 137 148 144 140 137 129 142 154 148 134 135 137 135 135 143 144 148 158 158 161 163 156 145 132 128 136 137 125 114 107 120 143 144 151 154 150 147 153 162 167 166 169 167 169 167 163 163 164 158 155 156 148 140 139 143 141 134 131 135 144 146 146 142 142 149 157 158 157 155 149 153 153 157 159 155 152
146 153 151 141 132 134 142 144 145 146 143 132 132 148 142 138 141 139 130 138 150 144 143 136 125 141 153 148 134 132 135 142 145 144 146 155 162 156 156 163 153 138 131 124 130 140 138 128 122 136 150 147 156 161 160 159 158 165 167 166 170 170 174 170 168 166 164 159 158 164 161 156 153 150 146 138 130 142 156 148 145 146 147 149 161 162 158 156 151 161 161 161 161 155 153
130 144 147 137 128 135 141 141 147 148 145 136 132 142 145 142 144 142 136 142 150 146 148 145 132 136 147 142 132 134 138 144 148 141 138 146 154 150 150 155 143 132 134 125 126 143 144 136 133 141 140 145 158 162 164 167 160 161 163 165 169 163 171 174 171 166 163 160 161 168 167 163 160 155 150 146 140 149 157 151 147 147 151 152 163 161 153 156 156 159 162 160 160 156 158
130 140 143 140 136 146 155 146 142 146 143 138 136 134 138 138 142 141 140 149 155 152 151 147 142 138 138 139 132 132 136 143 151 144 141 146 144 142 142 143 138 135 135 129 135 148 147 142 136 131 128 146 156 159 165 170 167 163 164 168 171 163 166 171 170 167 165 166 171 169 169 167 165 158 151 153 150 152 153 150 150 148 150 154 162 156 148 158 162 158 162 159 159 161 162
133 140 148 150 145 150 161 155 141 141 141 141 137 128 133 139 140 138 136 146 155 153 154 149 142 135 130 134 142 141 141 146 151 143 142 149 141 129 128 136 137 136 138 138 139 143 145 142 133 126 127 146 158 162 168 165 163 165 167 166 168 162 159 169 172 167 165 170 177 166 163 166 161 156 154 152 152 158 154 152 155 148 147 153 157 156 156 163 164 158 166 158 149 157 162
123 138 152 154 148 146 146 146 143 138 142 143 130 114 128 140 137 138 137 143 152 147 151 154 143 135 130 138 149 147 147 146 141 138 140 144 138 120 117 129 134 145 150 142 133 136 144 140 133 129 130 144 159 159 160 160 163 164 167 168 168 163 160 167 171 169 168 166 172 171 163 164 160 162 160 152 147 153 150 150 158 151 139 144 153 163 163 163 159 150 162 157 141 153 161
123 142 149 149 146 141 132 134 142 142 142 136 119 114 132 137 136 140 139 142 148 148 149 148 145 142 141 147 149 140 142 142 139 140 140 142 138 124 122 129 134 148 146 138 134 138 143 138 137 136 139 142 154 154 153 161 166 163 163 169 165 159 164 166 167 168 170 164 164 169 165 167 164 159 156 150 143 146 147 146 155 156 137 140 152 159 162 162 158 145 164 173 152 155 153
124 140 150 147 135 126 121 128 139 141 142 125 106 117 136 135 137 137 133 138 141 147 146 140 145 143 145 149 141 131 135 140 146 144 142 142 137 132 132 134 141 148 136 128 134 136 133 137 139 139 145 145 152 158 161 165 164 168 163 163 168 163 166 168 167 163 165 168 163 164 165 171 167 153 152 153 150 144 141 148 151 151 147 149 153 150 159 167 159 152 167 173 158 160 153
124 135 141 143 131 118 124 138 144 140 140 120 99 124 144 142 143 139 133 135 135 143 146 137 145 146 140 141 138 134 137 144 148 138 136 142 140 143 141 141 145 144 136 134 141 139 128 132 134 139 145 148 158 163 163 164 163 168 166 161 169 168 165 169 165 163 162 170 169 163 165 163 162 156 155 154 152 136 127 142 149 148 157 159 155 153 160 166 161 161 165 167 160 166 164
137 143 143 143 136 132 141 149 145 139 138 125 113 135 151 151 150 141 135 134 123 133 156 151 152 151 134 130 135 142 142 143 143 139 137 136 137 144 141 141 140 139 141 143 147 146 133 128 131 135 142 149 156 156 162 169 166 166 171 164 166 167 166 167 159 163 160 162 163 164 160 158 161 166 161 149 143 125 120 133 144 149 160 163 154 158 167 165 162 164 168 170 163 162 164
146 154 151 151 146 143 151 156 147 143 135 125 128 138 144 148 143 134 132 137 129 131 154 161 156 145 128 129 137 144 145 143 139 142 140 135 134 138 140 134 132 141 151 151 146 145 137 132 136 138 141 153 158 156 164 171 165 162 162 157 163 167 166 165 159 168 161 157 160 166 161 161 157 159 160 147 136 121 116 123 135 143 153 159 155 160 159 161 166 163 168 169 161 156 162
149 157 158 157 156 152 152 158 146 141 136 124 135 142 140 134 124 125 137 146 150 149 153 155 153 142 141 146 143 141 139 138 135 139 141 137 131 132 131 120 117 139 154 154 149 144 140 137 135 143 149 155 164 165 164 168 166 168 162 156 160 165 172 166 164 170 163 161 160 159 161 159 152 156 159 147 132 117 112 116 128 139 145 157 158 156 155 155 163 160 165 167 159 154 160
154 152 157 157 156 156 152 152 147 142 141 128 135 147 149 139 126 127 140 156 165 159 156 155 155 150 154 157 154 143 126 134 138 138 142 137 129 132 130 119 122 141 154 156 147 137 139 140 132 140 151 149 155 161 158 165 168 164 159 157 165 163 167 166 168 168 162 162 163 158 160 156 154 153 152 140 129 122 118 115 118 133 143 149 156 154 157 153 150 153 158 162 162 156 156
159 157 154 154 154 158 160 152 143 140 142 134 134 147 154 148 136 132 138 157 172 170 164 159 155 152 157 160 161 150 130 139 145 141 144 138 134 134 132 131 138 151 154 153 151 145 140 134 128 136 144 144 149 159 160 164 167 163 163 162 172 164 158 167 168 165 163 163 160 161 165 157 155 142 138 135 131 124 113 95 90 119 132 138 149 148 150 148 144 153 158 162 164 156 156
162 158 153 158 158 154 152 149 138 127 131 135 137 152 159 155 147 135 133 152 165 170 167 161 157 151 153 156 149 143 140 135 139 145 150 149 147 143 135 143 151 153 155 149 146 140 134 132 129 138 143 145 145 151 160 159 158 165 169 166 169 166 158 162 163 160 165 165 163 164 158 149 150 140 135 138 134 120 110 89 76 115 131 141 151 139 144 150 148 154 159 161 162 157 162
169 163 151 156 162 154 150 151 139 119 123 140 145 152 160 162 144 122 126 148 162 162 164 166 163 160 157 155 146 140 131 113 124 144 150 155 150 142 130 135 150 151 158 141 129 128 123 129 130 136 141 138 132 138 146 147 152 158 162 167 167 165 161 166 167 163 168 169 167 165 150 140 144 151 141 131 131 124 116 108 104 131 142 143 149 140 144 154 151 152 160 154 157 158 166
158 160 155 156 158 153 154 155 133 106 115 141 148 147 148 154 141 123 130 151 167 165 166 168 164 164 159 152 149 144 130 115 126 142 148 153 145 135 128 132 140 141 148 132 121 126 128 128 126 129 137 140 133 133 142 144 146 142 143 156 164 167 162 165 164 161 162 164 166 165 154 141 140 152 144 127 133 131 122 125 133 134 129 137 152 147 136 148 154 153 160 153 152 152 159
158 165 161 159 155 151 150 148 123 90 99 127 139 146 146 141 141 134 125 143 166 170 173 172 170 166 154 146 150 150 140 133 131 136 144 145 142 133 130 136 141 139 138 138 131 128 139 137 126 116 129 143 134 130 141 151 151 140 142 149 153 157 160 166 160 157 161 162 164 161 158 150 145 143 141 125 129 123 113 133 142 126 123 135 151 144 129 135 154 158 157 161 156 150 157
