example/E5 - XRays/X-ray-tomography/rastert_juap12.txt
ncols         356
nrows         356
xllcorner     -0.5
yllcorner     -355.5
cellsize      1
NODATA_value  -9999
[rows 84 to 125 of 356, columns 94 to 187 of 356]
143 155 147 148 150 154 150 124 102 121 148 152 154 152 155 159 166 166 159 157 155 150 139 142 140 143 145 134 141 147 158 165 162 153 147 145 145 139 132 131 144 152 152 146 148 152 152 139 112 88 82 103 117 133 135 134 137 143 145 153 145 131 122 112 117 139 147 139 129 106 94 107 132 128 114 122 127 133 132 126 100 79 72 89 104 103 101 101 114 127 143 142 140 152
132 151 154 159 156 150 145 126 114 117 144 158 156 145 147 148 153 158 154 149 151 152 138 139 141 145 157 145 141 158 173 161 164 161 146 140 144 134 133 140 153 153 150 149 147 151 154 129 103 89 99 129 140 148 144 145 146 154 149 153 152 150 142 126 130 135 144 141 131 112 106 117 134 131 110 118 126 129 134 129 96 59 44 55 66 76 96 111 126 130 144 142 145 154
132 142 150 158 161 156 140 131 138 138 145 161 155 141 147 144 145 157 157 147 142 151 145 144 143 134 147 146 143 155 167 157 157 159 148 145 154 143 139 144 157 155 146 155 156 150 143 117 106 113 134 152 154 165 153 144 150 151 145 153 155 151 151 143 143 139 135 130 130 121 123 132 140 133 125 134 138 137 139 131 96 56 55 62 57 64 105 127 128 129 140 143 144 156
144 151 151 148 147 147 139 139 145 144 141 149 151 140 148 148 148 147 146 146 141 140 139 144 145 133 137 144 140 143 163 161 150 150 151 146 150 147 147 142 153 157 143 150 151 144 134 121 122 132 152 164 160 172 157 144 152 153 148 148 154 155 153 145 137 141 141 139 144 146 148 147 146 140 143 142 138 139 135 128 106 74 59 55 53 52 98 122 131 132 133 128 134 150
145 155 151 143 143 145 141 144 148 140 141 145 147 129 133 150 149 145 143 143 146 152 143 146 148 137 136 141 134 134 150 155 156 149 150 153 141 140 153 150 152 154 144 141 140 137 135 125 130 139 144 159 164 169 159 144 142 146 150 140 148 153 148 141 140 153 155 155 152 158 157 154 149 135 136 126 123 132 132 123 111 100 74 57 48 38 64 91 126 133 119 112 126 144
138 143 141 140 139 147 150 142 150 148 145 148 144 125 133 151 141 142 141 139 149 157 144 142 143 143 139 132 132 129 139 153 163 155 155 155 138 138 146 157 148 150 159 147 137 139 146 136 135 138 150 168 169 166 167 151 138 144 144 141 151 147 144 141 143 149 153 152 156 159 153 156 150 137 138 128 120 122 132 128 115 113 107 93 72 51 42 57 91 102 108 122 130 136
144 146 140 147 141 145 150 145 150 152 146 147 148 140 133 136 136 144 143 139 151 159 150 137 134 148 148 135 143 139 145 149 152 153 160 155 141 141 145 156 145 144 153 139 133 136 141 140 143 146 161 169 165 164 169 163 144 138 139 150 164 154 147 139 134 133 150 153 155 160 149 148 149 153 146 131 121 111 120 132 128 116 123 119 103 90 65 58 82 93 112 135 142 143
148 142 141 153 144 145 147 152 158 155 152 149 148 149 139 132 135 142 138 139 152 158 158 143 141 147 149 147 139 136 149 146 142 158 162 152 148 153 154 153 143 143 145 135 133 133 141 146 153 160 171 167 164 170 162 158 148 142 146 146 155 151 141 132 134 142 152 153 150 161 158 152 153 157 146 136 127 109 106 128 138 127 126 128 124 122 99 91 114 121 130 144 147 143
149 133 135 151 146 147 152 153 161 162 151 150 151 156 138 131 143 146 144 146 150 153 151 148 146 144 145 151 136 137 142 143 140 149 154 145 144 150 157 144 135 139 139 140 138 137 142 147 154 157 163 162 160 160 148 151 148 150 149 143 147 147 138 129 137 152 154 153 153 157 151 149 151 149 147 147 136 125 118 129 141 143 129 125 130 130 112 109 122 134 144 144 141 139
142 134 134 141 143 139 144 150 161 167 144 141 146 151 141 129 140 148 143 141 144 156 150 150 147 149 150 148 139 145 145 145 144 140 139 145 146 142 154 142 135 147 137 135 142 143 143 148 161 162 155 157 157 159 154 148 143 148 148 143 146 153 149 144 144 151 156 161 160 153 150 147 150 148 143 148 136 136 134 128 137 144 139 125 125 131 123 124 129 137 146 144 134 128
133 133 141 140 137 133 132 144 152 159 148 144 145 146 147 130 128 139 136 127 139 155 149 147 144 148 149 147 149 140 143 146 143 146 135 136 148 153 171 164 146 156 149 139 143 143 140 142 149 156 157 155 155 151 151 149 150 146 151 149 147 149 148 148 149 158 159 167 161 153 154 148 148 140 139 141 129 136 139 133 131 137 140 124 123 134 134 131 144 146 141 140 134 126
125 119 136 142 143 142 132 146 144 143 152 149 145 148 148 136 132 137 139 137 138 143 144 146 142 145 151 148 146 145 144 146 144 146 138 138 151 153 160 161 147 149 149 143 137 132 137 142 139 150 156 152 150 145 154 156 151 141 147 141 146 153 145 140 146 160 160 166 152 147 150 144 132 124 139 139 132 143 137 138 134 133 131 121 130 142 142 132 143 136 133 138 137 134
132 117 131 145 154 156 138 154 161 150 149 142 143 147 146 142 135 139 142 148 148 144 149 141 136 140 146 153 143 149 147 144 155 150 145 145 152 158 153 160 153 153 148 147 142 131 145 153 143 149 154 151 152 158 160 152 146 143 137 121 127 138 139 138 143 152 153 162 159 149 148 142 128 128 145 134 137 145 133 139 145 145 133 122 129 138 144 146 149 131 132 138 136 139
135 129 144 157 152 151 147 150 159 150 145 141 152 159 146 146 142 139 137 141 151 150 150 141 137 140 137 156 152 152 149 141 151 146 151 146 143 162 157 154 158 157 149 155 152 141 148 149 145 151 160 155 152 166 159 150 151 144 131 128 119 113 129 138 140 145 148 156 158 148 149 147 145 145 150 139 137 139 135 135 142 150 136 126 136 142 150 149 151 149 145 145 138 140
146 136 145 154 145 142 149 146 149 146 152 151 153 157 152 154 156 148 139 143 152 145 144 146 139 138 139 151 147 148 150 147 150 145 145 147 142 146 149 155 160 154 148 158 151 148 152 146 152 151 154 155 157 164 163 155 160 157 142 140 139 128 127 119 124 138 151 158 157 150 154 160 156 154 149 140 132 132 139 139 142 147 141 136 140 135 144 144 144 148 148 151 142 144
152 147 145 147 146 146 148 147 150 144 148 156 151 157 163 162 157 151 144 142 152 142 140 151 143 135 145 146 145 148 147 150 154 156 150 148 147 132 133 154 162 159 156 153 149 155 155 150 153 156 158 160 160 160 170 162 159 167 155 149 151 145 131 112 123 139 147 148 158 159 154 159 152 141 135 146 146 140 147 148 152 152 147 141 124 120 139 147 145 150 151 156 146 152
149 151 147 145 145 140 144 151 155 148 142 146 143 154 158 152 152 153 146 132 138 144 148 153 147 144 157 150 142 145 143 148 151 159 147 145 151 134 128 152 155 150 153 149 153 155 159 162 153 159 164 162 160 157 161 159 162 165 158 155 150 142 132 123 130 144 144 137 146 152 148 147 148 135 130 142 147 143 140 140 154 158 147 136 114 122 138 141 143 147 148 153 146 157
152 159 157 149 145 143 151 148 150 155 151 152 147 148 147 139 149 154 150 138 135 138 144 153 150 145 156 159 152 143 141 146 141 153 149 141 149 151 134 146 154 147 156 159 158 159 158 161 156 160 166 153 148 156 158 156 161 165 164 160 152 142 132 128 123 122 131 127 136 146 148 138 143 143 134 138 151 145 140 136 146 150 145 130 113 132 140 138 141 136 143 150 149 153
146 148 151 146 135 142 153 144 145 153 155 152 148 146 145 144 150 149 148 139 138 140 137 142 146 148 158 162 160 144 143 147 141 144 146 142 136 152 153 146 149 154 157 156 148 150 158 162 155 159 167 159 151 162 163 164 164 164 171 165 155 153 141 124 118 98 97 105 120 133 141 143 150 154 139 137 143 136 143 144 143 146 147 132 123 138 134 128 134 136 148 147 140 144
139 137 140 145 138 134 137 141 136 136 148 145 146 147 144 148 149 139 143 148 139 140 144 147 149 145 151 158 161 153 142 136 141 139 140 143 138 149 158 150 145 150 145 143 151 152 160 163 161 162 157 159 158 159 154 160 164 161 167 164 155 161 150 129 123 112 105 101 106 123 134 136 143 152 151 144 136 137 146 147 143 142 141 141 135 138 134 131 127 135 149 147 144 150
138 145 149 148 145 142 138 141 139 130 134 141 146 154 150 150 156 147 147 158 145 137 139 148 151 152 151 159 167 162 152 132 130 131 142 148 149 150 150 159 153 146 143 138 146 145 149 151 158 165 153 157 157 154 157 163 163 164 163 157 165 166 144 141 138 138 134 99 91 120 133 139 140 141 147 148 143 148 142 145 150 134 133 139 129 138 137 138 132 133 147 153 151 149
134 149 160 151 143 143 147 142 137 137 139 141 146 156 145 140 151 150 148 152 141 131 133 149 161 162 161 163 166 162 155 136 131 139 147 149 149 157 152 158 153 148 151 139 141 140 140 145 154 161 155 160 160 150 160 163 158 164 161 153 161 159 143 144 141 142 138 100 86 108 130 147 148 145 145 148 148 146 138 145 151 131 134 145 135 137 134 129 137 146 146 152 152 148
136 144 151 146 141 136 141 143 140 143 147 148 147 150 145 138 143 150 148 143 133 134 141 151 162 166 168 167 164 163 158 141 136 138 133 133 137 153 152 157 159 152 153 144 149 146 139 144 156 157 157 158 164 151 149 155 148 153 160 156 157 154 149 146 139 129 120 106 115 135 148 158 154 148 142 140 144 138 133 139 143 137 143 150 132 123 129 132 143 152 152 150 145 152
144 144 147 145 143 141 142 143 148 142 135 135 145 154 142 129 140 150 144 143 144 143 148 149 156 168 166 168 165 162 162 146 138 130 125 129 129 146 153 155 160 154 155 146 140 136 134 142 145 150 158 151 163 159 144 147 144 152 153 150 154 149 148 150 143 121 113 117 150 167 161 159 145 125 127 140 145 141 142 140 139 139 148 158 137 121 125 138 154 151 156 148 150 163
136 141 143 143 141 135 139 142 152 138 122 128 141 152 145 132 136 149 145 144 140 140 145 148 161 166 165 167 160 160 161 141 137 136 141 142 133 154 164 156 157 160 152 143 135 131 130 144 148 148 157 149 159 163 154 152 144 147 147 151 145 143 143 133 130 120 123 126 141 148 147 139 106 88 114 147 149 143 143 131 130 137 143 151 145 138 141 139 154 154 155 145 148 153
133 135 127 130 136 123 139 145 145 140 137 145 148 145 147 144 136 132 134 142 135 138 142 137 157 159 168 172 157 158 158 133 130 140 139 146 145 153 164 168 164 172 160 149 141 119 117 140 151 142 145 152 154 152 154 156 148 140 138 150 145 144 139 124 129 133 129 127 139 141 154 137 98 96 126 146 152 150 139 123 133 148 150 151 144 134 150 144 145 150 143 134 131 127
132 115 111 118 141 134 143 149 137 136 136 136 149 147 145 153 150 135 130 141 152 147 129 106 121 139 155 163 163 168 151 132 136 151 147 151 152 148 157 164 158 168 164 150 145 125 114 134 155 153 144 146 147 148 143 149 153 145 144 142 146 142 127 121 130 126 122 132 139 140 148 137 126 129 144 157 164 147 133 125 137 147 149 150 149 136 142 154 141 139 130 127 133 113
118 89 97 110 137 140 143 155 143 134 134 132 141 145 143 149 151 144 142 141 154 152 132 110 106 119 143 158 168 169 146 134 138 150 145 155 155 137 143 147 157 166 160 153 151 146 135 136 143 146 145 142 147 153 149 152 158 155 153 148 142 125 111 129 134 116 117 127 128 129 124 130 137 134 142 160 165 152 146 139 139 144 149 149 148 142 141 153 148 143 133 139 144 113
125 108 115 126 140 142 134 137 135 130 138 139 138 149 155 156 153 148 143 141 149 150 141 129 121 121 139 155 162 159 156 150 143 152 146 152 151 134 146 149 152 159 154 145 138 145 142 141 143 144 143 141 145 150 148 149 161 157 152 155 137 123 115 125 135 131 134 129 114 115 111 133 139 135 140 156 159 145 149 144 142 143 146 149 148 151 146 144 147 151 139 147 147 130
130 122 126 138 146 151 135 118 114 118 128 133 138 143 150 162 157 156 146 148 147 153 150 140 136 128 137 150 156 151 144 149 151 158 151 141 146 144 152 157 149 154 152 140 134 143 135 135 145 146 139 144 153 149 140 145 155 152 143 146 126 125 125 103 119 141 140 124 99 92 103 136 137 128 136 154 159 132 137 143 138 134 136 144 147 149 140 141 153 160 141 145 148 144
118 112 120 136 142 153 150 131 122 130 128 132 145 146 145 156 153 162 152 151 146 148 153 150 132 124 143 155 167 164 145 153 155 151 154 143 141 143 149 160 154 156 158 145 149 153 144 132 137 143 147 146 152 159 147 138 139 143 141 141 118 122 129 105 103 114 109 92 77 69 88 134 149 139 140 156 161 133 126 134 140 133 134 147 144 138 126 138 159 161 150 145 144 155
89 96 117 129 138 151 152 151 143 136 133 137 146 144 146 151 146 159 152 147 150 140 148 147 127 129 155 160 152 162 165 163 156 153 152 151 146 144 147 157 162 156 154 152 150 146 138 130 137 144 151 147 151 157 147 141 142 141 143 134 129 139 132 118 115 107 84 57 62 80 104 139 151 143 137 153 151 127 122 127 131 131 133 144 143 137 132 144 155 149 151 151 142 155
86 107 123 132 143 150 151 151 143 135 140 150 147 142 153 153 141 154 152 148 151 142 145 149 141 150 168 158 145 153 162 159 148 155 145 144 150 150 143 148 156 150 143 150 149 139 138 142 140 137 139 145 143 135 138 147 146 144 146 133 132 135 122 107 111 103 82 47 57 100 128 140 143 156 145 153 136 115 114 117 127 137 143 146 148 147 146 159 158 147 152 158 145 150
113 129 126 132 151 152 152 145 140 142 142 148 152 149 156 159 141 147 152 149 147 133 135 153 154 161 163 155 148 148 154 156 149 154 144 139 144 155 146 155 161 158 150 141 141 136 145 147 141 143 144 136 145 144 144 145 147 150 144 136 136 124 120 107 102 91 72 39 50 92 124 137 142 165 157 158 140 115 103 111 135 139 142 143 142 141 142 158 148 147 150 150 146 155
136 155 149 140 156 149 150 148 151 148 146 159 166 159 155 166 152 143 149 146 144 140 146 158 148 148 146 160 156 146 149 146 152 159 153 148 150 160 152 152 154 153 152 140 144 137 142 149 137 140 146 127 144 148 142 135 136 147 135 123 126 124 129 116 103 102 77 45 56 83 123 146 147 165 165 159 147 121 116 124 134 143 153 148 142 143 150 152 144 147 145 147 155 161
145 156 165 165 155 143 147 145 154 157 157 167 171 169 164 168 159 149 145 142 147 151 156 161 150 151 148 154 153 149 145 132 138 150 149 153 161 157 148 153 159 155 149 138 139 141 149 154 133 125 137 130 128 118 127 139 135 146 130 122 111 98 101 105 109 116 95 67 77 96 137 151 158 175 174 160 153 141 139 127 131 144 150 140 135 141 147 146 149 147 150 161 166 164
150 150 159 169 159 158 152 142 149 158 165 160 167 175 168 165 164 158 148 149 155 145 140 151 151 157 157 148 147 150 140 138 140 145 145 151 152 146 137 139 155 151 145 141 140 139 141 144 124 114 132 139 122 105 125 145 139 142 126 122 90 64 84 103 102 108 112 86 74 101 138 153 170 170 164 161 151 146 139 117 126 131 130 120 125 143 147 148 146 140 145 156 162 165
145 152 159 165 166 166 161 166 161 158 166 161 165 168 166 170 170 167 161 158 159 149 146 151 146 143 141 142 146 153 142 141 147 151 151 151 155 153 143 141 154 149 137 138 150 154 147 144 127 118 128 136 126 121 139 143 140 138 132 129 85 50 77 108 107 101 109 83 83 115 141 156 167 167 165 168 154 141 133 113 119 119 104 106 133 147 141 140 148 139 135 140 148 154
141 156 162 164 165 162 168 178 169 166 168 165 173 170 170 173 168 169 168 160 168 172 158 152 149 136 132 146 148 153 144 135 139 148 153 145 157 162 148 136 141 142 133 139 153 156 145 141 132 137 131 124 125 129 151 154 145 139 125 121 90 55 77 113 127 115 112 103 113 133 149 159 162 166 163 161 138 121 124 111 106 105 97 111 140 145 135 136 150 150 138 134 146 154
133 150 163 161 159 162 169 167 159 163 168 164 172 177 175 176 168 165 168 165 166 167 163 164 161 151 150 160 153 150 151 143 139 142 142 141 154 152 144 129 122 134 141 146 146 142 146 145 128 140 143 129 122 121 147 157 136 126 123 123 102 62 78 112 121 119 129 138 133 141 151 156 167 163 155 146 107 95 116 98 88 97 114 139 152 148 138 148 153 154 148 147 153 157
138 146 161 167 168 173 171 165 163 167 171 164 161 172 173 173 177 175 170 174 160 158 162 166 170 169 159 162 161 160 160 152 157 154 145 148 156 153 149 132 126 135 136 145 150 140 140 148 136 136 141 120 113 113 126 133 123 120 131 125 103 71 83 106 96 99 122 143 144 145 152 152 154 154 142 128 104 95 119 118 112 109 128 145 148 143 142 157 153 151 156 155 152 153
139 150 163 167 162 169 171 170 172 171 172 172 174 166 168 161 167 175 172 182 175 172 171 163 171 175 159 159 161 163 162 161 160 153 152 153 155 153 150 144 147 142 133 138 145 140 134 145 153 140 131 111 99 105 127 138 129 116 105 107 106 86 86 91 99 116 134 142 142 147 145 147 148 149 140 137 131 111 129 145 144 129 129 135 139 137 151 161 153 155 155 152 148 145
