example/E5 - XRays/X-ray-tomography/rastert_juap33.txt
ncols         356
nrows         356
xllcorner     -0.5
yllcorner     -355.5
cellsize      1
NODATA_value  -9999
[rows 126 to 167 of 356, columns 188 to 281 of 356]
160 151 150 151 134 133 137 135 143 158 156 142 135 108 80 107 132 141 139 138 128 116 133 157 162 164 168 159 162 178 167 159 154 136 117 118 137 138 120 139 149 126 139 141 138 156 155 147 144 138 142 144 143 150 147 130 97 73 76 57 60 100 136 151 160 165 161 160 154 153 152 154 159 162 153 162 171 169 168 162 159 163 169 166 162 166 158 157 160 163 163 153 157 164
146 144 147 152 149 142 140 129 133 147 147 129 117 120 114 122 138 143 136 140 125 105 127 147 159 166 164 153 160 170 162 158 145 129 130 133 136 134 113 122 135 125 138 140 141 154 150 152 152 139 141 144 143 151 143 107 63 52 52 35 32 62 105 134 151 171 170 158 148 145 150 154 153 150 152 164 167 166 162 157 157 162 165 159 161 163 155 162 163 162 167 157 159 163
150 141 143 141 137 139 150 145 136 139 129 105 102 146 159 156 157 151 137 140 108 98 123 146 167 169 163 163 162 167 165 155 140 131 136 148 142 134 128 125 134 128 134 139 146 151 148 152 148 141 140 143 138 146 129 87 53 43 39 38 34 45 86 121 143 166 170 158 133 128 140 151 155 150 153 160 167 167 152 152 163 161 160 153 153 157 150 153 157 157 154 155 165 169
150 144 142 137 133 139 143 140 134 133 114 84 96 153 168 163 161 157 150 139 91 86 121 148 160 155 161 170 168 165 169 157 140 133 135 152 153 136 137 132 139 136 135 138 149 153 149 144 139 153 155 154 146 143 132 98 61 40 40 50 49 49 78 119 145 160 156 150 123 117 133 139 143 144 150 154 167 163 148 152 161 158 156 151 147 143 137 138 146 148 144 155 166 164
138 136 139 140 141 137 136 137 131 139 131 107 119 152 164 163 167 166 166 150 105 105 139 152 152 146 160 163 162 162 170 157 149 144 143 158 154 140 144 138 141 152 149 138 139 148 152 149 151 150 148 143 151 148 138 121 92 60 52 52 47 50 86 125 139 140 140 148 132 133 149 151 145 137 140 141 149 150 151 153 157 157 153 139 126 128 137 142 144 141 130 132 142 152
144 135 141 152 146 134 138 138 129 137 141 128 136 145 160 170 176 175 166 151 123 114 144 157 149 145 157 159 151 163 161 146 150 150 151 152 145 148 153 151 150 157 156 142 134 134 137 140 151 141 134 127 141 154 137 129 124 93 74 51 40 50 92 122 124 121 127 147 142 144 154 161 154 138 133 132 136 151 156 150 152 148 145 129 115 123 139 144 138 136 128 132 141 154
146 138 146 161 152 137 147 136 116 122 132 128 139 150 159 167 171 169 162 163 132 104 133 155 151 149 158 156 145 158 153 147 154 155 159 146 147 156 158 157 159 153 153 151 137 129 136 137 141 141 135 131 142 153 128 127 136 114 99 78 70 81 103 120 120 121 119 134 138 145 150 153 150 134 127 131 138 153 157 150 149 141 140 131 123 122 127 125 111 107 113 130 143 151
148 141 142 158 161 141 141 137 119 129 130 122 129 146 156 166 164 156 147 145 127 124 141 149 154 154 160 155 146 157 159 159 160 160 162 151 161 160 160 156 160 162 153 148 141 132 146 144 145 145 131 135 136 134 130 134 135 130 123 121 116 109 111 119 118 118 122 135 134 143 153 153 149 141 134 134 143 156 158 152 146 144 141 128 115 111 111 106 92 83 87 103 117 125
150 147 146 147 150 147 136 143 142 138 109 100 122 132 145 165 160 148 145 144 139 137 145 149 152 154 162 162 150 158 167 167 155 145 157 156 155 156 167 160 152 160 153 152 149 138 145 142 149 154 147 147 131 130 141 143 133 139 142 145 143 134 119 109 110 112 128 144 130 133 157 164 158 155 153 142 141 147 148 152 147 151 136 107 83 74 83 100 115 105 84 88 96 106
147 139 133 144 150 151 142 145 146 133 101 105 138 139 143 152 146 139 140 139 145 140 149 156 162 157 154 162 163 162 165 165 151 126 150 162 155 164 167 156 157 163 160 161 157 144 148 153 151 145 144 147 140 147 141 135 133 137 143 148 144 138 120 96 98 100 120 135 128 139 152 162 162 156 148 140 134 134 146 158 151 145 119 83 61 54 71 106 132 129 113 109 114 121
144 138 134 153 156 141 134 140 142 128 120 130 143 144 143 143 136 138 136 128 153 162 167 173 168 161 156 163 167 168 164 171 158 126 148 164 167 166 154 147 160 164 159 163 152 141 149 152 144 141 145 153 155 159 144 130 122 123 140 149 143 134 110 86 88 95 113 121 121 130 133 148 160 153 143 141 138 135 144 146 140 132 112 81 60 54 70 112 133 132 131 125 127 132
145 143 152 163 152 139 134 138 144 130 124 128 138 141 143 155 149 148 145 138 163 170 171 175 160 163 174 169 169 173 164 172 164 149 155 159 163 163 158 155 153 155 153 156 151 145 149 154 152 154 160 158 149 150 142 125 119 126 140 149 147 140 112 84 69 64 79 100 113 123 129 131 143 155 156 152 149 144 131 105 101 114 104 71 48 42 60 102 130 133 122 99 98 119
146 148 154 151 135 142 149 149 148 146 147 134 147 160 158 165 161 159 159 158 170 172 169 171 170 173 174 171 175 176 168 171 172 165 163 163 162 157 159 161 151 157 157 159 160 154 153 155 155 153 158 156 145 140 134 111 116 128 133 135 133 125 96 63 47 32 36 49 77 108 131 133 150 161 162 161 158 150 131 88 67 74 69 49 44 53 85 123 142 137 112 81 76 110
133 146 162 153 131 142 161 166 161 151 152 160 166 176 160 160 167 169 171 171 172 168 162 166 170 170 170 178 176 174 174 175 174 168 167 165 161 152 155 162 159 156 154 159 162 154 152 151 159 161 164 161 154 147 136 119 123 132 134 136 127 96 62 41 31 17 17 20 45 87 128 148 160 159 162 169 160 157 152 112 71 52 52 57 72 92 122 151 147 135 116 93 89 118
132 147 160 159 156 159 168 164 165 151 154 165 163 168 158 158 164 171 175 168 160 161 159 172 178 171 168 174 172 175 181 178 169 171 169 166 165 160 161 161 154 153 155 148 151 150 150 160 173 173 164 160 151 150 147 147 143 138 135 140 126 78 40 29 28 19 17 22 46 85 118 145 155 151 161 168 160 168 164 141 123 101 95 109 123 134 140 150 140 140 134 112 102 117
136 152 154 160 174 169 175 169 170 155 160 161 169 174 167 168 165 163 169 164 158 166 173 177 177 176 170 169 162 167 178 174 172 177 167 158 162 166 163 152 142 156 163 151 154 154 155 161 168 167 163 156 149 151 148 149 148 142 133 141 123 72 37 24 19 22 26 27 56 98 128 142 141 144 154 161 168 173 167 162 163 150 143 152 151 152 147 149 143 144 139 124 118 121
146 153 163 169 171 174 174 165 169 159 161 167 170 170 160 157 164 163 161 167 170 173 182 182 171 180 180 171 166 166 172 171 171 170 168 160 163 165 157 157 151 155 158 150 155 156 155 158 167 161 161 148 142 145 143 144 142 141 129 134 113 65 38 24 14 18 32 41 78 118 143 144 137 141 150 162 173 172 173 170 164 159 157 154 156 155 149 148 141 135 132 125 130 139
156 159 169 167 159 165 158 155 171 169 163 167 159 153 147 146 164 175 164 173 175 170 172 180 170 171 176 174 171 171 180 180 168 160 169 161 163 167 164 168 166 152 149 149 151 156 160 162 163 161 160 158 153 145 143 145 139 139 132 125 102 60 31 26 28 20 27 69 116 130 141 151 153 152 146 152 156 161 173 172 164 164 165 159 160 157 157 159 152 142 130 119 125 141
165 159 159 161 156 159 155 157 172 168 158 161 149 131 127 136 144 163 170 177 176 176 175 181 173 172 179 181 176 171 172 163 158 159 170 168 166 168 174 170 159 155 146 148 155 166 158 158 157 167 161 161 158 146 141 143 150 148 138 131 125 89 39 24 35 37 56 110 147 143 142 151 157 157 148 150 146 148 160 163 158 162 166 163 157 150 154 153 155 151 129 116 124 136
163 159 155 163 172 170 161 164 172 162 160 164 154 139 132 136 142 158 167 170 175 187 186 186 179 174 170 172 176 170 170 165 165 166 166 166 167 167 171 170 155 158 155 156 159 162 152 156 160 158 154 153 153 146 149 161 172 158 135 134 144 120 72 47 49 67 109 141 148 149 153 157 158 159 157 164 155 145 144 151 154 157 157 161 160 156 152 148 144 135 124 122 124 133
156 150 158 169 177 174 168 171 171 165 169 173 169 163 161 164 164 166 163 170 171 175 179 183 175 172 175 174 180 169 174 173 176 179 167 170 176 172 173 173 164 172 169 159 164 157 150 157 155 143 149 162 165 144 154 183 187 155 135 137 139 132 113 102 101 112 143 163 157 159 169 164 161 165 156 155 161 154 138 153 169 167 166 166 162 159 149 144 135 125 135 138 132 136
151 156 173 179 177 177 188 185 171 173 175 175 176 173 172 179 172 169 171 176 174 176 183 183 176 167 179 181 180 173 176 167 173 187 168 163 170 169 175 174 169 179 172 162 168 159 155 155 142 142 147 156 159 139 149 191 192 159 139 136 131 132 132 132 134 126 142 160 162 164 166 161 160 170 166 153 156 146 135 153 171 171 171 165 164 163 149 133 129 127 134 131 125 129
158 169 172 175 178 175 181 181 174 176 183 178 180 172 169 177 171 172 180 187 183 178 174 179 183 176 182 178 171 169 173 175 173 179 168 159 160 162 171 176 172 172 170 170 167 162 161 164 148 143 142 148 148 145 144 174 175 148 135 137 131 127 129 131 123 109 130 150 150 157 162 162 159 165 175 162 150 143 143 157 165 165 157 153 160 160 144 126 132 126 118 109 110 116
173 171 170 168 175 179 179 180 179 177 186 178 183 175 169 168 172 178 175 178 185 184 170 175 179 176 174 170 170 174 178 177 171 168 165 170 165 158 163 176 177 168 165 167 174 181 170 168 164 151 145 156 155 158 146 152 148 134 132 139 130 122 127 133 125 114 131 151 151 157 163 165 160 159 168 165 156 153 152 161 162 161 156 157 159 148 137 127 126 117 104 84 92 109
172 170 176 172 174 175 173 172 172 172 179 183 184 173 180 180 177 178 180 175 179 187 178 173 173 178 176 178 184 177 170 171 174 168 163 175 164 141 136 154 170 164 164 170 170 176 169 174 171 163 156 164 171 164 154 152 144 139 136 134 136 127 129 137 141 133 137 146 144 153 161 172 168 167 163 163 165 155 147 154 155 160 166 166 156 129 117 117 121 125 107 77 86 113
168 169 176 186 184 174 174 172 174 173 174 180 180 174 176 182 183 178 178 175 173 179 184 180 177 173 175 176 182 185 169 174 183 179 168 175 162 132 109 137 169 165 160 172 169 170 176 179 177 169 162 164 179 166 158 156 150 153 144 130 135 127 130 135 138 136 140 136 136 150 161 174 168 167 166 170 171 156 151 158 159 162 165 159 136 110 105 123 140 143 119 89 92 113
178 177 170 176 172 162 178 182 179 173 168 178 178 174 169 169 181 182 173 176 180 172 175 184 187 175 175 171 177 184 173 182 183 180 180 181 173 160 136 145 175 172 167 170 169 175 174 167 175 171 172 168 178 168 169 164 160 163 143 135 134 129 137 139 141 140 141 126 131 149 161 167 162 160 170 174 163 150 155 167 166 159 147 134 119 106 111 133 145 147 137 122 118 124
180 179 163 165 170 168 180 172 170 174 172 184 180 180 184 185 180 184 183 183 182 179 177 177 173 177 183 179 184 176 169 181 181 173 180 181 175 178 168 163 174 176 176 173 165 169 169 167 174 173 173 170 176 168 165 162 167 164 148 151 144 142 146 141 145 141 136 131 137 151 161 156 157 158 165 166 159 154 161 167 164 157 141 119 120 116 114 125 141 146 146 144 133 128
170 179 167 162 162 170 177 163 163 175 177 179 177 177 182 184 176 182 183 180 176 190 186 176 171 173 181 179 179 179 183 186 185 176 178 181 184 175 171 171 169 173 173 176 168 171 176 179 181 177 167 167 174 173 169 161 158 158 159 162 147 134 135 138 138 133 129 143 156 157 152 155 164 161 154 163 163 161 162 157 153 146 129 98 109 120 107 109 134 142 142 141 133 131
169 184 181 169 165 174 171 170 169 168 175 178 180 179 180 181 180 182 176 180 173 180 180 181 186 177 179 179 180 186 194 186 180 180 186 197 206 185 172 171 168 164 164 167 174 183 177 177 179 182 176 164 171 181 180 165 164 159 153 153 145 131 131 138 138 138 139 150 154 149 150 163 164 157 162 167 166 162 158 155 149 137 115 79 82 91 81 93 118 134 139 139 138 147
182 182 180 174 164 170 177 175 173 173 172 176 180 174 176 190 179 173 177 183 177 173 169 178 186 179 177 180 188 189 186 184 178 191 201 207 208 196 182 184 178 169 174 172 173 176 171 180 177 176 179 173 174 182 177 167 167 160 154 150 149 143 130 131 138 137 140 145 144 142 151 162 163 167 170 158 157 155 148 148 150 136 109 76 66 70 66 82 110 134 138 131 132 144
181 176 180 177 168 161 168 180 186 179 172 180 175 168 176 184 182 176 176 171 181 184 180 179 180 176 169 173 184 190 183 190 178 189 210 218 210 191 181 181 178 169 179 185 179 175 170 176 171 166 178 181 170 170 172 172 169 161 159 155 155 144 123 120 132 128 135 138 146 145 141 148 161 166 161 153 148 148 146 139 135 123 109 86 78 78 70 88 113 129 128 118 128 139
182 179 177 172 179 170 173 181 174 177 181 179 168 176 187 173 181 178 175 164 176 179 183 173 173 181 177 171 175 188 188 190 173 180 195 210 209 187 179 174 181 183 181 183 179 183 175 170 173 171 183 173 160 164 171 169 171 160 156 151 148 145 126 123 134 134 138 137 139 133 129 141 149 142 148 155 144 137 136 130 124 124 126 116 116 113 103 114 119 127 128 118 132 138
173 174 177 172 176 173 174 181 176 186 176 172 172 174 180 174 178 173 179 184 177 179 191 176 167 184 188 176 171 179 181 188 191 192 191 198 205 192 182 178 188 197 181 171 176 184 174 173 173 170 171 168 173 181 175 169 168 157 156 152 147 154 138 115 128 139 133 131 130 123 128 141 140 134 142 151 137 124 117 119 130 133 137 143 153 152 141 138 136 143 135 126 135 140
180 170 171 169 169 173 175 174 175 181 171 174 175 170 180 177 172 163 168 180 169 175 190 186 168 177 182 181 174 182 176 181 189 185 190 199 194 190 189 182 173 176 174 171 184 192 178 175 170 163 160 162 172 180 174 176 178 174 170 157 146 150 143 122 130 144 144 135 128 126 134 141 139 145 137 128 129 130 126 125 133 135 139 153 162 159 159 161 158 156 146 132 119 118
183 169 170 169 173 178 181 169 170 177 189 183 172 168 182 174 167 171 174 175 176 179 181 178 171 182 181 181 177 186 179 176 180 170 186 201 182 190 184 177 171 170 180 179 185 191 175 169 167 167 171 166 168 177 175 170 162 172 175 167 161 148 143 136 136 144 151 145 132 131 137 138 138 144 135 120 125 136 138 130 122 128 146 162 158 157 164 165 158 159 153 129 93 93
171 167 174 172 176 173 180 178 178 174 182 179 172 178 178 172 175 181 187 176 177 175 175 173 169 175 172 173 175 179 180 176 181 178 185 184 173 186 168 172 176 174 181 184 183 184 172 167 172 176 178 177 175 176 174 168 159 170 170 166 169 154 133 116 126 135 150 158 146 143 142 132 136 144 143 139 134 135 134 122 114 126 149 162 158 158 159 155 155 159 154 138 102 89
167 174 175 178 179 172 181 179 174 166 176 182 180 178 171 171 176 182 184 180 174 163 171 180 169 173 175 176 184 172 183 177 173 187 188 178 166 185 185 180 178 175 173 178 181 180 175 170 179 173 168 181 184 175 172 177 179 179 172 169 168 165 133 99 113 130 151 160 153 150 145 133 140 145 145 147 138 130 128 122 122 127 135 149 152 155 156 155 155 158 150 149 130 99
169 172 170 178 170 171 181 177 178 175 184 187 187 183 174 176 174 178 179 181 170 164 170 180 178 179 180 179 183 171 185 183 174 182 183 184 171 180 191 179 174 169 171 173 165 168 174 170 175 171 172 180 183 172 166 181 189 184 175 164 162 162 148 123 125 139 151 156 160 156 142 133 138 140 133 128 133 137 140 137 130 126 128 142 154 158 153 154 157 159 148 143 132 110
168 169 174 179 173 172 177 175 169 165 168 170 174 180 169 168 168 171 176 179 165 165 179 177 170 169 172 172 170 166 175 178 180 182 177 175 168 178 174 169 174 172 175 180 169 170 170 167 173 176 173 177 176 174 177 182 175 167 167 167 165 162 170 149 136 143 146 145 158 157 137 131 137 144 138 129 131 141 151 148 143 133 130 144 157 157 154 158 163 162 153 144 132 118
175 176 178 176 174 173 169 181 177 166 162 165 164 176 168 165 176 171 175 179 168 170 177 173 177 180 171 172 167 162 179 175 181 177 174 174 164 176 170 165 155 151 158 173 170 170 174 172 177 177 173 176 173 185 184 171 167 169 174 178 171 172 180 157 138 146 153 147 147 148 144 138 140 154 145 130 131 141 158 160 155 144 139 141 144 151 162 160 156 157 151 145 131 118
172 166 173 175 169 179 169 180 180 170 166 174 167 172 166 163 176 173 167 170 180 185 169 165 181 183 174 181 174 168 183 176 181 182 165 164 157 157 152 137 127 138 156 168 165 174 185 170 171 170 162 172 174 180 179 172 173 178 179 176 171 175 172 159 151 147 151 144 138 133 145 143 142 151 141 135 139 146 159 152 140 144 148 146 148 155 161 152 139 140 138 140 131 120
