example/E5 - XRays/X-ray-tomography/rastert_juap04.txt
ncols         356
nrows         356
xllcorner     -0.5
yllcorner     -355.5
cellsize      1
NODATA_value  -9999
[rows 168 to 209 of 356, columns 188 to 281 of 356]
175 161 147 146 159 163 160 162 161 165 155 142 152 158 151 159 156 150 165 160 154 154 155 148 142 153 156 160 173 169 174 179 173 157 161 160 155 141 140 148 152 144 145 141 149 151 151 147 148 149 150 152 154 157 152 154 166 160 153 148 134 123 147 153 150 142 135 135 150 159 150 145 136 135 141 147 148 149 154 159 155 153 150 148 149 160 156 158 153 164 170 165 164 165
180 178 159 154 159 167 173 174 173 162 164 156 150 159 150 152 147 134 154 155 155 162 160 156 171 154 146 158 170 162 170 175 164 164 168 153 151 137 138 148 139 139 140 149 150 145 141 141 144 145 145 163 163 157 149 140 159 150 150 148 137 132 143 147 149 141 133 131 144 153 132 126 123 127 138 139 149 153 141 146 148 157 153 142 148 156 158 163 155 167 166 162 169 168
179 169 166 164 167 168 172 169 168 162 170 169 153 152 143 144 142 141 143 143 148 159 160 149 165 154 155 166 167 169 173 178 169 173 169 159 163 144 137 146 144 158 152 151 152 157 145 152 163 149 149 165 156 152 149 146 160 158 158 142 137 141 147 153 151 145 140 146 148 144 136 134 134 135 140 142 149 155 140 136 143 151 155 154 155 151 154 160 160 165 158 152 157 162
177 157 157 161 169 172 182 176 169 162 170 175 173 177 165 164 144 141 150 152 157 157 155 149 159 160 169 166 161 177 162 163 167 173 173 170 159 147 146 153 148 166 159 145 149 154 160 169 163 146 154 159 160 163 156 151 156 164 165 141 144 138 143 161 150 143 147 147 140 146 152 150 141 137 144 147 144 149 145 149 160 157 164 165 156 152 165 171 166 157 158 162 157 152
178 167 168 184 185 163 168 170 169 175 175 168 174 167 150 160 154 153 170 163 152 150 156 156 161 163 171 164 151 177 178 172 165 165 164 157 152 153 152 153 149 158 153 140 136 145 162 163 153 142 150 159 158 160 154 155 163 154 145 148 169 155 146 151 144 142 139 134 127 134 143 152 152 145 150 155 157 153 148 155 159 151 160 165 168 172 171 167 163 148 152 167 166 161
167 166 170 179 182 170 165 171 167 174 169 161 159 153 153 160 165 160 160 151 146 151 157 161 158 151 160 158 147 172 173 173 167 154 154 149 152 158 144 143 160 165 148 152 150 147 158 154 151 146 160 169 165 161 147 141 153 152 141 140 158 158 152 150 145 148 140 142 143 136 135 148 153 154 156 149 166 167 154 154 155 154 157 162 164 160 158 156 167 166 164 166 172 167
162 165 166 169 159 170 176 172 170 172 174 183 162 157 165 160 159 159 153 153 162 163 161 164 171 165 154 150 150 173 156 156 155 144 156 153 152 151 149 147 166 171 151 169 166 143 150 143 143 149 155 162 169 163 158 147 150 148 150 139 142 145 155 158 147 152 150 149 148 139 135 151 147 157 154 143 167 158 144 145 155 160 163 166 161 151 153 148 162 168 166 168 173 166
172 174 174 178 160 168 178 160 177 183 170 183 168 159 160 153 163 165 159 162 166 158 151 157 171 169 155 151 147 165 166 151 147 151 162 155 148 148 164 159 158 165 167 171 167 156 162 153 159 161 153 151 155 160 164 150 148 142 154 154 149 146 156 154 138 140 148 142 141 151 141 143 139 152 139 138 154 146 142 146 159 163 163 165 164 159 162 160 162 157 160 170 169 169
177 174 178 180 172 173 171 159 165 164 156 166 174 175 167 160 159 160 156 152 150 154 160 152 160 157 158 137 111 132 158 156 155 155 160 155 136 136 155 152 145 155 166 162 160 154 160 155 167 163 158 153 153 157 155 146 158 159 157 161 159 159 159 153 138 141 146 147 148 154 147 143 145 150 145 153 155 151 148 159 169 168 165 165 159 151 156 163 168 162 160 162 158 167
186 169 172 173 166 168 174 171 162 161 162 157 163 168 161 167 162 173 162 150 158 157 153 154 168 154 153 117 96 135 150 147 155 146 148 151 137 137 148 144 135 133 158 161 154 150 151 161 162 152 156 159 151 147 149 156 169 162 159 162 154 156 158 152 153 160 158 164 153 145 149 148 144 151 159 159 158 148 159 174 171 163 168 167 162 154 159 161 165 168 163 160 159 166
182 178 183 165 160 170 173 169 152 154 167 161 157 162 160 159 147 154 162 161 179 170 149 150 162 155 150 117 123 156 160 147 154 145 150 154 148 132 128 133 132 121 152 159 145 150 155 160 149 142 157 162 163 162 162 166 167 151 153 160 154 160 166 163 162 163 164 163 152 149 153 149 147 163 157 147 157 156 169 165 154 142 157 166 168 173 169 164 165 169 167 167 157 153
173 182 179 154 161 166 161 157 158 166 167 169 172 157 147 145 135 134 149 150 172 176 165 162 163 159 161 143 146 155 155 152 153 149 154 157 151 134 124 138 145 130 147 156 150 158 175 169 160 149 166 176 163 170 172 152 149 147 155 157 145 152 163 165 154 152 157 145 146 152 159 161 160 164 159 148 158 160 163 160 148 142 158 161 170 178 169 169 165 159 164 173 164 153
162 158 157 148 154 160 160 156 164 166 159 150 151 145 145 147 144 151 157 146 157 160 165 166 163 160 166 169 167 165 167 165 153 147 149 140 134 135 125 141 159 146 140 147 161 149 157 157 160 161 170 184 169 170 167 154 152 139 141 154 153 153 162 161 150 152 154 153 155 147 155 166 165 164 165 151 154 155 160 166 158 153 164 164 171 176 168 168 162 152 159 174 177 164
163 159 167 159 157 165 161 155 157 156 153 141 142 150 154 150 147 155 163 158 174 165 161 170 166 169 175 174 160 163 162 151 137 133 150 147 136 146 153 148 164 162 144 146 163 154 147 139 149 164 161 174 176 166 159 151 150 150 140 140 147 146 155 153 148 151 156 161 163 151 156 160 160 170 169 155 156 161 160 159 158 151 160 169 172 178 166 167 165 164 167 169 169 165
165 157 163 149 157 171 161 160 171 157 141 141 146 141 142 151 148 148 157 157 163 160 153 163 162 174 174 167 153 166 151 139 157 144 145 151 162 167 163 154 157 163 160 161 168 163 152 146 158 163 153 152 156 150 149 145 149 160 159 143 146 145 147 151 149 147 161 157 155 153 168 170 160 169 168 160 154 157 152 151 161 162 161 166 169 172 161 166 175 170 163 163 165 162
170 158 159 149 164 172 158 156 157 144 131 126 140 144 147 160 155 150 150 161 166 161 156 151 150 163 161 168 159 163 156 148 162 154 146 146 155 162 159 162 164 162 158 171 177 169 158 161 178 164 155 149 143 151 148 152 156 150 152 153 161 155 152 149 156 166 163 153 153 157 178 179 164 164 165 160 156 153 150 152 162 174 165 158 156 158 157 159 172 167 162 165 165 161
175 160 168 163 162 162 158 156 155 144 133 127 140 147 154 166 156 158 171 170 161 154 156 156 153 159 162 166 154 154 164 163 155 163 153 149 150 153 161 172 175 168 161 172 180 167 149 146 156 143 152 156 147 158 157 156 158 137 140 157 168 157 157 154 156 166 155 156 166 159 167 168 160 157 160 149 155 163 152 149 151 161 151 156 154 146 146 155 168 168 166 158 157 157
171 154 169 174 156 152 167 172 166 146 134 142 150 136 141 165 165 171 182 165 149 135 136 153 149 156 168 162 153 155 167 178 167 165 154 144 152 152 161 168 177 176 173 168 175 171 154 146 142 133 153 157 147 156 161 148 148 140 151 156 161 155 166 164 151 156 160 160 158 146 143 153 166 167 169 155 152 157 147 147 154 157 152 156 158 147 150 163 163 157 156 156 155 161
166 166 182 178 173 157 162 170 168 150 134 137 155 154 152 161 155 154 155 172 167 137 135 149 142 150 160 160 155 160 160 162 153 156 150 147 154 166 166 152 162 162 161 161 162 167 154 151 149 147 157 158 154 154 148 139 145 137 152 153 152 153 156 158 159 161 157 154 145 142 149 159 159 155 159 156 146 155 157 161 160 156 162 151 150 154 158 162 165 160 160 164 160 169
168 172 178 166 190 183 173 175 165 150 149 145 146 163 165 151 146 157 144 160 160 137 139 148 149 159 161 157 153 171 162 157 148 149 161 166 153 159 164 160 169 160 148 152 158 164 158 161 164 170 169 160 163 163 160 154 154 148 154 149 150 155 154 149 151 161 160 155 149 145 158 166 152 148 150 150 145 158 161 158 154 156 161 151 156 159 151 150 155 154 159 162 159 161
168 167 169 168 185 184 173 162 144 150 160 152 139 155 166 159 150 155 148 145 151 153 159 153 138 147 161 162 163 163 157 165 166 153 157 161 156 162 167 176 190 172 158 168 165 163 156 153 148 151 154 150 154 162 165 159 160 169 164 153 158 165 170 160 154 160 164 156 156 152 155 161 153 155 154 157 155 158 159 154 156 154 151 153 164 163 157 153 150 157 163 164 161 157
168 166 181 182 173 180 174 165 154 157 163 163 155 159 179 182 163 154 156 168 164 162 168 146 130 144 161 167 161 153 154 164 169 158 151 149 165 171 171 163 172 175 164 167 164 166 152 145 144 142 146 144 151 169 161 164 164 161 157 158 171 169 161 164 173 174 173 162 156 162 155 150 158 164 158 159 163 160 165 156 161 162 161 160 161 160 165 164 156 155 165 165 153 151
177 165 183 179 173 188 179 183 175 150 148 161 170 165 170 173 170 170 167 165 158 146 149 136 145 145 155 172 160 161 162 167 159 157 159 163 167 166 172 146 144 152 152 159 162 169 163 149 153 147 150 150 159 172 153 157 162 148 146 154 162 165 158 169 178 185 187 170 149 161 164 151 162 166 159 162 166 161 165 153 164 168 166 157 148 151 159 165 161 150 152 155 156 157
188 173 174 177 170 169 168 171 169 161 156 145 163 161 166 179 180 167 164 167 155 136 150 148 159 151 158 164 154 161 159 162 146 149 157 157 154 162 166 143 146 148 157 159 159 163 165 160 153 138 139 151 161 159 151 150 148 152 147 147 152 166 166 170 185 202 195 180 155 152 159 150 155 156 161 166 164 159 160 155 162 161 162 157 154 157 165 170 169 157 147 157 163 159
186 181 160 169 167 154 161 164 168 165 164 149 161 158 163 166 170 167 165 168 163 164 167 158 155 158 168 155 141 146 142 146 142 149 158 157 152 153 161 170 165 154 163 159 167 164 149 152 153 148 143 148 146 145 156 155 140 153 143 141 149 155 164 155 171 187 173 166 156 151 156 152 157 157 163 164 152 154 162 160 163 167 167 161 161 165 171 166 159 159 153 158 157 159
171 179 166 174 182 173 169 168 160 162 159 152 160 156 160 160 164 162 160 165 165 162 154 155 154 147 154 151 138 130 135 143 150 150 156 161 160 161 161 174 165 154 159 151 156 163 158 146 138 143 150 148 135 130 144 160 144 152 144 147 152 140 151 145 156 162 148 144 149 150 160 159 156 153 158 160 152 156 163 165 165 161 169 169 166 163 167 164 152 149 153 160 156 157
177 180 171 164 171 164 165 173 168 166 159 156 166 163 168 171 163 161 161 169 172 163 155 152 154 144 131 141 141 134 142 141 151 157 166 173 171 177 160 160 161 149 148 142 148 158 163 164 151 144 140 139 142 136 150 165 147 159 170 165 155 144 150 143 146 153 148 145 153 149 146 149 151 157 162 160 161 161 155 160 166 161 166 162 160 161 161 161 156 146 138 142 149 153
196 181 162 150 156 157 162 172 180 173 162 156 166 159 160 159 152 165 160 158 171 170 158 149 158 163 135 136 150 150 140 144 161 154 162 176 170 170 158 156 138 113 120 137 150 149 147 153 158 157 147 148 159 167 162 146 131 141 153 150 150 156 157 145 141 155 165 163 163 157 152 142 153 161 161 157 157 163 155 157 164 160 159 157 160 163 162 154 153 150 133 133 149 157
194 174 149 151 153 160 159 167 175 174 167 168 159 153 170 164 158 165 159 161 165 167 161 151 147 149 144 159 164 150 147 156 161 148 150 174 178 176 165 158 126 85 102 142 151 151 152 149 146 140 138 137 144 155 150 144 150 148 133 136 150 156 164 154 144 154 160 150 151 155 157 151 153 149 163 164 156 151 155 163 164 169 167 165 163 156 147 143 148 156 138 129 141 151
188 184 171 165 153 170 169 173 179 170 162 159 145 153 170 157 162 161 146 158 173 170 165 162 143 132 146 164 164 157 162 167 161 158 158 168 179 179 160 156 137 101 114 148 162 173 151 153 157 146 141 133 127 136 143 144 159 162 148 150 156 150 157 146 131 145 156 137 142 143 142 161 157 157 172 173 166 157 155 157 165 178 179 171 164 154 144 154 160 160 144 128 135 150
169 180 181 168 158 177 191 189 172 166 168 164 162 166 162 144 159 167 157 157 158 162 156 160 152 136 149 162 176 169 166 171 168 163 162 168 172 165 144 136 146 140 146 153 159 179 157 153 163 164 154 144 143 153 150 139 149 158 162 162 157 152 153 140 122 140 155 150 155 145 149 170 164 165 170 170 169 171 167 162 172 172 169 159 160 161 155 155 152 147 138 136 142 157
166 177 173 154 158 171 176 170 167 171 166 166 177 176 169 161 171 167 166 161 151 154 156 159 160 154 157 161 169 173 164 169 162 157 160 176 177 163 143 129 154 157 156 165 164 173 164 151 152 155 153 145 142 147 147 142 147 154 166 162 154 153 149 137 124 139 149 156 155 151 163 167 162 155 157 165 173 174 168 163 172 171 169 160 165 162 149 148 146 142 143 151 154 154
176 172 178 173 175 164 171 171 164 157 153 165 168 161 153 157 172 157 162 172 173 160 148 148 153 158 166 170 163 179 170 169 172 171 162 173 178 168 147 122 145 154 152 163 155 165 164 162 161 163 161 150 148 134 134 143 157 162 164 155 141 132 131 126 123 123 117 125 135 149 162 171 176 171 166 167 173 174 164 167 168 164 167 165 168 146 137 144 150 146 150 164 158 143
179 162 158 164 161 154 166 157 154 164 172 170 153 158 168 157 162 156 148 163 168 154 150 161 151 150 165 166 160 182 188 174 178 157 145 156 164 166 155 108 115 144 150 158 139 146 160 166 169 167 164 151 154 137 133 146 156 157 164 155 141 130 126 131 129 122 108 112 130 148 158 171 168 166 168 161 163 171 168 169 161 160 167 163 159 140 140 145 150 144 150 158 150 141
168 162 147 138 141 149 157 152 155 170 175 163 152 154 160 150 159 175 158 146 153 153 159 167 147 141 152 161 172 177 192 175 165 153 156 157 153 153 152 102 101 140 160 166 149 157 170 165 161 163 174 161 151 146 137 143 161 159 156 154 149 129 126 130 137 148 135 139 151 151 152 160 155 157 160 149 156 159 156 153 150 159 168 167 167 156 147 141 147 149 151 151 146 144
157 140 117 114 149 156 154 152 147 149 153 149 154 149 154 154 165 181 157 147 151 147 151 154 142 145 161 168 171 165 178 167 156 155 167 171 157 144 142 108 111 132 154 165 155 157 171 170 168 163 173 176 158 151 150 149 163 163 144 151 156 141 138 143 154 168 156 150 154 150 155 160 157 159 158 149 150 154 159 167 168 161 162 152 152 151 148 147 154 161 156 150 147 144
146 123 106 121 154 155 153 148 152 149 148 149 155 150 157 158 157 174 155 157 166 157 158 158 152 156 163 165 172 176 176 162 153 158 167 175 179 170 158 133 132 145 156 170 159 157 163 167 170 165 164 165 166 166 157 153 154 163 152 148 150 147 152 150 146 158 158 147 152 154 169 167 155 158 155 151 151 157 155 158 166 155 159 151 150 153 157 162 157 148 139 140 146 147
142 138 139 137 141 137 151 144 147 145 146 156 167 155 149 150 143 159 157 161 161 162 171 161 160 157 150 157 165 175 167 167 170 166 158 158 174 181 181 167 165 176 164 165 170 158 158 163 158 159 157 163 167 166 153 158 157 168 163 151 141 133 133 134 129 142 159 152 153 150 154 161 158 159 157 153 153 162 156 147 167 167 154 144 148 155 158 167 163 148 141 145 147 150
155 158 162 142 135 132 151 159 155 153 153 155 161 148 139 148 147 151 147 154 149 159 164 159 169 157 157 166 166 175 167 178 176 171 169 187 191 178 174 163 159 168 161 154 165 162 170 169 155 158 150 155 164 170 163 161 161 165 161 146 137 143 143 153 154 152 155 155 153 156 158 161 156 147 154 155 152 160 159 161 177 181 154 140 153 165 168 166 169 162 149 148 147 143
160 162 153 150 151 157 173 169 163 164 150 148 152 155 156 150 154 156 158 159 158 170 170 167 166 162 168 173 178 181 183 181 174 186 198 219 209 189 176 160 155 161 170 162 167 168 170 176 167 169 164 159 162 164 166 163 160 149 158 155 151 167 166 164 160 150 162 170 155 161 161 154 155 154 162 162 159 163 160 157 161 169 162 158 167 168 164 170 174 161 151 148 148 137
143 152 144 155 164 162 173 165 157 171 162 152 145 146 155 157 161 164 168 150 158 167 162 153 152 164 175 179 189 185 183 169 163 168 188 218 220 203 188 178 175 168 170 164 160 154 157 170 171 175 175 167 161 158 160 148 147 142 158 179 174 162 161 161 154 154 165 169 156 152 145 154 165 170 165 161 169 172 164 157 157 164 165 164 162 162 158 166 163 163 158 159 157 146
134 155 162 166 164 155 162 166 158 161 163 145 136 146 153 164 167 158 159 145 161 164 159 156 154 172 182 178 175 177 172 151 161 165 186 225 222 198 181 171 169 166 167 159 159 158 164 177 175 171 167 167 157 160 169 147 149 162 166 175 172 157 164 165 152 156 149 144 136 137 155 169 169 173 165 161 169 171 170 162 164 164 159 158 160 174 175 165 162 167 162 165 164 155
