example/E5 - XRays/X-ray-tomography/rastert_juap01.txt
ncols         356
nrows         356
xllcorner     -0.5
yllcorner     -355.5
cellsize      1
NODATA_value  -9999
[rows 210 to 251 of 356, columns 188 to 281 of 356]
168 178 171 175 172 160 172 171 165 153 171 158 157 165 169 173 171 178 170 176 190 178 168 172 184 186 170 172 182 178 175 172 172 181 173 167 168 165 160 165 171 170 160 162 163 166 162 162 171 168 175 171 162 155 159 149 147 151 143 149 151 148 140 143 145 136 125 95 70 58 60 71 72 69 74 71 84 108 131 133 114 112 122 129 130 127 127 129 135 135 127 128 135 140
164 173 167 177 162 168 178 167 171 170 169 166 173 171 167 173 170 176 177 171 176 174 172 170 164 173 177 169 176 182 187 179 175 171 169 161 157 166 162 162 171 174 169 163 165 168 168 173 181 174 170 173 176 167 160 161 163 154 150 146 150 154 144 143 135 123 108 78 74 67 62 70 75 69 76 80 89 116 136 139 130 124 129 135 130 127 136 133 130 129 137 139 141 148
157 164 174 185 178 190 186 164 164 171 177 172 172 179 176 175 181 186 178 172 169 158 173 181 171 161 158 154 170 181 176 161 165 159 165 157 155 157 163 178 174 183 187 165 169 178 178 177 182 183 176 175 174 162 153 158 166 164 163 141 143 154 143 143 142 122 91 83 87 92 95 93 87 76 83 96 111 119 123 140 141 135 141 147 140 134 145 137 122 124 139 137 141 150
155 161 175 175 179 186 184 181 173 167 179 179 178 183 182 167 173 181 166 161 165 164 173 165 180 173 151 143 148 162 165 162 167 162 163 166 176 174 181 189 176 177 180 170 174 192 194 198 196 185 181 174 170 164 154 157 161 159 160 135 137 145 132 136 138 118 100 96 93 96 98 94 89 90 99 107 125 127 123 132 139 139 147 153 145 135 136 127 120 124 134 142 147 148
175 169 180 181 176 171 166 172 172 164 171 177 177 180 179 171 175 183 173 172 175 169 161 154 169 164 159 153 152 160 156 160 162 158 155 170 175 187 190 176 174 185 185 181 176 184 181 191 194 180 176 163 160 159 149 154 158 153 164 144 140 140 132 130 127 116 114 119 111 97 97 103 107 109 110 115 132 139 134 134 146 148 151 150 148 146 138 123 125 136 139 144 143 139
168 169 179 172 173 172 162 171 166 157 173 179 172 180 177 187 187 177 170 176 174 155 148 159 156 144 149 153 160 171 168 162 150 151 165 179 178 186 182 178 192 199 189 180 175 174 169 175 191 184 164 151 149 149 150 157 159 151 166 154 142 133 130 122 123 118 122 136 121 116 117 120 130 129 121 121 135 135 134 136 145 148 149 149 149 149 151 144 138 141 138 137 134 133
167 168 179 176 173 174 162 174 167 156 172 176 163 168 169 172 170 173 176 171 169 159 156 162 163 153 147 156 158 178 188 181 162 152 176 185 179 175 177 183 180 176 174 173 170 173 170 170 187 178 149 145 141 134 139 151 159 151 154 152 149 131 127 121 126 131 126 121 115 123 127 123 124 132 136 133 138 142 138 120 136 147 151 150 150 150 152 150 147 146 141 135 133 139
167 175 182 184 175 179 170 170 168 166 167 163 161 167 165 162 166 177 181 173 164 149 165 162 149 163 169 170 161 178 183 178 178 167 181 183 171 172 183 174 173 176 177 173 169 171 169 159 171 181 165 149 138 137 140 143 153 155 149 144 144 142 139 135 132 137 133 122 113 112 128 123 119 131 138 135 138 150 152 128 143 156 160 155 153 154 152 150 149 150 146 139 143 149
154 164 170 178 180 179 172 165 168 171 167 164 168 163 165 168 171 167 176 179 166 149 168 155 141 158 167 175 170 176 174 172 174 175 174 164 167 168 172 164 171 177 172 171 169 169 161 156 167 172 160 138 131 132 133 140 148 145 147 141 136 145 145 143 132 129 130 127 116 113 124 121 123 123 128 133 129 135 148 137 143 154 154 150 155 159 157 156 151 146 140 145 151 150
151 160 166 183 189 173 167 157 153 158 164 153 153 145 157 174 169 157 177 191 172 150 160 160 159 160 146 154 162 167 173 177 175 165 168 173 182 177 175 177 179 172 172 170 162 157 159 170 173 159 146 125 127 131 123 136 142 136 133 131 131 136 137 135 130 135 140 135 127 117 120 129 129 124 135 145 135 145 148 132 135 146 146 149 152 155 152 154 146 145 140 143 149 144
161 172 166 175 182 159 150 151 143 138 157 153 158 165 173 180 167 157 167 182 179 158 151 159 160 155 138 135 151 171 181 179 176 170 187 184 174 177 181 182 183 179 185 176 163 152 162 175 182 172 148 117 123 138 132 136 137 141 131 126 133 130 138 143 142 139 129 118 118 123 124 130 133 127 138 153 144 154 156 144 147 153 149 155 153 155 150 152 154 151 150 153 155 153
162 179 172 171 171 157 155 155 149 140 162 170 174 172 169 163 165 171 159 160 168 156 143 140 149 154 148 151 155 161 176 177 182 175 183 185 175 178 183 172 169 169 173 173 166 145 147 157 164 175 157 128 121 126 133 133 136 141 135 134 139 130 135 151 160 156 142 128 125 126 129 136 137 123 129 150 145 143 154 157 161 163 155 162 158 160 154 148 155 153 151 157 164 173
169 176 158 161 171 166 165 149 145 153 177 178 183 182 170 154 154 165 154 153 158 159 162 152 146 155 149 162 159 145 151 153 176 175 174 187 180 174 185 178 172 177 177 180 175 141 137 152 155 159 150 144 135 125 137 143 143 139 133 132 147 146 148 160 166 170 157 145 130 125 133 143 142 135 133 147 146 148 153 151 153 161 156 160 156 150 151 149 145 145 149 152 159 173
162 164 161 165 169 171 172 158 157 155 163 157 165 179 178 163 144 141 134 140 147 157 168 170 171 162 150 172 170 149 145 146 168 172 174 176 169 164 171 176 180 178 178 174 172 157 142 151 157 154 146 154 132 120 142 146 141 146 134 121 140 152 154 151 149 154 143 144 142 142 145 147 143 139 145 158 156 160 162 159 158 165 162 159 156 154 156 150 143 155 156 148 152 165
157 158 169 168 159 171 167 152 150 156 164 157 153 149 156 155 150 149 139 144 152 158 158 167 179 162 152 170 156 137 143 155 162 164 166 168 166 162 158 164 169 171 178 167 160 155 140 141 143 151 149 154 132 128 143 146 144 145 140 132 142 150 151 146 143 149 147 149 148 146 146 141 147 148 154 156 154 152 165 166 158 164 168 168 160 164 169 159 152 160 163 155 155 162
177 161 161 158 159 168 154 146 146 155 159 162 165 152 161 165 158 170 169 165 165 170 174 170 167 155 148 151 133 120 139 152 157 162 165 171 164 161 165 174 174 178 182 171 160 151 141 140 134 139 143 142 142 146 138 143 153 150 153 153 151 147 150 151 148 149 155 154 149 148 148 141 148 147 156 159 156 147 152 168 160 154 163 168 164 167 173 169 156 152 161 156 155 161
172 154 152 165 170 162 147 147 145 145 150 150 154 151 160 173 175 179 166 159 166 156 165 169 170 152 143 152 151 133 142 149 160 177 171 161 160 162 159 163 169 167 163 157 155 160 158 162 159 149 144 137 136 145 136 138 150 157 156 156 150 140 144 156 161 148 147 150 151 158 158 149 151 156 164 164 157 155 151 158 163 159 157 168 168 160 158 161 162 159 155 148 148 153
162 157 155 151 157 158 140 134 140 152 157 155 160 166 159 163 174 170 160 158 166 156 169 183 173 153 141 146 156 137 146 145 151 173 161 149 153 163 169 156 165 153 143 147 149 157 154 152 148 144 143 140 142 150 144 139 146 156 150 151 149 144 149 155 162 149 142 148 158 164 170 163 151 152 159 159 153 155 160 159 158 157 151 163 162 160 157 158 163 166 159 156 158 159
161 149 142 143 160 165 151 144 158 166 163 168 164 163 172 163 159 155 167 164 153 156 169 179 163 154 159 158 158 144 157 159 144 157 150 157 159 147 155 147 151 144 147 144 145 160 144 134 130 134 149 148 143 147 141 151 161 156 147 154 151 151 155 151 154 150 149 155 152 151 157 160 155 144 145 160 160 151 149 154 155 157 152 160 160 157 164 167 162 157 151 156 168 161
139 144 141 146 163 157 157 166 175 170 164 169 168 162 179 172 162 151 171 160 146 153 160 171 170 161 178 176 164 155 158 164 148 155 152 158 163 134 126 146 145 150 162 147 145 166 154 140 141 150 159 157 150 150 141 152 157 147 151 162 155 152 159 154 149 148 160 168 151 146 145 150 167 169 165 171 169 155 144 143 149 164 167 172 163 156 161 166 167 161 155 154 159 152
133 156 159 150 154 154 152 151 169 168 156 164 183 177 169 164 160 151 163 154 147 157 166 168 166 159 167 158 156 159 153 151 145 147 143 140 148 137 131 149 141 147 155 152 149 161 158 146 152 147 147 152 154 151 146 157 158 154 152 162 166 161 157 159 156 150 151 153 148 151 149 150 165 167 168 165 160 158 157 155 155 175 181 174 161 162 159 160 163 166 163 154 150 146
158 166 161 147 153 161 150 149 167 154 145 152 161 167 159 158 167 160 152 153 152 162 161 159 153 151 156 150 153 152 149 158 151 150 146 146 146 148 145 152 146 154 149 156 153 160 160 156 160 153 155 157 151 147 146 154 148 153 157 161 169 175 150 142 152 152 143 142 140 142 145 150 159 158 157 156 150 152 159 168 163 165 169 169 157 151 150 150 156 164 163 161 158 155
187 176 173 157 156 160 161 168 165 153 156 161 163 159 151 156 158 159 155 168 161 165 166 168 155 148 148 142 145 141 146 154 139 144 149 150 140 141 144 149 147 152 154 159 147 153 162 166 161 160 161 160 156 152 149 148 148 154 159 153 155 168 155 147 155 151 138 139 143 147 150 152 158 161 157 162 158 156 155 160 156 159 163 169 164 153 146 153 166 166 166 158 153 161
177 173 181 170 169 170 174 167 156 159 160 162 160 151 155 166 159 157 167 176 166 165 165 169 155 157 152 140 137 132 135 134 130 149 148 132 126 134 141 137 138 148 160 156 146 160 174 173 160 161 167 164 159 154 154 150 156 164 157 152 157 163 160 161 158 152 141 140 142 148 154 151 156 169 170 169 164 171 171 164 163 166 172 172 171 166 159 163 161 159 160 151 150 163
173 174 182 170 163 160 169 159 151 170 164 159 155 156 173 178 175 169 169 171 168 161 156 154 156 160 153 137 129 131 143 146 141 142 128 115 125 132 149 149 138 149 156 150 150 159 162 164 166 161 161 161 149 145 153 146 150 169 168 159 168 165 157 160 145 144 139 141 138 141 151 153 154 162 165 162 168 166 168 170 167 165 166 167 161 158 159 167 158 153 157 151 156 162
177 162 164 165 162 152 151 151 156 164 146 148 148 152 170 169 166 167 163 173 187 167 150 150 151 150 138 136 136 133 142 147 137 124 119 110 118 132 152 157 150 151 145 142 140 143 146 157 175 164 152 160 150 145 159 153 151 164 167 157 163 166 164 162 155 152 144 139 144 153 149 148 149 152 161 163 163 163 163 166 163 166 162 166 162 153 153 165 162 152 157 157 155 156
183 163 157 171 160 150 160 172 173 158 143 153 156 154 163 160 165 176 173 177 180 168 164 156 149 154 148 143 138 128 125 125 118 106 114 124 128 138 153 155 151 151 147 146 144 147 153 163 177 171 153 151 145 145 162 162 168 167 163 158 153 152 156 155 154 153 151 136 141 157 152 152 155 151 162 168 167 172 164 162 160 160 156 162 163 163 160 168 169 165 167 166 155 149
179 168 166 178 160 155 160 166 155 145 148 149 151 149 152 145 154 154 161 169 159 156 161 155 150 151 159 153 139 131 130 123 128 129 127 147 151 135 136 140 140 143 153 159 157 149 149 162 177 163 151 150 149 149 162 165 169 170 164 163 156 147 153 156 155 150 159 149 146 156 158 161 162 153 150 157 168 177 172 160 155 158 165 166 157 163 164 170 170 166 170 167 160 149
170 162 159 159 156 164 155 154 149 147 144 138 142 142 143 144 165 157 156 165 164 165 166 166 168 157 148 157 142 137 137 128 136 144 134 146 161 137 128 136 137 137 141 144 141 140 145 146 154 140 143 153 159 160 152 156 157 163 164 160 157 159 164 161 161 152 161 161 153 153 159 160 165 155 151 158 163 163 162 160 153 159 167 171 163 152 148 164 169 166 170 164 159 153
165 162 154 151 153 159 160 163 164 162 147 158 160 152 144 139 159 162 162 167 163 164 173 169 174 171 153 166 151 144 136 138 145 149 145 143 153 144 137 135 142 147 145 142 139 144 150 140 141 136 145 151 147 152 153 158 151 148 153 154 154 160 161 155 160 157 156 159 158 161 164 158 165 159 164 166 164 167 165 166 161 161 158 165 172 162 148 157 163 158 162 164 159 159
153 161 172 157 150 144 162 159 154 158 152 162 155 141 135 145 155 152 157 164 163 168 183 175 171 170 155 157 151 149 137 135 139 142 148 143 145 154 144 133 152 156 147 141 138 133 139 140 143 130 128 140 144 143 148 157 143 135 144 144 153 160 155 160 166 169 165 164 161 160 152 152 166 161 162 162 161 168 165 162 158 157 156 153 165 172 159 152 154 149 153 160 165 165
148 150 164 155 151 148 161 157 147 141 142 150 147 135 138 157 157 147 152 161 163 171 174 166 160 158 148 148 142 142 133 126 130 133 134 134 136 144 137 136 153 151 146 148 147 128 128 139 137 128 129 143 155 149 144 151 141 135 146 140 141 152 150 160 166 172 166 156 153 154 153 151 164 162 164 164 156 157 157 161 159 160 165 156 160 171 167 162 154 150 155 158 167 167
165 161 158 156 151 162 165 170 158 141 146 157 158 150 150 157 154 155 156 154 169 172 159 157 150 144 144 151 144 140 144 145 141 133 131 136 136 145 139 129 149 151 141 143 147 138 131 130 131 140 145 147 152 156 152 145 133 136 151 151 144 146 146 158 165 172 169 150 144 156 172 161 159 158 164 171 161 154 152 166 165 161 164 164 161 162 160 165 158 150 151 153 163 165
179 167 154 154 154 164 167 175 155 143 150 157 154 151 162 164 160 166 163 154 168 169 156 159 154 150 147 141 140 137 133 141 140 140 146 136 123 136 147 131 152 158 138 140 139 131 127 129 135 146 146 139 143 146 152 149 141 145 151 152 155 150 145 153 160 165 173 160 149 152 164 164 159 161 166 169 168 168 158 162 165 163 159 166 165 164 161 160 157 150 159 161 157 154
172 164 156 154 158 160 164 165 149 142 145 159 156 155 165 156 150 153 155 166 167 166 165 163 153 150 152 146 147 141 127 136 132 130 139 134 125 123 134 138 154 164 144 140 138 131 135 138 134 135 141 144 156 161 157 155 157 153 146 146 159 156 150 147 153 155 163 162 153 156 162 162 156 158 165 168 171 173 163 157 163 162 161 165 165 165 167 160 156 152 154 161 155 151
164 167 175 171 163 159 160 160 156 150 152 161 157 160 163 162 163 161 167 183 169 166 166 158 140 134 145 146 146 142 141 145 135 125 131 130 131 133 131 136 152 168 160 154 146 132 135 146 136 126 136 141 164 170 151 150 158 152 148 143 155 156 153 155 160 154 153 158 157 165 167 159 161 166 172 173 166 168 170 159 160 159 162 171 173 171 167 157 148 158 157 160 162 161
160 169 179 170 163 165 163 170 173 166 168 163 161 177 165 168 182 171 164 169 161 167 163 154 154 152 157 157 157 151 147 148 135 124 129 135 134 136 136 146 165 166 154 149 150 142 139 152 147 136 138 144 149 144 137 147 156 154 159 149 144 153 159 155 153 151 154 159 158 158 155 156 161 160 164 158 157 167 172 161 163 163 159 166 166 170 174 163 155 164 161 156 154 164
159 165 174 164 162 173 171 174 163 157 175 173 170 181 157 161 180 172 166 165 156 156 157 150 153 159 162 157 157 150 132 138 132 127 134 138 132 134 143 159 176 166 155 155 152 144 140 151 151 142 137 148 143 138 147 152 155 155 158 148 142 153 159 150 157 162 153 153 158 155 156 158 158 158 157 153 157 162 162 155 162 168 154 151 155 162 169 163 157 159 149 148 149 160
174 161 169 167 156 175 181 172 165 155 166 175 168 177 172 164 163 164 161 161 165 160 156 149 144 156 162 165 165 149 134 139 128 136 136 133 138 141 145 149 158 164 164 165 153 154 154 155 154 147 141 145 153 157 157 150 160 161 151 153 152 154 156 149 156 165 154 152 151 153 158 151 156 159 159 164 166 164 160 150 151 156 153 154 158 157 157 153 146 156 151 154 156 157
167 161 166 174 166 175 182 169 173 179 167 161 173 186 179 160 151 158 158 160 169 165 163 153 154 166 163 173 178 151 142 139 128 140 136 132 136 133 137 142 148 155 142 141 146 148 149 148 153 160 154 156 154 152 145 147 162 161 145 154 149 149 157 146 146 161 161 156 150 148 152 146 155 156 149 152 164 167 168 160 152 158 164 165 152 157 159 157 154 165 165 159 160 160
165 166 171 177 182 186 188 172 168 178 173 166 180 180 172 166 166 167 162 165 161 154 166 165 163 168 165 169 171 155 153 144 143 150 148 143 140 143 145 141 141 142 139 147 156 146 145 147 151 161 150 150 152 151 145 150 170 171 151 157 151 151 162 147 141 156 167 164 164 154 152 148 151 148 147 145 154 172 172 166 157 161 163 161 147 150 157 163 164 168 169 162 167 166
156 162 172 173 175 182 183 172 166 170 178 175 176 173 180 176 183 175 162 163 156 158 168 172 166 171 168 169 168 159 152 144 152 150 145 143 145 156 151 145 139 148 156 149 145 150 153 152 155 162 151 144 152 149 155 164 176 177 156 156 165 164 160 148 148 159 175 171 170 165 156 151 156 159 160 155 153 163 161 162 165 162 153 152 150 147 157 168 168 164 167 173 168 162
