example/E5 - XRays/X-ray-tomography/rastert_juap17.txt
ncols         356
nrows         356
xllcorner     -0.5
yllcorner     -355.5
cellsize      1
NODATA_value  -9999
[rows 294 to 335 of 356, columns 94 to 187 of 356]
166 165 165 169 171 169 163 163 167 167 167 172 170 170 173 173 174 172 169 175 170 165 165 168 169 162 161 164 160 155 118 77 97 124 141 135 128 141 150 152 144 139 128 123 139 152 152 153 150 152 146 138 144 151 150 149 150 150 149 152 152 152 156 158 152 138 115 97 114 132 147 155 155 160 158 154 147 137 142 141 139 143 137 137 141 130 136 140 140 139 147 162 145 126
163 158 163 169 167 163 164 167 165 160 161 176 173 166 170 174 177 175 172 173 166 167 171 170 170 163 160 161 164 163 143 107 96 104 123 122 127 143 145 150 146 139 130 125 126 136 144 145 144 149 153 153 151 160 162 160 157 149 147 153 148 151 157 161 156 150 134 104 119 142 151 152 152 149 149 149 142 132 134 140 143 145 140 131 140 135 134 138 150 154 157 164 154 148
167 157 161 167 161 163 166 164 163 158 156 166 167 164 170 171 165 168 170 170 165 168 168 157 160 165 161 156 165 159 135 113 100 105 124 125 130 141 146 152 145 142 145 142 136 134 141 143 139 143 149 155 154 159 165 164 159 146 145 152 145 147 161 166 156 152 140 129 142 147 149 159 158 139 141 151 140 130 136 143 144 151 146 137 145 138 132 139 153 157 154 158 153 147
171 164 161 164 157 165 163 156 159 159 161 166 164 167 172 169 167 173 170 165 167 164 159 152 148 160 165 164 163 146 128 127 122 121 134 134 134 142 143 143 139 137 142 141 135 133 132 135 137 146 150 153 156 162 167 162 155 147 148 148 140 146 158 161 157 146 135 136 143 141 145 158 155 144 149 156 143 138 148 144 139 148 146 137 128 123 119 132 148 153 157 155 146 140
164 162 159 163 165 168 161 154 156 155 159 158 161 169 172 169 165 165 166 167 164 157 155 140 133 149 150 149 145 133 130 132 130 132 136 133 140 145 139 141 142 142 145 141 137 124 116 123 133 145 149 149 157 165 163 158 156 148 150 138 128 148 159 158 153 142 134 130 137 145 152 151 144 144 153 156 149 149 154 144 141 144 142 135 128 132 125 134 141 149 154 149 143 135
164 167 167 168 167 161 159 158 158 148 142 145 155 161 159 165 166 167 172 165 150 149 149 130 123 124 120 120 120 129 134 127 130 140 132 127 141 143 141 144 145 150 152 146 141 132 132 137 141 141 140 148 161 163 155 154 152 151 150 129 122 149 161 162 151 146 130 115 129 148 153 150 147 151 156 144 140 147 152 143 141 148 149 149 151 153 146 145 138 132 126 129 138 133
168 175 171 166 161 160 164 165 157 139 123 117 128 147 153 163 167 170 170 155 145 135 127 123 116 109 104 112 124 136 136 129 130 131 125 127 135 137 142 140 140 148 154 150 146 146 147 146 148 141 142 149 156 155 155 156 150 151 147 130 129 149 156 159 153 147 122 102 118 134 141 143 142 152 155 138 136 146 153 150 142 149 154 153 157 162 163 166 153 131 111 106 122 135
170 173 168 165 166 168 167 165 155 139 120 101 110 141 158 167 169 165 155 145 140 119 101 104 102 97 103 125 138 143 135 133 135 130 129 133 139 145 149 150 147 147 150 147 142 142 143 145 145 139 143 146 148 148 152 151 144 143 144 129 123 139 144 152 151 143 119 97 106 114 124 133 138 150 152 148 153 155 158 158 152 155 151 152 161 166 170 172 161 145 133 121 126 135
170 171 169 166 163 162 161 161 158 148 134 126 134 150 160 162 159 156 147 138 126 98 72 75 84 90 113 137 139 145 137 128 127 125 128 137 147 152 146 146 143 143 146 149 146 136 135 144 140 139 144 137 134 136 147 153 144 140 140 119 115 137 144 147 144 142 127 107 104 101 109 128 147 161 159 159 161 154 152 154 156 159 150 149 157 164 162 159 161 158 155 146 149 145
169 167 168 165 156 154 154 155 158 156 149 153 163 161 160 156 150 147 138 123 102 78 60 64 87 111 131 144 141 145 145 135 127 128 133 142 147 145 139 135 138 147 153 153 148 139 139 146 136 135 141 130 127 131 141 148 141 140 142 127 118 133 143 152 147 144 137 122 117 111 108 130 148 158 157 156 160 150 145 146 149 151 152 152 155 163 160 158 159 158 153 148 154 154
164 160 168 168 157 150 148 151 152 148 148 155 158 155 156 151 145 136 127 113 91 82 86 103 133 144 140 151 153 153 151 138 136 141 141 143 144 142 136 137 145 150 153 145 137 138 146 153 145 144 141 130 127 135 148 149 148 149 150 141 136 140 148 152 142 142 136 124 128 130 125 142 149 154 161 162 162 154 151 153 155 152 158 164 162 163 162 163 164 164 157 151 150 153
158 160 159 157 149 141 140 139 133 127 137 139 141 147 148 137 132 124 114 111 109 111 124 138 144 147 150 161 158 158 152 142 149 154 155 151 145 140 134 135 140 143 150 144 142 142 148 149 146 145 143 141 126 119 135 146 156 157 150 144 153 153 147 139 133 137 130 127 137 146 145 154 152 156 165 165 161 155 153 159 159 151 155 161 164 162 154 156 161 163 161 157 158 157
147 147 137 145 148 142 137 131 122 128 138 137 137 139 138 127 116 115 124 136 139 139 143 142 140 154 166 166 158 159 153 150 150 150 150 139 132 134 136 135 137 143 145 145 145 143 146 144 142 142 148 148 121 101 116 138 151 154 155 156 159 153 148 149 145 144 145 144 142 147 148 151 153 152 160 168 162 158 159 161 158 157 157 158 162 159 155 155 160 167 167 167 163 158
123 134 136 150 152 152 150 141 132 140 145 144 137 132 126 110 100 112 137 152 148 150 153 154 158 166 170 168 164 163 157 149 144 143 134 118 115 128 139 138 139 147 146 144 143 145 139 141 143 142 146 139 118 109 119 133 144 153 158 159 151 141 147 155 153 151 151 150 146 148 152 155 162 161 163 169 165 167 166 162 158 159 154 156 161 158 161 162 167 172 165 163 159 159
130 145 154 158 157 151 145 143 142 144 143 145 135 109 86 83 104 126 141 153 155 154 154 160 163 158 159 162 157 155 151 146 143 145 136 118 119 135 143 141 141 146 147 146 148 148 142 147 143 135 131 119 118 123 127 133 143 155 158 161 149 142 148 147 146 150 147 149 146 147 155 156 158 160 156 165 171 173 158 160 158 154 150 157 163 161 161 158 166 171 164 158 156 168
149 151 157 157 156 146 136 137 151 155 148 145 120 69 56 83 123 140 148 161 163 158 157 156 154 153 160 164 159 155 147 144 148 151 146 137 136 139 147 145 139 143 149 154 155 153 148 137 133 133 121 109 122 132 132 135 150 159 155 155 148 150 154 150 145 152 152 157 148 150 164 156 151 162 163 165 169 166 149 154 152 147 152 160 165 161 156 151 161 167 167 162 161 172
148 150 152 146 141 137 133 137 150 153 148 135 101 67 81 116 143 152 155 164 164 158 158 154 154 155 157 160 163 153 141 145 154 158 151 141 137 138 149 151 143 149 156 157 160 157 149 131 128 135 125 115 128 139 136 135 152 156 153 153 152 149 152 153 146 158 162 160 150 152 166 164 163 168 164 162 164 161 152 155 155 148 148 156 158 156 150 150 157 160 165 169 166 170
149 148 143 128 123 136 143 144 149 152 145 110 75 80 109 134 151 161 156 155 159 160 157 155 158 157 154 154 158 149 142 146 147 156 153 139 137 138 148 154 152 159 166 164 161 161 154 139 132 142 142 134 138 147 148 150 154 155 153 157 158 152 159 160 153 164 164 154 150 152 162 167 165 169 166 161 164 164 159 159 155 144 138 137 146 152 144 148 154 155 158 165 165 169
157 149 135 123 128 145 154 151 145 144 129 86 73 102 128 144 156 165 158 155 156 160 155 154 159 156 153 153 154 149 151 158 150 153 157 147 143 146 159 164 159 164 168 165 164 166 157 149 149 151 149 140 138 142 150 154 154 155 153 159 168 164 160 161 158 161 161 154 154 157 158 163 162 166 171 169 165 166 168 167 161 149 140 134 147 150 147 148 147 148 153 161 164 174
155 147 130 131 144 154 153 144 138 135 110 81 89 119 143 155 161 163 162 160 158 161 155 156 160 153 154 154 149 152 158 170 164 159 157 146 147 158 164 162 159 168 169 163 163 168 158 155 160 156 151 146 142 144 152 153 149 146 148 152 165 165 160 162 157 157 158 152 159 159 155 161 160 160 168 170 163 164 165 164 163 156 141 137 146 149 157 153 145 149 157 164 170 176
147 142 135 136 143 149 142 132 134 124 94 85 110 139 156 167 164 162 166 162 159 161 163 164 160 150 155 154 147 152 159 167 159 151 144 137 141 149 155 159 159 169 171 165 165 165 159 159 157 152 150 150 153 150 147 150 145 140 144 149 161 165 160 159 158 161 164 152 160 161 161 167 164 163 169 169 164 164 163 166 166 161 149 145 149 149 159 159 154 152 155 164 172 172
138 143 147 140 139 139 135 135 136 119 99 106 137 155 160 168 165 167 167 162 157 158 165 168 162 155 155 153 150 153 159 161 153 149 144 139 138 143 152 162 162 165 169 168 166 159 158 158 155 160 161 157 158 152 147 154 145 136 138 143 156 166 161 164 162 163 166 158 162 161 159 164 166 170 172 163 160 165 165 166 170 164 155 154 154 147 148 147 149 149 155 165 174 170
142 156 155 143 144 147 141 133 131 124 125 133 144 154 158 162 163 166 165 159 158 163 165 160 160 161 156 153 157 153 151 156 158 161 156 155 155 152 155 167 165 163 164 160 159 158 162 162 162 167 167 164 157 153 153 156 153 150 151 155 160 167 161 162 163 163 164 162 164 160 156 159 164 172 170 161 161 168 168 164 166 162 159 165 161 150 145 137 139 146 160 167 178 175
158 168 160 155 150 146 135 127 124 119 134 148 147 154 160 162 162 160 164 163 161 163 156 155 161 159 155 153 156 148 146 156 160 167 166 164 161 152 155 166 163 163 161 158 158 160 163 168 170 172 168 163 157 156 156 154 157 159 160 158 158 165 160 157 160 160 165 165 159 158 159 154 153 162 167 167 169 167 165 166 163 157 159 164 159 149 148 143 145 153 159 167 177 177
158 165 156 149 139 130 128 125 117 115 137 148 147 156 161 162 160 163 168 162 160 162 156 159 162 159 161 154 149 147 152 161 162 162 160 156 152 149 163 168 159 164 162 160 157 155 161 169 168 168 162 159 157 160 160 157 159 159 163 160 159 165 165 165 166 162 163 155 148 156 156 148 153 160 167 171 172 168 171 167 159 155 159 162 156 148 149 149 151 160 162 167 175 178
151 158 147 140 134 126 126 131 129 132 147 147 145 152 155 160 162 166 167 163 162 161 158 164 168 167 163 148 140 149 155 156 155 153 152 153 150 159 173 165 156 160 156 157 153 149 154 165 167 167 161 157 157 165 166 159 162 166 165 159 162 164 166 170 167 162 162 149 136 146 151 142 154 164 166 165 167 164 163 158 153 153 158 163 155 152 154 150 149 162 169 173 177 177
146 144 133 133 137 139 137 137 130 138 147 145 145 147 152 159 164 163 162 163 162 155 156 162 168 169 154 144 145 156 156 153 153 151 155 157 154 162 163 157 160 158 153 151 146 144 153 159 163 164 159 156 156 162 163 161 162 165 164 162 164 164 166 169 166 160 160 148 139 150 149 136 139 147 155 157 157 158 155 155 153 150 155 164 161 157 157 150 148 162 174 178 177 178
139 130 120 117 128 141 139 134 130 140 142 147 153 152 150 155 161 161 162 162 161 156 158 160 166 162 147 145 152 155 150 151 153 154 157 151 156 161 154 155 156 152 149 148 144 138 149 161 162 160 159 153 155 160 160 158 158 159 162 166 167 165 164 165 163 157 155 151 153 157 141 138 131 128 146 153 148 153 160 162 163 158 154 162 165 164 157 147 156 165 171 178 180 178
136 127 110 96 107 125 132 139 142 141 138 151 157 151 152 160 163 160 156 154 149 146 155 154 155 150 147 149 147 146 150 149 147 148 144 135 148 154 151 151 150 147 145 146 140 135 146 161 155 156 160 156 158 162 159 156 157 158 161 166 164 159 163 165 160 157 154 149 150 147 139 144 133 121 134 142 144 153 166 170 167 166 164 166 165 166 163 152 165 172 174 176 179 179
147 143 125 111 113 114 125 140 143 142 141 149 152 144 148 157 156 153 146 140 136 136 149 150 145 146 151 148 134 128 135 131 128 134 134 131 141 143 143 143 144 144 145 148 141 140 143 154 152 152 155 160 159 155 161 159 153 155 160 170 163 155 158 159 156 163 161 149 141 136 131 134 134 125 128 131 139 158 172 172 168 169 168 172 169 172 174 169 171 174 174 179 179 178
157 159 156 152 143 121 120 136 144 143 141 144 146 141 145 150 147 148 147 141 137 136 147 146 143 148 151 145 127 120 121 108 102 121 136 137 134 135 145 146 148 151 152 149 145 144 140 149 150 144 147 154 149 148 159 161 159 156 158 168 163 160 159 158 156 163 162 150 148 146 137 133 136 137 136 137 149 168 176 176 174 165 163 171 172 174 176 174 168 172 176 177 178 174
156 164 162 161 149 125 119 133 144 140 141 146 147 143 144 150 143 142 147 147 147 149 145 145 150 150 145 142 138 137 129 105 99 120 138 138 131 130 142 148 149 155 149 140 147 148 139 142 146 145 143 143 143 146 157 166 165 162 159 157 160 162 161 157 153 160 163 154 156 152 145 137 137 140 139 145 158 171 175 173 168 160 163 172 174 177 178 170 170 176 175 176 180 174
158 164 158 158 149 136 129 135 142 140 143 147 153 150 148 151 142 143 152 152 154 152 141 145 145 146 142 142 143 146 134 111 116 135 144 141 132 129 141 153 153 149 142 139 145 148 140 135 142 151 145 140 138 140 152 164 163 161 158 151 158 161 159 159 155 158 157 158 160 149 149 147 141 132 130 140 154 171 173 170 168 169 171 174 170 169 173 169 172 176 175 180 179 175
164 161 161 162 154 147 143 139 142 143 146 148 153 156 154 151 146 150 157 156 152 146 148 150 137 137 138 135 136 143 124 107 126 140 141 137 133 137 151 161 157 146 144 146 146 150 134 127 145 152 141 139 139 140 145 154 161 161 157 150 152 154 158 162 158 153 152 157 154 139 143 148 142 132 132 141 160 175 172 169 173 176 176 176 173 170 172 168 172 174 179 184 175 175
165 162 162 161 152 149 148 148 145 143 141 145 154 156 154 153 154 154 158 158 152 150 156 153 134 130 134 132 137 134 118 115 131 131 130 133 136 148 159 157 151 147 148 143 146 151 132 126 142 146 139 137 141 139 134 141 154 159 156 156 153 150 157 159 158 155 152 152 149 146 145 145 145 142 141 150 167 177 171 166 176 181 175 173 174 176 170 168 173 168 176 185 176 174
159 160 161 154 146 144 146 151 144 138 139 151 154 149 151 153 152 151 155 157 155 155 152 150 137 129 133 140 138 129 129 135 128 116 119 136 145 150 148 148 147 147 141 131 142 152 139 127 127 135 137 132 139 139 130 135 148 155 152 157 157 153 157 158 159 159 157 157 155 153 151 152 148 148 147 160 167 173 170 166 176 181 173 170 173 176 167 166 171 170 172 177 176 173
152 157 157 146 142 140 143 150 143 137 147 157 148 145 150 150 148 150 151 151 149 147 145 146 133 120 127 141 134 124 133 142 127 115 119 135 147 146 142 147 145 141 136 135 148 151 133 111 112 126 132 130 136 140 136 142 152 155 148 152 154 154 161 158 158 160 163 167 159 149 160 157 149 153 153 162 166 171 173 170 172 177 173 175 171 166 162 165 171 177 172 174 178 175
152 156 153 143 144 146 145 149 143 143 157 154 139 142 148 148 150 149 141 140 140 141 141 134 109 89 108 128 129 129 138 146 134 125 125 127 134 137 138 144 142 138 138 142 152 149 125 102 115 129 136 141 139 138 146 160 163 158 153 153 150 152 160 163 160 160 166 170 156 146 158 149 149 153 151 159 162 168 173 173 173 174 174 179 170 164 161 165 173 176 176 179 177 174
154 155 150 145 147 151 152 154 147 146 149 141 136 144 147 149 148 145 136 130 132 139 135 123 100 85 106 128 136 139 143 148 142 140 139 131 129 135 135 132 133 132 136 142 148 143 126 117 128 132 141 154 148 141 154 164 161 155 155 154 151 151 157 164 159 157 161 160 152 151 155 151 159 161 158 161 163 165 167 169 174 175 173 173 172 164 160 165 170 169 172 176 175 173
155 153 152 147 148 151 154 154 145 143 147 134 135 146 147 147 140 138 133 128 132 142 137 124 116 121 128 137 145 148 146 146 146 151 149 141 137 144 140 122 118 122 130 139 145 142 133 129 131 127 132 144 144 147 154 151 149 145 149 156 155 150 153 161 159 161 159 155 154 160 159 161 168 168 166 165 169 162 163 170 171 169 167 167 168 163 161 164 167 168 167 166 166 173
255 255 152 150 149 151 153 148 148 152 148 126 125 140 150 147 136 136 134 133 137 143 139 134 141 145 145 148 153 151 146 146 148 151 146 139 137 142 137 123 116 119 128 133 139 142 134 127 124 128 130 135 142 149 149 139 138 143 152 158 158 153 152 154 153 159 155 156 160 167 166 169 170 168 167 167 166 160 161 168 167 164 160 168 163 155 159 160 164 168 163 157 159 171
255 255 255 255 153 152 147 142 149 145 130 114 118 132 145 142 134 133 127 133 136 126 118 129 149 147 146 155 161 158 154 150 148 149 141 133 133 136 130 128 128 131 136 129 128 140 141 130 123 132 132 138 143 147 150 143 137 143 160 164 158 154 150 149 148 158 153 157 163 168 167 169 163 162 165 169 167 161 159 162 163 166 163 172 166 154 158 158 164 169 163 161 162 166
