example/E5 - XRays/X-ray-tomography/rastert_juap19.txt
ncols         356
nrows         356
xllcorner     -0.5
yllcorner     -355.5
cellsize      1
NODATA_value  -9999
[rows 42 to 83 of 356, columns 94 to 187 of 356]
138 140 143 151 150 141 144 151 150 143 145 150 143 133 133 140 143 143 132 137 142 131 117 101 112 134 155 160 157 151 137 134 144 154 153 149 146 154 155 146 151 156 149 145 141 142 141 141 151 154 143 131 136 147 141 129 140 151 137 124 128 107 63 35 42 64 106 146 154 150 155 155 157 148 153 154 152 150 145 153 148 133 98 73 93 123 135 144 135 127 139 154 141 141
136 137 136 143 148 132 130 143 149 149 144 139 132 128 134 135 141 148 141 144 139 109 82 75 111 143 160 164 156 157 144 133 144 158 159 157 151 154 152 142 153 161 149 147 143 141 143 148 148 143 137 128 136 143 140 142 148 155 146 134 138 116 79 50 57 89 125 152 147 127 139 143 147 143 150 157 155 153 146 147 144 141 121 100 116 130 134 142 139 139 149 150 132 131
134 130 135 138 146 137 122 128 136 147 146 141 135 133 140 140 146 152 150 153 130 81 70 90 131 155 160 166 162 160 146 134 143 154 163 165 158 136 119 127 143 153 147 151 146 138 141 146 143 134 132 129 132 141 143 146 144 149 157 150 141 123 100 83 97 126 144 154 136 103 112 119 130 142 145 145 149 155 152 144 139 134 105 93 122 134 130 140 151 144 143 148 139 135
133 127 134 140 140 140 130 131 136 140 140 142 144 142 142 143 150 155 148 148 112 72 90 123 147 163 162 172 171 162 152 140 143 143 152 157 147 107 86 113 133 145 145 153 149 142 142 136 134 133 129 133 133 141 145 142 143 140 150 155 138 123 111 101 118 143 155 150 132 100 86 81 94 120 125 113 108 123 141 146 140 121 79 78 120 133 132 145 154 144 133 139 145 140
131 131 132 142 143 139 140 143 148 142 138 140 148 150 148 144 146 150 148 139 107 92 126 144 145 159 163 165 170 160 147 139 147 148 150 149 132 105 96 114 127 138 142 149 150 151 147 127 125 132 130 132 134 136 145 141 146 138 137 146 138 127 124 118 124 141 153 150 133 93 70 75 89 114 127 120 111 101 116 139 143 131 103 103 129 131 134 147 142 125 119 127 142 147
123 129 135 143 138 139 146 141 144 146 146 148 151 151 150 147 149 149 148 134 118 118 140 151 146 151 158 158 162 152 143 146 148 150 157 155 135 123 122 127 134 136 137 146 151 156 152 140 139 136 134 123 127 134 148 154 151 138 139 147 146 141 139 137 139 148 152 149 129 84 73 110 130 140 147 146 148 130 128 143 146 146 141 132 131 121 123 138 123 101 115 131 145 161
119 122 133 141 134 140 147 133 137 146 147 155 155 150 140 143 147 144 132 117 116 119 136 149 146 148 153 150 154 154 146 146 144 154 162 155 139 129 130 139 143 134 134 144 158 168 156 152 145 131 136 124 131 146 148 155 151 128 132 148 148 148 146 141 146 148 138 126 112 79 86 131 149 153 156 154 162 153 149 150 144 149 145 132 124 114 117 131 116 98 125 141 151 163
136 133 137 141 138 143 149 141 143 145 139 147 143 138 126 131 140 137 120 96 102 118 134 143 138 146 152 149 149 157 150 145 143 154 163 156 146 137 134 134 141 141 147 156 163 169 158 154 140 131 129 113 126 150 156 156 148 130 131 144 144 139 144 136 134 138 117 100 102 93 98 133 146 153 160 157 156 152 150 155 146 144 133 120 116 118 122 129 127 123 139 145 155 160
149 143 138 138 137 141 145 150 153 150 147 146 130 124 124 135 137 124 113 87 94 125 133 131 134 140 141 146 149 155 151 151 151 146 149 137 132 139 140 124 135 154 160 166 164 157 153 148 133 128 115 102 126 151 157 160 159 149 140 136 125 107 114 117 118 128 109 98 112 121 119 136 151 154 160 160 157 155 157 160 147 141 131 117 116 122 122 126 136 140 140 138 144 151
151 150 140 130 136 146 148 143 146 149 149 145 134 116 107 122 127 114 105 90 110 139 128 119 132 143 141 145 146 148 148 146 149 151 147 125 129 146 147 133 141 155 163 171 165 151 145 142 132 122 106 108 137 155 160 157 165 166 153 135 115 94 90 95 94 105 110 112 116 125 130 134 152 159 160 158 164 161 162 163 143 135 125 106 108 124 126 131 140 138 132 131 127 139
151 149 146 139 142 149 152 140 137 144 147 137 132 111 91 99 108 101 94 104 130 141 132 123 135 149 149 147 149 149 143 142 146 151 151 131 138 148 143 136 145 150 158 167 162 152 149 147 146 132 113 121 151 167 166 159 162 170 164 147 136 128 112 99 83 94 120 121 119 129 140 131 144 159 157 154 161 161 158 157 133 111 97 96 112 135 141 142 138 126 126 130 119 133
154 144 143 137 141 148 140 132 144 145 144 142 134 125 112 104 102 97 98 115 135 133 137 138 139 147 148 150 151 153 152 145 146 146 146 142 142 143 147 151 151 149 152 157 158 157 155 155 158 141 116 121 154 167 167 169 163 165 165 157 159 158 143 126 90 86 115 116 123 137 153 138 143 158 150 152 155 151 151 155 124 84 83 105 133 149 144 145 133 121 122 133 127 141
134 132 141 133 139 143 118 115 142 149 145 145 142 138 132 124 121 114 115 126 134 133 141 145 141 143 144 149 149 155 161 152 149 149 146 150 151 151 157 162 161 158 152 148 151 154 154 155 156 149 127 124 153 165 168 175 172 168 161 160 167 156 141 133 104 87 105 112 125 140 154 139 135 136 128 143 150 147 148 144 103 77 110 135 145 153 148 146 139 132 119 127 139 146
121 123 139 140 133 124 105 119 140 147 151 141 134 137 135 127 127 116 114 134 141 144 147 149 146 140 142 146 145 155 157 149 147 146 142 151 154 160 167 160 162 165 140 132 145 152 149 155 161 160 144 129 152 164 170 173 169 170 166 167 172 157 134 113 94 85 111 123 125 132 135 127 120 113 116 132 138 139 122 93 67 86 139 150 148 151 148 142 142 137 116 113 138 143
137 141 136 138 132 122 119 131 141 138 146 139 132 129 130 128 122 118 118 134 138 135 140 153 155 144 141 148 146 150 150 145 143 144 141 150 152 158 174 163 159 162 140 129 142 145 139 142 148 148 141 131 148 157 164 169 167 170 162 164 163 153 133 90 66 66 105 131 126 127 124 116 108 110 121 124 120 118 87 49 53 104 148 148 145 145 135 127 135 133 123 124 136 128
139 155 145 138 137 129 132 133 139 132 140 150 141 136 139 138 132 130 128 135 135 128 134 149 152 147 145 146 152 152 148 155 149 148 150 149 146 149 164 171 162 153 145 126 123 136 135 128 129 137 130 122 134 149 148 148 161 171 162 161 164 154 131 81 48 56 107 138 127 133 137 123 103 104 113 99 97 109 84 42 49 99 143 151 145 146 137 138 139 128 127 132 138 127
138 152 154 142 140 135 135 138 145 135 133 148 144 143 153 150 144 139 131 135 138 128 130 147 154 149 143 145 150 153 147 156 151 141 138 141 142 149 157 170 166 151 137 107 102 126 134 119 121 140 130 116 122 142 137 134 135 152 159 152 157 145 116 76 53 74 123 138 125 128 132 128 120 115 112 99 109 116 88 43 38 92 139 148 149 157 155 155 143 134 127 131 140 140
150 153 152 145 145 138 132 138 147 137 132 140 142 139 151 154 141 136 133 131 141 139 133 144 151 149 138 140 141 141 141 147 151 141 134 130 129 152 162 162 155 149 134 105 100 114 126 121 119 134 134 129 129 140 138 141 131 139 153 148 144 129 92 61 73 106 132 135 128 111 104 119 127 123 122 127 132 120 77 43 44 94 135 146 153 161 157 158 150 149 145 141 142 142
153 157 156 151 150 128 113 119 139 137 133 139 138 134 137 145 141 135 133 130 134 141 141 147 149 146 139 143 142 143 142 148 150 136 139 132 121 145 165 163 154 149 141 123 113 117 126 124 126 133 142 145 142 149 146 151 155 148 145 149 141 136 106 81 107 126 129 131 132 105 85 113 126 124 131 137 134 122 77 39 51 98 128 146 155 160 153 155 158 161 157 144 136 135
149 156 159 151 136 104 103 116 132 136 134 139 143 146 144 143 139 128 126 131 128 136 141 145 153 149 146 148 145 147 145 146 151 128 131 137 133 147 159 157 157 155 144 128 118 116 111 109 136 148 148 147 141 153 154 156 161 156 157 158 145 142 139 124 129 133 125 121 124 103 82 101 118 123 129 135 126 101 69 39 55 105 128 140 149 160 158 154 154 165 161 146 131 123
149 158 162 148 119 95 107 126 144 149 146 149 155 157 157 150 136 116 120 135 140 148 144 142 149 149 148 144 140 144 143 141 150 137 132 141 140 154 158 153 157 151 136 121 105 110 114 108 139 152 150 151 150 147 155 155 152 149 162 163 157 146 141 140 131 129 117 98 98 90 64 67 84 95 106 119 99 69 46 35 63 113 133 138 140 152 154 153 151 160 158 151 133 115
153 158 160 142 103 80 99 124 145 156 159 156 158 162 158 152 136 125 136 139 148 156 145 140 146 148 145 138 134 142 146 150 150 137 135 147 141 152 159 158 163 153 142 134 120 126 127 117 137 149 151 152 156 153 159 159 154 149 155 149 152 146 136 141 127 90 67 55 52 60 41 30 41 57 82 101 75 49 30 27 68 120 133 131 138 146 144 147 149 152 152 156 140 115
156 150 144 137 105 78 98 127 140 151 162 162 159 161 154 149 139 133 152 148 148 149 133 130 147 151 150 138 126 138 146 152 155 142 138 148 147 152 157 160 167 163 153 146 139 142 127 119 142 155 155 148 152 156 160 158 155 156 156 140 146 146 140 144 123 58 31 31 29 40 36 39 56 67 78 82 56 35 24 22 64 119 133 129 135 141 145 153 154 152 148 148 140 114
151 143 131 132 114 95 105 133 152 152 155 163 165 165 158 147 135 132 157 156 152 145 126 127 146 148 148 136 123 126 137 148 158 155 146 146 151 154 152 155 163 163 159 151 146 144 118 110 137 153 157 151 149 153 155 154 154 162 165 152 152 149 135 139 119 55 29 32 35 46 63 90 122 129 109 72 40 33 34 35 66 113 128 131 131 138 147 156 161 161 151 138 130 115
147 143 137 130 118 114 118 135 155 155 154 157 159 161 160 149 139 135 153 155 159 151 134 136 144 142 136 131 126 126 131 141 153 157 150 152 161 159 153 154 156 157 156 161 152 147 131 122 136 142 148 150 151 153 151 154 146 148 157 155 152 151 135 136 125 77 57 58 54 71 115 149 172 173 154 106 58 47 58 66 80 109 119 126 138 144 149 152 155 160 154 145 126 112
140 144 137 128 118 127 129 136 153 154 159 161 158 164 165 154 147 139 148 153 156 148 141 143 141 142 126 126 130 125 129 141 153 156 150 152 154 153 158 162 159 159 160 163 149 154 156 144 138 138 141 141 136 144 148 151 141 129 140 152 149 150 142 135 130 98 79 70 63 85 143 175 188 182 165 130 91 77 88 100 113 123 119 122 139 149 149 145 148 158 157 154 128 112
123 141 131 120 117 127 128 131 149 153 155 159 158 163 167 156 143 134 139 148 149 143 139 147 144 147 126 117 131 123 124 134 143 152 152 153 153 155 163 161 154 160 167 158 145 157 162 155 152 150 146 136 122 131 141 141 140 131 140 153 148 147 147 140 125 100 92 84 76 83 129 171 190 183 159 131 118 114 123 134 145 153 143 142 143 139 136 133 146 159 155 150 133 122
101 106 111 109 121 129 128 129 141 145 148 156 157 157 158 152 144 138 138 140 137 133 130 140 141 142 139 128 136 126 122 131 139 147 149 155 163 160 159 163 158 160 164 155 150 152 156 152 159 153 144 140 125 118 127 136 134 131 139 145 141 137 147 148 131 115 108 101 97 94 113 158 185 183 159 132 127 134 143 146 153 161 158 151 135 124 128 127 145 160 151 138 129 132
110 105 115 115 132 135 131 132 139 137 141 154 158 154 154 149 140 133 130 138 135 122 115 123 127 131 138 130 131 133 126 127 136 140 136 146 156 160 159 163 158 161 168 159 152 151 149 141 151 154 142 141 135 110 112 136 137 139 146 143 141 133 145 150 136 130 124 113 110 103 109 136 144 151 150 127 124 135 142 149 158 156 149 143 125 110 116 127 144 152 144 135 124 131
139 127 130 122 127 122 122 133 144 144 139 140 146 145 145 145 142 136 129 135 127 111 111 125 129 124 125 108 93 100 102 106 123 138 140 146 144 150 147 150 151 159 173 168 147 149 147 135 143 154 139 134 135 108 105 135 145 150 152 145 144 137 139 139 128 136 138 127 116 114 123 131 111 105 120 115 128 143 140 152 158 161 156 144 114 86 88 108 131 146 149 147 140 140
151 145 136 124 118 109 120 131 141 141 136 137 137 148 147 139 140 139 128 126 112 102 109 122 125 113 95 66 49 52 60 69 87 111 132 136 132 143 136 137 151 154 160 161 147 147 155 148 139 149 145 137 131 119 115 129 135 146 149 144 147 138 128 135 134 147 145 134 121 124 134 132 103 68 79 107 117 131 142 143 149 154 145 133 103 84 92 107 122 138 140 135 138 146
145 145 131 129 128 118 124 125 131 130 134 135 126 139 150 145 135 131 127 115 96 89 100 116 119 97 61 33 25 29 32 34 45 71 98 113 127 135 134 136 146 147 150 150 149 149 154 155 144 147 150 143 139 140 130 131 133 140 139 139 146 144 132 142 144 145 139 128 117 121 122 119 100 66 77 109 99 108 138 136 146 136 113 109 95 85 106 118 123 134 128 121 125 136
141 147 137 129 124 121 131 135 136 126 129 125 123 134 143 143 135 132 126 112 96 85 98 113 115 84 50 33 20 22 28 27 30 50 77 103 127 138 139 142 134 142 159 147 154 157 157 155 145 145 145 145 149 145 125 124 136 135 131 138 139 145 145 144 140 137 129 120 119 126 124 121 111 94 95 101 93 94 108 120 132 119 93 79 76 70 94 115 121 136 137 133 136 140
142 155 152 126 110 115 130 139 134 110 101 107 131 148 144 136 138 139 124 104 96 90 103 112 111 79 49 36 27 30 26 28 32 37 62 100 126 137 140 149 135 135 158 146 152 152 149 156 137 136 142 138 140 136 120 116 122 129 137 142 144 148 149 146 139 135 121 113 123 136 133 128 110 101 110 110 91 68 73 102 113 116 104 66 52 59 82 113 126 132 134 130 134 140
140 150 153 135 119 121 132 139 137 112 103 119 142 160 153 138 133 138 132 114 102 95 104 113 109 82 55 43 40 42 33 35 45 54 77 114 132 131 135 151 147 139 142 144 152 157 147 155 143 141 148 135 129 124 118 120 116 122 139 135 135 147 148 153 149 144 131 118 126 140 135 130 115 107 121 120 79 40 56 96 112 121 116 72 37 44 74 97 106 115 120 118 122 128
140 149 155 144 131 125 130 139 139 127 122 137 144 149 147 139 129 135 138 127 108 103 108 118 111 97 79 66 59 51 46 48 67 97 113 127 134 133 132 141 151 150 145 148 149 162 158 153 145 139 148 139 131 133 124 129 131 126 137 134 132 142 143 150 145 140 137 132 132 137 136 135 131 128 130 119 97 72 73 97 120 124 105 77 42 41 82 89 79 94 115 117 122 130
141 146 144 145 148 141 138 142 132 124 126 140 146 147 137 134 130 130 134 128 111 109 119 129 117 106 106 98 93 88 87 91 103 129 131 130 138 138 138 142 146 148 152 156 144 151 156 151 148 142 146 141 139 151 139 132 137 128 128 129 129 142 142 143 139 135 127 134 141 146 143 133 139 143 137 122 121 122 121 127 141 130 111 105 80 77 109 108 95 110 121 109 108 118
131 133 126 132 153 157 151 144 131 118 128 143 145 152 135 125 129 128 127 125 112 107 129 138 131 119 118 119 116 124 130 128 120 133 135 128 136 138 138 143 145 153 157 163 148 148 150 147 144 147 148 142 141 146 140 131 141 140 133 136 133 138 142 143 147 148 139 142 145 154 154 145 148 145 143 136 129 133 138 140 145 135 132 138 109 96 104 112 114 119 110 91 97 113
132 131 126 131 149 154 148 133 134 129 125 136 142 144 140 135 129 124 123 118 118 118 128 132 132 124 121 132 128 133 136 137 126 129 138 133 144 144 131 138 144 155 161 162 150 150 151 139 134 145 147 145 151 145 139 129 128 142 139 133 131 129 122 132 150 149 140 143 145 156 157 156 159 149 146 144 132 129 132 132 139 147 148 150 125 91 84 108 111 110 118 109 114 128
141 139 133 139 139 131 138 131 126 117 121 135 138 135 139 139 123 113 114 116 123 137 144 140 131 130 134 140 141 141 139 137 131 123 144 149 154 153 133 142 144 148 158 156 146 143 147 137 128 138 137 137 154 154 143 126 116 135 133 120 131 129 100 111 139 143 143 150 154 158 150 150 155 152 147 142 128 109 103 119 132 144 142 140 129 100 87 103 98 104 131 129 130 141
137 141 136 139 135 124 136 132 118 108 126 136 131 138 141 135 120 94 98 121 130 139 147 146 150 149 146 145 148 144 145 139 143 135 149 153 155 157 141 147 148 145 144 146 149 143 142 139 133 141 136 122 139 148 140 132 130 138 135 124 131 136 108 108 134 132 143 157 155 163 149 146 147 148 142 143 132 95 69 92 122 135 136 135 116 100 99 111 114 122 134 134 140 150
133 133 132 137 137 138 137 124 115 113 125 137 132 139 137 128 124 102 109 129 139 145 150 149 157 159 153 150 149 146 151 141 149 152 159 159 159 159 145 146 152 146 141 141 141 137 137 144 140 146 140 128 135 146 146 136 134 134 140 137 138 144 123 112 133 126 137 157 153 160 148 140 143 153 141 131 127 105 72 72 103 127 130 131 105 88 94 112 126 131 132 137 149 157
