example/E5 - XRays/X-ray-tomography/rastert_juap30.txt
ncols         356
nrows         356
xllcorner     -0.5
yllcorner     -355.5
cellsize      1
NODATA_value  -9999
[rows 126 to 167 of 356, columns 190 to 284 of 356]
144 137 132 139 152 140 148 157 155 156 160 154 155 164 156 138 137 140 112 118 145 140 139 144 143 155 153 144 134 134 139 143 145 141 153 165 150 143 151 143 143 130 131 123 131 150 171 177 165 169 172 166 158 150 128 80 42 42 66 102 121 139 149 143 152 160 163 166 167 175 161 149 156 162 165 166 164 157 147 146 145 135 139 142 145 156 158 153 146 143 155 151 140 149 147
138 138 139 137 130 120 145 159 159 157 159 167 164 159 154 136 124 127 112 115 131 138 144 149 146 152 146 141 135 135 134 140 151 145 150 164 153 147 142 129 130 116 125 140 141 148 160 165 161 164 169 168 162 155 132 67 24 21 38 80 109 135 142 139 154 168 162 159 160 161 155 153 156 163 167 165 157 144 134 147 147 129 127 138 149 152 150 143 142 155 161 153 145 148 141
132 126 126 121 95 115 150 152 158 157 157 172 168 155 156 143 112 117 126 134 135 145 150 152 152 147 143 142 151 148 135 132 140 152 151 149 147 145 132 126 132 122 125 143 143 154 157 156 161 163 166 167 160 157 130 60 24 21 27 54 88 118 119 126 142 154 154 160 160 150 150 156 154 155 161 161 155 143 138 152 153 140 133 122 113 124 147 147 153 156 153 149 142 141 129
119 111 112 120 96 126 159 158 166 165 159 168 167 164 155 135 114 124 128 139 139 145 153 157 156 142 146 139 151 147 133 129 134 149 153 142 144 144 124 121 123 117 121 135 144 163 153 150 167 169 160 159 161 172 131 48 19 23 24 30 49 79 89 86 104 131 145 156 157 146 143 142 141 145 148 154 155 159 160 158 156 155 146 120 99 115 150 151 152 157 154 147 143 145 138
111 118 122 129 114 132 159 165 159 159 156 164 166 171 163 146 133 137 127 144 146 144 152 160 155 148 152 140 140 149 144 142 144 148 149 146 142 153 143 139 124 107 113 132 150 156 150 160 170 169 160 167 181 183 132 45 17 22 14 12 24 49 71 66 82 118 143 149 145 129 125 136 141 147 149 156 163 172 165 162 165 165 152 139 126 125 142 142 146 158 156 146 142 144 146
130 133 128 132 124 114 143 170 157 158 165 168 164 163 158 148 147 147 140 152 155 154 156 153 152 156 160 150 141 156 156 149 145 150 153 157 149 156 152 147 121 107 116 130 147 147 159 171 167 172 175 179 174 164 120 45 21 20 16 23 25 32 51 59 76 106 136 148 140 126 127 149 153 159 164 162 175 176 166 168 172 165 156 153 145 141 143 144 147 148 150 148 141 138 139
140 141 141 145 141 110 113 143 156 164 157 153 155 130 132 144 146 154 155 142 142 158 160 150 151 162 164 156 143 140 138 146 143 153 165 162 151 149 142 140 127 130 132 133 133 142 158 167 163 165 169 166 154 142 105 39 17 15 15 30 32 30 39 45 61 89 123 150 146 132 140 158 159 166 171 166 177 173 167 171 169 158 156 161 154 157 154 144 134 128 142 144 143 140 138
152 154 154 160 154 128 118 133 146 160 157 132 125 106 130 156 145 146 151 144 142 158 158 146 152 161 160 154 152 136 118 134 148 148 160 156 141 145 144 145 137 137 131 140 139 139 151 160 158 164 167 159 151 134 98 38 18 17 29 39 33 31 38 37 50 75 108 139 134 137 158 165 166 170 171 165 166 162 160 166 166 156 155 163 164 164 159 147 130 117 134 143 150 148 141
154 147 146 156 155 142 133 140 145 157 157 138 128 122 147 161 160 145 132 143 146 149 150 147 150 159 157 151 154 144 124 130 148 150 159 158 149 153 144 143 139 137 139 149 148 130 135 153 166 178 169 151 148 144 108 64 61 77 93 86 63 48 39 36 48 59 95 132 139 152 164 165 171 169 166 165 167 166 168 170 168 158 155 163 169 162 157 153 136 125 136 141 148 153 147
145 142 142 148 139 122 120 132 145 154 156 159 160 158 162 165 166 147 130 148 162 157 147 143 139 144 152 150 153 154 138 136 147 153 165 160 158 159 148 144 144 146 146 147 138 127 135 147 157 167 156 145 142 142 121 102 110 128 143 136 115 86 45 38 50 48 81 124 144 160 165 169 174 167 165 166 162 161 165 168 167 162 155 161 163 156 153 147 135 130 136 134 140 152 146
145 139 135 141 129 100 107 129 146 157 166 170 166 167 164 170 165 161 167 171 177 177 156 149 143 137 146 145 143 158 156 155 156 157 166 161 154 143 144 148 153 148 138 138 128 128 134 129 137 150 145 140 129 126 125 121 120 135 153 150 134 110 61 46 53 44 74 117 135 152 159 162 169 164 164 166 161 157 160 174 167 160 151 146 139 139 145 139 126 118 121 131 142 148 140
138 129 122 120 115 104 116 142 159 166 167 165 165 162 155 164 160 165 175 174 167 175 165 166 165 156 157 143 132 154 165 166 165 168 165 167 161 146 144 146 157 154 142 136 126 123 119 125 126 127 124 125 116 117 129 133 127 136 148 151 135 109 66 50 57 53 71 108 136 156 158 159 162 153 155 161 163 163 168 177 164 157 143 127 114 127 144 138 124 115 116 135 151 148 145
125 118 113 108 115 132 149 162 164 169 175 173 171 160 160 175 174 167 170 177 169 170 162 171 170 158 157 147 136 154 164 162 165 169 158 162 162 146 143 151 156 153 149 138 131 123 114 131 123 122 119 117 113 121 137 137 140 144 137 133 120 94 54 45 65 76 73 102 139 155 158 160 159 152 155 158 164 167 164 160 152 146 132 121 119 134 146 138 128 118 127 141 149 147 144
145 143 133 140 151 162 171 174 172 178 179 181 172 166 174 170 175 167 165 179 180 178 172 172 171 164 164 164 162 171 170 167 166 159 150 149 156 146 147 157 155 154 149 139 140 121 101 128 135 134 132 127 120 129 134 135 144 139 130 113 87 72 57 49 63 78 80 109 136 139 144 151 153 152 147 148 165 169 152 143 144 138 134 136 135 137 138 139 133 124 131 135 139 146 139
155 162 165 172 166 163 173 179 179 173 168 173 171 167 166 159 163 165 164 182 183 178 178 171 182 174 169 166 162 171 168 167 157 140 134 138 146 146 152 156 159 158 147 142 150 134 122 146 146 130 128 126 121 125 130 129 135 133 130 97 51 42 54 52 53 68 96 115 125 137 146 150 150 142 128 129 149 162 143 132 142 140 141 147 141 137 140 144 138 131 130 128 140 147 134
167 174 172 175 171 167 170 172 174 173 169 168 162 161 164 171 171 176 170 175 172 166 174 179 191 178 177 168 166 178 174 168 160 151 138 128 133 145 154 159 162 160 151 145 158 154 146 152 144 132 126 132 130 125 137 144 136 133 123 88 43 26 36 38 39 66 109 120 126 148 157 157 154 146 134 129 132 145 146 143 148 141 135 142 139 134 141 144 135 127 124 125 137 139 133
163 172 168 171 180 174 171 170 172 172 164 165 167 173 175 179 175 179 170 170 178 172 173 180 182 171 179 175 172 173 171 166 162 171 162 142 144 154 154 154 147 146 148 146 156 168 161 154 143 141 140 144 142 136 148 157 138 130 119 86 47 30 35 31 41 70 113 133 140 159 160 154 152 157 153 144 133 137 149 150 144 131 124 130 133 134 140 142 128 123 129 128 130 130 141
155 164 174 173 174 174 171 174 174 163 165 164 169 177 172 170 170 177 175 168 178 171 170 173 174 177 183 177 165 164 169 162 162 164 158 161 166 159 148 154 144 130 144 153 159 173 169 163 145 137 141 149 148 145 145 145 141 136 121 84 45 32 37 35 52 81 118 144 149 154 152 153 151 155 156 149 133 133 140 139 130 123 120 119 118 124 138 140 132 134 140 139 135 133 134
157 163 169 165 167 180 174 166 149 141 155 165 167 163 164 172 176 175 178 170 171 167 169 172 170 175 179 179 178 174 178 163 155 150 160 179 177 161 151 154 147 140 158 161 154 161 157 158 146 135 141 146 144 146 144 138 139 137 125 97 55 32 34 36 60 94 131 149 150 150 151 157 157 152 151 148 138 140 146 145 136 137 134 131 126 128 142 146 147 147 146 145 132 121 125
167 166 164 148 155 173 165 156 131 124 141 162 168 164 166 172 170 164 175 175 169 170 169 169 174 174 169 177 187 181 177 164 158 158 165 177 172 174 168 164 156 155 149 143 151 152 144 142 139 138 143 142 142 146 142 135 133 130 125 108 72 44 41 46 78 107 136 156 155 153 162 163 163 156 149 147 151 152 152 151 145 146 146 149 143 139 145 149 157 153 145 146 137 130 141
175 173 170 157 163 154 150 152 150 152 156 165 173 177 173 173 166 162 172 177 171 176 184 173 173 178 176 178 184 182 173 166 161 168 168 172 169 176 175 174 166 163 146 137 139 139 145 146 140 137 137 145 144 144 131 126 134 137 129 117 101 87 88 89 114 128 143 164 162 152 161 162 159 152 147 149 161 161 158 159 156 146 146 146 141 146 151 148 147 146 147 147 142 141 142
166 174 172 172 182 157 160 166 167 170 171 173 171 167 168 171 169 167 164 174 180 178 187 171 173 181 186 181 175 178 178 171 160 166 171 179 177 169 174 172 170 162 155 153 148 151 151 148 144 138 134 149 151 142 123 117 139 148 140 139 132 125 127 125 132 139 148 162 163 153 155 161 166 164 158 152 157 160 162 164 159 152 157 155 155 157 153 146 136 136 143 143 140 138 130
158 175 180 166 176 181 176 168 173 173 170 170 162 168 172 167 161 165 174 184 188 180 172 160 171 167 174 177 169 167 169 162 161 164 160 166 168 157 169 169 175 169 172 173 171 167 156 150 145 137 136 158 160 146 135 130 135 138 131 144 151 141 137 141 139 137 145 152 154 157 161 166 169 159 153 148 144 148 160 167 163 163 166 156 150 145 147 148 143 140 136 139 142 139 120
172 180 180 175 170 180 176 163 174 179 172 169 167 182 184 174 167 171 187 185 174 178 178 161 173 178 180 180 176 176 173 160 164 172 161 156 174 167 171 171 170 174 175 171 170 174 172 168 144 131 128 147 154 153 152 146 132 130 114 126 152 146 138 152 152 144 154 155 150 157 162 165 164 156 154 154 150 152 153 164 167 161 154 143 129 125 133 140 144 146 135 127 134 140 119
174 176 163 171 175 179 182 170 171 177 175 175 178 172 173 173 173 181 183 178 174 175 181 176 182 183 183 184 178 184 189 170 168 177 167 160 169 156 161 168 169 174 169 174 171 175 176 172 161 158 147 144 144 155 157 149 143 131 99 100 131 137 135 150 157 155 153 152 143 149 157 168 164 159 166 152 146 152 143 151 160 160 155 144 121 110 123 138 143 140 135 128 131 146 136
175 180 169 168 180 182 177 173 175 176 170 170 177 169 161 172 175 175 169 171 180 173 176 178 175 172 172 178 173 177 185 168 169 181 169 162 146 138 162 169 173 174 173 180 172 175 173 167 172 174 165 155 146 150 150 147 143 124 111 102 124 135 136 144 141 131 135 150 142 145 154 163 162 156 162 148 142 138 129 139 154 163 157 141 117 114 133 143 147 142 142 144 144 150 133
175 177 170 171 175 174 168 172 179 182 180 169 178 180 170 178 183 181 176 174 168 168 169 170 169 171 176 178 183 181 177 171 169 180 174 169 139 111 138 159 173 164 170 177 174 177 174 169 168 166 167 161 143 145 154 152 148 138 129 112 130 127 115 132 126 97 110 137 134 137 148 153 159 159 154 148 147 136 132 144 152 156 148 123 106 122 142 136 133 137 145 154 153 148 129
174 170 160 170 180 173 164 165 163 174 182 171 169 172 169 174 181 181 176 174 174 181 178 179 181 181 183 179 184 181 178 186 174 176 174 173 145 101 107 149 177 168 169 170 174 177 174 170 172 173 166 171 161 152 165 160 161 159 129 106 137 126 109 131 137 108 110 125 132 142 137 140 151 153 153 153 148 146 146 149 150 143 131 98 86 114 137 127 115 128 138 148 153 148 135
172 178 170 173 177 168 171 163 165 176 177 172 165 166 178 177 180 173 166 169 165 164 178 180 175 178 185 181 179 177 179 185 172 177 174 176 170 150 138 156 180 180 170 164 175 177 168 165 173 176 165 176 170 149 161 165 164 164 135 110 130 126 122 132 136 134 134 127 129 147 144 141 146 145 155 157 148 151 151 148 137 115 102 80 80 112 132 123 104 119 132 140 145 140 136
167 178 181 177 173 167 173 167 176 186 182 173 169 168 173 170 166 168 174 181 171 155 169 168 173 176 187 181 183 176 172 181 173 175 172 172 171 166 161 166 172 172 173 174 178 173 173 178 179 178 174 177 172 156 164 171 171 170 150 126 128 138 142 136 128 135 136 131 133 151 156 145 147 154 157 162 156 152 154 151 133 112 98 88 91 108 122 123 121 132 138 140 135 126 132
163 167 179 172 173 177 173 164 171 182 177 176 167 169 172 170 160 167 177 178 177 167 174 173 183 178 181 175 177 175 177 187 182 176 169 167 171 167 162 161 155 164 183 177 171 170 180 177 171 178 179 172 178 169 163 169 169 172 162 130 109 120 125 121 121 126 137 144 143 154 153 142 142 146 148 151 143 137 146 151 142 132 117 111 109 109 123 135 144 144 140 141 134 128 130
172 161 174 168 171 177 174 168 171 178 171 180 182 170 176 182 168 174 180 177 172 169 177 175 181 178 175 172 172 168 178 187 179 174 171 176 178 170 169 163 160 174 179 166 173 174 179 179 173 182 180 169 178 167 159 170 172 169 159 117 66 58 79 95 111 124 138 140 143 149 147 145 134 126 134 135 133 132 138 144 142 144 133 124 124 128 138 140 141 138 140 147 140 138 137
179 163 173 177 174 173 171 171 175 171 166 170 177 160 168 186 178 176 169 178 180 167 166 171 173 179 178 178 182 177 180 177 168 179 178 176 178 171 175 173 171 166 169 172 178 176 177 181 180 182 174 177 188 167 158 164 170 168 150 111 53 33 58 90 121 131 134 137 146 150 147 142 126 122 133 138 139 139 136 139 149 151 142 136 140 148 149 141 137 130 132 148 143 138 142
184 186 184 181 180 174 173 168 168 171 170 171 177 167 168 176 183 180 168 180 183 170 173 180 176 175 173 167 170 174 181 177 168 180 179 168 178 178 174 178 173 159 167 173 180 187 175 169 174 177 168 174 181 177 169 153 163 167 152 130 83 67 84 105 128 134 140 150 153 154 145 135 124 128 134 138 139 138 125 132 149 147 136 140 151 155 154 147 142 123 109 125 135 134 138
170 182 177 166 177 180 179 176 175 173 168 176 188 182 179 168 173 181 180 182 183 181 183 182 178 178 175 171 174 177 180 180 172 175 176 168 174 179 176 177 170 161 157 166 179 178 176 178 173 177 177 180 171 181 179 157 169 181 173 150 121 117 129 135 146 148 154 151 143 140 145 136 131 136 136 143 143 127 117 133 137 134 127 129 143 156 157 153 147 115 93 109 127 132 135
167 167 165 164 178 184 188 172 168 182 180 179 182 180 176 178 171 174 183 174 182 186 177 171 167 179 180 180 178 177 175 172 175 176 169 168 170 179 179 176 174 171 166 169 176 162 168 184 174 173 172 179 179 185 181 169 172 177 173 149 134 132 145 155 163 163 158 143 135 133 148 154 155 149 145 143 136 128 128 135 140 140 136 142 151 156 149 146 142 117 107 118 128 137 144
172 171 171 174 179 180 184 168 165 177 173 174 173 172 173 187 176 178 178 177 188 178 175 177 175 178 181 185 185 187 179 174 174 176 174 167 170 181 181 177 180 177 165 156 163 157 164 184 171 165 170 176 181 176 172 167 170 168 168 158 143 138 150 159 164 167 157 149 146 143 148 154 150 145 147 141 129 129 128 129 140 140 136 155 160 154 147 144 138 127 132 134 134 143 145
168 169 183 176 180 181 165 165 175 181 182 177 173 175 169 172 177 185 173 175 178 163 170 183 175 174 187 181 167 176 180 174 174 174 174 174 171 172 167 167 164 161 147 132 143 150 163 180 176 174 185 178 174 179 181 168 161 171 171 163 145 150 161 164 165 164 157 157 147 136 141 140 130 138 144 139 131 127 127 134 140 139 142 155 153 151 143 139 143 141 146 139 135 141 136
168 161 174 171 177 182 169 174 174 177 188 176 174 178 166 168 173 178 175 174 172 163 173 187 176 171 180 172 164 167 172 167 168 178 180 184 178 177 164 168 159 133 108 106 129 151 165 176 173 171 184 171 176 179 176 165 161 178 171 160 145 148 153 153 154 154 155 148 120 106 129 137 132 139 139 134 132 132 135 141 142 148 150 148 143 146 142 144 147 143 139 127 128 134 135
169 170 180 180 177 179 182 186 175 172 185 167 168 183 171 176 180 182 180 171 167 171 178 181 187 178 169 172 172 177 169 170 175 175 180 182 173 178 170 163 153 121 105 113 134 164 172 177 170 162 167 168 180 170 170 177 170 168 168 164 153 143 139 138 144 150 146 132 102 95 129 141 130 122 122 123 129 136 144 143 147 155 154 145 139 140 141 153 150 142 143 133 126 136 143
177 182 184 185 181 171 175 180 177 185 190 176 171 182 178 169 167 178 168 170 177 180 178 180 186 184 182 174 173 186 173 167 179 177 184 181 172 176 170 165 165 150 154 157 168 172 165 170 173 165 170 176 175 166 162 171 162 156 166 171 162 151 140 129 137 139 131 139 129 120 132 148 141 127 127 128 127 136 149 149 145 149 150 138 137 135 136 143 146 143 142 130 119 136 147
181 179 175 181 176 170 170 171 177 185 177 180 171 167 179 168 162 182 168 165 177 180 184 187 176 178 188 167 171 176 173 169 178 181 177 173 172 173 162 158 162 158 167 166 172 172 166 166 165 164 175 176 172 172 173 169 159 158 170 171 158 144 130 129 134 125 137 155 145 132 127 150 155 146 145 147 138 141 149 148 137 132 133 134 136 136 138 132 133 134 126 120 118 139 144
