example/E5 - XRays/X-ray-tomography/rastert_juap17.txt
ncols         356
nrows         356
xllcorner     -0.5
yllcorner     -355.5
cellsize      1
NODATA_value  -9999
[rows 252 to 293 of 356, columns 94 to 187 of 356]
130 98 73 88 105 123 131 135 136 141 144 132 125 127 127 125 127 132 132 125 126 131 138 135 130 136 142 148 141 138 140 132 139 139 146 150 144 145 159 164 156 162 162 155 158 158 158 169 171 170 170 167 170 171 164 168 173 172 183 176 166 171 175 174 173 174 172 171 175 176 173 173 177 163 168 171 163 165 168 162 157 156 154 148 157 164 167 163 164 176 183 185 171 160
95 78 76 95 120 130 130 137 135 138 148 142 129 130 125 131 141 143 136 124 126 136 143 147 139 135 138 144 136 139 149 147 149 143 134 137 150 162 163 169 166 169 169 160 160 160 164 169 173 179 175 168 166 171 174 178 177 174 177 168 172 177 170 168 169 173 179 177 178 175 171 184 186 170 165 166 161 162 172 164 161 158 156 168 170 166 173 177 174 174 174 183 171 146
76 86 102 123 138 136 136 147 143 142 149 149 145 144 135 135 141 145 144 136 133 136 138 146 135 136 136 135 136 143 150 156 149 148 145 142 155 164 162 168 167 170 170 164 166 168 167 160 164 173 161 160 164 174 184 178 167 172 178 172 173 175 171 165 165 169 173 169 175 186 173 181 174 157 163 170 167 165 170 160 163 160 156 159 160 162 173 177 169 175 174 162 153 140
87 119 138 141 143 150 149 150 156 156 151 149 152 150 143 129 136 143 140 137 143 147 141 143 139 138 139 139 133 136 148 153 140 144 144 143 158 171 168 163 171 170 165 169 177 166 159 157 156 159 157 163 164 172 174 165 156 166 179 180 177 176 178 174 176 176 171 172 173 181 170 173 157 147 158 165 166 167 170 152 157 168 167 157 156 160 161 165 170 176 172 159 150 139
128 142 147 147 141 144 146 152 157 156 148 141 140 144 147 136 146 146 139 140 142 153 142 138 150 152 153 155 142 128 115 123 133 141 137 137 154 162 164 169 173 164 158 167 170 158 152 152 157 155 164 160 159 174 169 166 170 180 176 181 178 176 180 178 181 181 171 167 169 172 171 172 159 153 145 156 169 170 163 156 162 165 165 160 157 167 164 169 174 167 158 157 146 122
137 142 154 161 150 144 142 153 154 148 151 153 147 143 142 145 156 147 142 150 151 156 149 136 125 133 150 158 146 140 107 106 137 142 136 142 154 153 160 167 166 160 163 165 161 162 155 159 158 154 169 165 159 166 166 170 173 177 171 178 174 178 179 175 177 176 172 167 173 180 176 172 167 167 159 155 164 163 152 152 159 156 158 157 157 168 168 172 169 159 157 154 137 107
137 149 156 161 158 140 125 144 162 156 156 153 145 138 136 142 147 144 142 148 157 155 152 148 133 131 147 148 142 151 122 109 124 125 133 142 146 151 160 159 160 161 163 158 151 162 154 162 164 158 162 160 153 155 166 176 163 164 176 178 169 175 172 170 177 174 168 165 169 174 174 173 171 179 170 158 163 161 153 150 150 144 149 155 161 170 169 166 160 158 161 148 106 59
147 150 148 154 160 138 121 144 164 158 158 153 145 145 143 144 151 148 138 145 150 155 158 153 151 141 139 138 142 147 121 99 101 120 136 142 148 155 159 158 161 167 168 162 151 162 158 162 163 162 161 158 152 156 169 176 164 171 180 172 172 173 169 167 173 173 171 168 170 172 173 178 178 186 174 165 166 165 160 158 156 146 149 156 158 163 165 155 149 151 150 128 73 25
145 146 141 150 153 142 138 148 153 150 148 145 139 139 144 139 140 138 136 150 149 153 154 143 143 140 140 141 142 143 112 93 98 113 132 146 151 153 159 158 154 154 161 166 157 159 159 162 163 165 157 153 161 166 162 169 167 172 171 165 168 164 166 174 185 173 171 178 180 177 170 176 181 180 173 169 170 168 164 168 158 150 152 157 161 161 166 153 149 149 142 115 65 27
156 152 136 136 141 145 147 152 150 146 146 141 135 142 152 145 137 136 135 143 147 148 138 132 137 140 150 156 142 142 126 116 116 118 134 140 135 129 139 153 157 154 159 167 167 160 156 158 160 161 160 154 155 159 158 178 174 170 172 168 169 169 170 173 183 172 170 180 185 175 166 174 175 182 180 167 165 160 157 159 151 146 147 156 166 161 156 143 152 159 150 111 58 26
155 145 135 136 141 151 149 139 140 147 148 139 143 148 148 149 149 146 142 138 139 141 139 145 149 142 142 150 138 143 147 142 138 132 142 145 132 112 109 134 153 157 158 164 160 163 167 161 163 160 161 166 160 159 167 180 168 165 177 174 171 173 179 171 180 181 172 170 178 173 169 172 161 168 164 161 173 170 157 142 141 144 142 153 160 161 153 137 151 159 154 135 96 52
156 150 144 145 146 146 147 143 146 152 151 146 146 144 143 149 149 148 149 146 134 130 147 157 153 147 143 138 121 123 140 142 141 126 128 140 136 122 105 120 144 152 148 145 153 158 154 160 168 160 162 168 162 156 170 174 162 166 169 171 169 171 179 177 179 185 178 165 175 173 167 162 159 159 152 146 156 163 156 139 131 140 143 154 155 152 150 136 144 148 148 153 142 94
154 151 138 136 147 146 147 149 151 147 145 150 138 128 137 147 142 139 139 141 127 128 148 155 152 153 145 136 114 102 118 131 131 121 123 132 126 135 133 122 124 132 132 129 145 152 156 160 156 158 166 164 164 159 166 172 166 172 167 168 169 169 175 181 185 184 173 168 177 172 167 156 155 162 159 146 149 157 158 150 150 159 157 150 153 161 157 142 140 146 155 155 152 128
149 149 141 136 144 142 143 138 132 131 137 137 128 130 140 147 147 139 130 144 146 137 138 151 152 150 149 141 130 119 110 117 128 136 140 140 134 141 137 127 129 139 129 123 131 144 158 158 156 159 162 158 159 155 161 163 165 177 174 170 170 174 178 181 180 179 176 174 173 169 168 170 166 167 161 151 147 151 153 146 150 166 159 152 159 171 159 151 149 148 161 161 150 142
148 147 145 147 139 129 142 149 134 138 149 135 124 137 149 147 142 134 130 140 143 127 125 146 157 153 148 139 139 137 126 135 138 142 142 139 141 137 135 133 131 137 130 118 131 147 152 162 154 146 151 158 156 155 165 157 162 172 167 166 168 172 171 177 176 179 183 177 167 165 166 165 169 163 159 146 138 145 148 145 144 150 153 166 164 173 164 158 155 154 156 157 149 143
144 144 134 133 138 140 157 160 145 137 142 137 131 132 146 152 148 151 148 130 124 116 125 144 152 151 148 142 142 136 139 145 128 121 124 129 133 131 139 146 130 128 134 126 134 141 145 159 140 122 132 157 157 155 165 162 164 170 164 166 172 177 175 175 176 179 179 173 166 175 176 167 176 160 154 144 141 139 142 141 137 132 150 172 168 173 166 172 167 160 151 142 132 131
141 148 137 139 150 158 169 166 153 145 153 149 137 128 133 144 148 152 146 126 124 128 136 142 142 138 137 134 130 135 144 136 117 105 102 112 119 127 138 152 135 126 135 140 139 135 142 154 142 121 133 161 156 155 164 170 170 178 165 164 169 169 178 176 169 175 173 169 175 178 172 161 169 166 153 139 142 143 145 142 135 144 167 178 170 169 166 179 171 163 149 136 115 98
140 152 156 156 161 166 172 170 156 147 156 146 139 141 142 149 150 148 142 132 132 134 135 134 139 135 132 137 133 131 135 132 130 130 119 123 125 134 147 158 146 136 135 137 134 138 144 151 151 146 156 165 160 163 170 177 170 172 158 166 167 162 178 180 174 179 168 166 174 170 166 161 160 148 128 116 133 149 139 142 144 158 173 177 176 176 166 174 173 175 156 141 117 79
144 153 160 158 169 174 165 166 158 140 140 146 145 146 150 154 150 147 142 134 137 131 125 136 145 140 141 148 139 130 140 145 148 149 139 136 138 138 140 145 147 147 147 147 148 142 136 148 152 149 155 165 165 158 162 165 159 160 159 167 168 166 174 169 168 174 173 170 167 173 168 165 154 125 113 116 136 157 151 152 157 168 169 167 174 184 176 176 185 188 164 142 118 80
150 156 161 164 173 174 157 156 154 150 153 160 151 151 152 148 143 138 142 140 137 125 124 146 140 128 141 138 127 138 154 150 147 146 139 135 133 130 138 141 145 149 149 147 152 149 140 147 147 141 157 168 165 164 167 163 159 167 171 162 167 165 166 166 168 169 170 163 164 175 163 169 157 127 123 132 144 149 154 157 168 181 172 170 176 176 171 175 180 183 170 157 139 107
141 151 162 158 159 153 145 149 152 160 169 169 162 152 142 142 144 135 137 142 140 134 141 148 142 138 149 136 126 142 156 154 145 135 125 121 121 129 143 143 145 154 156 149 154 162 151 143 148 151 167 166 164 171 165 158 169 179 169 161 171 168 163 165 170 163 163 165 159 154 155 165 155 145 144 144 137 134 150 159 168 177 173 177 182 176 176 179 176 182 176 169 155 127
140 147 151 144 137 122 119 127 136 155 167 165 163 151 148 157 152 139 139 147 152 153 152 145 151 148 144 134 135 146 158 159 139 101 87 102 115 131 146 147 145 158 157 153 155 153 150 142 147 158 167 170 168 166 165 166 176 178 166 167 174 171 162 165 166 160 152 157 148 143 150 144 129 140 145 144 133 132 147 157 165 173 172 168 180 179 171 171 172 181 182 170 162 148
142 142 143 139 133 124 122 124 130 145 157 158 155 149 162 161 151 150 153 146 145 149 149 144 147 145 142 138 142 153 160 149 127 92 79 110 136 146 152 154 149 159 159 159 158 149 145 138 144 159 161 165 169 168 171 166 170 169 165 168 171 171 173 178 166 158 146 143 131 127 140 129 116 137 151 148 131 128 137 150 159 170 173 166 176 182 178 173 172 184 189 171 162 157
151 153 150 152 151 146 143 144 139 147 160 156 144 140 151 137 135 147 147 136 135 139 144 149 151 148 146 144 145 148 155 146 124 119 114 126 143 152 153 157 156 157 159 157 146 141 142 140 148 158 157 158 168 176 170 168 175 168 172 174 165 169 174 170 163 155 150 135 107 92 113 123 134 155 164 159 139 139 146 156 159 172 170 167 173 176 182 180 176 190 189 173 170 173
156 155 150 158 154 143 143 146 141 151 161 150 143 142 146 140 134 133 131 128 132 134 135 139 141 138 137 140 144 139 149 143 109 117 133 138 141 148 145 149 151 148 148 136 121 127 139 144 157 162 162 163 166 171 166 176 178 172 174 176 164 171 176 172 172 156 152 140 109 86 99 121 139 155 162 152 138 143 140 155 167 176 168 167 178 178 177 180 177 187 189 172 169 175
157 160 158 157 148 145 146 142 142 157 156 141 143 146 144 148 146 132 131 133 129 130 136 139 135 136 142 140 140 134 144 143 123 130 136 137 137 140 142 150 156 157 137 108 107 124 137 147 156 152 157 167 169 169 164 175 179 174 169 170 164 173 177 171 170 166 156 134 115 98 96 114 138 155 156 148 145 144 135 147 156 160 160 165 174 174 170 172 176 178 179 183 173 173
158 170 164 158 152 155 158 154 153 163 163 152 156 147 140 140 135 129 142 152 150 145 141 143 140 140 146 138 139 139 142 141 150 162 155 146 135 131 142 156 159 159 136 107 110 127 134 144 145 141 152 167 168 157 161 172 171 167 168 167 170 175 173 173 171 168 151 136 134 121 104 94 120 150 149 141 140 135 133 146 155 158 155 158 159 167 171 162 167 172 172 180 170 171
168 177 169 162 157 152 161 165 167 166 161 156 163 151 140 140 135 133 148 155 157 141 133 145 143 137 142 137 129 133 138 135 149 160 152 143 136 129 145 160 159 159 144 121 124 131 131 138 142 147 149 155 155 156 166 167 166 171 169 166 170 168 170 177 166 153 138 139 144 138 126 96 109 145 151 136 129 123 125 139 153 164 152 149 152 160 168 166 164 172 172 174 169 173
173 176 167 162 159 152 163 166 163 166 164 158 163 158 153 154 148 140 140 145 149 139 137 141 138 134 136 135 124 125 135 136 141 150 149 142 139 144 162 160 154 154 142 124 118 123 128 128 138 150 150 150 149 153 165 173 167 163 162 167 170 172 169 162 143 137 136 141 143 147 146 113 115 153 159 138 122 118 123 129 138 153 145 141 141 145 160 167 164 167 170 174 167 162
178 172 157 158 165 164 169 166 163 167 167 170 170 162 164 166 156 148 125 112 130 141 143 138 141 150 138 132 135 141 142 132 134 141 140 136 141 148 152 151 153 147 131 119 117 125 128 124 141 154 156 151 150 151 165 178 171 167 166 169 170 173 160 142 139 141 129 135 141 146 149 135 129 141 152 147 129 126 137 135 129 137 144 150 141 132 147 156 158 156 159 166 163 149
168 159 149 155 166 164 164 172 176 170 170 177 174 169 166 161 151 154 133 117 130 144 153 149 146 150 143 144 151 149 144 138 132 126 131 142 151 151 145 148 142 137 137 139 142 147 144 138 146 150 149 148 151 151 163 167 164 165 162 161 160 163 159 143 134 131 111 113 125 135 145 145 131 129 141 144 139 137 141 144 140 143 151 154 145 137 145 144 145 150 145 150 158 152
154 149 149 155 156 161 167 165 168 171 173 171 171 168 159 158 161 161 153 149 159 160 156 155 152 150 156 161 158 145 142 139 125 126 136 141 146 144 139 143 135 137 148 151 157 158 150 152 159 152 147 146 150 152 157 156 159 161 153 161 159 145 142 144 136 117 92 97 124 145 155 150 139 140 142 139 144 144 143 144 142 143 152 150 148 149 153 138 126 139 143 148 158 159
152 159 160 160 158 166 170 164 167 168 168 167 164 161 157 168 173 166 162 162 169 165 156 153 153 154 157 156 152 146 139 135 133 137 135 144 149 140 135 134 124 130 137 130 143 153 151 157 156 147 151 144 144 145 144 150 158 159 150 155 149 139 135 143 144 112 94 115 143 153 152 145 144 146 147 144 149 147 147 144 141 141 148 146 149 150 156 141 134 145 153 154 157 153
154 165 163 159 162 167 169 169 169 165 164 165 164 165 170 178 174 166 165 167 172 165 159 157 154 155 157 149 146 146 140 136 140 139 139 149 153 144 131 125 120 121 113 106 133 155 154 158 147 138 146 142 146 145 141 147 151 147 149 152 152 149 136 141 142 123 117 129 145 155 148 138 144 142 145 150 154 155 153 148 148 156 155 153 154 152 149 140 143 143 153 154 156 154
148 164 166 161 160 167 171 172 165 163 166 170 175 174 167 162 162 164 166 166 171 165 160 157 158 154 150 145 136 136 137 138 141 140 144 146 145 142 139 133 130 116 100 112 143 156 150 158 145 134 141 141 149 151 140 146 151 140 147 153 154 150 143 146 146 145 146 142 144 154 147 139 140 141 152 158 156 155 153 152 150 157 159 159 159 154 150 147 146 144 158 158 159 158
155 167 166 164 160 169 173 171 168 172 170 167 173 175 168 166 165 171 172 161 166 166 164 163 163 157 146 139 125 119 125 131 135 136 139 126 107 113 134 136 134 119 102 119 144 152 156 163 145 134 136 137 140 139 133 138 143 139 139 153 160 158 155 147 143 144 150 154 151 146 136 139 138 142 154 159 157 152 139 130 129 141 142 135 154 162 155 148 148 148 158 155 156 158
164 166 162 164 165 168 167 168 171 172 178 171 170 172 172 175 172 172 170 161 165 165 165 166 160 158 149 134 116 103 114 123 122 130 142 123 84 97 136 146 149 135 113 114 133 147 155 155 143 132 132 138 141 134 139 150 146 135 139 156 158 158 153 140 142 144 151 159 155 144 133 142 142 142 146 149 150 148 134 120 121 132 135 131 147 149 150 154 151 143 140 138 146 149
167 162 163 168 170 169 172 172 170 171 176 174 172 166 160 163 171 169 169 163 168 170 164 165 154 148 151 145 135 110 107 114 123 135 151 136 97 104 140 156 160 149 141 139 139 146 147 146 142 132 135 142 143 135 136 146 145 139 138 143 152 155 152 147 145 144 152 152 153 153 148 151 145 140 143 148 151 146 136 135 136 136 139 138 140 140 149 157 158 154 142 138 139 135
169 163 169 172 168 170 176 168 166 172 171 173 170 165 164 169 176 169 166 166 172 166 157 166 162 161 160 151 141 118 109 111 119 135 149 134 114 114 134 149 157 162 157 149 148 146 139 141 145 132 128 139 141 137 135 132 139 147 142 135 152 157 147 144 139 136 136 136 149 153 150 152 150 149 153 153 152 151 142 140 144 135 131 129 130 134 143 153 161 153 145 143 132 120
169 167 172 175 171 171 170 164 167 168 167 171 170 176 176 174 176 171 165 176 175 158 157 166 168 168 155 147 141 121 102 94 112 135 140 139 132 117 127 142 154 166 160 156 158 148 140 142 138 125 125 143 145 150 150 138 132 139 146 140 157 162 147 145 150 146 133 134 141 142 150 156 162 174 174 160 153 153 139 134 140 129 129 131 135 137 139 144 155 150 148 144 130 113
167 171 170 170 168 168 165 161 165 165 167 173 169 174 177 178 176 172 166 175 171 162 169 169 172 169 156 148 145 143 115 96 122 142 147 152 150 135 136 149 158 158 153 152 152 149 150 150 137 123 127 141 142 146 148 148 139 140 155 150 158 163 151 144 150 143 122 124 132 137 151 157 159 171 170 151 148 151 141 135 138 134 131 137 152 148 140 138 141 142 141 129 113 99
171 176 170 169 172 173 165 159 165 166 168 170 167 172 173 172 171 167 162 171 171 168 167 162 168 165 160 160 158 153 114 82 113 137 154 157 147 141 140 151 152 146 139 135 149 157 157 155 146 138 131 131 139 142 140 143 147 148 155 157 162 162 157 150 146 133 113 111 127 135 150 160 158 162 158 149 151 147 143 139 139 140 135 139 151 139 138 139 136 136 138 138 118 99
