example/E5 - XRays/X-ray-tomography/rastert_juap33.txt
ncols         356
nrows         356
xllcorner     -0.5
yllcorner     -355.5
cellsize      1
NODATA_value  -9999
[rows 210 to 251 of 356, columns 94 to 187 of 356]
146 147 151 149 150 146 151 153 159 161 155 152 147 144 145 144 138 131 141 144 138 146 152 143 142 141 153 155 154 131 123 133 133 134 147 146 140 137 142 144 140 147 139 119 129 144 145 143 141 136 154 158 148 154 160 163 152 142 120 102 85 91 122 123 151 170 168 171 174 175 163 175 181 180 174 167 164 164 168 173 175 176 167 168 166 163 157 145 121 110 108 91 91 115
145 140 149 145 143 142 147 153 168 167 160 162 156 147 138 141 143 132 136 147 143 150 157 148 140 132 143 146 147 132 130 137 142 145 147 137 141 140 139 148 152 155 132 100 113 142 141 137 131 125 154 159 153 156 158 170 164 157 119 91 87 93 124 142 155 167 168 169 168 169 180 179 172 182 170 159 157 161 165 165 166 162 160 170 168 171 164 156 131 99 87 71 75 100
148 139 147 138 136 138 144 150 160 154 151 163 161 137 123 131 139 134 135 147 155 164 154 142 139 122 140 147 139 144 145 137 132 140 151 139 135 138 143 145 149 144 134 126 116 126 125 125 118 108 138 146 160 167 163 166 161 148 128 115 111 108 119 152 162 167 167 170 178 169 174 173 165 178 177 163 150 154 164 165 163 163 163 172 168 167 161 161 149 118 94 83 100 123
146 145 151 151 143 126 128 140 147 142 138 151 152 125 117 134 145 140 137 155 164 157 150 141 132 127 150 148 135 138 135 131 130 135 144 136 133 139 144 142 140 133 134 142 115 107 121 131 129 107 120 142 161 164 160 153 150 142 143 143 125 105 106 142 169 170 162 164 174 178 180 176 170 172 171 168 159 156 172 175 165 167 168 167 163 169 171 164 163 141 114 111 140 152
147 155 158 154 142 125 129 139 128 116 108 109 112 111 120 144 151 140 138 149 157 154 158 146 140 143 151 141 130 114 113 132 144 141 140 135 142 155 144 140 139 148 143 145 124 96 113 140 142 118 108 136 161 158 152 153 164 166 159 150 135 119 113 132 154 158 162 166 166 175 180 181 171 171 163 170 183 173 170 172 176 178 172 170 165 172 180 168 154 133 133 140 151 159
151 159 156 144 145 139 133 126 112 102 90 91 102 115 121 136 137 124 128 141 157 163 155 132 142 145 148 146 136 123 129 146 146 139 139 136 137 141 131 135 131 141 133 131 132 109 106 139 148 121 108 132 158 148 148 156 158 166 162 161 154 141 128 136 140 143 163 161 165 179 176 179 170 165 169 176 179 174 173 171 177 190 177 177 176 173 182 172 144 125 135 134 139 154
154 156 149 138 145 147 136 127 133 129 122 133 135 139 131 127 134 132 133 137 140 138 144 139 148 145 143 152 149 144 143 146 139 129 130 136 145 147 143 140 136 140 139 138 133 109 104 139 151 130 124 144 159 146 157 158 153 162 161 165 158 148 133 135 141 145 157 160 169 182 176 170 172 165 173 187 177 171 173 169 169 177 171 181 175 174 180 168 151 138 135 126 147 159
133 142 147 140 141 149 147 138 151 148 141 139 137 131 115 114 132 137 137 144 141 139 151 152 151 141 135 145 149 136 132 144 142 129 134 144 152 164 160 156 151 150 150 147 137 109 104 118 133 146 148 146 148 150 158 152 167 175 162 158 158 152 138 130 134 145 151 163 168 175 180 175 165 155 165 176 176 178 177 177 182 179 165 170 168 172 171 166 161 149 142 136 152 152
134 143 144 142 146 142 144 136 141 144 145 139 137 129 120 131 134 130 127 136 141 144 145 148 145 140 138 140 145 127 126 146 149 133 128 135 146 160 158 164 152 145 148 146 141 114 98 104 113 136 146 121 120 147 153 144 155 162 150 142 151 141 128 132 131 139 149 154 158 165 164 166 163 155 165 173 172 174 171 173 185 193 176 161 168 172 167 171 160 152 148 149 154 142
146 147 136 130 139 130 129 128 134 137 139 142 140 135 124 131 124 125 132 130 131 136 135 145 137 129 138 138 139 134 140 144 140 126 118 128 146 157 156 161 153 148 156 156 145 100 91 119 118 112 121 102 101 134 153 145 133 136 134 132 144 141 133 139 134 132 137 140 149 153 143 148 156 160 164 175 171 169 171 174 173 181 180 167 176 175 162 158 148 150 157 159 150 141
142 137 125 122 129 120 121 127 134 140 139 137 129 136 124 119 113 113 110 108 119 135 150 156 136 130 142 143 145 147 151 139 136 126 128 145 149 139 139 141 138 144 160 163 138 75 77 128 135 124 129 120 116 133 148 142 132 129 123 119 132 146 140 141 142 140 139 138 148 149 140 138 137 155 165 169 166 166 162 172 172 167 178 173 171 162 150 137 134 156 158 148 144 156
134 129 130 140 136 117 123 131 126 136 136 126 120 134 127 127 135 124 104 115 135 134 142 149 144 150 147 140 148 148 141 134 140 134 136 140 138 127 125 129 133 148 153 154 125 78 85 123 133 136 139 130 135 132 139 153 149 130 130 133 138 146 135 143 144 136 140 141 145 144 142 139 137 153 164 163 163 175 177 173 175 180 179 164 152 152 145 122 125 144 143 155 158 156
142 136 145 150 139 123 131 134 129 139 139 128 122 131 132 132 144 138 120 137 144 131 127 128 144 154 149 138 144 144 139 134 142 149 147 130 125 128 130 138 146 152 151 153 121 111 113 109 121 132 134 131 139 131 126 132 143 132 137 142 141 142 134 140 145 134 140 136 141 143 144 149 143 143 158 166 161 171 176 171 165 170 169 158 147 150 155 131 126 132 143 166 162 152
142 141 149 148 144 144 147 145 146 149 150 138 135 137 133 134 147 143 118 130 131 131 135 130 136 146 145 134 132 130 135 139 144 147 148 126 119 130 143 147 148 153 157 151 127 137 131 105 118 124 133 134 135 127 124 132 136 119 124 131 132 135 144 135 136 140 138 126 137 142 141 148 137 127 145 160 164 175 170 163 166 163 156 147 142 150 156 142 141 137 144 158 159 157
138 143 140 145 151 143 137 135 140 145 151 146 142 136 131 141 147 143 120 115 118 119 130 137 139 141 132 123 118 111 129 146 148 133 128 128 131 133 143 151 147 151 158 153 143 149 145 127 126 118 106 103 117 111 107 121 133 119 114 123 126 131 145 141 136 146 147 135 131 133 137 152 149 137 138 149 167 174 168 161 161 150 146 149 151 151 149 148 156 138 134 153 159 150
140 141 143 144 146 131 131 142 143 135 137 147 151 155 154 152 146 143 129 119 129 128 133 144 139 131 106 95 107 112 131 148 146 127 120 136 130 118 127 149 135 121 130 142 143 151 149 137 131 124 98 97 106 101 103 110 126 127 128 128 127 139 150 144 134 143 144 137 128 119 131 149 151 148 143 145 158 165 163 155 155 154 154 158 145 141 146 148 159 146 143 157 151 145
151 143 153 154 145 136 137 137 142 146 148 147 137 144 147 148 146 135 128 134 144 139 138 150 136 132 113 97 125 135 141 146 137 128 129 139 138 133 136 150 137 119 118 127 130 150 151 139 126 115 118 132 119 109 120 128 134 137 132 132 139 143 147 146 129 138 134 126 114 97 122 147 149 153 147 152 162 151 141 130 131 145 148 145 138 138 145 152 160 153 151 150 141 145
146 133 143 145 135 137 142 132 145 157 152 136 118 132 140 150 144 135 141 141 137 138 139 154 145 143 133 117 134 135 130 136 131 131 135 130 129 142 148 146 147 142 127 131 138 151 150 142 128 122 132 137 138 132 119 129 153 156 138 147 149 140 147 161 152 148 141 133 105 92 122 149 153 149 143 142 149 145 140 127 120 130 137 134 143 156 154 152 153 147 144 145 139 137
133 123 133 139 142 150 155 151 145 136 133 135 139 148 151 154 146 145 146 139 136 143 149 153 139 137 129 114 123 133 128 131 141 138 138 132 131 154 160 156 156 152 149 145 144 141 137 140 132 122 126 133 149 146 131 114 130 142 146 158 146 149 158 165 155 145 148 137 101 108 140 157 158 145 140 134 137 145 142 126 115 109 125 135 145 159 157 153 146 144 139 151 154 140
132 136 140 143 154 160 156 158 150 137 137 139 145 156 153 152 155 144 138 146 149 143 151 147 136 144 141 132 129 138 141 146 148 135 125 122 129 154 165 162 160 153 150 131 123 132 133 135 135 134 128 126 137 143 140 105 116 135 145 151 140 150 155 156 145 143 142 130 104 113 148 161 152 140 127 128 140 145 135 109 92 82 98 115 137 151 157 155 134 138 144 151 161 149
141 147 151 153 152 156 153 157 153 141 144 141 142 151 146 143 146 136 142 153 146 138 152 152 143 143 145 141 140 151 153 157 149 132 128 117 118 145 161 156 158 152 146 134 122 136 139 138 145 142 114 115 131 136 129 115 132 134 127 140 137 134 142 144 145 141 136 140 124 125 147 160 152 135 127 139 142 141 140 133 113 111 112 104 134 151 156 151 130 140 150 153 157 155
138 145 152 151 144 149 154 159 157 150 150 149 159 162 154 147 147 145 152 151 150 150 148 141 134 140 140 133 138 155 157 156 155 143 138 133 128 138 155 164 153 149 147 128 119 128 137 139 139 131 108 114 141 147 126 122 132 138 142 150 149 154 148 138 153 150 143 152 138 130 140 145 142 130 133 145 145 150 153 154 136 129 125 114 139 148 154 158 145 147 157 162 154 150
146 147 153 151 145 148 149 149 150 156 155 151 161 158 153 150 158 156 154 154 157 157 145 134 128 129 129 133 133 142 157 161 160 145 131 133 134 133 140 159 157 156 144 122 122 124 132 134 137 135 132 127 140 149 140 146 152 156 150 146 146 154 148 139 150 158 149 156 149 137 137 128 123 125 143 146 148 154 153 151 138 127 131 133 151 152 153 162 151 138 151 154 146 153
148 140 148 151 151 150 150 154 146 147 148 147 151 151 152 150 155 156 154 156 151 155 150 143 141 136 131 139 142 145 155 153 142 140 144 134 133 134 130 140 139 140 129 122 135 129 125 119 121 132 140 135 128 139 147 155 158 152 137 137 143 147 139 135 144 160 154 161 164 159 152 139 126 112 130 146 149 150 150 149 132 132 146 150 152 158 167 166 158 134 140 143 141 160
150 138 142 147 150 145 149 160 148 140 144 151 154 158 156 154 153 156 146 136 139 143 141 136 141 152 147 135 145 152 154 149 122 131 148 132 138 148 142 143 132 140 130 118 130 138 129 106 94 126 143 143 126 138 147 145 145 144 134 138 143 141 128 132 147 157 148 151 168 170 162 159 147 128 127 144 150 150 145 143 141 141 134 146 158 168 174 167 162 135 138 144 150 166
145 139 145 143 145 149 152 157 152 148 150 153 159 161 156 157 153 151 142 125 129 123 116 122 139 148 144 140 145 143 140 147 139 146 145 138 144 146 141 141 143 148 134 121 118 132 130 115 105 118 133 144 130 131 136 132 143 148 147 150 148 137 135 147 150 148 144 150 161 168 155 156 168 157 137 128 135 142 125 123 135 133 123 146 162 167 169 161 150 129 134 145 154 157
136 148 156 149 144 151 156 153 157 158 156 159 160 155 158 156 142 144 146 139 138 128 120 126 142 139 131 142 150 141 128 141 145 145 144 152 154 145 146 143 147 146 128 118 122 131 138 135 130 125 137 142 136 134 129 126 137 146 142 145 147 133 141 146 141 145 150 150 156 165 158 154 167 163 158 138 136 139 108 107 127 133 134 152 136 136 154 150 136 127 137 148 154 149
147 150 151 156 156 151 154 150 151 157 161 160 153 156 163 155 148 143 132 131 136 132 125 124 141 141 134 140 141 133 128 130 125 129 142 155 151 149 154 147 146 140 118 115 137 143 146 141 135 137 152 153 143 140 141 140 136 144 135 135 138 121 131 141 130 139 148 149 157 158 156 159 166 162 160 154 151 138 114 109 117 134 139 145 136 140 149 138 136 144 149 153 157 153
149 139 147 159 170 156 151 158 161 161 161 162 160 164 162 154 161 146 125 122 127 131 133 126 134 144 148 134 116 121 133 134 120 115 134 145 146 153 144 142 140 136 126 129 147 148 141 138 134 138 147 150 142 142 144 142 142 140 127 131 143 143 147 151 141 147 144 142 149 155 162 166 170 159 144 147 156 155 146 138 131 142 147 143 154 155 138 121 133 148 147 146 151 157
154 144 148 158 167 156 154 163 165 161 160 163 164 166 164 156 157 152 139 131 124 126 147 144 125 130 144 132 119 123 130 133 120 111 131 143 148 151 137 133 136 145 147 148 157 168 159 158 160 155 145 137 136 145 140 126 137 144 132 132 145 151 156 150 149 149 139 136 139 153 161 159 164 158 148 153 151 150 145 141 148 151 151 146 150 145 127 124 123 129 137 123 131 149
152 145 149 150 155 152 150 156 158 160 163 165 167 158 156 158 158 155 138 140 143 129 137 140 132 132 131 135 137 128 127 128 115 107 127 137 137 131 123 126 129 137 148 156 162 177 173 171 170 163 160 152 141 139 144 131 132 137 137 130 129 130 139 143 147 148 146 149 150 150 148 149 149 149 150 159 152 145 147 143 148 145 146 152 152 139 128 131 121 128 139 129 130 134
142 141 151 150 149 149 147 157 167 164 159 166 167 158 155 157 161 155 146 152 156 139 139 141 141 131 129 136 130 128 136 136 117 94 105 125 138 124 114 119 111 122 154 167 167 176 177 173 167 169 169 167 154 138 145 138 134 139 150 140 129 131 134 149 153 146 144 156 166 155 147 150 151 154 144 147 152 154 157 153 148 147 147 144 147 141 127 118 125 149 149 138 141 138
146 152 148 148 159 159 160 158 162 161 154 160 155 152 152 150 151 149 150 142 139 140 136 133 142 136 142 145 138 134 143 154 141 116 119 134 139 133 125 116 103 122 164 173 164 170 174 175 180 176 166 166 164 151 149 145 142 139 138 128 123 133 138 145 154 160 148 153 161 154 149 150 153 156 149 153 152 155 159 153 149 148 155 149 144 147 137 115 125 136 126 120 124 131
147 154 151 157 160 156 153 150 151 154 155 154 151 152 156 159 154 153 154 143 129 144 147 142 141 141 155 145 143 139 151 165 162 152 142 143 138 135 127 125 115 119 152 159 155 174 181 180 181 178 174 170 170 159 146 141 143 141 134 121 103 119 145 146 147 150 139 138 142 139 133 140 150 151 153 148 139 150 159 154 151 140 149 158 152 161 153 136 131 118 115 114 108 121
146 148 151 155 152 150 143 149 154 153 151 151 154 150 146 157 158 139 134 147 142 156 156 154 144 140 154 150 159 151 150 170 170 156 147 144 140 132 130 133 123 108 131 151 157 178 184 175 171 171 163 167 167 149 151 149 145 144 126 117 111 121 139 144 146 148 141 132 138 138 135 144 155 149 151 138 140 159 154 147 145 131 143 155 152 166 157 151 144 130 138 141 129 130
136 137 150 155 151 151 147 153 151 141 142 152 154 150 153 153 151 135 130 143 141 148 148 152 136 128 148 163 169 156 154 174 165 156 148 130 134 134 133 129 114 105 130 141 139 150 163 166 168 162 145 154 156 146 151 144 137 137 121 121 134 127 133 138 141 143 140 137 144 143 135 140 152 153 153 143 149 166 151 140 150 144 146 146 147 156 150 151 148 135 143 148 141 142
147 143 156 160 156 159 155 160 157 154 157 158 154 154 167 150 130 130 140 148 133 133 144 150 140 130 139 149 152 144 150 169 162 159 141 117 125 132 130 125 117 122 143 146 154 148 146 152 149 148 139 142 146 132 122 128 135 150 143 139 150 143 140 129 134 144 141 139 144 145 138 144 147 149 147 145 150 164 157 145 160 163 158 150 140 139 143 146 150 143 144 152 149 141
155 151 148 150 160 154 150 160 159 161 155 149 154 153 156 139 128 126 128 141 142 134 135 136 146 149 136 135 142 134 136 149 150 145 140 131 116 120 134 128 125 141 154 159 161 144 136 142 143 143 139 141 141 124 116 122 127 144 152 150 151 141 127 116 135 150 148 144 140 135 138 149 150 144 137 147 154 157 161 158 166 166 161 156 146 145 147 146 148 140 142 151 151 146
142 150 149 152 163 161 162 164 155 152 149 149 153 149 143 137 137 132 134 151 157 144 138 132 151 160 146 134 130 122 136 140 131 132 148 143 127 122 134 130 125 133 141 145 143 134 140 150 145 138 139 144 129 120 131 131 124 134 149 148 150 143 135 133 149 151 151 145 136 137 144 147 146 149 147 151 156 157 163 155 162 163 162 154 156 155 144 149 149 133 139 147 147 152
134 146 154 158 164 168 167 168 163 158 153 146 144 142 140 140 132 129 145 155 156 159 159 147 149 159 154 137 114 116 144 144 134 147 153 138 138 139 142 126 131 137 125 131 146 148 143 147 149 149 141 139 132 135 137 131 132 137 148 146 141 142 153 147 145 145 144 137 134 140 143 146 147 153 155 149 150 154 158 151 158 157 154 143 150 152 143 143 148 144 150 156 151 150
136 137 139 145 156 162 167 176 167 160 159 157 156 149 138 136 127 127 134 139 155 167 158 146 148 159 157 145 126 135 150 146 138 140 145 143 147 154 150 130 137 143 121 125 150 152 136 137 144 152 144 133 142 142 136 130 120 128 138 131 130 138 149 144 139 142 140 143 148 145 138 140 149 155 150 146 153 155 154 157 165 161 149 139 146 160 161 145 149 156 166 173 158 142
132 133 129 134 149 157 162 164 159 160 159 148 148 146 142 140 128 136 141 145 167 176 156 143 150 152 146 139 135 139 145 153 142 124 138 152 156 157 161 144 133 139 133 133 147 148 144 151 148 147 141 136 150 143 146 143 124 131 139 131 132 136 138 136 141 146 142 149 160 147 135 141 155 165 151 149 159 151 139 144 146 152 152 141 142 158 158 141 155 160 160 171 155 146
