example/E5 - XRays/X-ray-tomography/rastert_juap49.txt
ncols         356
nrows         356
xllcorner     -0.5
yllcorner     -355.5
cellsize      1
NODATA_value  -9999
[rows 168 to 209 of 356, columns 0 to 94 of 356]
255 157 153 151 151 145 141 144 146 155 162 162 165 167 169 169 163 156 152 161 164 158 145 130 118 112 119 118 108 113 125 140 132 122 128 138 144 133 125 137 142 138 139 135 126 126 127 132 137 148 149 143 142 149 161 167 164 158 156 157 161 153 143 136 137 142 140 133 129 122 133 133 124 112 106 92 109 122 124 137 146 150 137 121 127 139 143 157 159 160 167 165 156 156 159
255 164 163 162 150 128 128 141 152 165 169 169 171 172 170 170 169 169 155 151 157 159 152 133 116 110 120 128 126 123 121 130 130 118 115 109 113 116 122 136 140 135 136 139 133 120 124 128 126 138 144 145 149 155 159 163 165 160 150 155 167 162 151 147 146 144 143 126 125 131 134 134 123 105 113 108 108 132 141 144 143 151 147 125 124 142 139 142 148 159 163 164 154 145 150
255 163 161 158 147 132 131 140 155 167 168 167 174 175 167 164 165 167 168 165 162 160 153 134 124 127 134 138 135 134 133 127 114 114 122 101 73 73 102 126 135 142 146 141 125 117 128 128 128 135 138 139 153 169 170 168 171 171 156 155 163 155 150 148 139 128 127 113 115 120 126 127 113 98 115 108 99 127 144 145 139 142 137 129 130 141 135 140 147 153 156 157 159 153 151
255 156 158 159 154 147 143 142 152 165 170 171 167 165 168 170 173 170 172 174 173 171 161 141 124 129 131 126 128 137 137 115 97 109 136 130 83 53 81 114 130 137 137 128 119 116 129 137 141 141 134 132 148 159 154 152 159 160 159 162 163 155 146 142 137 123 106 92 99 111 116 101 91 85 95 88 91 115 130 139 146 150 134 123 126 135 132 141 150 153 159 163 159 162 170
255 147 145 152 154 149 148 148 153 166 171 172 168 169 174 176 179 178 175 174 172 173 169 155 137 137 128 105 116 136 143 126 111 124 147 145 101 75 106 130 131 124 110 104 113 115 126 140 144 141 139 125 131 141 129 134 147 149 153 159 162 155 141 136 134 120 93 77 90 108 110 93 85 83 92 92 99 117 132 138 144 150 148 140 137 137 135 139 148 143 154 160 158 167 172
255 145 133 132 141 145 154 162 165 167 170 174 173 173 173 174 174 176 174 175 174 165 165 158 146 148 128 84 89 122 138 138 135 142 147 133 95 98 137 152 148 136 103 104 126 126 132 148 151 149 155 136 128 144 148 153 151 143 146 146 139 145 135 129 127 117 94 78 83 84 88 87 89 88 103 112 117 120 127 143 153 151 156 152 149 148 142 137 148 154 164 166 164 169 164
255 143 141 138 142 147 157 170 175 173 173 175 176 174 175 177 177 175 175 175 182 176 169 161 147 146 129 86 85 122 143 147 143 144 143 125 116 134 152 159 161 161 141 131 137 142 143 144 145 148 159 152 136 142 157 157 146 149 154 150 135 132 121 106 101 103 100 90 78 72 83 90 101 105 121 118 112 121 133 143 146 138 143 153 159 148 133 131 131 143 153 160 161 165 162
255 137 141 148 156 160 165 172 172 173 169 166 171 176 177 176 175 171 171 171 177 178 174 169 155 150 143 112 105 129 147 152 146 148 145 123 142 164 161 163 162 162 166 154 133 137 149 145 147 150 146 144 139 132 141 149 145 155 153 155 151 129 105 88 68 75 92 84 73 80 93 99 113 127 133 121 119 137 152 149 145 140 146 157 150 134 127 123 117 137 143 151 158 165 154
255 142 148 159 165 168 171 171 170 173 174 171 167 164 168 174 176 174 175 173 168 168 173 176 163 153 150 126 112 134 153 157 158 159 148 120 133 158 165 162 151 147 157 160 133 113 134 139 144 154 139 128 144 137 130 139 141 149 149 151 141 118 100 86 64 57 67 75 75 87 110 122 130 141 142 140 137 135 143 151 147 145 153 154 144 138 136 132 129 139 136 146 150 149 146
159 153 157 160 162 166 173 172 168 171 174 176 176 173 174 177 172 172 175 172 172 173 171 169 165 160 153 132 116 139 159 161 159 155 148 118 124 154 165 154 128 123 149 162 145 112 119 126 138 153 144 136 147 140 130 144 143 138 142 138 115 98 91 80 66 44 47 73 81 94 121 132 137 135 131 131 135 138 139 141 136 140 147 149 145 141 136 138 139 145 139 142 137 132 137
255 154 159 160 164 169 173 172 173 177 175 172 172 177 178 177 174 171 173 172 175 178 175 173 167 162 153 136 108 121 152 161 157 154 143 110 111 145 159 151 124 110 131 151 154 136 129 123 122 134 145 140 133 139 145 150 147 140 132 115 94 85 79 63 54 57 78 100 107 108 112 122 136 139 127 111 117 124 134 140 136 140 147 152 150 148 143 143 136 137 133 131 128 128 134
255 149 157 162 164 168 166 166 173 176 175 171 169 170 173 176 179 176 175 175 177 180 179 182 176 169 163 148 108 97 139 159 162 161 146 114 105 136 160 158 147 144 152 162 166 151 139 130 122 119 130 140 142 148 159 159 153 144 136 114 88 80 68 53 57 80 105 118 125 124 120 127 135 138 132 123 117 112 116 134 143 154 160 156 149 149 151 155 143 135 132 128 132 144 140
255 147 154 158 161 165 167 167 170 169 168 171 171 169 169 175 180 179 179 176 177 180 178 180 176 173 160 148 123 98 117 139 146 148 144 122 107 129 158 164 160 168 175 172 165 150 141 142 134 119 120 136 140 136 148 157 148 131 119 107 94 89 80 68 85 109 118 122 128 135 134 128 130 126 132 137 131 125 121 132 135 147 150 148 143 139 141 139 140 135 139 140 140 141 136
255 158 161 162 165 164 165 172 176 177 175 175 174 175 177 180 175 172 176 177 174 173 175 175 169 165 156 149 141 125 120 124 131 133 134 114 96 99 140 163 164 174 178 170 162 152 142 146 134 127 132 127 119 125 135 145 137 120 102 93 98 104 98 81 94 119 130 137 134 130 133 136 133 122 129 134 142 143 138 139 133 142 152 147 137 143 147 133 138 140 145 150 144 129 128
255 158 159 160 163 161 164 171 175 179 177 175 175 173 174 175 171 173 174 175 171 171 174 167 168 169 155 141 131 128 121 112 123 130 138 123 96 77 118 153 161 168 170 170 168 160 143 135 132 130 129 120 113 131 142 145 129 115 110 110 120 128 112 97 119 136 138 143 137 127 129 143 140 130 140 136 135 143 142 143 139 140 146 134 135 145 148 138 137 136 140 149 140 128 134
255 154 153 151 151 153 160 165 167 169 166 165 171 174 177 175 171 175 176 176 172 170 171 168 171 175 164 151 133 128 120 114 130 124 122 127 105 70 99 137 159 170 166 170 174 168 144 129 129 124 116 124 128 141 142 142 113 104 117 128 134 138 128 121 124 129 135 142 141 135 133 136 131 121 130 133 131 135 131 131 133 131 136 129 133 136 138 133 133 135 134 136 119 118 132
255 151 150 151 148 144 152 164 165 166 169 170 171 171 173 176 173 169 172 176 175 174 179 187 190 184 170 158 139 130 129 135 148 136 125 134 121 84 103 131 146 165 168 169 167 166 145 125 123 127 119 122 131 130 128 136 112 104 115 119 124 137 135 129 125 126 134 140 135 137 145 138 131 124 126 138 147 137 128 124 130 125 135 136 134 138 137 140 143 133 129 127 123 121 121
255 152 151 149 149 146 152 161 168 170 168 169 171 170 165 170 174 172 173 174 176 179 183 194 201 190 166 152 142 134 134 134 141 143 137 132 129 104 105 120 129 154 166 167 161 153 142 135 131 135 128 117 123 124 132 135 113 106 119 121 128 134 131 128 136 137 142 143 143 138 143 143 132 124 125 136 141 144 148 137 135 130 134 136 139 138 135 139 139 126 131 133 137 133 126
255 159 157 152 155 155 155 159 164 165 165 166 170 176 176 173 172 174 175 173 175 174 171 182 190 184 165 151 147 139 137 135 134 137 132 127 131 114 92 104 126 145 154 159 156 148 138 128 116 124 122 113 117 123 132 125 106 103 116 122 130 131 132 137 140 138 135 138 144 137 133 133 134 131 130 136 130 139 152 145 135 131 139 140 136 130 129 133 140 143 144 136 128 117 126
255 155 154 157 161 158 156 159 165 171 170 170 171 173 176 177 174 174 174 173 176 176 172 176 178 175 163 151 153 153 146 143 139 134 126 127 131 117 92 102 128 142 145 153 149 138 118 97 102 129 132 127 134 135 134 129 113 109 127 132 125 133 140 139 137 141 137 133 133 138 139 135 145 140 136 141 134 142 142 141 139 137 147 138 136 140 135 136 140 143 134 123 119 112 124
255 157 154 156 157 158 160 166 173 174 169 172 174 174 171 172 169 173 173 170 173 171 166 164 158 154 145 136 142 150 147 145 138 130 131 133 133 125 103 100 126 139 138 141 137 125 108 100 116 138 132 116 130 143 141 138 120 119 134 129 127 134 143 150 149 144 138 131 129 139 151 149 155 147 140 148 139 137 137 137 138 136 149 146 141 142 138 133 137 141 137 130 123 121 124
255 151 154 153 151 153 159 168 168 165 168 175 176 174 172 171 171 175 176 176 174 171 167 160 145 136 132 127 125 133 145 143 135 130 134 135 133 133 121 103 115 129 123 113 114 120 125 131 133 134 129 109 112 138 147 138 122 121 133 124 125 127 145 164 160 152 143 140 138 135 146 150 154 156 143 144 139 134 135 137 141 140 144 144 140 137 139 136 140 139 137 133 129 134 141
255 151 149 148 149 151 156 164 167 169 170 170 169 168 173 172 172 178 180 178 174 175 172 161 151 144 141 142 130 130 141 137 139 142 141 136 132 133 125 111 115 122 114 109 121 132 135 133 131 133 135 127 125 143 147 140 127 124 133 131 128 127 144 159 157 154 149 149 138 128 131 146 146 149 146 139 137 143 143 141 140 144 142 141 140 142 144 147 147 143 150 154 149 152 159
255 153 149 149 150 151 152 155 167 173 167 163 168 173 175 173 169 170 171 175 174 175 169 151 144 141 135 145 144 138 137 134 139 149 145 137 129 132 133 126 132 130 123 132 138 130 125 116 123 136 127 121 134 141 137 135 128 116 113 127 136 137 147 151 152 159 158 156 148 137 132 143 145 141 143 138 127 136 140 131 129 146 154 154 141 137 142 152 144 149 161 166 166 165 163
255 147 148 149 147 145 147 155 166 167 168 172 174 172 168 163 163 168 165 170 173 174 169 154 148 137 130 133 133 133 133 140 147 152 151 152 142 130 135 126 129 139 138 143 127 112 109 100 120 135 132 129 134 135 131 128 128 125 124 137 146 148 149 137 137 151 156 160 166 159 145 138 140 140 138 136 126 127 132 130 135 145 146 143 128 129 146 156 151 153 160 160 165 172 172
255 148 146 144 141 141 147 155 154 156 165 173 173 167 163 161 167 176 176 173 172 170 171 161 157 146 142 140 139 136 132 140 143 141 138 147 147 131 134 127 123 134 146 152 131 112 116 110 121 122 131 140 125 119 124 130 139 142 145 154 160 164 166 156 148 147 152 156 164 165 161 150 145 146 138 130 130 135 139 139 138 131 138 139 123 138 155 162 161 154 154 161 165 170 176
255 145 137 135 136 140 151 155 153 159 164 170 170 171 172 168 169 172 170 168 171 168 167 166 166 159 149 141 144 143 133 133 147 152 134 131 136 128 124 127 127 137 148 149 127 104 128 136 134 125 130 138 138 141 144 150 158 164 165 164 162 171 174 170 173 166 160 157 165 175 175 168 161 158 147 138 141 138 141 143 136 133 152 148 128 138 146 162 176 165 159 173 174 170 167
255 146 137 137 139 137 144 151 158 162 161 159 162 171 172 168 167 169 163 166 173 172 168 167 165 158 145 135 137 134 132 132 141 147 138 136 139 141 130 130 128 138 144 147 120 92 116 134 140 135 142 148 156 162 164 163 165 167 168 170 169 176 175 170 178 177 170 170 171 169 171 168 164 159 154 156 159 140 135 144 135 129 142 132 128 134 149 170 174 173 174 186 182 173 172
255 255 136 142 150 143 137 146 152 153 153 153 158 164 163 163 169 172 167 171 167 166 169 168 162 156 138 124 126 122 127 136 141 139 138 143 143 140 130 132 136 135 121 123 122 104 98 115 144 155 162 162 160 163 168 171 175 172 170 171 178 179 180 178 177 179 176 176 176 169 168 170 162 162 158 161 161 148 137 145 151 131 133 140 142 138 147 163 169 176 175 177 183 171 170
255 255 144 148 152 147 135 139 149 148 154 158 153 154 161 164 162 163 166 172 164 165 171 170 163 159 139 121 123 124 127 134 142 142 145 147 138 131 123 128 136 131 116 115 124 121 110 119 151 169 171 174 174 171 170 171 176 177 176 174 183 177 172 173 172 175 176 180 185 177 171 175 171 170 165 169 160 149 137 129 145 143 140 137 140 145 155 160 159 168 174 168 174 180 168
255 255 148 149 151 148 139 140 152 151 152 158 158 156 160 161 161 166 169 170 163 163 165 166 161 144 120 107 107 118 129 134 132 133 139 134 120 122 129 134 139 135 130 141 140 137 136 143 163 168 170 181 181 175 172 173 172 175 172 174 183 174 167 172 177 176 174 175 179 171 170 176 177 173 168 170 161 156 139 113 125 148 146 136 142 143 152 153 155 167 173 168 165 181 176
255 255 148 142 147 151 147 149 156 155 150 151 155 153 150 153 160 166 169 169 164 166 164 164 149 100 71 73 78 95 116 127 127 132 134 128 116 121 141 147 147 141 138 149 145 147 148 153 169 171 170 175 175 178 184 181 177 176 176 176 179 176 178 188 191 184 175 173 174 177 177 178 176 177 173 170 172 171 159 143 135 144 148 150 156 146 143 153 160 158 161 168 167 172 171
255 255 148 148 145 145 147 151 151 149 150 147 145 143 137 132 142 155 157 156 149 145 138 140 121 73 49 60 76 89 111 120 125 136 136 138 130 124 146 160 155 145 139 141 145 153 149 144 160 169 170 172 171 176 182 171 172 178 183 173 171 183 185 186 188 188 189 185 176 182 185 182 173 179 180 176 180 177 166 158 161 161 142 136 136 139 148 153 161 156 164 174 165 164 164
255 255 149 150 138 128 129 137 142 148 151 150 150 146 142 136 142 149 142 137 133 117 107 119 114 84 70 80 101 118 135 135 134 140 134 131 124 122 139 151 144 143 142 136 147 152 136 135 155 165 169 179 177 174 175 172 171 173 177 172 172 182 189 184 189 194 194 191 178 173 174 178 173 176 178 173 171 175 176 176 182 177 147 132 130 136 145 146 150 152 158 167 166 172 176
255 255 154 151 142 130 126 137 147 148 147 146 147 143 143 148 152 143 123 117 116 99 112 144 150 138 133 141 149 157 161 157 152 146 132 125 126 132 138 133 132 150 157 142 149 150 131 137 160 169 171 174 168 171 174 176 178 183 183 185 187 179 189 201 206 204 197 192 186 184 179 179 177 177 180 171 171 179 179 182 181 170 155 150 154 147 142 147 155 152 140 142 159 172 172
255 255 160 159 151 144 138 141 145 143 146 143 140 137 137 142 143 142 132 121 114 101 128 169 175 172 171 174 171 172 173 165 156 141 128 126 133 138 140 132 136 157 153 142 152 148 136 146 163 168 175 176 169 177 177 175 181 183 177 177 185 183 193 201 204 206 207 205 195 190 184 176 181 178 169 164 173 179 175 177 175 163 152 155 154 145 149 153 151 150 144 136 145 154 154
255 255 255 149 151 147 139 136 138 147 151 145 139 140 141 137 134 140 144 137 129 119 132 158 168 169 168 174 178 175 173 168 165 160 147 128 133 142 141 129 141 152 143 140 147 143 131 139 155 161 172 176 171 176 175 176 178 175 172 172 175 179 187 182 186 198 202 206 195 178 171 170 181 182 179 178 177 175 173 171 165 154 146 147 145 146 159 154 142 146 155 152 149 148 148
255 255 255 143 143 136 135 140 143 146 149 151 147 147 145 137 135 141 143 142 139 141 146 156 167 172 173 171 169 169 171 176 174 172 158 138 134 136 136 131 143 141 137 146 152 153 137 133 150 164 171 177 180 179 174 172 171 180 182 176 177 176 177 179 186 196 197 190 182 182 184 176 179 176 178 182 177 175 178 174 165 154 144 144 140 141 153 147 142 150 154 147 139 133 137
255 255 255 128 137 137 138 141 143 144 144 148 153 154 148 144 141 141 144 148 146 149 147 153 162 169 170 168 169 170 173 178 176 174 168 161 143 132 129 132 145 147 147 155 163 166 155 143 149 160 163 169 171 172 171 171 173 177 182 176 180 180 176 184 193 196 191 180 175 180 183 176 175 172 172 174 175 174 170 161 157 152 142 140 129 128 143 144 142 154 157 144 139 131 131
255 255 255 111 132 140 139 140 146 150 148 145 149 149 146 144 142 145 149 150 150 152 151 155 155 153 155 158 164 169 173 178 175 171 170 166 150 134 117 121 139 152 162 163 161 162 158 145 145 146 152 166 169 175 176 173 179 174 174 175 173 172 173 173 170 174 181 184 185 178 176 179 177 175 178 173 177 174 162 155 150 150 146 144 136 139 141 140 139 137 146 146 147 142 132
255 255 255 109 128 135 135 140 147 154 157 151 146 145 146 146 144 150 152 153 157 156 153 150 146 143 147 153 151 154 161 165 170 167 166 165 159 148 119 100 124 145 155 162 161 160 157 142 135 124 132 158 169 178 172 173 181 175 169 169 175 179 182 177 170 174 182 185 183 173 174 181 177 175 181 180 179 167 147 143 144 148 154 151 148 154 148 141 137 130 141 146 151 142 132
255 255 255 116 132 139 135 138 144 151 153 150 148 145 145 148 146 148 152 156 157 158 150 143 144 136 135 141 139 133 135 146 163 170 166 165 156 149 127 98 113 137 146 152 159 164 161 144 140 127 127 150 170 176 170 178 175 175 179 176 179 181 181 184 183 178 178 179 174 173 179 174 172 178 176 175 167 156 147 150 153 149 148 141 147 158 158 147 133 132 131 135 140 135 131
