example/E5 - XRays/X-ray-tomography/rastert_juap21.txt
ncols         356
nrows         356
xllcorner     -0.5
yllcorner     -355.5
cellsize      1
NODATA_value  -9999
[rows 42 to 83 of 356, columns 188 to 281 of 356]
161 155 156 157 157 158 158 150 147 146 122 95 104 129 139 143 143 145 141 143 148 155 155 147 143 147 148 147 149 151 149 150 159 161 162 161 159 160 157 157 150 147 139 139 144 147 157 156 148 142 137 142 154 158 158 150 145 141 145 147 146 139 127 128 125 119 123 123 122 124 126 133 143 145 144 150 157 153 142 142 147 146 140 143 146 136 136 145 156 156 146 133 114 113
158 152 155 160 153 151 160 155 151 149 129 91 96 126 139 143 144 145 143 142 146 150 152 146 141 145 148 149 152 159 157 155 157 160 164 160 158 161 156 155 153 151 144 148 152 148 150 151 149 144 139 153 160 165 160 151 147 150 154 148 139 136 128 134 127 118 112 114 119 123 127 134 139 134 135 143 145 142 137 133 136 136 137 147 146 133 128 138 150 153 147 137 121 122
156 154 151 156 145 127 139 147 148 150 138 108 108 129 141 149 141 143 144 145 146 151 156 147 136 139 146 147 150 152 151 154 160 160 159 158 156 157 154 157 161 155 146 150 155 150 146 148 149 147 144 158 161 162 155 149 152 154 150 146 138 137 133 135 126 121 111 112 121 128 127 133 143 139 140 140 140 144 141 129 125 125 131 143 147 141 134 134 137 144 150 149 140 140
157 156 146 143 134 110 111 123 132 147 142 124 125 131 136 146 139 140 141 147 148 146 151 149 143 146 152 157 151 142 147 152 161 163 160 162 159 158 153 159 161 153 147 148 152 148 143 140 148 148 145 155 160 158 156 148 148 145 148 149 141 138 134 127 126 129 122 122 127 127 126 129 135 139 141 141 143 145 140 133 132 132 134 141 146 145 140 132 134 140 147 150 148 149
159 157 144 138 141 133 123 111 108 125 137 132 135 139 140 140 137 140 141 143 144 141 146 150 150 147 149 157 147 141 149 150 155 162 161 157 160 160 160 165 158 153 155 150 149 149 145 143 146 150 143 145 154 156 157 145 146 148 153 148 140 141 137 128 134 138 135 131 135 130 129 132 131 138 141 143 141 139 134 138 142 141 135 135 141 143 141 135 137 135 139 144 149 150
161 158 151 146 144 147 139 116 100 110 125 132 135 137 142 140 137 141 142 140 146 145 148 149 149 141 138 146 148 148 150 150 150 160 161 157 160 158 164 169 161 158 159 155 153 153 151 147 144 145 138 139 143 148 148 133 135 147 148 139 137 143 139 130 136 135 138 137 136 134 139 141 135 137 142 139 136 136 143 149 149 141 131 133 138 143 143 142 139 142 144 145 147 148
157 152 158 156 142 143 143 122 113 127 130 133 128 121 128 137 135 143 147 141 151 154 155 153 159 148 140 140 150 157 153 146 144 159 165 162 165 164 167 167 163 159 158 156 157 154 152 144 140 140 141 142 136 141 138 128 127 137 138 133 134 135 139 136 139 133 140 144 137 137 146 147 140 138 137 130 135 147 158 157 149 135 129 138 141 141 138 138 140 149 147 143 139 142
154 148 162 164 146 143 145 123 121 139 140 139 127 108 110 134 141 145 149 144 151 156 157 162 163 152 141 138 148 158 153 148 144 156 164 162 168 168 165 163 164 159 158 159 162 152 147 147 144 143 151 147 141 145 143 139 134 135 132 130 131 126 133 133 134 135 144 144 136 130 140 144 142 136 133 134 136 144 153 155 145 136 138 142 144 140 139 133 137 150 147 139 132 134
155 151 160 160 151 159 153 125 124 144 145 142 130 109 104 134 148 146 150 150 149 153 155 161 160 153 144 145 151 146 143 149 146 153 166 161 169 175 164 161 165 161 163 165 165 156 147 147 144 142 153 147 145 143 143 144 142 141 134 135 138 135 138 133 129 131 141 141 135 128 138 142 142 137 133 136 130 127 139 144 141 135 136 139 140 141 141 134 141 147 145 139 135 132
161 152 144 146 155 157 142 123 130 150 148 141 127 116 116 138 147 147 153 152 144 146 154 161 160 153 145 143 145 125 130 154 148 149 164 159 171 176 167 161 161 161 167 166 164 160 151 146 144 140 146 145 148 143 140 137 139 140 133 137 144 142 144 137 129 129 138 138 134 135 140 142 141 139 137 136 129 121 124 132 135 132 136 135 133 138 141 140 141 139 143 143 143 136
161 151 135 142 152 144 135 130 130 145 148 135 115 116 126 145 146 147 153 149 142 146 153 159 155 150 146 138 139 128 136 158 142 141 155 158 166 168 166 159 161 163 164 164 164 162 159 154 149 139 142 145 150 147 140 133 134 129 124 136 144 142 141 135 132 134 126 119 121 132 141 138 137 139 143 147 144 132 130 140 133 129 133 135 138 138 137 140 136 133 140 147 152 144
155 153 140 141 145 141 143 148 140 141 142 129 113 121 130 149 147 142 148 149 152 156 156 159 152 147 142 139 144 151 147 151 139 139 148 154 164 164 167 162 165 165 161 165 165 162 161 159 150 141 145 146 147 147 143 140 134 121 126 137 143 146 144 139 141 139 116 98 107 132 142 135 137 145 147 148 152 141 139 143 131 127 135 142 146 141 135 139 137 138 139 148 156 152
142 155 151 139 133 139 147 152 148 144 140 135 130 137 139 155 150 134 140 151 158 159 153 159 158 150 140 147 153 153 147 144 140 141 146 150 160 163 169 166 166 163 161 165 166 163 162 158 144 140 152 151 149 145 146 151 140 133 146 152 152 150 145 136 139 131 109 100 119 137 139 138 139 144 142 138 143 137 136 143 137 135 139 142 146 139 135 139 143 145 138 147 157 155
135 145 152 148 139 146 148 146 138 138 140 141 142 142 145 149 144 131 138 150 154 154 153 155 153 149 145 152 151 141 142 145 146 139 140 150 152 156 166 163 163 167 166 167 167 168 163 151 135 133 152 153 152 146 146 155 151 150 158 157 151 146 133 127 131 117 102 116 136 142 140 139 140 141 136 134 135 133 137 146 144 139 136 138 142 139 136 136 140 139 132 146 156 157
142 143 149 160 158 152 142 145 142 139 139 144 147 146 155 148 140 133 136 146 152 152 152 149 145 148 151 149 152 141 144 146 151 140 126 137 144 150 160 161 160 169 173 170 164 169 166 153 136 130 148 149 147 142 146 152 149 152 155 152 147 134 122 125 129 113 108 127 140 146 141 141 139 136 130 131 133 132 136 144 142 135 129 129 137 138 130 129 139 133 130 141 144 144
140 152 153 154 158 149 141 149 152 144 142 146 143 144 155 152 151 137 129 141 150 151 150 150 147 150 152 149 154 143 147 155 159 151 134 137 143 148 156 161 161 165 169 164 161 172 171 162 143 131 143 147 140 140 148 149 147 142 142 145 144 124 112 121 129 112 114 129 139 149 146 146 137 132 126 129 136 132 136 144 138 128 118 124 143 137 129 133 138 130 123 125 136 139
137 154 156 147 147 138 139 147 154 146 147 152 137 139 150 157 157 138 134 149 153 152 147 149 149 146 150 154 153 146 151 156 156 151 142 146 144 142 155 163 163 163 163 157 165 176 167 164 148 128 139 149 147 152 150 144 141 135 137 144 144 128 115 124 140 132 136 139 144 157 154 144 131 133 128 136 144 142 145 150 144 131 120 130 141 134 131 137 138 126 117 127 139 140
137 152 150 139 143 141 139 135 143 148 142 149 143 138 141 147 146 127 137 159 152 150 146 150 155 159 158 155 148 148 149 150 148 152 143 141 144 140 154 159 153 153 153 152 165 169 160 163 153 131 138 156 156 160 143 130 136 139 141 145 140 132 126 137 152 150 153 149 154 162 153 141 125 127 122 131 140 136 134 146 152 145 141 141 129 120 130 142 141 127 124 139 142 138
119 138 129 128 141 143 143 137 139 154 144 146 152 142 134 141 142 131 145 159 155 156 146 151 160 166 161 149 149 156 154 145 140 144 141 133 133 135 150 150 148 152 153 157 168 172 163 161 155 141 140 154 154 155 136 124 129 132 139 137 124 119 128 139 146 148 149 143 149 155 150 141 122 122 115 119 125 120 118 134 147 153 155 147 128 118 131 147 146 132 129 140 138 131
85 109 118 131 150 151 147 141 142 153 145 148 148 139 135 143 149 144 149 147 150 154 142 148 158 161 160 149 153 160 153 142 133 130 132 115 110 126 149 156 159 163 160 165 168 167 164 160 159 151 145 148 152 152 139 129 123 122 127 116 99 100 119 131 137 138 141 136 143 145 146 136 119 120 120 116 117 119 117 124 140 149 153 150 143 133 135 150 150 139 139 140 139 134
71 104 124 138 155 155 144 141 141 144 140 135 127 125 131 139 149 148 143 146 154 150 142 145 154 155 152 147 153 154 142 144 147 139 132 120 120 136 153 160 162 169 165 170 170 165 163 161 163 156 144 144 149 148 138 124 118 117 115 103 93 95 103 112 116 121 131 135 137 136 132 128 123 123 125 119 115 122 120 116 127 136 139 142 146 140 140 148 149 147 149 150 147 132
85 122 131 136 143 131 124 135 137 141 136 128 120 119 129 138 146 142 142 152 159 156 143 142 152 155 153 150 154 147 137 147 156 150 137 141 145 151 155 157 158 168 166 168 166 166 166 163 167 159 141 144 146 139 132 122 117 106 99 99 104 92 83 85 89 107 124 132 131 126 120 126 131 126 124 112 104 111 118 115 126 133 133 136 135 133 136 140 141 144 149 153 147 132
90 110 110 128 129 106 113 139 138 142 143 141 135 130 133 141 143 135 147 155 154 154 135 134 149 154 151 150 156 147 142 148 153 153 147 151 148 153 155 154 161 167 162 164 159 158 157 159 165 154 143 148 148 142 139 131 123 99 85 96 107 91 84 85 88 109 127 136 132 121 121 131 136 131 118 97 93 113 132 133 134 127 129 137 134 132 137 137 133 139 142 151 150 136
89 86 85 119 123 113 131 145 142 143 144 150 148 140 137 141 146 139 145 150 147 143 126 132 144 146 145 147 159 155 142 146 148 149 152 153 143 148 154 154 159 157 159 167 162 161 156 155 155 151 146 146 147 144 140 126 120 98 83 101 115 107 107 105 104 122 134 139 137 128 129 128 135 142 124 102 106 131 144 144 140 134 132 135 132 136 144 143 138 144 144 150 151 145
108 93 98 127 118 119 142 145 144 145 140 148 148 141 144 145 143 137 144 151 148 145 136 134 140 146 146 146 153 156 144 142 145 151 153 146 135 140 155 152 146 148 155 165 161 159 155 143 135 127 129 135 137 124 105 93 103 108 107 116 121 125 129 132 128 137 139 135 134 129 126 118 128 139 137 130 141 156 151 142 139 139 136 131 127 136 146 145 143 147 148 149 156 155
123 121 124 127 107 116 143 145 140 137 138 140 150 147 144 145 146 141 143 153 153 148 144 130 134 150 151 146 148 153 148 140 149 159 158 148 142 143 152 150 144 142 144 157 154 149 149 125 105 97 109 131 132 107 75 69 97 121 121 115 121 134 141 148 138 140 139 137 136 129 125 123 127 136 148 152 160 163 150 134 120 129 140 138 137 142 148 144 139 142 147 149 154 158
128 131 125 127 110 112 126 129 139 140 144 142 157 155 138 145 151 147 151 156 151 141 141 138 142 153 156 149 151 149 142 133 147 158 160 153 150 148 147 145 147 140 140 159 155 141 138 122 103 103 117 136 140 116 75 65 89 110 114 117 131 139 145 150 144 147 146 143 138 125 126 133 132 135 148 158 160 160 151 125 109 127 146 149 146 143 139 131 131 146 149 148 149 157
128 121 119 135 128 122 109 107 137 147 143 145 155 155 136 135 139 148 157 156 146 133 141 149 147 152 153 135 144 151 140 131 145 155 156 151 153 149 146 148 146 135 142 162 151 135 137 133 123 129 137 141 144 113 66 53 61 78 103 123 139 143 141 143 150 155 151 143 137 124 128 141 133 133 151 161 155 156 157 134 122 138 154 158 150 141 134 130 132 143 148 149 145 153
122 119 130 140 140 140 115 106 133 143 142 148 151 148 130 123 129 139 147 156 154 143 144 148 145 148 147 132 141 144 140 143 146 152 153 156 157 148 138 141 149 142 150 162 147 135 137 136 135 136 137 141 124 81 58 53 57 75 106 129 135 132 131 141 153 154 144 137 133 128 132 134 130 132 148 154 152 155 154 142 137 145 153 151 144 137 137 131 119 131 150 152 143 142
115 124 141 145 148 142 118 115 131 142 145 149 150 138 124 127 137 136 141 156 159 148 141 145 150 151 153 145 146 138 141 151 146 146 149 156 151 131 116 124 146 148 149 156 140 125 125 128 131 128 128 124 87 53 61 73 90 106 122 132 128 126 129 143 152 148 133 135 136 134 125 126 131 130 139 144 149 151 144 144 143 141 140 141 140 137 137 117 100 126 150 154 140 139
112 125 139 145 151 150 131 125 139 150 151 151 151 137 128 139 143 143 147 156 155 143 133 142 155 152 155 153 150 140 143 150 146 145 142 150 144 118 110 128 154 155 149 152 135 123 117 118 125 127 121 96 66 57 79 97 120 131 131 131 129 129 133 143 147 145 136 141 143 137 125 127 130 135 139 145 150 141 139 146 144 137 131 139 148 143 134 113 111 141 158 153 138 140
119 126 132 140 142 147 144 140 152 163 157 152 153 146 139 146 144 138 130 142 152 147 141 149 156 148 148 157 154 136 136 147 144 146 139 146 147 137 134 143 158 148 146 149 143 132 116 117 131 133 118 88 79 87 105 121 135 139 139 138 134 129 132 145 150 148 145 143 136 135 125 125 134 140 143 147 146 137 143 148 146 141 134 140 144 139 137 128 136 154 160 153 143 137
128 133 133 140 137 142 146 150 156 163 168 165 158 155 146 141 144 123 103 127 145 147 147 150 149 146 151 158 153 129 126 139 138 149 149 151 151 151 147 143 151 148 149 152 155 140 130 133 140 138 129 116 121 122 126 134 139 143 140 139 133 129 134 145 148 141 140 140 133 133 127 134 148 147 146 147 147 144 147 148 145 148 140 141 139 132 140 143 150 156 159 159 150 141
123 127 127 138 141 141 143 154 160 163 171 176 163 153 148 139 147 138 132 144 139 136 145 149 144 146 153 151 142 128 130 146 145 156 155 153 152 145 148 147 150 155 158 159 159 149 143 139 136 136 132 131 138 137 131 130 137 143 141 138 135 135 137 137 135 133 137 142 137 139 134 135 145 145 145 148 150 151 153 150 146 144 137 138 133 131 149 150 147 148 158 159 152 148
120 122 126 133 132 132 131 146 155 158 161 170 169 158 155 147 150 159 165 153 133 134 150 154 137 139 148 148 140 134 134 149 148 146 155 157 151 148 151 150 143 150 159 163 156 150 140 133 131 137 134 136 140 141 130 132 145 146 148 146 139 137 137 130 132 138 143 140 136 140 135 141 145 141 143 143 147 152 153 149 147 140 137 137 136 139 152 152 144 141 147 154 150 143
113 126 133 135 130 130 113 125 145 151 159 166 169 165 158 151 158 166 165 147 132 136 152 152 136 141 153 154 139 132 132 136 136 135 159 161 150 155 149 150 148 156 161 164 159 151 137 136 135 136 132 134 141 145 139 145 156 154 157 153 142 137 138 138 142 148 145 139 138 140 139 151 145 137 142 139 143 144 151 150 149 149 152 149 149 147 149 152 150 140 130 138 143 140
109 134 138 139 134 133 114 112 111 122 145 156 152 146 140 144 153 155 156 155 151 139 152 154 138 142 146 151 141 133 135 136 137 140 163 157 147 150 146 148 146 150 155 162 164 156 145 150 147 138 134 141 151 157 155 157 159 156 157 158 146 133 128 137 141 148 144 139 144 140 140 144 136 137 144 141 141 142 150 146 146 153 151 140 141 149 151 162 155 135 117 117 130 132
128 137 132 129 122 129 122 113 92 106 134 139 129 121 126 141 149 158 163 164 158 141 152 153 141 146 143 148 144 136 133 132 131 139 161 155 146 146 150 151 146 145 152 160 162 155 153 158 151 139 141 153 159 164 158 162 163 158 161 158 140 119 108 121 135 145 147 143 146 138 139 135 130 141 151 148 148 148 148 147 152 150 138 129 143 154 156 162 149 132 115 109 124 123
142 139 127 129 131 138 127 117 104 115 137 134 127 116 114 122 127 142 155 153 143 138 150 149 148 148 139 144 143 140 134 135 139 147 157 148 139 138 143 146 146 149 156 154 154 152 154 154 144 133 141 158 156 161 157 164 165 159 159 155 145 132 121 129 147 150 152 146 142 136 134 134 137 141 152 155 160 156 147 150 154 141 132 132 140 143 143 141 137 125 117 119 131 125
151 152 145 146 149 147 129 114 105 116 138 137 137 128 125 124 116 118 131 138 137 138 144 151 156 145 134 131 138 150 139 140 154 148 142 133 134 137 143 149 147 150 154 149 139 139 144 147 137 120 132 160 164 165 161 162 162 161 152 154 159 149 138 146 159 157 150 148 140 132 132 129 131 140 156 162 160 155 148 151 152 138 135 137 134 129 130 132 127 111 113 127 137 133
162 151 147 153 153 149 136 128 126 132 142 141 145 147 143 138 135 133 137 143 138 141 148 156 160 151 149 137 139 148 136 141 152 137 134 131 139 141 142 149 147 147 144 144 140 142 145 148 137 117 116 141 161 161 157 158 158 159 149 147 151 150 146 153 164 161 155 158 146 135 139 130 126 140 156 165 163 164 154 152 150 138 138 141 143 133 135 134 122 111 123 138 141 136
169 155 152 159 158 148 143 141 137 146 140 138 143 150 146 146 151 153 156 152 139 142 159 161 162 158 161 152 148 148 139 139 140 134 137 137 143 141 133 138 147 152 143 140 143 146 148 145 139 139 133 146 159 157 154 162 161 157 145 140 146 151 145 151 158 154 157 163 150 141 137 131 135 152 158 160 164 167 156 160 150 131 131 145 150 139 140 130 120 126 137 149 149 139
