example/E5 - XRays/X-ray-tomography/rastert_juap51.txt
ncols         356
nrows         356
xllcorner     -0.5
yllcorner     -355.5
cellsize      1
NODATA_value  -9999
[rows 168 to 209 of 356, columns 0 to 94 of 356]
255 149 147 145 150 150 154 163 169 168 163 164 161 160 162 166 167 165 162 163 155 150 133 83 51 69 102 120 139 150 157 147 115 110 122 125 127 123 120 129 142 140 138 151 153 141 140 148 139 146 151 148 149 155 159 164 163 161 158 157 150 150 142 136 144 137 129 112 107 132 142 142 143 147 144 135 132 137 137 143 146 130 134 138 145 153 154 160 158 162 155 125 110 128 150
255 144 142 142 146 138 143 159 168 168 168 170 164 159 157 161 162 162 156 159 154 148 143 117 77 57 81 118 142 150 151 143 130 123 108 113 129 128 126 136 140 132 134 141 139 133 134 137 138 141 145 151 153 161 176 175 164 164 168 163 158 149 141 145 148 136 129 112 110 125 130 135 138 141 145 141 139 146 147 137 127 124 142 138 128 143 158 170 166 162 136 107 123 150 154
255 144 141 144 147 141 142 156 164 163 168 171 168 165 160 161 165 164 162 160 157 156 143 134 99 55 70 110 129 135 137 141 144 133 116 126 134 123 129 142 138 130 136 139 134 135 134 134 139 137 137 142 149 162 171 171 166 168 169 161 161 158 144 126 120 126 134 136 135 137 134 141 156 149 137 137 147 147 147 143 139 145 144 130 119 123 123 139 154 141 113 113 141 157 151
255 146 134 135 142 149 157 165 169 169 172 172 171 172 171 171 167 163 166 170 165 165 154 150 128 72 56 91 118 129 138 139 145 143 131 134 137 127 133 144 138 128 130 134 134 139 139 135 143 143 139 142 151 161 161 161 160 161 163 154 153 156 145 122 111 124 135 132 132 138 143 153 163 150 125 124 140 134 120 123 145 164 154 130 129 125 106 121 147 131 117 133 149 153 148
255 151 141 142 151 158 162 165 167 167 170 173 173 174 174 170 167 161 164 171 168 161 159 158 149 107 64 78 104 115 126 130 142 144 139 146 148 138 139 145 142 131 131 137 132 133 135 133 145 144 138 142 150 156 154 154 156 154 151 151 147 142 139 141 137 139 141 132 129 139 147 155 150 123 103 96 109 123 115 120 143 156 151 127 132 139 130 129 148 143 136 147 157 159 153
255 149 148 153 158 165 166 165 167 170 168 169 171 175 172 168 169 171 169 169 170 164 162 161 156 131 97 84 80 83 104 128 145 146 148 151 144 142 147 150 150 140 130 132 136 132 124 126 138 142 149 147 154 161 160 156 161 159 143 142 145 142 137 132 132 136 140 138 134 137 142 147 143 120 105 99 111 127 129 142 147 142 145 133 140 149 144 137 135 142 146 145 152 145 144
255 154 151 152 159 170 173 173 172 175 176 176 173 173 170 167 171 175 172 165 169 171 163 161 162 148 133 120 98 83 94 119 141 145 146 156 152 151 151 156 164 150 123 116 133 137 133 132 134 138 153 151 143 135 147 155 160 159 146 137 137 136 129 117 118 132 139 147 141 131 133 136 133 132 133 133 130 131 139 142 132 141 143 141 146 144 137 126 117 135 139 140 147 134 133
255 155 154 159 170 175 176 174 175 174 174 175 175 170 167 170 175 176 175 175 170 170 166 165 166 159 149 141 131 115 106 117 141 146 150 162 164 160 152 155 164 160 142 133 137 137 135 136 140 140 143 146 145 121 111 123 134 149 153 144 134 126 123 121 119 124 135 142 133 125 130 129 123 141 156 148 143 143 145 144 133 149 147 146 155 152 139 118 117 143 135 135 137 131 138
255 156 161 167 170 172 177 175 172 172 172 171 172 173 175 176 174 174 174 177 174 174 173 169 171 166 151 142 139 131 129 136 144 144 150 150 152 158 161 165 163 168 163 155 142 137 140 142 147 146 144 141 150 145 130 129 114 118 139 138 137 135 127 121 110 107 127 131 121 119 132 131 127 147 162 151 150 150 143 149 149 149 143 141 147 148 146 136 133 148 141 148 143 138 152
166 163 165 169 170 171 169 168 171 174 173 172 172 175 175 174 173 172 174 178 177 173 169 166 167 168 158 152 143 136 141 147 140 138 142 136 143 150 154 167 166 166 160 158 149 146 144 145 151 146 140 126 132 143 144 145 133 126 137 139 139 138 130 123 118 115 123 112 103 118 135 136 138 142 150 153 150 145 140 146 147 149 148 145 145 145 145 147 142 146 144 146 143 141 148
255 170 167 164 162 161 159 167 175 176 175 175 172 173 175 170 171 171 172 175 174 177 176 173 169 167 162 158 147 138 144 150 146 138 128 119 127 128 130 150 161 160 162 166 153 138 136 143 148 140 132 118 121 138 151 152 143 136 136 142 140 130 119 115 120 126 123 96 94 121 134 135 136 126 130 143 142 138 142 143 141 150 142 143 151 148 141 143 147 148 143 136 142 146 149
255 166 163 149 142 149 159 171 174 173 171 174 173 172 174 171 174 177 170 162 164 175 175 173 171 170 167 163 156 142 133 132 132 132 120 114 122 118 115 138 157 159 165 168 161 142 137 140 134 129 126 114 109 129 150 150 142 128 128 139 134 123 123 127 126 122 115 102 100 124 135 124 114 109 117 131 132 134 139 142 143 153 141 141 150 141 143 150 153 158 152 128 126 138 151
255 157 159 141 138 154 163 172 174 174 172 173 176 174 172 172 172 175 175 172 173 177 176 173 170 170 168 163 157 136 125 130 122 127 128 124 130 122 119 131 143 154 161 165 172 152 133 130 130 132 127 114 111 134 156 160 152 126 113 120 122 115 118 118 108 98 99 108 111 126 134 110 96 109 123 127 131 136 137 140 131 142 147 142 147 139 147 148 143 149 152 140 140 148 158
255 150 152 142 149 164 161 168 174 174 171 172 173 175 173 170 172 173 177 182 178 174 176 176 174 172 171 168 162 140 130 137 119 121 129 109 109 127 140 137 139 155 164 165 170 162 141 133 136 131 124 125 134 144 151 156 153 124 107 114 117 102 87 81 73 81 96 109 123 134 127 112 103 110 116 110 112 128 141 142 125 134 143 138 141 145 151 137 124 133 137 134 145 153 168
255 153 155 148 152 163 162 163 167 169 174 175 170 172 169 165 170 175 177 173 167 170 176 175 171 168 168 168 161 143 130 128 122 128 135 119 116 133 141 143 145 154 163 168 165 162 148 130 143 140 128 133 147 149 140 140 141 125 105 100 94 77 60 61 66 82 103 116 130 136 124 125 126 128 130 115 111 129 140 139 134 135 140 137 140 143 141 137 128 128 128 131 135 140 154
255 154 154 149 152 157 162 165 165 169 171 171 170 175 175 170 170 167 169 171 168 173 179 176 172 173 172 163 145 134 121 106 122 142 143 137 134 142 147 150 149 151 153 163 167 167 153 121 131 141 137 138 141 140 124 121 120 111 85 76 73 68 63 72 90 100 114 124 127 129 122 131 138 139 137 128 134 136 136 147 156 154 143 144 145 137 128 143 139 133 133 136 121 119 138
255 153 152 141 142 150 162 170 169 167 166 168 171 175 176 172 172 170 169 171 175 175 175 176 178 179 176 170 148 138 125 100 120 139 139 132 123 127 137 138 143 150 151 154 159 165 150 123 119 129 142 146 138 127 97 88 92 90 77 70 73 82 82 81 101 112 122 130 128 132 130 132 139 135 134 135 146 138 140 150 157 158 150 154 152 146 135 139 135 129 134 144 124 89 86
255 158 155 148 151 160 170 175 175 174 166 163 166 166 165 165 173 180 175 169 173 176 180 179 175 173 168 160 147 141 128 117 135 147 142 138 120 100 114 133 146 146 150 153 150 144 140 141 129 121 131 145 137 118 82 62 64 72 75 73 86 101 109 107 109 103 121 136 134 139 144 141 148 142 133 138 143 138 146 159 151 151 155 156 155 145 140 137 142 140 135 139 129 97 79
255 157 152 150 154 161 169 173 172 171 170 171 169 163 164 169 174 174 173 175 177 172 170 174 178 178 174 162 152 148 139 140 151 156 147 147 134 104 116 137 148 144 149 160 156 141 137 138 134 135 135 146 147 133 102 72 75 80 81 84 106 125 130 131 123 113 135 144 140 142 148 144 147 139 128 133 135 136 139 149 150 146 144 147 145 135 140 143 138 125 123 123 117 113 101
255 148 148 151 159 162 165 164 164 167 172 172 173 170 169 170 166 165 170 178 181 176 168 170 177 178 170 154 147 141 137 148 150 147 141 146 147 125 125 141 149 150 150 152 147 140 137 142 137 142 143 141 148 137 113 95 104 102 100 106 114 119 128 132 111 99 124 139 154 154 147 140 146 141 133 137 137 133 134 139 149 150 140 140 143 139 136 149 142 126 118 119 112 118 114
255 155 151 152 160 162 166 167 165 168 171 166 167 167 169 170 171 177 179 176 175 180 180 176 170 165 149 123 133 150 143 144 134 125 134 144 146 139 137 151 162 164 155 151 142 132 132 147 142 141 142 132 130 130 130 134 142 136 127 120 111 112 137 145 118 94 102 124 149 151 148 139 149 149 137 135 136 133 140 148 149 141 136 138 134 137 141 157 155 136 117 127 119 126 137
255 157 150 146 152 158 165 167 168 166 168 168 166 167 169 168 173 179 179 177 175 176 172 169 165 162 142 116 129 156 148 140 129 119 127 131 132 138 139 148 150 151 151 142 140 143 139 142 139 139 139 135 132 135 147 159 153 151 146 111 93 120 147 151 146 134 134 146 157 148 149 144 153 159 148 143 137 125 119 123 133 135 121 120 129 137 141 148 146 136 130 133 111 105 128
255 145 141 142 148 158 167 165 166 170 171 168 161 163 171 171 170 165 162 165 171 174 172 170 168 166 148 134 136 139 128 122 128 132 130 123 131 142 140 144 146 140 142 128 122 140 140 133 133 134 134 130 137 147 153 163 156 141 116 89 99 133 147 155 162 162 160 163 165 151 154 152 152 157 149 153 141 112 106 110 130 140 122 119 133 148 146 140 134 139 134 126 108 100 126
255 147 142 138 142 149 158 163 164 167 164 163 167 171 167 164 163 163 170 170 172 175 173 169 163 157 147 134 130 129 118 104 111 128 134 133 135 133 135 137 140 143 137 116 117 133 129 122 121 125 134 126 130 145 150 153 143 115 88 89 121 150 163 164 161 167 176 175 164 154 153 155 154 152 148 150 139 119 125 129 143 148 135 135 143 153 149 144 136 136 129 122 116 129 150
255 147 139 138 140 143 150 162 167 167 164 163 168 169 168 168 165 166 171 167 164 166 167 170 165 154 149 135 132 130 120 107 109 125 139 145 133 119 137 143 129 127 125 114 128 145 137 118 121 128 137 131 117 118 125 127 135 134 130 142 160 170 170 167 167 160 167 175 170 165 158 160 163 152 154 155 139 133 138 140 145 153 157 149 144 141 148 153 144 136 138 138 133 139 147
255 147 140 138 140 145 151 159 162 161 167 169 166 164 163 166 169 168 163 163 165 165 167 174 171 156 147 139 142 141 132 120 125 133 135 143 137 116 124 135 129 133 137 127 125 137 138 118 128 138 141 125 96 95 121 135 152 165 162 166 171 176 178 175 171 170 174 176 172 168 164 162 156 147 157 164 149 139 134 141 147 145 150 152 148 141 146 150 149 151 153 156 151 152 153
255 140 134 136 144 147 149 151 156 160 168 172 169 162 162 164 164 163 167 172 173 174 173 172 162 147 139 137 143 141 129 121 139 142 129 129 125 118 120 122 130 144 150 141 127 132 135 119 130 144 148 144 137 141 158 166 168 175 172 171 168 167 173 178 174 175 180 171 175 173 171 171 162 154 156 162 159 151 145 150 147 139 146 155 153 147 146 146 153 154 155 163 168 170 160
255 128 119 126 141 146 145 142 148 157 164 170 168 163 169 171 166 166 170 168 169 175 173 168 163 155 148 147 147 129 113 110 134 144 134 126 120 123 133 134 138 135 123 118 120 135 145 134 135 150 153 160 171 174 173 175 176 177 175 177 180 184 180 180 180 173 180 171 176 178 173 172 171 165 157 159 162 164 167 164 155 152 149 154 148 141 148 154 159 155 158 165 171 169 161
255 255 133 130 136 139 141 143 145 150 154 160 164 169 171 170 171 170 162 159 162 168 164 159 162 161 146 132 115 91 90 108 125 136 132 125 120 127 140 141 139 135 124 113 117 136 150 158 160 163 161 166 165 163 163 167 175 180 179 176 185 187 181 173 179 181 182 178 178 175 172 176 179 175 171 170 164 157 166 173 165 161 148 147 144 133 134 138 152 162 170 170 174 164 160
255 255 148 141 144 145 140 140 141 134 139 154 157 158 156 163 167 162 159 157 159 164 164 163 163 160 150 127 94 71 87 122 131 136 133 124 123 132 139 140 146 144 129 121 129 140 152 167 170 171 176 182 175 170 171 168 173 174 174 176 178 173 173 175 180 182 175 173 179 182 184 185 180 175 179 179 171 159 153 151 152 156 153 152 151 147 146 136 147 158 165 167 165 168 174
255 255 145 139 143 142 135 137 140 121 112 133 152 161 161 161 155 157 159 156 156 157 160 160 150 141 139 119 83 63 83 119 134 141 137 127 133 137 134 134 143 140 128 125 137 152 163 167 169 174 174 175 177 181 182 180 183 180 179 176 173 170 178 182 177 171 170 168 165 173 174 171 173 173 179 175 177 174 159 144 143 151 153 152 152 148 147 142 149 159 166 169 164 171 178
255 255 141 133 135 132 136 144 145 126 101 99 126 147 154 156 158 163 153 129 113 117 136 136 103 81 78 68 53 53 90 120 130 129 129 130 131 137 141 144 138 131 139 143 144 159 168 165 168 178 172 168 172 175 176 178 180 181 183 179 182 178 179 176 171 167 176 181 179 181 179 170 176 175 173 175 177 174 167 171 168 161 154 152 155 144 147 154 157 160 162 164 162 159 160
255 255 146 143 141 137 143 147 147 143 131 110 104 122 139 149 156 157 132 89 67 84 126 137 94 56 45 45 50 69 114 135 141 134 137 139 135 137 139 144 133 120 138 159 161 166 166 169 170 174 174 170 173 178 177 171 171 172 177 179 181 176 174 174 176 177 182 181 181 186 182 178 180 175 172 176 171 173 174 177 176 169 171 164 158 146 149 154 156 153 151 158 160 153 157
255 255 151 150 149 143 143 145 147 148 145 133 113 116 125 139 153 144 95 50 59 105 140 155 137 106 91 88 94 110 136 148 156 148 146 151 150 141 123 125 123 103 123 151 155 161 167 181 177 172 169 168 180 179 173 170 174 172 172 179 178 173 173 175 177 184 183 174 177 180 174 173 175 177 172 175 170 172 172 173 178 173 181 174 157 149 154 158 161 154 145 150 160 162 154
255 255 150 146 144 136 134 143 148 141 135 139 137 130 128 138 147 134 79 50 89 140 156 161 164 162 151 146 145 150 157 161 166 160 153 150 145 141 127 111 94 76 102 136 154 163 166 175 172 174 173 175 181 176 176 172 172 174 174 179 179 179 181 181 181 180 178 179 180 174 172 169 171 174 177 185 178 172 170 177 180 173 174 160 149 154 161 162 156 152 153 145 146 154 143
255 255 151 144 140 140 141 146 155 152 139 139 145 140 137 140 141 132 94 81 120 151 163 172 176 176 172 172 166 162 167 170 169 163 150 142 142 134 121 89 72 73 103 133 155 164 168 172 167 171 171 169 165 171 177 170 171 177 178 171 177 176 177 181 181 181 175 178 178 173 175 173 174 175 183 185 178 176 181 180 173 169 163 151 152 161 161 158 152 159 162 151 154 149 135
255 255 255 149 147 147 143 142 147 154 151 147 143 144 148 143 140 139 125 115 132 150 165 182 186 180 172 170 165 167 175 176 175 170 158 146 137 118 98 78 93 116 131 130 135 148 162 168 167 170 168 173 176 180 174 169 175 177 180 170 178 178 171 178 180 179 177 180 184 180 174 170 172 167 171 177 174 177 180 177 173 165 155 156 158 159 156 160 156 157 160 156 151 137 133
255 255 255 146 147 151 147 140 136 140 149 149 146 148 149 137 133 136 134 119 127 151 169 181 189 188 181 178 173 174 174 168 170 173 170 146 121 106 83 78 119 150 151 133 120 139 155 166 173 178 175 182 187 185 188 185 178 172 178 176 177 177 174 183 185 184 179 173 178 178 173 171 176 175 178 174 178 186 184 178 165 152 145 147 144 151 159 155 157 161 155 147 139 135 141
255 255 255 145 146 148 140 135 138 135 135 136 142 144 133 122 125 136 132 119 130 150 161 169 178 181 176 172 173 174 173 169 166 170 165 147 126 108 76 80 125 155 157 148 142 150 153 161 166 169 171 172 175 171 181 184 180 177 178 170 173 182 181 181 174 176 179 174 171 176 177 179 175 178 188 176 177 180 176 166 155 148 146 153 150 158 160 151 160 163 151 145 137 136 142
255 255 255 135 130 130 132 137 144 144 145 148 148 143 136 129 128 139 141 137 139 140 147 156 159 163 170 170 173 172 172 176 174 172 164 160 134 94 62 81 126 148 157 164 160 148 134 146 161 164 172 173 171 171 179 175 174 175 182 180 180 178 177 172 172 179 184 177 174 176 180 185 179 182 184 175 177 173 169 149 132 130 138 153 154 158 162 154 154 152 153 150 146 148 140
255 255 255 108 101 113 128 137 138 141 149 153 152 147 141 133 123 128 143 151 146 133 136 142 149 158 160 160 165 167 164 168 171 165 163 162 129 84 69 90 128 148 161 163 160 151 122 124 154 170 172 173 181 185 183 176 173 171 176 174 177 179 179 174 180 180 181 179 182 181 183 182 176 178 174 174 180 165 152 130 123 133 143 146 151 146 143 149 152 150 154 150 147 144 136
255 255 255 108 117 128 131 131 135 142 147 147 144 147 141 131 122 123 138 152 155 139 129 129 137 143 141 147 154 157 156 158 166 164 164 153 124 98 96 109 139 160 163 160 162 157 122 111 143 161 164 165 172 176 176 174 172 172 172 172 180 183 176 174 173 169 176 179 178 178 181 172 170 176 176 173 174 156 139 129 134 145 157 145 144 148 144 154 154 150 154 152 145 134 135
