example/E5 - XRays/X-ray-tomography/rastert_juap45.txt
ncols         356
nrows         356
xllcorner     -0.5
yllcorner     -355.5
cellsize      1
NODATA_value  -9999
[rows 168 to 209 of 356, columns 94 to 187 of 356]
156 149 147 155 156 151 149 154 159 160 153 142 147 154 153 151 143 142 135 132 136 138 138 139 141 142 136 136 119 112 133 145 139 133 137 140 142 141 142 147 145 132 132 141 153 160 151 142 144 139 125 131 133 133 130 137 134 136 140 134 132 143 145 144 138 148 155 153 147 161 167 162 167 173 182 174 155 157 170 175 165 158 160 159 163 168 179 179 167 168 165 163 166 167
149 152 145 151 164 164 159 153 157 159 157 144 146 153 146 152 152 153 149 140 133 141 140 137 137 132 133 139 128 126 151 152 140 136 138 145 133 129 140 148 154 142 140 142 145 153 151 151 150 152 148 154 139 120 133 146 133 133 148 139 132 138 143 151 130 134 154 145 149 164 162 169 179 182 182 175 158 158 166 170 170 155 144 144 155 163 167 172 161 156 167 171 169 167
138 150 155 154 158 157 147 145 154 160 159 131 132 153 155 149 145 146 143 149 134 133 140 131 132 129 126 132 131 139 162 150 131 135 139 142 127 133 146 141 148 142 144 145 147 152 148 151 149 158 163 163 137 107 127 143 140 133 136 140 150 156 150 150 136 130 135 134 154 160 156 168 176 177 169 176 163 165 172 154 147 154 150 145 144 153 159 166 157 146 164 172 170 168
145 145 146 145 154 156 141 144 154 153 157 141 132 140 149 152 149 146 137 145 141 127 125 135 134 122 114 123 126 130 139 129 118 123 135 153 149 138 137 136 148 147 153 149 157 165 155 158 157 155 158 161 142 107 128 131 131 134 141 145 151 146 139 140 143 146 148 152 160 158 167 174 166 172 166 176 169 162 165 156 142 150 151 149 147 149 147 150 144 141 157 162 164 163
145 149 150 149 148 143 137 149 149 143 142 143 140 142 143 149 151 150 146 147 150 143 132 140 137 127 129 134 134 138 130 128 135 123 125 138 139 138 135 136 144 149 156 145 150 164 157 160 169 170 165 169 149 111 129 142 134 129 145 145 138 133 137 137 143 154 167 174 167 164 172 180 167 174 170 172 167 166 162 153 150 157 143 141 152 149 149 154 147 152 158 161 171 176
136 145 147 137 121 128 140 140 133 140 132 132 146 150 146 145 136 143 156 148 150 153 144 148 142 135 135 135 139 142 134 124 131 123 118 129 132 131 132 133 135 131 136 137 145 154 160 174 176 181 169 167 147 117 124 129 137 137 140 139 129 136 142 141 150 156 164 175 169 167 162 172 171 160 168 177 168 169 162 147 146 152 143 151 157 152 163 165 160 165 164 161 167 177
139 138 131 122 125 145 147 137 126 132 136 135 153 156 152 152 140 141 151 147 154 156 145 154 143 135 132 135 154 149 137 128 140 134 114 127 141 129 139 142 135 123 126 133 142 152 159 162 161 171 164 167 163 152 140 129 139 146 146 147 132 134 147 152 148 150 164 171 172 174 159 154 169 166 169 170 164 170 163 160 159 157 151 158 154 153 168 167 164 173 176 170 169 170
148 139 128 128 143 150 145 146 138 130 140 144 149 154 152 151 143 132 138 151 152 144 142 149 148 151 149 141 155 153 145 133 139 145 125 113 126 118 132 143 145 129 131 133 136 155 159 158 158 165 168 172 165 160 144 140 146 150 145 143 139 126 140 150 145 147 163 169 166 169 164 159 162 163 165 167 161 164 159 159 162 167 154 151 158 167 173 172 163 163 168 168 170 170
144 138 130 129 137 142 141 148 147 144 148 148 144 143 147 145 142 133 136 147 149 154 151 143 148 155 149 138 143 147 146 147 146 148 139 111 101 107 119 127 143 128 112 126 140 161 164 167 170 161 168 179 171 167 151 141 143 147 144 140 137 122 140 145 150 147 146 151 155 155 156 151 152 167 171 174 163 151 145 160 168 163 157 159 172 171 166 165 161 160 168 171 170 168
135 132 134 137 138 144 151 150 140 146 159 156 147 136 139 144 141 130 136 142 145 158 154 148 155 150 145 145 150 154 154 162 153 144 144 119 114 128 126 125 136 125 107 120 134 150 160 166 174 164 162 173 173 171 156 153 149 149 149 140 141 143 156 155 155 150 142 142 154 158 145 140 153 165 169 165 162 154 150 169 164 159 170 165 166 163 162 170 174 171 177 174 171 168
134 128 127 132 130 135 151 146 136 145 158 153 148 135 136 139 142 143 149 149 138 150 156 147 151 146 148 154 152 152 159 160 148 144 144 117 119 123 122 133 131 121 118 122 129 144 151 161 174 165 162 176 174 166 157 156 152 148 150 141 149 154 149 149 145 147 149 151 158 156 148 142 149 159 159 159 161 153 152 166 166 171 181 172 166 167 163 173 181 172 174 175 181 191
132 122 118 129 134 137 143 131 133 153 156 145 139 129 133 139 145 155 154 154 141 144 154 150 149 143 145 150 149 147 159 155 145 142 133 120 128 111 93 108 125 118 114 127 140 151 151 159 159 152 157 166 163 148 148 151 153 154 141 141 158 164 155 152 147 147 140 134 148 146 150 154 150 157 165 160 163 162 160 167 165 163 170 171 177 182 162 148 156 166 178 183 191 214
136 128 126 137 148 141 140 131 136 154 158 151 141 127 130 140 141 140 144 145 138 140 149 142 145 141 132 137 150 155 159 148 146 145 124 117 127 119 102 112 133 133 120 127 138 141 138 159 164 157 154 156 156 148 145 136 138 154 144 141 153 157 145 148 149 151 146 146 150 136 136 149 151 150 158 149 151 159 168 174 171 161 169 174 166 163 159 156 165 191 203 198 196 208
129 137 145 144 152 143 138 138 147 141 139 148 136 113 117 128 133 131 136 143 141 146 146 136 141 135 121 128 141 154 155 145 141 130 109 107 112 119 120 121 130 135 127 129 135 140 118 131 158 158 157 162 151 151 147 139 138 153 149 138 150 148 141 152 151 155 145 135 139 138 128 134 151 151 149 147 143 153 169 169 165 160 164 165 159 154 159 170 186 205 210 211 214 215
131 144 158 161 159 151 143 144 150 134 129 133 126 124 131 127 131 129 130 136 144 152 144 138 137 130 132 138 137 145 144 145 138 123 114 103 87 97 122 129 128 122 116 118 126 140 101 92 140 156 155 167 160 140 121 131 151 153 141 134 156 161 151 153 152 150 137 134 138 142 139 145 159 164 156 144 129 142 160 163 167 163 156 160 158 150 155 174 190 210 220 221 211 208
148 156 154 165 168 158 145 145 152 136 126 131 137 151 149 134 133 127 132 134 142 144 137 127 121 129 137 147 136 130 129 140 139 128 129 118 92 95 115 120 114 108 97 86 93 107 98 98 128 143 147 157 152 117 89 108 139 141 137 133 146 153 140 136 146 142 128 139 143 140 140 145 143 143 140 135 135 147 156 159 159 163 162 173 159 144 157 171 178 202 218 227 221 217
146 149 157 163 156 144 131 132 138 132 121 120 141 152 139 136 129 127 141 133 135 139 136 127 121 127 123 137 144 133 127 138 147 136 130 125 116 128 134 136 120 109 104 87 91 105 119 126 142 145 149 148 138 112 85 100 136 144 147 147 148 146 138 126 133 138 126 127 138 133 137 139 133 142 140 139 151 150 152 156 155 168 163 162 151 145 159 165 172 192 207 214 218 225
141 154 159 156 143 133 129 129 129 130 125 122 140 147 134 139 137 137 149 137 137 142 139 142 138 129 116 125 143 142 143 146 154 146 132 132 137 152 150 146 137 127 127 115 117 125 128 137 143 131 132 137 139 138 124 123 141 148 148 151 157 145 142 130 135 144 132 124 131 128 132 136 136 142 139 147 160 154 150 153 148 161 164 156 135 137 158 164 170 186 191 204 223 221
136 151 148 142 133 133 138 138 131 138 140 133 130 130 126 138 141 141 137 134 137 146 145 142 138 130 111 108 124 137 149 147 148 149 149 150 154 159 157 150 140 132 139 144 138 137 144 150 140 112 114 137 147 147 144 143 150 155 148 147 159 159 146 127 129 129 120 119 127 133 129 135 139 134 133 136 140 146 151 154 149 151 154 149 136 144 161 169 165 178 187 201 219 211
135 140 139 133 135 143 150 145 130 143 144 137 129 126 123 131 140 150 134 130 141 150 143 135 133 135 135 120 128 146 151 149 143 139 146 150 153 156 160 155 141 134 153 157 143 143 152 151 139 123 126 143 156 155 141 141 152 164 162 154 150 155 142 125 128 132 125 128 136 131 123 137 144 128 134 143 128 130 143 152 157 159 141 120 130 151 160 162 160 167 179 193 209 203
141 143 142 136 145 147 141 139 137 146 144 145 142 141 137 131 132 137 134 137 146 143 133 140 140 133 142 135 136 156 151 149 142 129 128 133 143 137 131 141 157 156 167 159 144 135 138 142 142 143 134 131 158 162 138 127 131 141 157 163 153 152 146 139 130 128 139 134 132 126 125 135 134 120 127 136 127 123 137 146 142 144 118 113 142 155 162 166 167 162 169 182 203 209
149 148 132 129 142 159 137 128 137 140 138 138 144 148 135 129 132 136 138 139 146 135 128 136 135 130 137 133 139 156 151 141 131 132 134 129 119 117 128 148 165 175 166 154 149 140 138 142 148 153 139 128 151 157 147 131 124 140 159 161 161 156 145 140 134 138 147 123 112 123 137 141 138 132 134 133 129 125 136 139 134 125 112 128 155 157 162 170 164 156 177 172 187 203
150 154 132 125 126 150 124 112 133 146 148 141 142 156 149 141 135 137 140 140 143 132 128 133 136 122 120 131 129 136 144 140 142 137 132 108 92 125 150 154 162 182 174 167 163 159 155 142 139 150 146 129 126 134 144 135 129 140 161 176 173 152 151 153 144 141 122 103 104 122 144 152 155 144 137 137 140 150 147 136 131 115 125 138 156 163 166 165 166 161 176 168 168 179
153 145 139 137 128 135 113 107 132 139 141 134 136 150 145 145 140 128 130 128 133 138 129 130 142 131 126 137 132 141 145 134 146 143 127 109 110 142 152 152 154 171 172 174 171 172 171 156 148 151 146 137 126 122 136 131 123 118 151 172 161 155 168 158 144 135 125 128 129 128 149 162 151 139 133 124 132 153 143 124 121 130 150 156 163 172 174 164 166 168 172 170 176 183
160 144 146 141 134 135 127 134 145 129 129 140 141 138 138 140 140 129 131 127 128 132 134 137 151 150 146 147 156 160 147 137 147 144 129 122 135 154 155 156 164 174 168 165 175 177 170 162 151 144 138 137 134 128 127 122 127 128 150 160 161 170 168 157 158 147 143 134 131 129 143 144 132 133 138 124 130 150 132 124 141 157 161 163 172 172 165 159 164 175 175 162 168 178
159 148 142 137 144 147 139 144 152 146 146 154 145 131 138 142 140 137 141 139 132 124 137 143 140 131 134 145 151 144 136 150 155 145 135 134 142 151 163 162 164 174 177 165 174 176 172 177 169 147 126 127 133 122 122 125 136 147 156 161 171 172 162 161 169 160 151 129 131 125 121 130 130 125 125 124 124 133 137 143 152 162 167 164 170 170 166 167 169 165 167 168 167 166
164 156 153 155 158 154 141 131 138 143 133 135 133 122 128 125 128 143 144 135 131 131 149 155 138 127 129 145 142 141 141 141 143 146 141 143 144 144 158 162 170 174 177 176 172 170 175 182 176 157 129 123 132 124 129 132 127 145 151 154 168 166 158 155 157 155 144 128 131 126 119 132 131 118 119 133 126 111 138 159 160 166 169 169 169 159 168 177 177 171 168 178 173 161
171 164 160 158 156 152 142 132 136 133 116 121 128 124 129 125 136 148 141 138 139 133 138 132 133 137 127 136 135 139 141 139 144 154 150 145 148 146 157 158 166 180 174 169 163 163 166 172 166 165 153 136 126 130 131 116 96 118 140 148 159 164 154 150 146 138 130 127 127 124 120 127 128 131 135 137 139 136 147 157 163 171 163 171 173 162 159 159 169 181 172 174 170 165
161 163 157 156 163 162 155 145 135 139 135 130 128 123 123 127 136 138 138 137 134 125 130 118 124 140 136 130 131 139 143 148 148 156 157 151 151 146 152 154 153 161 166 163 172 171 156 162 159 162 156 137 123 132 140 120 85 104 128 133 144 148 148 148 144 143 142 139 134 139 138 130 132 134 136 138 146 142 133 150 160 164 158 161 165 163 163 171 172 171 170 171 168 177
155 158 162 160 167 163 162 166 158 147 128 114 120 117 124 133 135 134 130 120 117 128 145 124 111 132 141 135 141 143 150 158 158 159 153 152 153 156 161 163 158 154 165 159 165 161 160 172 168 161 155 140 118 126 145 137 113 113 124 127 133 137 140 145 144 151 151 140 133 150 153 130 146 156 146 135 137 121 116 150 167 169 171 174 167 167 164 172 176 177 166 160 159 172
152 159 172 169 171 167 159 164 162 150 127 116 126 140 148 141 138 143 143 140 130 131 139 130 124 138 136 135 147 144 143 142 147 158 160 156 156 164 157 157 160 159 166 162 166 156 160 166 163 162 160 143 116 133 153 140 126 118 127 129 132 134 133 136 143 147 143 138 143 152 162 153 157 151 135 115 112 118 125 145 161 168 165 169 169 170 165 163 164 176 180 169 169 168
135 148 161 169 175 172 173 164 154 153 150 148 145 152 140 119 134 148 138 129 120 126 137 138 141 147 139 133 147 144 139 134 147 156 152 147 150 156 151 159 160 156 165 169 169 166 172 167 159 163 158 134 125 138 140 137 126 112 120 128 133 135 137 130 131 134 142 144 141 141 153 157 149 134 123 108 105 117 132 153 159 156 139 135 154 159 170 180 170 169 173 169 174 173
124 144 157 167 170 167 167 167 167 164 167 170 160 144 117 108 134 153 133 120 122 126 133 128 133 142 142 135 146 144 139 133 147 149 140 134 144 145 150 164 154 144 158 167 163 165 169 166 160 157 142 123 127 140 139 144 130 120 130 138 140 134 136 136 142 134 141 140 132 133 137 139 140 135 127 124 123 128 141 155 156 153 119 98 142 151 156 176 166 166 168 162 164 168
114 128 147 152 157 163 164 166 165 164 158 160 159 146 130 129 133 149 139 134 137 129 138 142 139 151 152 148 152 147 135 133 143 150 150 148 150 138 143 154 143 139 145 152 157 168 168 159 153 141 139 138 125 121 131 146 146 130 124 131 135 128 132 135 143 129 129 124 126 135 146 146 134 126 117 123 135 142 146 159 168 159 116 96 128 140 153 171 158 167 168 164 164 169
97 119 149 158 167 170 168 165 165 176 163 157 167 166 155 144 131 151 150 139 139 130 142 153 142 147 151 149 142 139 129 134 145 150 142 149 155 134 137 149 145 143 139 135 137 153 147 140 133 130 149 151 131 111 117 132 149 151 139 138 137 140 146 126 126 129 136 145 145 149 153 145 124 123 126 116 117 135 143 148 156 153 138 133 135 146 150 155 160 170 162 163 167 176
109 128 155 165 168 169 167 167 170 173 160 150 158 162 158 157 142 139 141 136 128 131 140 141 137 132 138 139 132 132 126 130 134 135 139 147 144 139 146 148 145 154 151 142 135 128 121 132 131 133 148 144 137 127 121 131 134 149 149 145 142 146 143 122 127 138 151 163 161 168 160 142 124 130 146 133 121 135 149 147 151 156 150 143 144 150 137 138 163 169 156 164 166 173
126 133 146 160 166 168 159 157 160 164 166 159 158 155 153 154 153 136 134 138 120 126 137 137 136 134 123 107 125 148 140 146 139 129 145 152 148 151 154 147 139 148 140 136 150 133 116 135 147 142 140 141 135 127 133 142 130 138 134 129 122 131 137 128 138 147 148 154 155 164 160 155 142 129 138 140 138 138 153 148 141 143 137 125 133 140 132 129 148 168 167 166 163 162
129 141 156 166 166 173 170 169 169 169 174 173 166 159 160 153 150 130 139 147 125 134 142 140 137 132 112 95 124 155 154 157 149 140 148 154 156 157 153 147 142 131 114 120 142 137 127 132 161 158 137 140 139 140 148 134 118 129 131 128 104 104 125 134 140 146 144 148 152 157 157 161 148 132 137 147 153 148 148 145 144 148 145 124 124 130 143 146 144 162 177 175 165 158
139 137 139 148 147 164 167 161 164 169 175 171 170 170 171 157 150 136 143 137 123 140 145 146 141 127 114 105 111 132 148 147 138 139 147 150 153 151 147 144 141 123 106 119 130 134 135 132 152 151 144 141 144 150 146 135 132 139 134 140 125 104 107 119 132 145 151 157 157 149 147 148 144 144 144 149 147 147 144 143 146 148 152 145 150 145 142 158 152 146 165 170 162 155
142 128 109 129 139 146 148 156 163 166 164 160 171 175 167 161 158 144 148 146 137 150 159 152 141 137 133 126 108 113 139 146 140 144 154 143 139 139 143 137 138 131 127 124 119 127 137 132 143 154 157 159 167 154 135 141 150 147 135 149 137 100 94 115 148 157 159 171 165 158 162 156 142 140 139 147 143 137 142 152 146 130 122 122 142 142 140 152 158 154 158 153 148 157
134 120 103 117 129 139 143 154 156 155 164 163 156 161 159 164 165 154 158 162 159 164 163 156 152 149 148 151 136 118 133 143 139 139 140 142 131 128 141 144 141 141 130 127 127 134 139 137 157 162 144 137 154 151 141 145 149 153 143 142 119 78 69 100 139 147 149 161 168 162 156 155 136 134 147 150 145 121 126 147 139 123 115 116 134 133 153 157 161 161 140 118 110 133
130 114 106 108 123 144 157 161 159 162 170 158 150 164 167 174 171 162 161 163 168 171 161 157 159 159 156 154 139 124 131 130 140 138 132 146 140 131 137 149 145 145 129 124 130 134 128 135 161 162 146 127 128 138 130 126 140 155 145 132 110 76 62 81 118 137 146 156 167 169 156 159 156 153 152 137 134 131 133 139 130 126 124 133 141 140 148 151 148 146 130 114 116 138
