example/E5 - XRays/X-ray-tomography/rastert_juap18.txt
ncols         356
nrows         356
xllcorner     -0.5
yllcorner     -355.5
cellsize      1
NODATA_value  -9999
[rows 126 to 167 of 356, columns 0 to 93 of 356]
255 255 255 255 255 255 255 255 152 156 160 168 164 156 148 142 148 159 163 166 166 169 170 165 165 164 159 147 146 152 152 141 146 151 156 157 160 159 153 142 140 142 138 147 147 144 147 149 151 147 140 135 145 148 155 156 155 157 155 151 144 133 130 118 117 122 125 130 120 113 112 131 143 139 133 139 150 150 150 151 162 160 155 160 159 159 169 164 160 171 166 156 144 145
255 255 255 255 255 255 255 255 162 161 155 156 159 155 152 155 152 157 163 164 163 173 174 167 163 161 158 145 137 141 145 132 135 145 152 159 162 152 134 139 143 141 137 147 154 152 151 146 148 144 140 136 145 149 157 167 165 164 157 146 135 127 126 129 141 138 132 135 129 125 124 136 144 145 132 142 155 149 152 161 163 160 162 158 157 158 164 173 163 166 163 156 150 133
255 255 255 255 255 255 255 160 163 166 163 160 153 149 146 151 159 160 157 161 163 169 168 165 160 156 150 136 126 134 137 123 120 131 149 158 155 148 140 139 140 142 144 146 147 150 148 142 138 132 132 142 151 156 156 159 161 160 155 130 106 119 125 128 138 141 136 138 140 138 139 142 136 142 141 142 145 149 159 165 159 168 175 164 164 164 164 168 164 163 164 154 143 134
255 255 255 255 255 255 255 153 156 162 162 165 158 152 153 155 161 165 164 162 157 157 155 156 160 154 139 134 135 139 138 128 113 121 139 149 146 139 140 130 135 145 146 139 135 134 133 133 133 135 137 147 152 157 159 162 166 169 154 122 103 119 125 119 128 132 123 123 138 146 151 145 138 141 142 143 142 144 153 157 156 171 172 168 169 164 159 156 159 159 158 153 135 136
255 255 255 255 255 255 255 155 155 157 151 147 145 143 145 155 162 164 167 167 161 158 158 152 147 147 139 133 132 135 141 139 124 131 141 141 135 131 135 133 136 146 148 141 133 127 135 138 141 145 146 149 149 152 159 161 158 156 149 137 131 130 130 129 133 129 117 122 141 153 155 149 148 146 142 146 147 143 146 152 153 159 162 168 163 155 160 163 164 157 146 149 136 135
255 255 255 255 255 255 255 157 152 148 141 136 132 136 144 151 158 160 159 160 162 159 160 160 148 143 140 130 121 124 134 144 138 139 137 124 125 132 137 134 129 141 150 146 139 134 140 144 146 149 138 133 138 143 153 162 154 139 142 154 155 145 142 145 138 129 136 147 154 161 160 161 161 143 134 143 147 149 148 157 168 173 170 169 163 159 166 167 163 161 154 149 136 136
255 255 255 255 255 255 154 152 145 137 137 146 144 144 150 156 158 153 152 152 158 160 158 157 153 154 149 141 130 127 136 146 147 138 127 121 132 142 147 140 136 150 156 151 152 150 140 147 146 143 128 103 113 123 135 148 131 120 137 154 161 154 144 142 133 127 149 161 156 160 168 170 178 163 143 137 144 150 143 154 164 170 166 163 166 160 160 163 164 163 153 151 143 136
255 255 255 255 255 255 152 143 138 134 134 141 141 144 151 160 162 156 158 159 161 162 154 149 150 157 153 148 144 137 139 141 141 135 126 122 134 147 149 140 145 154 154 154 158 161 156 156 149 142 120 92 109 122 127 130 117 121 145 163 165 161 146 139 135 133 141 151 151 150 163 176 187 183 158 142 145 145 143 158 167 165 157 164 164 157 153 154 158 162 150 152 152 146
255 255 255 255 255 255 158 147 141 140 140 138 135 143 150 154 158 162 164 163 163 156 144 144 148 147 145 145 145 137 132 132 136 137 126 119 130 144 137 121 129 142 152 153 147 151 151 147 146 142 124 111 130 135 126 115 114 132 151 166 162 159 148 135 141 148 144 149 150 145 159 180 185 186 162 145 143 135 142 163 171 171 164 166 158 160 160 156 154 163 161 158 155 149
255 255 255 255 255 255 147 145 145 145 148 144 142 151 154 146 145 154 156 153 153 152 145 142 142 140 139 142 144 136 131 137 140 138 132 127 128 135 126 106 112 130 146 148 141 141 141 141 147 141 132 130 133 132 127 124 132 147 150 163 164 161 151 138 137 143 147 150 149 151 160 172 176 176 162 148 144 139 140 150 161 163 169 170 161 167 162 157 152 158 167 160 155 147
255 255 255 255 255 158 145 141 142 142 152 152 144 150 156 151 147 155 160 152 147 155 159 143 131 136 139 141 140 138 141 142 141 142 142 128 123 128 125 109 105 117 136 143 141 140 141 148 153 150 144 142 129 121 124 128 136 152 150 151 154 154 145 138 130 127 140 144 143 144 145 154 156 164 159 144 139 144 152 157 163 154 161 172 170 169 159 161 159 157 152 140 140 143
255 255 255 255 255 160 153 139 132 136 148 156 153 149 148 151 153 155 152 141 140 151 158 146 126 131 136 129 127 136 143 145 146 153 155 140 137 142 137 121 109 120 134 138 134 130 142 156 149 150 148 142 128 124 126 122 125 141 146 147 146 150 140 135 127 126 135 134 147 145 138 142 139 151 150 135 134 144 157 161 158 159 157 160 163 162 165 159 154 152 140 133 140 147
255 255 255 255 255 156 151 135 126 134 146 153 153 147 143 148 153 155 153 153 156 160 153 144 135 140 140 119 118 137 146 147 152 158 156 150 152 159 156 147 134 131 137 139 134 137 144 150 142 144 146 139 126 128 136 136 133 138 143 147 141 143 139 133 127 130 135 135 149 155 143 146 144 146 145 135 133 137 150 158 155 160 159 162 168 155 155 155 156 147 141 137 146 157
255 255 255 255 255 149 144 138 139 137 136 138 139 141 140 139 144 154 156 162 169 170 159 146 137 137 132 121 128 138 136 137 150 159 158 158 157 159 156 155 148 141 147 158 159 161 155 151 148 144 141 133 129 133 138 146 150 146 137 153 154 141 134 134 132 134 145 149 153 159 149 139 139 135 136 133 133 141 142 151 159 158 157 163 169 161 157 156 157 150 145 141 147 154
255 255 255 255 154 144 123 118 140 139 126 131 133 135 140 139 145 162 167 165 171 169 156 146 136 137 132 131 142 140 128 133 144 152 159 159 160 166 163 156 148 144 150 160 166 169 164 152 146 150 153 145 138 146 147 150 154 146 130 140 148 139 136 137 130 131 149 156 160 166 161 141 132 132 142 142 143 143 134 141 143 142 145 148 156 161 156 154 148 144 138 142 148 152
255 255 255 255 154 145 124 116 135 144 133 130 137 138 141 147 156 168 172 166 162 160 150 143 135 141 141 137 128 110 113 134 149 152 158 159 160 165 171 166 154 148 155 162 167 167 155 147 139 150 171 161 143 146 152 156 147 145 140 131 129 134 140 137 127 137 151 155 155 157 162 148 131 129 144 142 135 138 143 141 135 133 146 149 142 146 149 152 150 147 138 142 150 150
255 255 255 255 155 149 143 140 144 152 144 123 128 135 137 151 164 167 169 170 165 159 142 135 136 140 143 139 108 87 112 141 150 151 154 158 158 155 162 166 155 143 146 157 167 167 151 138 125 126 153 151 133 136 148 157 149 146 142 136 140 143 143 141 134 150 156 158 156 156 164 155 139 121 124 133 128 137 148 140 140 129 130 141 137 136 139 150 155 155 145 138 144 153
255 255 255 255 153 145 143 147 149 151 145 127 121 125 131 150 164 169 166 169 166 154 137 139 136 130 139 145 117 106 132 152 156 157 155 158 163 161 157 158 151 141 137 152 157 157 147 124 100 101 136 146 132 136 146 152 151 148 140 134 148 156 144 138 135 152 157 157 154 159 161 160 157 141 132 139 138 136 138 142 142 127 123 133 143 145 138 142 152 153 150 146 142 148
255 255 255 255 150 144 141 151 159 158 148 138 129 119 124 144 164 175 170 166 167 157 138 139 135 136 145 150 141 140 150 153 158 161 162 163 158 156 155 154 152 143 140 151 151 149 146 130 91 88 134 158 155 155 155 155 149 145 138 127 141 154 145 132 129 150 161 162 154 148 149 154 153 152 147 135 128 120 122 135 131 126 141 143 149 147 144 144 150 161 160 158 149 144
255 255 255 153 146 145 150 154 157 156 151 144 138 126 123 140 161 169 170 167 162 153 134 135 137 138 148 146 143 146 152 156 156 157 164 163 158 155 156 156 152 146 142 143 134 133 138 134 104 96 137 156 160 158 156 158 148 144 139 128 131 140 135 135 135 146 156 161 158 150 151 151 145 156 155 139 136 133 134 139 140 137 149 149 151 154 153 148 147 158 162 160 154 149
255 255 255 149 148 146 150 153 152 150 142 133 133 135 134 138 155 165 164 161 157 151 132 129 134 127 132 139 137 141 149 153 155 157 156 150 154 161 158 152 147 142 142 145 136 139 143 140 131 126 150 159 159 164 155 147 143 147 147 140 137 142 136 146 143 132 144 152 156 159 157 151 148 158 146 134 145 150 146 149 157 148 152 158 157 155 156 152 152 153 156 153 148 147
255 255 255 152 151 142 145 153 154 149 137 127 130 133 132 127 141 163 164 157 153 149 137 131 128 127 131 136 131 133 143 143 148 154 147 142 149 158 154 153 148 131 128 144 145 143 147 148 142 140 159 168 165 165 151 132 138 152 153 147 148 146 137 144 147 138 145 138 142 153 153 150 146 148 129 112 122 130 132 146 162 162 160 163 160 156 164 156 159 168 161 148 146 147
255 255 255 155 144 129 134 146 151 149 146 144 146 144 137 130 132 151 155 150 147 146 140 137 134 137 136 132 127 127 136 137 138 144 143 142 146 156 153 153 144 127 126 145 154 143 141 147 143 144 156 158 155 153 144 138 140 151 153 147 154 155 141 144 144 147 144 124 126 144 148 148 140 136 124 107 111 119 127 142 157 166 155 152 153 157 163 159 159 159 135 123 141 146
255 255 255 146 134 130 138 143 143 145 147 152 154 154 145 139 137 141 140 134 136 144 140 134 141 145 142 139 134 129 133 144 149 144 135 139 138 146 150 143 133 136 142 149 156 149 149 152 149 153 159 155 148 143 136 138 132 131 142 156 164 153 137 130 118 130 136 127 125 139 148 147 142 129 106 100 116 125 136 152 158 166 161 163 159 159 161 168 166 153 126 121 140 140
255 255 255 143 137 143 148 138 133 144 152 157 157 157 153 151 150 145 144 141 140 146 148 143 147 146 138 144 148 138 136 150 158 156 141 137 129 135 142 134 130 141 151 149 149 153 149 144 148 151 146 140 138 140 135 138 135 133 139 153 153 147 141 132 115 119 131 140 137 147 156 149 139 126 99 103 126 121 131 152 152 158 165 164 158 156 154 162 161 141 139 147 148 143
255 255 155 149 146 147 146 138 136 144 150 158 162 158 156 158 152 145 147 147 145 146 152 153 155 150 137 132 137 137 139 143 150 157 137 126 128 129 129 132 142 145 151 150 144 153 154 145 145 149 144 137 136 146 145 142 142 146 149 143 134 143 150 145 140 134 137 142 143 148 145 145 139 140 133 119 125 126 132 144 149 157 155 155 166 169 157 152 133 112 127 141 153 153
255 255 156 150 145 141 140 142 147 148 143 147 155 165 163 157 151 143 149 148 142 146 152 151 152 156 152 141 133 128 136 149 148 143 126 122 134 137 131 134 144 141 146 148 147 147 144 139 138 146 145 139 139 142 149 147 138 148 156 146 129 132 142 142 147 141 135 135 142 147 145 146 144 140 141 121 112 122 135 137 152 159 151 152 156 153 148 136 115 116 139 142 154 160
255 255 151 146 143 143 142 141 147 152 152 150 150 159 156 148 145 142 144 142 136 138 143 146 153 152 148 152 139 118 126 151 143 122 118 129 139 134 130 136 139 132 136 146 150 147 140 139 138 140 138 139 136 140 145 140 133 145 150 151 142 137 139 139 150 148 138 144 147 134 140 140 143 148 148 127 105 115 142 142 147 147 144 155 144 140 146 139 132 136 151 154 159 164
255 255 148 148 148 150 141 134 138 140 143 151 151 151 148 146 138 133 136 139 134 124 112 114 138 154 148 146 133 124 136 149 144 127 130 145 143 131 133 143 148 141 136 141 149 147 139 137 130 134 140 140 141 144 143 139 139 144 142 150 154 149 139 134 144 145 143 151 140 127 140 140 139 148 146 123 107 118 140 147 140 132 133 147 140 143 149 137 136 138 135 138 142 148
255 255 152 156 158 156 141 127 122 124 139 151 151 151 145 141 127 119 131 136 133 112 85 86 120 149 151 142 133 129 141 154 155 144 136 144 147 143 146 146 150 151 148 138 138 141 138 140 137 142 142 136 140 145 143 145 144 137 136 145 151 144 138 141 138 138 137 143 138 138 146 143 130 131 131 115 105 105 118 137 135 142 143 139 134 144 152 142 147 138 123 119 126 133
255 255 151 157 159 159 153 141 127 119 135 134 126 136 138 134 126 125 136 140 143 130 109 112 134 150 152 150 147 128 123 139 144 141 139 143 139 138 148 144 142 140 145 145 143 143 141 142 145 143 143 142 142 143 140 137 137 138 138 138 140 137 137 150 149 145 146 147 144 147 144 139 138 135 136 136 126 109 119 143 143 142 139 134 126 131 141 138 136 116 108 111 124 135
255 255 152 149 147 145 145 144 136 125 122 109 102 111 128 141 139 140 146 151 151 145 138 141 151 152 153 158 154 139 137 139 133 139 148 147 136 138 144 130 132 138 140 147 151 144 143 144 147 146 148 148 138 142 137 134 138 145 146 146 144 140 148 154 153 146 148 159 160 154 145 143 142 136 140 149 133 107 123 144 144 144 142 132 124 129 129 130 117 96 109 123 128 137
255 255 148 138 136 135 135 141 142 138 123 102 102 103 119 143 151 151 146 143 137 136 140 145 153 153 160 156 150 150 147 146 137 137 144 146 136 138 134 114 123 145 149 147 151 145 147 149 150 149 145 147 139 141 136 136 140 142 149 144 142 144 148 157 160 158 157 159 161 158 153 146 137 136 139 145 133 118 128 136 137 149 152 144 134 126 115 122 119 108 121 141 138 138
255 155 148 139 139 136 132 134 137 141 133 120 123 112 116 138 153 156 149 137 128 133 143 151 150 150 160 157 151 151 144 144 143 134 135 140 129 125 118 112 128 148 163 154 147 146 150 156 158 160 150 146 147 146 138 135 144 151 153 142 140 151 145 145 156 166 165 161 164 167 161 152 145 133 133 141 141 138 135 138 142 151 148 142 132 115 105 117 136 138 132 142 152 152
255 158 156 141 138 136 137 135 130 134 137 135 129 116 118 131 141 150 149 134 126 139 149 152 147 144 149 152 143 139 142 140 139 141 138 134 133 138 133 133 145 152 164 155 144 147 144 150 153 157 150 146 146 151 149 140 139 138 140 151 153 150 145 149 157 158 158 165 170 169 164 160 156 137 140 151 147 148 149 152 150 144 128 126 130 123 122 124 142 150 141 141 154 162
255 154 153 138 132 125 131 140 140 136 130 129 133 135 141 141 136 136 129 120 124 139 146 150 151 149 146 149 145 146 149 149 150 153 144 134 141 146 134 136 152 158 162 158 158 145 124 130 142 145 149 152 134 138 144 131 133 134 132 148 157 151 153 154 160 163 166 171 171 171 167 164 155 143 148 159 155 148 143 150 149 141 127 132 140 140 141 138 142 141 139 145 159 168
255 150 147 139 135 130 127 137 146 149 141 134 139 150 150 140 134 135 119 112 123 141 149 148 150 144 141 144 147 149 141 145 153 152 146 148 149 131 107 117 146 160 166 159 156 135 121 134 140 135 139 145 132 134 140 137 144 152 149 147 150 155 162 154 156 165 165 164 160 160 160 163 157 140 138 156 161 147 146 158 152 142 137 145 144 142 145 146 137 134 137 133 153 161
255 148 145 142 144 146 137 131 137 144 142 141 145 152 154 143 140 145 131 124 129 145 153 151 152 147 139 132 137 135 120 127 142 148 148 147 141 126 114 119 139 154 162 161 154 139 132 137 141 142 133 134 139 141 141 145 151 150 147 148 144 145 150 153 162 165 165 162 162 159 151 152 149 132 136 154 155 147 150 152 148 146 144 135 139 145 141 140 130 135 142 132 155 154
255 150 144 130 132 136 115 97 109 130 136 146 153 154 153 147 146 148 142 141 149 154 153 156 155 152 141 127 137 138 122 126 132 142 147 145 136 136 135 133 139 152 155 152 145 130 123 128 133 138 136 144 151 146 141 144 145 136 133 139 143 146 139 142 163 165 165 161 162 161 145 140 130 125 133 147 150 146 147 145 148 141 131 110 112 130 141 143 144 152 157 143 157 156
255 147 133 116 121 113 82 70 91 124 148 159 150 149 153 151 153 153 151 143 153 158 154 158 157 147 135 129 138 141 138 138 133 147 150 146 139 143 142 134 133 146 152 145 133 128 133 131 117 118 131 141 143 152 155 155 143 127 130 139 141 142 145 145 159 160 149 147 149 138 119 114 103 107 124 140 140 142 150 151 153 131 120 108 103 126 146 137 142 158 164 149 144 143
255 145 130 126 124 97 80 97 122 146 168 170 159 156 153 152 152 149 147 135 141 154 154 154 154 147 140 138 133 137 146 143 134 148 150 142 130 135 145 138 136 143 152 150 139 141 148 149 136 131 137 142 151 159 164 160 149 145 150 150 143 128 135 145 151 155 150 148 141 113 115 117 105 120 145 156 152 156 154 154 148 119 122 136 122 131 144 131 136 153 152 143 146 147
255 139 137 138 127 100 98 121 145 161 172 171 162 159 155 156 156 154 153 147 148 157 157 157 157 156 153 151 143 146 156 151 147 152 151 148 134 135 148 150 148 145 149 152 145 132 128 142 147 145 144 146 156 161 159 153 151 156 154 143 138 138 141 138 144 148 148 144 139 121 131 137 131 133 151 158 159 165 155 149 128 101 124 155 143 134 145 149 149 153 148 136 142 148
