example/E5 - XRays/X-ray-tomography/rastert_juap44.txt
ncols         356
nrows         356
xllcorner     -0.5
yllcorner     -355.5
cellsize      1
NODATA_value  -9999
[rows 210 to 251 of 356, columns 94 to 187 of 356]
128 124 115 113 141 152 152 151 150 154 166 168 163 165 179 170 164 164 169 165 158 165 160 142 155 164 155 150 153 153 142 131 129 145 147 147 144 151 150 139 135 133 132 141 139 139 144 144 151 152 147 146 138 134 131 139 153 157 163 149 124 112 83 73 106 127 133 151 153 155 155 166 166 152 147 133 125 121 100 91 126 138 136 129 129 142 132 143 139 133 140 143 157 159
127 127 131 117 115 136 159 147 127 138 153 162 164 168 176 164 162 158 158 164 162 165 165 153 154 155 158 150 138 136 134 133 131 140 145 144 143 149 147 139 134 132 127 132 142 146 150 141 152 159 155 153 141 137 142 148 150 156 165 158 144 144 113 69 86 111 108 124 144 155 145 151 161 162 141 114 111 102 89 96 130 140 143 142 130 132 122 119 114 111 135 152 163 170
122 124 126 117 110 116 135 124 97 127 156 157 164 171 175 164 162 167 164 164 160 156 153 152 147 140 144 131 130 135 135 137 128 138 145 143 141 140 143 143 137 129 120 126 135 141 148 139 156 162 153 154 143 141 146 155 158 161 172 170 160 161 139 101 98 114 95 74 101 137 131 125 149 161 135 118 118 109 117 131 131 134 150 161 136 120 122 120 122 110 127 154 167 166
141 131 130 132 133 115 105 107 108 121 136 131 146 155 161 159 152 163 162 155 153 150 146 144 141 139 148 130 128 137 144 144 140 149 140 136 137 142 153 149 138 125 114 130 143 143 145 144 149 149 143 144 142 146 146 151 156 166 168 165 161 152 143 133 108 111 107 74 73 103 127 122 137 152 134 122 123 129 146 143 135 143 146 150 130 118 136 136 133 125 131 139 158 160
144 137 129 129 133 127 117 116 106 83 90 109 136 138 149 157 150 152 152 148 147 149 150 151 149 150 149 135 128 135 143 144 151 152 137 132 143 152 157 151 142 131 127 136 142 136 128 137 145 148 148 138 138 141 135 142 154 156 149 159 162 144 147 147 119 109 127 118 97 104 128 127 133 149 141 117 124 147 168 155 151 162 155 149 133 128 136 129 120 121 129 123 132 139
148 131 115 115 121 124 122 102 64 46 78 111 141 144 153 163 165 168 166 159 159 163 161 153 145 140 139 140 139 138 147 152 151 148 145 145 151 146 140 133 138 146 147 136 136 127 116 130 141 139 137 141 146 143 136 142 142 145 146 158 162 158 165 157 144 131 138 139 124 124 135 137 133 141 131 113 124 139 153 152 153 158 157 165 152 136 123 109 111 101 114 132 130 129
140 130 114 115 122 114 110 90 63 69 99 113 130 139 147 158 162 168 167 156 157 160 153 140 139 134 141 155 153 134 125 138 148 153 152 158 157 136 118 118 138 138 138 137 143 135 132 135 136 137 132 143 152 143 120 133 142 142 145 151 149 156 157 153 156 153 142 137 128 130 137 143 140 135 131 124 124 130 137 147 164 167 165 171 159 145 129 114 120 106 123 146 130 128
122 131 123 123 126 121 120 106 100 117 137 138 141 141 145 147 150 153 158 161 163 156 144 137 141 138 141 145 130 112 109 129 143 156 154 161 167 142 123 129 137 121 127 139 147 143 144 134 128 123 137 152 156 143 117 132 139 126 122 127 132 136 133 142 162 164 148 139 135 150 142 128 128 131 139 141 140 143 142 144 160 156 156 162 153 141 132 124 123 117 130 137 126 133
142 145 133 137 141 146 133 117 127 148 153 151 153 150 153 150 145 148 155 151 151 151 140 132 137 141 136 127 122 114 114 127 147 166 165 167 170 149 140 140 145 130 128 129 134 145 144 141 136 126 140 152 151 148 136 142 139 127 122 120 131 128 120 128 142 152 154 150 151 165 147 132 133 139 137 134 145 156 151 140 148 147 148 152 155 144 130 120 123 115 110 111 118 139
136 151 153 152 155 146 120 119 134 146 148 144 145 147 152 149 142 156 151 142 147 138 130 129 132 132 127 131 130 124 127 133 148 163 165 171 173 146 136 146 155 143 139 132 127 135 131 129 132 149 141 135 138 140 135 136 133 135 140 132 143 131 121 125 128 140 138 138 149 149 142 147 143 147 146 131 131 146 149 145 148 150 141 138 143 146 137 123 128 120 109 100 114 132
134 144 152 150 143 128 116 127 145 148 146 149 140 137 129 135 149 149 134 136 142 139 146 138 137 138 133 135 130 132 145 147 149 154 160 167 164 144 136 142 141 136 144 145 135 130 133 130 135 164 153 141 143 140 139 142 134 135 138 143 152 139 134 129 122 131 130 149 159 149 142 140 147 144 146 137 121 123 139 138 136 133 129 132 126 143 150 138 132 129 132 117 124 134
143 138 145 144 136 131 126 129 142 152 151 149 133 121 112 128 141 131 128 133 136 138 144 128 128 140 139 142 140 146 151 143 136 138 146 157 157 152 138 127 138 148 140 145 138 127 132 141 151 158 149 144 138 143 141 139 132 138 141 149 154 145 142 139 128 138 147 155 148 148 140 138 156 149 135 130 116 112 131 138 143 144 141 145 137 142 135 127 127 129 141 130 125 138
135 128 139 145 132 126 135 143 137 137 139 129 124 124 120 125 130 134 143 140 138 134 134 138 135 139 141 144 145 143 133 131 138 137 129 130 143 146 135 127 141 148 141 152 148 131 121 134 146 141 129 137 136 138 138 134 136 149 144 141 152 153 144 139 132 142 144 133 128 132 139 159 156 144 135 136 134 124 126 140 147 151 153 148 139 131 121 138 138 129 144 139 131 144
130 125 129 137 136 130 142 140 123 125 129 122 120 116 128 135 141 146 148 141 138 140 141 145 140 133 140 144 135 133 130 133 139 143 138 133 134 136 125 124 138 147 151 164 160 143 121 129 141 139 131 134 143 139 141 147 148 160 152 145 145 143 138 135 130 132 125 110 110 121 133 158 147 142 139 136 134 122 125 128 124 133 147 139 131 117 121 148 147 131 129 137 142 149
121 115 127 130 130 136 142 132 130 149 141 123 126 129 140 144 145 152 151 148 142 137 141 145 144 143 147 140 128 136 151 147 137 146 156 148 140 140 129 130 147 157 163 173 169 153 133 130 140 146 150 138 138 137 138 141 150 151 150 149 144 136 139 142 137 123 118 117 108 101 107 143 150 151 144 143 139 127 121 115 124 142 148 148 134 120 133 138 134 130 118 130 138 139
108 114 132 134 126 127 140 152 143 143 127 119 131 142 139 134 137 136 133 139 138 136 144 152 159 154 153 146 141 151 163 152 146 142 141 133 131 143 137 138 146 160 161 162 161 153 143 130 129 131 146 144 135 131 139 142 154 150 153 156 158 147 137 134 122 119 128 137 131 102 103 138 152 153 144 152 152 127 112 109 121 137 146 155 138 126 137 139 134 132 116 123 123 134
125 131 132 130 130 134 138 148 140 140 135 138 136 136 141 136 139 143 140 142 135 139 155 160 160 148 153 144 131 144 160 145 143 135 133 133 133 146 140 132 129 144 146 138 136 138 140 135 138 134 141 147 141 139 151 152 153 145 147 156 156 145 133 128 113 122 153 157 144 121 119 138 151 149 146 145 144 135 136 130 141 146 141 148 143 136 131 133 133 130 122 131 130 134
151 147 131 120 137 146 135 142 142 137 140 146 136 137 155 148 142 149 149 147 144 147 154 158 157 153 165 154 131 135 147 135 131 133 130 135 136 137 138 128 134 146 140 126 121 128 138 134 143 152 144 146 145 142 150 158 149 148 153 163 161 142 120 111 115 136 160 157 151 134 117 131 149 152 151 146 147 143 140 140 148 153 145 143 153 157 136 136 134 129 139 156 151 129
152 142 130 131 143 148 144 146 142 130 133 138 130 134 153 139 132 143 147 142 142 153 152 149 158 158 161 161 145 142 139 129 119 119 127 144 149 134 135 134 143 155 153 146 144 135 137 135 138 140 136 140 141 136 143 143 146 160 156 156 150 134 122 119 119 139 155 146 149 142 124 138 153 153 147 147 149 144 140 141 143 151 151 140 146 149 143 148 143 133 136 149 141 116
141 142 138 145 150 149 139 139 140 142 145 136 131 134 141 123 121 134 144 144 150 159 147 149 170 162 156 157 136 128 130 124 124 128 138 148 147 136 143 145 143 150 153 154 158 146 144 141 142 139 139 144 141 141 143 130 133 156 159 154 142 128 133 135 127 120 134 145 147 140 128 129 141 150 151 153 152 149 149 140 123 118 133 140 138 136 143 148 135 127 125 132 138 133
133 136 135 138 146 143 121 129 130 126 128 131 135 138 140 130 138 141 141 143 144 146 144 151 168 164 156 152 136 130 138 128 131 141 143 137 139 141 145 144 141 152 157 155 159 153 148 142 141 137 140 146 144 146 147 133 130 139 144 136 135 135 139 143 129 112 134 142 140 136 121 115 140 154 156 161 155 145 148 137 115 110 123 144 147 146 150 145 130 126 122 128 140 138
126 131 123 131 142 133 125 146 143 130 139 141 137 141 141 136 147 141 134 141 137 139 146 149 158 159 154 148 135 132 142 136 133 145 141 135 145 138 134 139 141 151 170 166 161 162 150 144 141 132 134 136 137 144 142 142 146 133 131 128 131 142 149 148 135 119 131 135 138 139 132 127 144 155 161 160 153 143 144 143 134 135 137 144 147 147 153 153 141 131 119 124 140 139
147 148 132 139 149 138 142 148 143 131 133 135 137 148 143 135 138 132 134 142 135 142 146 143 146 144 137 139 139 138 142 137 137 143 130 137 153 140 133 142 130 125 146 158 156 148 134 132 129 127 134 128 117 134 142 149 152 135 131 142 151 151 148 141 142 128 117 127 137 143 143 140 146 154 161 157 157 144 136 142 142 144 140 137 135 130 142 156 142 125 125 133 141 141
153 145 137 140 146 142 146 141 143 134 130 136 144 146 137 132 132 134 139 137 135 130 128 136 138 140 131 137 148 142 135 135 146 140 131 141 152 148 144 146 121 104 110 133 141 138 129 127 122 118 124 123 130 144 156 153 135 128 137 144 149 147 147 154 149 128 107 120 127 129 137 148 152 147 151 151 143 136 130 130 132 135 126 126 135 131 140 149 140 131 139 144 139 129
148 144 142 139 145 146 146 146 142 137 143 143 142 133 138 144 140 137 131 131 140 120 121 139 141 145 137 142 147 136 129 126 134 130 133 139 137 139 150 141 131 131 127 131 139 137 126 126 128 137 132 116 136 149 157 154 133 121 127 132 135 135 144 146 134 142 127 117 123 126 137 135 127 123 124 140 144 140 141 142 136 135 132 131 144 143 146 149 146 147 141 142 132 111
149 143 147 149 147 143 146 150 146 140 137 138 139 126 137 141 134 130 136 147 139 116 120 137 141 147 147 142 141 140 134 125 135 131 130 138 139 127 144 143 139 148 149 142 138 137 134 141 143 153 150 123 130 145 153 160 147 138 134 127 131 121 122 128 134 149 129 115 128 132 130 126 113 113 106 124 146 139 130 136 138 141 144 138 144 149 156 157 144 152 149 140 142 129
143 133 143 153 151 144 137 141 148 137 128 126 131 130 128 133 133 137 148 145 132 121 122 141 148 145 148 146 142 135 128 128 134 132 133 141 141 134 142 144 145 139 140 147 146 152 165 162 153 147 153 143 139 142 148 151 133 129 137 128 125 122 125 126 139 147 131 128 136 140 133 139 144 139 132 139 147 147 125 120 138 142 134 130 144 157 157 157 144 142 141 138 151 153
133 125 135 142 148 145 136 142 149 135 133 129 130 133 120 125 131 133 137 128 131 136 139 149 149 141 135 142 150 133 117 124 135 131 121 129 142 141 133 130 135 133 140 152 159 161 164 158 157 150 152 149 142 139 141 141 131 112 117 133 137 139 138 129 134 126 108 125 134 142 150 153 162 153 153 155 156 166 150 144 148 141 141 139 146 158 156 157 144 133 135 135 144 132
123 123 134 134 139 136 134 138 133 131 138 137 134 133 123 115 121 129 124 107 122 145 151 150 148 148 135 142 153 144 133 133 147 138 110 121 145 144 139 134 129 139 148 149 161 169 163 159 153 158 160 148 133 130 128 131 122 97 109 139 143 149 149 142 148 120 96 124 138 145 161 165 169 154 158 159 152 159 157 158 148 140 152 152 143 149 147 145 139 128 126 132 157 139
133 126 136 147 142 133 140 146 136 133 133 132 134 137 136 137 150 156 138 100 110 150 154 150 147 149 150 157 156 145 133 132 155 151 138 144 145 149 146 151 150 150 153 155 161 163 163 159 159 157 159 151 129 127 124 123 107 96 118 141 141 155 151 145 148 125 114 121 125 150 164 167 169 156 163 167 153 151 150 157 158 150 151 151 147 154 147 135 130 115 121 136 153 157
133 131 149 156 146 132 143 150 144 132 135 145 150 148 140 145 153 159 146 104 105 136 144 149 146 146 159 159 145 138 134 137 146 149 168 165 134 143 149 156 155 160 158 161 161 158 166 162 165 158 162 155 139 134 125 122 114 114 137 142 139 148 150 146 138 128 133 122 110 143 160 163 165 161 161 165 158 166 169 161 154 142 141 145 145 153 144 131 134 130 138 146 153 162
135 135 145 146 146 143 146 144 141 134 144 161 160 157 148 150 148 149 137 106 117 137 147 155 147 135 145 150 141 142 151 150 144 147 154 149 130 143 159 163 162 170 161 159 165 161 168 166 166 167 169 160 157 145 127 130 125 117 135 142 144 138 139 135 124 120 129 138 130 142 156 155 162 171 168 169 163 170 172 166 152 129 130 140 134 148 141 136 147 146 149 150 154 158
147 151 145 141 146 152 151 148 145 151 159 157 150 147 155 159 151 136 118 111 144 163 162 159 149 137 134 145 147 150 147 142 149 141 121 136 139 144 159 157 161 167 162 156 155 156 163 162 166 167 149 153 167 159 147 147 131 111 120 132 141 141 144 128 110 128 138 147 146 145 156 163 168 171 170 167 163 167 167 162 155 133 119 130 133 140 144 157 160 151 146 139 152 158
141 146 141 142 148 157 155 151 153 157 159 158 158 153 160 163 151 111 79 94 144 158 161 162 166 166 144 141 147 149 143 149 156 141 128 144 158 153 154 150 151 149 152 164 158 157 164 162 156 152 139 155 166 157 151 142 128 121 124 129 141 146 144 116 101 137 155 160 150 147 157 162 165 165 163 159 168 177 165 157 160 150 132 132 141 135 132 145 149 147 143 136 155 160
144 147 144 141 148 159 154 142 142 145 155 156 156 155 157 152 143 98 81 111 152 165 166 174 173 171 156 152 154 149 150 162 155 154 153 143 149 146 146 147 154 153 148 152 151 151 160 164 149 149 147 152 155 148 137 137 130 129 128 131 147 148 145 129 113 129 150 164 152 147 166 168 159 161 168 169 174 181 165 149 146 152 143 131 134 138 135 139 147 148 147 155 159 150
148 159 159 150 144 148 155 150 138 135 148 151 152 159 156 142 141 119 117 141 164 171 162 166 163 162 160 155 156 152 149 159 151 156 155 137 149 143 136 141 157 157 151 150 150 146 146 157 159 155 145 145 149 151 139 140 135 126 121 119 141 150 146 143 140 137 136 152 147 140 162 170 156 160 170 168 162 166 160 141 130 145 149 142 141 141 141 153 155 149 156 164 162 154
158 189 197 183 170 169 173 171 149 138 148 149 150 156 157 148 152 148 144 152 161 171 169 173 166 159 163 166 158 147 145 159 150 143 135 134 151 132 119 126 141 134 139 151 157 153 146 152 163 163 149 145 150 155 151 150 142 136 130 122 139 148 141 139 149 146 140 148 142 125 131 157 157 162 155 155 152 146 140 134 131 137 144 146 144 139 142 158 160 153 151 147 146 147
153 186 205 210 205 211 204 196 170 148 138 129 140 152 154 153 154 147 147 160 171 178 171 174 169 164 170 175 160 153 159 156 144 131 120 134 145 124 101 107 136 129 137 146 147 147 152 152 159 160 147 143 154 163 149 147 145 148 146 144 144 147 143 137 139 150 147 139 139 127 130 152 155 147 135 144 150 138 119 119 132 137 133 138 138 135 144 152 151 151 146 146 150 149
137 147 152 168 175 180 176 168 158 149 135 123 122 130 143 147 148 138 140 153 163 173 168 170 165 157 163 166 157 151 149 137 132 135 123 136 143 123 85 73 107 113 129 146 150 149 158 156 151 152 144 146 157 162 152 155 156 151 159 161 153 150 143 142 134 144 139 127 136 136 142 148 144 125 130 144 144 134 119 114 128 137 136 147 144 147 158 155 160 161 142 147 160 151
150 146 133 132 142 155 155 149 152 151 143 135 119 105 127 143 150 142 145 162 163 170 174 173 170 171 167 162 152 148 149 136 134 151 137 141 144 126 87 61 90 112 131 149 148 147 155 155 145 142 144 157 163 167 162 158 158 161 167 168 165 155 155 151 138 146 148 128 132 146 153 145 139 126 136 147 143 136 134 132 135 146 151 146 131 140 160 163 165 163 140 140 150 149
155 154 147 135 142 152 152 153 155 153 147 145 136 111 125 134 135 143 148 159 163 169 173 167 162 170 160 160 160 153 148 144 142 154 144 144 149 142 122 90 78 95 122 140 136 143 149 148 148 147 150 164 160 164 158 141 143 166 163 162 161 152 151 133 130 144 146 137 139 148 154 140 136 138 142 141 146 156 154 145 151 157 152 149 128 124 146 160 154 153 146 136 135 137
149 151 155 150 155 155 153 154 157 160 158 155 145 138 139 129 121 132 137 140 147 162 169 162 158 159 152 152 152 143 136 141 145 156 158 151 151 151 148 124 90 78 96 126 132 141 146 146 149 145 142 153 162 163 152 138 146 160 157 166 166 158 142 122 138 147 140 141 145 144 147 140 133 136 136 147 159 158 155 153 166 168 159 161 142 132 140 148 143 144 151 138 134 139
