example/E5 - XRays/X-ray-tomography/rastert_juap13.txt
ncols         356
nrows         356
xllcorner     -0.5
yllcorner     -355.5
cellsize      1
NODATA_value  -9999
[rows 252 to 293 of 356, columns 0 to 93 of 356]
255 255 255 255 255 255 255 255 255 255 255 255 255 255 255 255 255 150 139 132 140 149 148 139 142 157 161 154 148 146 147 145 142 147 139 129 124 126 143 154 155 160 159 153 136 132 140 140 142 149 152 152 149 150 153 156 154 153 149 144 145 148 143 139 144 148 146 141 134 140 146 142 139 142 145 136 137 145 140 146 156 154 155 158 144 122 133 146 144 144 152 157 146 133
255 255 255 255 255 255 255 255 255 255 255 255 255 255 255 255 255 255 141 134 141 146 142 131 135 153 157 155 151 147 143 135 132 143 123 90 99 121 147 163 162 160 158 157 144 138 139 143 145 146 150 144 148 154 157 152 155 160 146 138 141 150 148 146 145 146 150 146 142 139 132 135 142 142 133 123 128 140 139 145 148 146 145 144 135 119 131 143 137 125 135 144 140 132
255 255 255 255 255 255 255 255 255 255 255 255 255 255 255 255 255 255 152 156 160 155 154 148 143 144 146 149 147 143 141 134 124 122 101 79 102 131 153 164 160 161 160 162 160 157 153 152 146 147 156 144 146 144 148 152 154 159 154 145 141 149 152 153 144 145 153 144 141 143 136 147 142 130 126 130 135 147 152 151 145 148 151 139 123 118 129 135 123 106 128 149 147 132
255 255 255 255 255 255 255 255 255 255 255 255 255 255 255 255 255 255 255 162 164 160 156 151 138 131 133 137 141 140 135 133 119 102 91 91 125 149 155 157 155 160 161 163 165 172 171 158 142 148 159 143 142 145 153 151 141 142 145 145 146 149 151 146 138 138 141 135 137 139 134 144 143 138 139 135 141 156 163 155 140 144 149 126 99 117 134 127 107 95 122 142 154 151
255 255 255 255 255 255 255 255 255 255 255 255 255 255 255 255 255 255 255 152 160 166 159 145 130 117 113 116 130 139 140 143 134 113 96 101 136 152 157 164 158 160 162 167 165 170 172 165 151 152 156 149 150 155 157 146 135 128 127 134 144 149 149 145 141 129 116 130 144 137 132 147 152 151 147 140 144 153 156 151 150 150 153 133 108 125 136 128 111 104 118 138 154 157
255 255 255 255 255 255 255 255 255 255 255 255 255 255 255 255 255 255 255 255 162 169 169 162 146 119 105 104 115 134 146 148 149 139 115 113 146 162 167 168 166 171 167 171 171 172 175 164 152 145 142 143 151 160 163 154 146 138 135 134 138 146 150 153 150 144 126 131 146 143 142 146 144 146 144 139 140 141 146 149 156 152 141 118 107 112 111 112 117 125 129 138 149 155
255 255 255 255 255 255 255 255 255 255 255 255 255 255 255 255 255 255 255 255 160 163 163 160 153 132 116 113 119 138 146 143 144 143 127 132 156 163 162 162 170 174 169 171 170 173 175 164 157 146 139 142 154 163 160 151 147 148 149 149 148 150 152 145 132 143 140 128 132 135 134 134 134 138 138 134 138 141 142 138 149 150 139 122 109 99 97 107 131 142 132 133 144 152
255 255 255 255 255 255 255 255 255 255 255 255 255 255 255 255 255 255 255 255 255 156 149 145 141 118 108 125 137 135 128 123 126 126 125 140 156 159 160 163 167 167 170 173 170 168 167 163 159 146 141 148 154 153 146 142 135 136 147 155 148 146 152 146 136 143 144 139 142 137 129 136 142 143 139 142 149 146 144 147 150 148 143 138 136 130 126 124 135 137 118 130 145 149
255 255 255 255 255 255 255 255 255 255 255 255 255 255 255 255 255 255 255 255 255 153 149 146 134 111 112 133 138 132 127 115 103 97 117 145 157 161 166 168 162 160 167 166 162 163 156 153 157 150 146 154 157 146 133 134 133 137 142 142 140 141 151 153 146 144 138 142 143 128 118 130 139 143 141 145 144 128 132 143 137 144 143 137 138 136 138 137 134 122 101 122 133 127
255 255 255 255 255 255 255 255 255 255 255 255 255 255 255 255 255 255 255 255 255 255 150 140 138 135 138 137 129 135 140 123 103 105 135 159 167 171 172 172 168 166 162 155 156 160 149 145 150 152 155 164 161 147 134 135 132 133 136 137 136 133 142 145 138 139 137 134 126 117 115 130 139 145 142 137 132 118 125 139 136 137 134 134 137 137 138 146 143 124 109 122 131 126
255 255 255 255 255 255 255 255 255 255 255 255 255 255 255 255 255 255 255 255 255 255 146 141 149 154 155 145 133 139 145 137 127 133 156 161 163 171 170 171 168 166 160 155 156 153 140 140 146 151 157 164 157 151 152 145 137 136 143 148 145 144 148 150 148 146 138 122 118 130 133 138 139 140 134 130 136 137 140 146 142 145 139 132 137 140 135 142 141 136 130 129 135 136
255 255 255 255 255 255 255 255 255 255 255 255 255 255 255 255 255 255 255 255 255 255 255 154 159 161 165 158 146 142 140 143 145 148 160 159 161 167 168 168 162 159 155 154 156 153 141 145 152 153 150 148 143 145 147 141 139 141 146 151 150 153 158 156 145 140 131 117 128 146 147 140 135 137 133 136 141 137 140 148 151 155 143 133 148 149 144 138 124 133 137 123 114 122
255 255 255 255 255 255 255 255 255 255 255 255 255 255 255 255 255 255 255 255 255 255 255 153 156 159 160 149 141 139 143 150 151 155 161 160 161 157 157 165 162 156 153 158 161 155 148 152 152 149 145 142 144 148 143 141 138 142 145 147 150 152 150 143 132 137 143 136 138 136 143 141 141 145 147 140 121 117 125 131 139 143 144 145 155 150 144 135 127 143 142 123 115 123
255 255 255 255 255 255 255 255 255 255 255 255 255 255 255 255 255 255 255 255 255 255 255 255 157 161 155 144 144 149 152 152 151 152 158 160 158 152 160 167 159 154 153 159 154 142 137 140 146 145 145 154 158 153 144 145 140 139 139 142 146 147 144 136 123 132 147 150 147 135 138 139 146 149 151 136 109 106 114 124 132 137 146 149 151 149 144 143 142 143 138 137 131 125
255 255 255 255 255 255 255 255 255 255 255 255 255 255 255 255 255 255 255 255 255 255 255 255 255 159 153 150 150 152 151 149 148 149 155 160 160 152 154 159 155 151 152 156 152 140 128 130 139 143 149 149 148 146 145 146 146 140 142 151 151 154 152 142 134 140 146 152 152 140 139 143 151 146 151 149 133 132 133 135 137 141 141 139 136 142 145 148 149 136 127 137 144 140
255 255 255 255 255 255 255 255 255 255 255 255 255 255 255 255 255 255 255 255 255 255 255 255 255 157 155 155 153 155 157 156 151 149 157 157 153 148 153 158 151 144 151 158 154 146 134 131 135 139 145 136 138 143 147 148 150 148 144 147 153 157 152 146 144 143 139 136 134 131 136 146 151 147 149 148 142 145 149 142 139 142 137 133 129 134 147 155 155 135 120 132 151 147
255 255 255 255 255 255 255 255 255 255 255 255 255 255 255 255 255 255 255 255 255 255 255 255 255 255 156 156 158 159 152 143 141 147 157 156 151 151 157 157 145 138 150 158 150 142 135 133 131 129 132 128 129 135 147 146 144 144 142 143 143 143 148 148 145 139 130 132 136 135 139 146 151 151 145 141 146 142 145 147 145 143 142 140 142 142 151 153 145 134 128 133 139 137
255 255 255 255 255 255 255 255 255 255 255 255 255 255 255 255 255 255 255 255 255 255 255 255 255 255 154 149 151 152 145 134 132 140 153 150 142 145 148 149 141 138 148 150 142 139 139 137 126 117 128 130 124 128 139 139 137 138 142 140 134 141 153 156 153 152 141 144 144 141 146 150 155 158 157 154 150 140 148 156 148 143 146 148 154 148 148 149 144 145 149 142 132 135
255 255 255 255 255 255 255 255 255 255 255 255 255 255 255 255 255 255 255 255 255 255 255 255 255 255 255 142 142 144 141 126 112 120 136 132 125 132 137 143 141 132 129 130 137 140 136 132 127 123 128 124 122 132 140 141 145 144 138 129 124 136 154 160 164 156 141 143 144 145 147 155 161 164 164 157 152 151 161 162 155 150 146 148 153 148 148 147 148 154 151 140 133 136
255 255 255 255 255 255 255 255 255 255 255 255 255 255 255 255 255 255 255 255 255 255 255 255 255 255 255 255 144 144 140 126 108 113 131 133 132 137 139 141 137 129 123 125 137 138 135 139 142 137 128 126 130 138 138 139 142 143 135 131 127 139 152 147 152 150 144 142 147 152 153 160 162 166 165 155 153 156 162 164 160 158 153 153 157 157 160 149 150 161 154 152 147 146
255 255 255 255 255 255 255 255 255 255 255 255 255 255 255 255 255 255 255 255 255 255 255 255 255 255 255 255 144 140 140 139 123 127 142 147 152 156 153 146 137 128 127 133 146 147 141 138 133 128 129 132 135 135 133 131 131 139 141 141 141 147 146 132 142 151 147 145 145 146 155 162 158 163 162 159 160 162 167 168 167 165 163 161 160 156 156 149 154 163 158 157 154 155
255 255 255 255 255 255 255 255 255 255 255 255 255 255 255 255 255 255 255 255 255 255 255 255 255 255 255 255 255 149 149 145 129 130 147 158 158 157 152 146 142 136 131 135 150 150 135 128 122 126 132 125 121 117 124 137 144 148 144 143 147 150 145 139 145 151 150 146 148 149 158 166 164 164 160 163 164 163 165 167 167 165 164 167 163 154 153 154 157 158 160 154 152 165
255 255 255 255 255 255 255 255 255 255 255 255 255 255 255 255 255 255 255 255 255 255 255 255 255 255 255 255 255 158 158 154 140 134 149 155 153 153 153 152 153 145 134 135 149 149 139 137 129 135 130 114 108 106 121 147 154 157 142 139 147 149 143 138 147 155 156 155 162 159 165 171 167 166 163 156 156 161 162 162 163 165 166 171 169 163 160 159 158 156 159 161 161 167
255 255 255 255 255 255 255 255 255 255 255 255 255 255 255 255 255 255 255 255 255 255 255 255 255 255 255 255 255 255 155 156 150 144 153 146 139 139 148 152 148 144 137 139 146 143 137 137 129 125 124 123 125 121 129 147 152 154 140 141 144 144 144 143 151 153 155 157 160 157 164 171 166 166 166 158 163 171 165 160 168 172 174 173 170 164 152 147 157 161 162 166 162 158
255 255 255 255 255 255 255 255 255 255 255 255 255 255 255 255 255 255 255 255 255 255 255 255 255 255 255 255 255 255 255 162 161 159 157 127 106 112 140 153 150 153 151 148 149 143 138 137 134 134 137 139 138 135 139 144 146 149 145 148 140 140 147 151 151 146 153 159 159 159 162 162 153 150 160 168 169 164 158 165 177 173 173 172 166 154 135 136 151 154 153 157 161 158
255 255 255 255 255 255 255 255 255 255 255 255 255 255 255 255 255 255 255 255 255 255 255 255 255 255 255 255 255 255 255 168 170 164 148 117 92 100 134 157 160 160 157 154 151 143 138 134 138 145 143 138 135 140 148 149 154 160 162 160 146 146 150 147 142 142 156 161 158 162 164 161 154 153 165 168 164 162 159 169 178 173 172 164 158 154 144 146 149 153 148 151 162 163
255 255 255 255 255 255 255 255 255 255 255 255 255 255 255 255 255 255 255 255 255 255 255 255 255 255 255 255 255 255 255 255 159 148 142 133 122 123 141 158 161 157 155 158 153 142 136 134 138 143 135 129 132 143 156 159 162 166 163 157 152 151 151 148 152 150 153 159 161 163 161 159 152 145 151 156 163 168 169 170 169 163 161 160 159 160 149 148 154 152 143 149 158 160
255 255 255 255 255 255 255 255 255 255 255 255 255 255 255 255 255 255 255 255 255 255 255 255 255 255 255 255 255 255 255 255 255 147 150 149 148 141 143 156 160 157 157 158 153 138 129 134 141 145 139 138 146 154 163 161 158 162 160 159 162 159 157 159 163 152 148 158 158 158 159 156 144 136 149 161 168 167 164 164 164 162 156 163 164 166 159 155 155 142 138 155 163 160
255 255 255 255 255 255 255 255 255 255 255 255 255 255 255 255 255 255 255 255 255 255 255 255 255 255 255 255 255 255 255 255 255 255 147 149 153 142 142 157 161 160 157 158 152 135 136 142 143 148 147 149 158 162 163 155 153 160 160 164 167 159 153 154 155 155 155 156 149 152 155 154 145 144 149 151 162 166 163 162 158 160 157 154 157 162 160 162 152 132 130 152 161 162
255 255 255 255 255 255 255 255 255 255 255 255 255 255 255 255 255 255 255 255 255 255 255 255 255 255 255 255 255 255 255 255 255 255 153 152 153 147 144 149 147 150 155 154 145 136 142 148 143 149 152 157 160 158 154 149 153 158 160 167 167 157 150 154 159 164 162 152 143 156 150 138 138 141 142 144 159 164 163 157 153 160 160 159 161 167 163 158 146 128 131 151 161 161
255 255 255 255 255 255 255 255 255 255 255 255 255 255 255 255 255 255 255 255 255 255 255 255 255 255 255 255 255 255 255 255 255 255 255 145 140 146 143 136 135 151 154 145 142 142 149 157 154 154 152 153 153 151 147 145 146 145 142 147 155 154 158 167 169 165 158 145 141 153 142 125 116 111 107 111 130 143 143 130 131 145 156 166 165 162 156 152 153 150 150 154 160 163
255 255 255 255 255 255 255 255 255 255 255 255 255 255 255 255 255 255 255 255 255 255 255 255 255 255 255 255 255 255 255 255 255 255 255 255 142 148 143 136 136 146 141 133 141 146 151 158 153 150 153 149 144 146 141 138 142 148 145 143 151 154 161 166 162 158 158 156 151 155 145 128 113 93 71 59 79 111 113 95 102 125 151 165 160 158 155 153 163 166 156 153 155 157
255 255 255 255 255 255 255 255 255 255 255 255 255 255 255 255 255 255 255 255 255 255 255 255 255 255 255 255 255 255 255 255 255 255 255 255 255 151 150 150 149 149 134 129 145 151 154 161 160 159 157 149 143 143 137 135 145 157 156 149 144 145 153 156 152 156 164 166 157 157 147 133 126 102 73 61 85 124 120 102 111 134 154 162 160 163 163 161 163 163 158 156 156 159
255 255 255 255 255 255 255 255 255 255 255 255 255 255 255 255 255 255 255 255 255 255 255 255 255 255 255 255 255 255 255 255 255 255 255 255 255 147 144 151 157 155 144 141 146 143 150 161 160 160 156 145 141 140 142 145 153 156 154 148 145 147 156 160 154 162 167 165 160 158 150 141 138 126 106 99 124 151 146 132 139 149 159 165 164 164 166 170 165 156 156 158 159 160
255 255 255 255 255 255 255 255 255 255 255 255 255 255 255 255 255 255 255 255 255 255 255 255 255 255 255 255 255 255 255 255 255 255 255 255 255 255 152 157 159 155 149 144 140 139 152 161 156 156 147 133 131 135 143 151 159 161 158 155 160 165 169 168 162 168 170 168 164 163 161 158 153 142 127 131 148 151 145 143 152 154 166 168 163 163 169 175 166 162 169 166 157 155
255 255 255 255 255 255 255 255 255 255 255 255 255 255 255 255 255 255 255 255 255 255 255 255 255 255 255 255 255 255 255 255 255 255 255 255 255 255 255 158 154 148 146 147 145 146 156 156 150 151 137 125 133 141 145 155 164 174 170 165 163 164 170 170 172 175 174 168 167 164 161 158 152 141 134 139 152 161 160 156 160 160 166 168 167 165 171 172 164 165 166 165 162 155
255 255 255 255 255 255 255 255 255 255 255 255 255 255 255 255 255 255 255 255 255 255 255 255 255 255 255 255 255 255 255 255 255 255 255 255 255 255 255 255 147 150 150 151 150 145 149 152 150 150 140 128 137 147 155 163 168 170 163 162 164 167 169 170 176 174 171 172 174 164 162 160 153 146 143 144 160 168 164 165 174 174 168 164 165 163 171 170 158 161 160 166 161 151
255 255 255 255 255 255 255 255 255 255 255 255 255 255 255 255 255 255 255 255 255 255 255 255 255 255 255 255 255 255 255 255 255 255 255 255 255 255 255 255 153 154 151 148 145 141 149 156 152 146 136 118 130 145 157 168 169 168 171 171 167 164 166 173 175 174 174 171 169 166 169 163 152 146 149 159 171 170 167 169 168 165 161 162 170 169 167 164 161 171 172 171 160 150
255 255 255 255 255 255 255 255 255 255 255 255 255 255 255 255 255 255 255 255 255 255 255 255 255 255 255 255 255 255 255 255 255 255 255 255 255 255 255 255 255 151 142 138 143 147 154 159 148 143 141 123 128 144 158 168 170 176 174 168 167 167 173 180 173 169 167 165 170 171 168 166 155 146 153 166 168 169 171 166 165 163 165 172 176 168 166 172 175 176 172 169 155 143
255 255 255 255 255 255 255 255 255 255 255 255 255 255 255 255 255 255 255 255 255 255 255 255 255 255 255 255 255 255 255 255 255 255 255 255 255 255 255 255 255 255 134 132 143 150 157 160 150 149 154 143 134 142 152 158 163 167 162 164 169 164 165 170 164 166 169 175 178 171 166 168 159 154 161 165 162 167 168 167 169 165 169 175 171 165 172 178 173 162 159 164 161 155
255 255 255 255 255 255 255 255 255 255 255 255 255 255 255 255 255 255 255 255 255 255 255 255 255 255 255 255 255 255 255 255 255 255 255 255 255 255 255 255 255 255 255 136 147 157 160 159 152 147 149 145 145 151 153 155 159 161 163 168 169 167 167 167 164 173 176 174 170 163 166 168 157 153 158 162 161 167 173 172 166 164 172 172 166 166 170 173 166 158 159 168 167 159
255 255 255 255 255 255 255 255 255 255 255 255 255 255 255 255 255 255 255 255 255 255 255 255 255 255 255 255 255 255 255 255 255 255 255 255 255 255 255 255 255 255 255 255 154 162 161 157 153 147 144 149 161 166 165 163 163 161 163 165 170 169 169 166 169 173 170 169 169 171 178 172 160 153 156 159 162 168 167 163 162 170 177 173 169 165 163 165 165 164 166 161 165 174
