example/E5 - XRays/X-ray-tomography/rastert_juap21.txt
ncols         356
nrows         356
xllcorner     -0.5
yllcorner     -355.5
cellsize      1
NODATA_value  -9999
[rows 0 to 41 of 356, columns 188 to 281 of 356]
255 255 255 255 255 255 255 255 255 255 255 255 255 255 255 255 255 255 255 255 255 255 255 255 255 255 255 255 255 255 255 255 255 255 255 255 255 255 255 255 255 255 255 255 255 255 255 255 255 255 255 255 255 255 255 255 255 255 255 255 255 255 255 255 255 255 255 255 255 255 255 255 255 255 255 255 255 255 255 255 255 255 255 255 255 255 255 255 255 255 255 255 255 255
159 152 152 153 152 153 152 154 255 255 255 255 255 255 255 255 255 255 255 255 255 255 255 255 255 255 255 255 255 255 255 255 255 255 255 255 255 255 255 255 255 255 255 255 255 255 255 255 255 255 255 255 255 255 255 255 255 255 255 255 255 255 255 255 255 255 255 255 255 255 255 255 255 255 255 255 255 255 255 255 255 255 255 255 255 255 255 255 255 255 255 255 255 255
147 148 151 150 152 149 146 148 144 143 146 150 156 153 147 143 255 255 255 255 255 255 255 255 255 255 255 255 255 255 255 255 255 255 255 255 255 255 255 255 255 255 255 255 255 255 255 255 255 255 255 255 255 255 255 255 255 255 255 255 255 255 255 255 255 255 255 255 255 255 255 255 255 255 255 255 255 255 255 255 255 255 255 255 255 255 255 255 255 255 255 255 255 255
142 150 149 143 146 145 140 135 127 125 139 152 154 152 150 144 147 155 152 154 150 151 255 255 255 255 255 255 255 255 255 255 255 255 255 255 255 255 255 255 255 255 255 255 255 255 255 255 255 255 255 255 255 255 255 255 255 255 255 255 255 255 255 255 255 255 255 255 255 255 255 255 255 255 255 255 255 255 255 255 255 255 255 255 255 255 255 255 255 255 255 255 255 255
148 154 143 130 141 148 139 126 117 116 140 156 149 150 152 151 153 158 156 153 149 151 148 148 149 156 158 255 255 255 255 255 255 255 255 255 255 255 255 255 255 255 255 255 255 255 255 255 255 255 255 255 255 255 255 255 255 255 255 255 255 255 255 255 255 255 255 255 255 255 255 255 255 255 255 255 255 255 255 255 255 255 255 255 255 255 255 255 255 255 255 255 255 255
153 152 138 132 143 146 142 130 122 131 149 156 149 149 152 153 154 156 154 149 148 148 144 146 145 156 158 157 158 159 159 255 255 255 255 255 255 255 255 255 255 255 255 255 255 255 255 255 255 255 255 255 255 255 255 255 255 255 255 255 255 255 255 255 255 255 255 255 255 255 255 255 255 255 255 255 255 255 255 255 255 255 255 255 255 255 255 255 255 255 255 255 255 255
153 148 138 137 143 143 144 141 143 153 157 157 153 152 150 150 147 144 141 143 146 141 144 149 149 156 159 160 160 162 163 157 153 154 157 255 255 255 255 255 255 255 255 255 255 255 255 255 255 255 255 255 255 255 255 255 255 255 255 255 255 255 255 255 255 255 255 255 255 255 255 255 255 255 255 255 255 255 255 255 255 255 255 255 255 255 255 255 255 255 255 255 255 255
154 147 142 140 141 146 146 146 157 162 155 155 158 155 148 146 142 131 132 142 144 137 142 150 151 157 160 163 159 163 165 158 151 150 152 158 159 148 150 255 255 255 255 255 255 255 255 255 255 255 255 255 255 255 255 255 255 255 255 255 255 255 255 255 255 255 255 255 255 255 255 255 255 255 255 255 255 255 255 255 255 255 255 255 255 255 255 255 255 255 255 255 255 255
153 150 148 142 143 151 149 145 155 159 152 156 156 150 144 143 142 132 134 143 144 139 140 147 151 155 157 160 157 160 162 155 147 146 148 154 157 146 148 151 152 154 255 255 255 255 255 255 255 255 255 255 255 255 255 255 255 255 255 255 255 255 255 255 255 255 255 255 255 255 255 255 255 255 255 255 255 255 255 255 255 255 255 255 255 255 255 255 255 255 255 255 255 255
148 145 149 144 141 145 148 146 149 157 152 155 153 146 144 147 146 142 138 137 140 142 137 145 150 152 155 157 152 154 155 156 146 144 147 156 158 146 146 150 149 152 154 160 161 255 255 255 255 255 255 255 255 255 255 255 255 255 255 255 255 255 255 255 255 255 255 255 255 255 255 255 255 255 255 255 255 255 255 255 255 255 255 255 255 255 255 255 255 255 255 255 255 255
144 142 147 145 144 141 144 147 147 153 153 150 148 146 150 152 149 149 143 126 128 141 142 149 154 152 153 152 151 152 151 158 150 149 155 161 161 150 147 151 147 155 158 161 154 148 153 156 255 255 255 255 255 255 255 255 255 255 255 255 255 255 255 255 255 255 255 255 255 255 255 255 255 255 255 255 255 255 255 255 255 255 255 255 255 255 255 255 255 255 255 255 255 255
139 143 144 144 148 145 139 143 142 142 147 146 146 147 154 153 151 153 147 126 130 149 150 150 156 150 151 154 154 152 152 161 153 151 159 158 159 155 151 153 152 154 152 153 152 153 151 154 159 157 153 255 255 255 255 255 255 255 255 255 255 255 255 255 255 255 255 255 255 255 255 255 255 255 255 255 255 255 255 255 255 255 255 255 255 255 255 255 255 255 255 255 255 255
140 145 142 136 143 147 137 138 142 141 145 144 148 150 151 149 148 152 143 126 136 155 153 150 155 150 152 158 155 153 154 161 157 152 153 151 154 156 152 156 154 147 148 153 159 154 145 149 156 158 156 156 155 150 255 255 255 255 255 255 255 255 255 255 255 255 255 255 255 255 255 255 255 255 255 255 255 255 255 255 255 255 255 255 255 255 255 255 255 255 255 255 255 255
140 142 142 132 135 146 144 143 148 144 143 145 149 153 148 146 148 147 136 121 131 151 156 150 150 153 153 155 153 151 153 159 160 154 149 150 152 156 158 162 154 151 152 158 162 153 145 149 156 158 156 150 149 148 153 153 255 255 255 255 255 255 255 255 255 255 255 255 255 255 255 255 255 255 255 255 255 255 255 255 255 255 255 255 255 255 255 255 255 255 255 255 255 255
136 135 139 136 137 147 150 153 155 146 141 147 150 152 148 143 147 146 138 125 124 141 151 147 144 152 154 150 148 147 149 150 157 154 150 148 151 157 162 159 154 156 153 154 159 156 148 151 149 150 152 148 149 146 148 149 151 154 255 255 255 255 255 255 255 255 255 255 255 255 255 255 255 255 255 255 255 255 255 255 255 255 255 255 255 255 255 255 255 255 255 255 255 255
132 129 131 138 142 147 148 158 164 149 142 148 151 154 150 144 144 147 144 134 129 139 144 143 140 149 155 148 146 146 148 142 145 148 153 153 155 158 162 156 156 156 152 149 155 157 150 148 136 136 145 149 148 143 140 147 152 151 145 149 155 255 255 255 255 255 255 255 255 255 255 255 255 255 255 255 255 255 255 255 255 255 255 255 255 255 255 255 255 255 255 255 255 255
124 123 127 136 141 141 136 149 163 152 145 153 154 151 146 146 142 145 145 141 137 150 149 148 145 148 152 148 149 149 147 143 138 141 154 156 153 159 160 153 153 153 148 146 150 152 150 141 131 133 144 151 147 139 135 144 147 146 139 140 150 158 162 255 255 255 255 255 255 255 255 255 255 255 255 255 255 255 255 255 255 255 255 255 255 255 255 255 255 255 255 255 255 255
113 116 118 125 128 134 136 144 158 152 145 154 154 147 147 149 141 134 139 145 142 154 156 153 146 148 147 145 148 149 144 144 136 137 146 149 150 158 156 150 151 151 146 144 150 152 149 139 136 142 148 151 146 137 133 137 143 145 137 138 154 157 157 159 153 255 255 255 255 255 255 255 255 255 255 255 255 255 255 255 255 255 255 255 255 255 255 255 255 255 255 255 255 255
121 121 116 110 106 113 121 127 142 149 147 153 153 145 146 145 136 128 140 157 151 156 158 152 140 142 142 142 145 149 144 140 131 131 141 144 150 154 156 152 151 150 148 149 155 153 147 136 134 143 151 151 146 138 135 139 147 147 141 141 154 157 154 152 146 146 147 255 255 255 255 255 255 255 255 255 255 255 255 255 255 255 255 255 255 255 255 255 255 255 255 255 255 255
131 136 128 116 110 104 98 104 128 147 149 153 155 144 138 136 136 132 144 158 151 156 153 148 136 137 144 148 149 150 149 143 129 125 138 146 148 150 155 153 152 147 147 150 155 150 142 132 125 136 151 147 142 139 139 141 147 150 141 136 151 156 151 146 136 138 144 141 140 255 255 255 255 255 255 255 255 255 255 255 255 255 255 255 255 255 255 255 255 255 255 255 255 255
133 136 129 124 120 104 81 84 121 145 148 150 151 142 133 136 144 140 144 147 144 144 140 139 134 137 143 153 154 158 161 157 142 127 139 153 148 149 154 152 148 144 146 149 150 145 136 132 125 131 148 147 140 139 141 145 149 153 139 134 147 152 148 138 129 138 143 138 139 145 157 255 255 255 255 255 255 255 255 255 255 255 255 255 255 255 255 255 255 255 255 255 255 255
130 117 100 107 117 102 76 81 124 148 149 148 149 144 133 137 150 143 145 143 139 138 139 143 137 129 138 158 162 165 166 164 146 129 142 157 153 155 152 150 147 145 147 147 146 143 131 131 133 136 147 149 142 143 147 153 152 154 146 141 146 148 139 124 121 132 139 139 139 143 153 152 153 255 255 255 255 255 255 255 255 255 255 255 255 255 255 255 255 255 255 255 255 255
135 110 86 86 98 89 72 87 133 152 152 151 144 137 128 135 150 147 149 146 142 144 144 144 138 128 136 154 162 158 158 160 146 131 140 160 158 156 148 144 143 146 149 149 151 145 133 134 141 144 145 151 145 145 152 154 150 156 155 150 150 143 133 118 117 131 138 140 137 140 149 149 151 151 156 255 255 255 255 255 255 255 255 255 255 255 255 255 255 255 255 255 255 255
148 127 97 75 70 67 77 103 136 148 152 156 142 134 132 137 151 152 146 146 148 148 145 140 137 138 136 140 155 151 152 157 145 129 136 157 157 153 143 135 136 145 149 150 154 146 137 136 144 146 147 154 150 145 150 147 144 148 156 156 148 143 133 111 113 130 139 142 139 142 144 146 149 153 157 149 149 255 255 255 255 255 255 255 255 255 255 255 255 255 255 255 255 255
155 147 117 79 61 74 110 127 134 139 148 155 149 143 143 141 154 156 145 146 151 150 147 142 140 142 134 135 152 144 145 153 148 135 136 152 153 149 139 134 136 142 149 146 146 148 143 141 145 148 149 151 148 139 144 147 140 138 148 152 147 144 130 104 109 127 137 140 139 143 138 140 148 153 154 144 149 157 255 255 255 255 255 255 255 255 255 255 255 255 255 255 255 255
161 157 138 102 76 91 131 138 128 126 145 157 154 151 150 145 153 154 149 151 157 157 152 147 142 137 132 136 145 139 145 158 156 145 142 151 150 149 143 139 142 140 144 147 148 147 143 147 150 150 146 144 138 131 141 153 140 136 140 138 142 143 128 103 103 127 139 138 141 143 137 141 144 148 145 144 147 147 145 152 255 255 255 255 255 255 255 255 255 255 255 255 255 255
163 160 150 133 115 113 131 137 123 115 142 158 155 156 158 151 146 149 154 154 160 159 150 144 142 140 135 134 138 143 152 163 157 149 145 145 144 147 143 138 141 140 145 157 155 147 141 145 153 148 144 145 135 129 137 149 140 137 132 122 130 134 126 106 100 127 144 142 138 140 144 144 140 140 139 142 142 140 146 155 153 145 255 255 255 255 255 255 255 255 255 255 255 255
161 162 156 152 145 136 132 129 122 114 142 161 163 161 156 152 150 153 159 155 157 159 152 146 143 139 137 135 131 141 156 159 153 150 147 147 148 145 141 137 134 138 149 162 161 154 145 143 147 141 144 146 138 131 133 143 140 138 130 111 110 119 123 109 98 121 145 144 136 142 149 145 139 138 137 138 139 139 144 155 152 142 144 255 255 255 255 255 255 255 255 255 255 255
160 164 160 154 162 158 143 132 130 126 142 157 164 159 150 154 156 157 160 153 150 153 148 151 146 137 144 141 130 143 155 147 146 147 149 146 145 142 139 139 141 142 152 162 159 156 149 139 140 142 148 147 144 133 134 138 137 141 132 109 104 116 122 108 102 120 146 146 140 145 147 140 139 139 137 136 136 136 143 155 154 147 142 142 148 255 255 255 255 255 255 255 255 255
159 164 165 161 168 169 153 144 136 130 141 152 159 154 152 158 153 154 155 150 144 148 146 148 144 136 142 145 138 147 148 138 142 142 148 141 138 138 135 137 143 142 152 157 149 150 148 139 144 151 152 150 145 140 138 133 136 141 134 123 120 119 113 99 101 121 144 149 148 149 140 132 139 141 136 132 135 140 147 156 161 152 143 146 148 144 151 255 255 255 255 255 255 255
164 161 155 157 168 175 158 143 127 126 146 150 152 153 158 160 148 150 153 149 145 146 147 148 143 137 140 144 142 148 142 136 137 141 149 140 132 130 133 138 147 148 154 151 143 146 148 145 152 157 149 148 148 152 146 139 142 142 141 141 143 135 121 106 109 124 138 144 149 146 132 133 141 137 132 128 137 146 149 151 153 149 144 144 141 141 146 150 255 255 255 255 255 255
162 159 153 153 163 176 162 138 121 124 145 142 146 154 158 157 146 148 155 151 146 143 151 150 146 144 144 142 143 148 141 138 133 137 147 144 133 126 141 152 158 156 158 149 142 144 150 153 158 156 146 146 147 151 147 142 145 146 150 153 159 153 138 127 124 127 133 139 148 146 140 145 140 132 133 132 139 143 140 141 144 145 138 137 137 143 143 143 146 135 255 255 255 255
157 160 159 152 153 166 163 131 111 114 122 125 142 153 153 155 149 148 149 149 148 144 149 147 143 148 148 143 147 153 148 144 140 136 149 151 139 127 145 159 161 157 158 148 142 145 147 151 155 152 143 145 145 148 144 141 147 151 157 159 162 158 150 147 135 125 127 136 145 142 149 152 137 127 129 130 134 135 135 140 144 143 138 134 133 141 141 143 143 136 147 255 255 255
157 160 158 149 142 147 148 124 88 92 109 121 135 141 148 148 135 128 133 144 148 144 146 141 142 151 149 140 145 156 152 151 147 143 152 148 139 134 148 160 164 157 153 146 147 145 143 143 148 146 142 149 153 152 146 144 146 154 158 160 161 160 157 153 143 129 124 135 137 134 143 147 135 125 129 131 133 130 134 141 144 144 141 134 132 139 140 149 150 148 150 152 255 255
165 162 157 151 143 140 136 127 89 83 114 135 139 142 147 137 121 117 135 150 149 149 148 138 141 150 150 143 142 151 152 149 149 155 158 142 136 144 152 153 157 150 148 147 150 148 145 145 152 149 141 146 153 148 147 147 147 154 155 158 157 158 156 154 152 138 128 131 131 133 135 139 131 126 136 138 136 133 137 140 139 140 142 144 144 146 151 159 162 158 154 156 162 168
174 169 162 153 150 147 134 130 108 94 118 143 147 151 148 137 133 135 147 148 148 151 148 142 143 143 142 145 147 148 146 148 153 161 158 140 139 153 153 145 145 145 143 145 150 156 152 152 157 149 142 142 148 146 148 150 152 154 156 156 152 154 156 156 155 142 126 118 127 137 133 132 126 126 137 139 134 133 139 141 135 132 142 151 152 157 163 161 161 156 158 162 163 164
172 171 166 159 160 154 145 138 122 110 125 146 149 152 149 142 142 141 144 144 146 142 149 152 152 139 137 147 149 151 146 150 152 153 152 144 148 161 150 137 139 145 139 142 149 157 155 153 153 150 150 146 147 144 148 151 149 151 156 151 148 151 154 152 146 137 124 119 129 142 135 130 125 127 137 138 133 136 142 149 144 138 141 148 153 164 162 156 152 148 157 161 162 166
169 171 164 162 164 159 152 145 135 125 133 146 147 150 148 145 145 144 147 154 149 144 157 161 158 143 140 149 149 151 153 154 154 154 155 152 154 158 152 140 140 148 144 143 152 155 152 155 152 149 146 141 142 145 147 150 149 149 153 145 140 142 148 144 139 134 125 117 127 141 134 129 128 130 135 135 134 138 144 159 156 146 145 147 155 165 156 153 148 149 159 166 165 162
170 169 168 162 156 160 159 153 147 142 138 135 138 145 146 144 146 151 155 158 151 149 155 156 150 146 147 153 151 152 152 151 158 161 152 153 159 155 155 147 147 149 142 145 160 156 154 156 148 144 141 139 138 143 149 154 156 151 148 136 128 135 146 140 139 134 126 116 124 137 138 137 135 138 140 136 136 139 143 158 158 151 149 146 153 153 148 153 154 156 163 167 161 159
170 163 168 163 155 159 161 156 149 143 124 112 125 139 142 137 140 156 160 153 150 149 150 149 147 152 150 147 151 150 146 142 151 159 153 154 159 153 155 152 151 138 126 137 154 154 152 147 140 139 142 138 139 143 150 154 153 149 145 136 131 141 151 143 134 126 127 121 127 135 140 138 140 152 154 150 150 146 145 157 159 151 146 144 142 138 148 155 152 155 163 164 160 163
164 160 164 164 163 164 158 153 151 141 118 104 121 143 152 146 137 151 152 142 141 146 152 152 152 155 146 141 150 148 143 139 150 165 161 153 156 153 156 158 153 137 126 134 142 149 154 150 144 139 141 140 144 143 143 141 141 141 142 143 139 147 147 138 127 124 134 133 133 137 142 139 150 162 161 160 161 152 145 152 153 145 142 138 133 132 142 144 148 159 158 154 153 151
164 161 161 159 164 164 157 149 149 143 117 101 116 138 150 151 142 146 143 138 139 151 155 153 151 150 142 143 153 151 143 141 154 166 159 154 158 155 157 159 152 146 135 133 135 144 157 158 148 139 137 137 146 147 146 143 142 136 139 143 144 143 132 129 125 125 136 136 128 133 136 137 152 161 159 160 162 156 146 148 146 139 136 133 135 134 139 145 156 160 150 142 130 124
