example/E5 - XRays/X-ray-tomography/rastert_juap50.txt
ncols         356
nrows         356
xllcorner     -0.5
yllcorner     -355.5
cellsize      1
NODATA_value  -9999
[rows 252 to 293 of 356, columns 0 to 94 of 356]
255 255 255 255 255 255 255 255 255 255 255 255 255 255 255 255 255 154 151 151 148 147 152 153 154 156 161 162 161 162 159 159 160 162 150 140 145 147 151 147 143 146 148 144 142 144 153 152 152 150 137 131 146 149 144 151 150 145 155 155 152 153 153 154 145 136 136 136 141 140 137 139 135 132 136 144 139 137 143 142 139 134 138 149 150 150 157 146 143 153 148 132 115 121 130
255 255 255 255 255 255 255 255 255 255 255 255 255 255 255 255 255 255 152 153 147 140 143 145 145 147 151 150 154 159 156 152 149 148 142 142 145 146 150 145 139 142 142 138 134 134 142 142 146 142 133 137 153 153 147 142 138 139 146 149 153 154 157 155 147 134 138 134 130 135 144 147 138 138 146 150 146 144 139 137 137 132 133 152 155 150 151 145 146 148 137 129 125 127 124
255 255 255 255 255 255 255 255 255 255 255 255 255 255 255 255 255 255 148 146 141 137 139 132 122 118 116 121 131 143 149 147 144 143 147 148 143 141 138 134 137 139 138 138 141 147 150 150 145 135 130 130 136 137 133 131 135 136 131 137 146 147 152 148 136 130 140 135 126 128 138 148 155 155 148 140 146 149 140 133 139 144 147 149 145 141 147 156 159 140 127 131 129 122 127
255 255 255 255 255 255 255 255 255 255 255 255 255 255 255 255 255 255 255 151 147 142 139 125 115 104 97 106 117 128 143 144 142 143 145 147 146 143 132 133 133 129 133 137 143 146 144 143 142 135 129 124 127 131 131 133 137 133 121 120 137 138 138 140 131 129 140 134 115 107 127 146 157 155 146 143 144 141 137 132 138 146 152 149 148 149 156 157 152 134 124 126 119 108 122
255 255 255 255 255 255 255 255 255 255 255 255 255 255 255 255 255 255 255 155 150 145 144 140 138 125 117 125 127 127 143 147 142 142 144 145 145 142 136 140 135 131 135 135 142 142 138 138 143 141 140 135 132 135 130 128 125 126 127 124 130 130 134 142 135 130 139 136 112 104 128 144 148 150 150 151 141 133 138 143 150 149 148 150 151 149 152 145 132 132 133 123 103 103 128
255 255 255 255 255 255 255 255 255 255 255 255 255 255 255 255 255 255 255 255 145 139 139 143 147 131 116 125 130 126 134 145 147 150 147 141 145 147 145 147 144 143 139 133 134 137 132 136 141 138 137 130 123 128 125 129 125 124 126 127 138 146 146 143 138 143 151 148 133 123 132 132 130 141 150 155 146 137 140 141 144 143 140 135 137 137 138 138 125 128 132 123 108 125 151
255 255 255 255 255 255 255 255 255 255 255 255 255 255 255 255 255 255 255 255 152 140 134 138 146 140 127 125 128 130 131 143 153 151 138 134 144 150 146 144 144 146 141 136 140 142 125 130 142 141 137 125 118 126 134 137 128 125 128 129 143 153 148 144 145 145 151 147 133 119 121 131 134 146 157 163 163 153 144 138 134 143 143 131 134 135 134 124 115 125 135 130 125 146 159
255 255 255 255 255 255 255 255 255 255 255 255 255 255 255 255 255 255 255 255 255 143 142 151 152 152 148 135 126 129 129 140 151 143 132 135 140 146 142 141 144 140 135 139 148 146 124 132 145 142 135 131 133 135 138 137 134 136 141 139 143 152 149 151 147 135 140 141 130 128 135 136 141 153 157 160 157 147 146 149 142 143 139 138 146 147 144 131 119 128 138 124 128 147 153
255 255 255 255 255 255 255 255 255 255 255 255 255 255 255 255 255 255 255 255 255 148 151 154 151 154 154 142 131 126 129 143 144 136 136 142 140 138 132 136 143 136 134 145 149 136 123 126 127 126 126 129 141 147 153 157 157 153 151 145 147 155 154 157 149 138 139 134 128 144 152 133 127 140 145 147 144 141 149 156 142 131 130 139 147 150 149 145 136 132 129 109 112 139 154
255 255 255 255 255 255 255 255 255 255 255 255 255 255 255 255 255 255 255 255 255 255 152 152 150 150 150 145 137 119 126 145 140 134 137 139 139 141 139 138 137 139 140 150 151 136 123 124 127 131 134 135 147 158 164 170 167 164 163 152 155 166 162 152 145 137 122 119 135 151 148 132 130 137 137 137 141 145 155 157 143 132 132 133 140 145 145 146 142 132 124 112 94 111 145
255 255 255 255 255 255 255 255 255 255 255 255 255 255 255 255 255 255 255 255 255 255 149 146 148 153 149 143 140 125 131 144 137 134 133 135 138 140 140 137 133 135 136 140 144 138 127 128 133 138 145 150 153 154 162 173 171 169 165 157 151 157 160 150 150 142 108 103 126 137 142 142 143 141 133 132 142 154 154 145 143 135 130 122 125 135 140 145 133 121 120 114 89 89 130
255 255 255 255 255 255 255 255 255 255 255 255 255 255 255 255 255 255 255 255 255 255 255 140 146 155 148 139 140 135 136 135 133 130 128 137 146 151 151 139 134 140 140 137 139 137 128 127 134 137 143 150 157 160 171 180 172 170 169 166 159 157 153 138 144 152 129 114 122 128 138 143 140 133 125 134 143 147 144 135 137 135 134 117 114 130 132 140 128 113 101 89 79 82 117
255 255 255 255 255 255 255 255 255 255 255 255 255 255 255 255 255 255 255 255 255 255 255 142 144 148 143 141 135 127 125 126 128 128 133 141 153 164 164 152 147 146 138 131 130 131 129 124 131 137 146 154 161 167 172 172 165 172 173 171 166 163 156 143 150 161 152 122 121 136 143 137 132 137 131 137 141 141 142 136 133 138 149 122 105 129 144 146 133 126 110 108 116 111 124
255 255 255 255 255 255 255 255 255 255 255 255 255 255 255 255 255 255 255 255 255 255 255 255 145 134 134 142 135 123 122 127 135 141 143 147 151 161 165 159 153 144 129 117 118 121 126 128 132 139 151 160 163 169 173 170 170 179 174 170 169 170 165 158 159 159 152 122 120 145 147 134 133 145 148 144 136 131 134 134 133 135 147 126 105 123 138 136 137 147 138 142 149 138 126
255 255 255 255 255 255 255 255 255 255 255 255 255 255 255 255 255 255 255 255 255 255 255 255 255 132 132 144 143 134 131 137 144 143 143 147 151 162 158 149 144 134 117 95 101 111 115 128 137 147 156 160 163 169 174 173 175 175 167 167 172 174 171 165 164 167 165 146 137 147 146 139 137 141 146 147 134 134 145 141 135 134 145 142 119 117 125 129 141 150 149 153 152 145 136
255 255 255 255 255 255 255 255 255 255 255 255 255 255 255 255 255 255 255 255 255 255 255 255 255 139 133 138 145 143 143 144 146 146 146 145 148 156 149 146 141 117 90 77 98 114 117 126 135 143 150 156 167 174 174 175 177 174 170 176 178 176 177 172 171 169 165 150 142 152 153 147 143 142 144 141 137 147 148 132 131 137 148 150 120 107 121 124 126 133 146 155 154 157 162
255 255 255 255 255 255 255 255 255 255 255 255 255 255 255 255 255 255 255 255 255 255 255 255 255 255 136 136 141 141 144 145 148 150 146 141 143 149 142 140 128 94 71 76 101 118 127 131 141 148 156 163 167 170 168 171 174 175 175 178 173 167 167 166 164 160 152 147 144 149 149 143 143 145 148 134 132 147 138 126 135 143 145 145 125 113 123 118 92 98 132 151 161 161 165
255 255 255 255 255 255 255 255 255 255 255 255 255 255 255 255 255 255 255 255 255 255 255 255 255 255 151 146 146 142 140 143 145 146 141 133 140 141 135 134 108 77 70 79 100 118 126 132 142 147 147 154 162 164 167 173 176 176 169 164 166 165 164 164 164 159 147 147 146 145 147 143 140 142 146 139 138 144 138 134 140 148 146 144 132 110 117 117 71 67 115 150 165 162 167
255 255 255 255 255 255 255 255 255 255 255 255 255 255 255 255 255 255 255 255 255 255 255 255 255 255 255 151 151 143 138 138 139 141 143 141 144 135 126 116 83 64 69 83 107 126 133 144 148 144 141 146 160 162 163 165 171 171 167 163 163 161 165 170 165 147 140 144 145 145 144 137 130 137 144 143 143 140 141 144 146 150 149 153 139 107 112 116 90 90 128 159 160 161 166
255 255 255 255 255 255 255 255 255 255 255 255 255 255 255 255 255 255 255 255 255 255 255 255 255 255 255 255 149 142 138 141 139 137 141 143 136 127 119 95 62 51 73 105 127 137 139 148 148 141 144 150 160 166 166 163 159 157 160 162 165 166 166 164 158 143 143 144 140 141 143 141 141 146 149 151 144 127 132 140 144 144 142 140 126 113 119 119 109 105 128 157 164 170 173
255 255 255 255 255 255 255 255 255 255 255 255 255 255 255 255 255 255 255 255 255 255 255 255 255 255 255 255 150 143 140 142 137 134 137 135 129 128 113 83 57 59 94 130 139 139 141 143 141 138 141 145 150 154 154 149 147 155 156 161 165 162 157 154 149 141 141 142 145 141 139 139 141 147 153 152 140 122 128 141 148 145 144 134 123 120 114 115 105 95 125 161 173 171 168
255 255 255 255 255 255 255 255 255 255 255 255 255 255 255 255 255 255 255 255 255 255 255 255 255 255 255 255 255 131 137 145 143 136 135 131 130 128 107 76 62 68 105 137 136 134 142 148 145 143 144 140 138 140 147 145 145 152 151 155 153 153 155 152 143 138 140 142 146 133 130 137 138 142 149 148 136 129 134 141 148 150 151 138 120 121 110 111 111 96 124 155 162 163 162
255 255 255 255 255 255 255 255 255 255 255 255 255 255 255 255 255 255 255 255 255 255 255 255 255 255 255 255 255 132 147 150 139 134 139 135 128 117 101 87 79 85 117 140 144 144 149 153 146 143 144 137 132 138 144 141 142 150 156 158 152 149 151 151 143 139 135 128 137 138 132 142 142 137 147 149 133 135 142 147 155 154 150 143 135 139 122 107 118 123 132 147 155 160 162
255 255 255 255 255 255 255 255 255 255 255 255 255 255 255 255 255 255 255 255 255 255 255 255 255 255 255 255 255 255 152 147 131 135 147 136 115 100 96 100 106 111 125 138 149 145 141 141 134 137 140 135 127 128 131 132 139 149 151 150 150 141 138 143 138 136 127 122 135 140 131 135 139 141 148 152 145 146 145 148 156 151 150 159 159 155 135 110 109 136 146 150 156 158 162
255 255 255 255 255 255 255 255 255 255 255 255 255 255 255 255 255 255 255 255 255 255 255 255 255 255 255 255 255 255 255 146 131 135 140 126 112 104 110 118 125 124 126 136 141 130 126 125 124 134 136 131 125 122 124 127 132 137 133 134 143 140 141 141 134 134 136 134 138 139 136 138 142 141 143 150 150 144 138 144 152 146 150 159 155 156 151 139 127 134 142 155 162 162 163
255 255 255 255 255 255 255 255 255 255 255 255 255 255 255 255 255 255 255 255 255 255 255 255 255 255 255 255 255 255 255 143 133 133 128 120 120 123 131 133 136 136 137 136 122 117 117 118 121 128 133 133 135 131 123 120 125 130 130 131 142 146 141 137 134 136 146 137 130 135 138 141 140 135 145 150 145 145 141 137 145 146 154 154 150 153 153 153 149 136 127 143 156 161 165
255 255 255 255 255 255 255 255 255 255 255 255 255 255 255 255 255 255 255 255 255 255 255 255 255 255 255 255 255 255 255 255 141 136 131 129 131 135 134 131 131 135 142 141 124 118 123 125 128 131 132 134 138 135 130 131 138 138 134 133 143 142 136 137 139 138 143 137 132 137 136 142 145 138 146 150 147 147 142 138 145 148 153 153 150 146 151 156 153 133 125 138 139 144 147
255 255 255 255 255 255 255 255 255 255 255 255 255 255 255 255 255 255 255 255 255 255 255 255 255 255 255 255 255 255 255 255 255 135 135 136 130 127 125 126 130 138 144 144 139 129 125 129 136 137 136 137 137 137 137 134 137 132 128 132 134 134 141 143 137 132 140 141 140 140 140 147 146 137 145 149 144 144 146 150 150 150 152 151 149 143 147 150 144 129 132 141 137 133 138
255 255 255 255 255 255 255 255 255 255 255 255 255 255 255 255 255 255 255 255 255 255 255 255 255 255 255 255 255 255 255 255 255 255 137 138 134 136 131 130 135 141 149 151 150 140 119 120 132 136 139 137 133 136 136 132 135 132 133 140 133 136 150 150 139 138 149 145 141 142 146 150 144 137 149 150 140 143 148 152 144 147 150 147 148 139 142 142 133 135 146 151 148 139 143
255 255 255 255 255 255 255 255 255 255 255 255 255 255 255 255 255 255 255 255 255 255 255 255 255 255 255 255 255 255 255 255 255 255 134 140 146 149 140 134 136 145 158 160 156 144 123 116 127 136 139 130 132 138 134 129 133 131 127 131 128 135 144 139 133 137 147 146 143 148 156 154 143 142 151 154 141 139 141 145 145 141 136 141 151 144 141 141 138 140 146 150 148 144 151
255 255 255 255 255 255 255 255 255 255 255 255 255 255 255 255 255 255 255 255 255 255 255 255 255 255 255 255 255 255 255 255 255 255 255 139 151 155 137 122 133 146 150 144 147 147 138 127 130 137 134 127 134 135 129 123 127 127 127 135 139 136 138 134 133 137 144 153 158 164 160 150 150 148 144 140 131 128 136 137 142 142 135 137 144 136 138 141 142 144 140 137 141 150 154
255 255 255 255 255 255 255 255 255 255 255 255 255 255 255 255 255 255 255 255 255 255 255 255 255 255 255 255 255 255 255 255 255 255 255 255 144 153 139 123 133 148 144 144 147 143 139 132 131 135 136 135 137 132 129 136 139 135 137 149 156 150 143 140 139 141 150 161 162 159 155 153 156 149 137 124 123 131 139 134 138 146 139 134 137 137 141 145 148 152 139 130 143 147 147
255 255 255 255 255 255 255 255 255 255 255 255 255 255 255 255 255 255 255 255 255 255 255 255 255 255 255 255 255 255 255 255 255 255 255 255 255 149 151 143 145 151 140 142 138 132 137 137 139 144 137 137 141 135 128 141 147 138 129 136 150 157 157 153 139 132 141 154 153 149 153 156 152 143 129 115 125 139 140 138 138 130 118 131 145 147 141 140 143 149 145 142 145 145 154
255 255 255 255 255 255 255 255 255 255 255 255 255 255 255 255 255 255 255 255 255 255 255 255 255 255 255 255 255 255 255 255 255 255 255 255 255 151 159 155 147 140 132 136 136 134 140 141 140 137 128 132 138 132 123 130 136 120 103 114 144 159 163 158 138 128 134 143 145 150 156 155 148 138 121 111 122 136 142 142 138 119 106 125 137 140 140 138 137 135 137 148 154 155 157
255 255 255 255 255 255 255 255 255 255 255 255 255 255 255 255 255 255 255 255 255 255 255 255 255 255 255 255 255 255 255 255 255 255 255 255 255 255 159 151 144 143 143 145 142 138 142 139 133 125 131 135 132 136 131 122 125 124 120 125 142 149 152 148 135 133 134 134 140 142 141 140 131 134 134 128 126 135 141 132 131 129 129 134 131 139 143 139 138 133 129 142 152 145 144
255 255 255 255 255 255 255 255 255 255 255 255 255 255 255 255 255 255 255 255 255 255 255 255 255 255 255 255 255 255 255 255 255 255 255 255 255 255 255 144 144 144 144 139 131 135 140 135 130 130 145 145 134 135 139 138 140 142 140 136 138 140 139 136 135 136 128 120 127 124 117 117 118 131 144 140 132 133 137 131 132 137 137 130 133 145 139 135 138 135 139 147 142 138 148
255 255 255 255 255 255 255 255 255 255 255 255 255 255 255 255 255 255 255 255 255 255 255 255 255 255 255 255 255 255 255 255 255 255 255 255 255 255 255 255 157 150 143 137 137 140 138 136 134 140 151 151 143 137 141 148 147 144 137 135 139 134 126 129 138 142 131 119 119 119 112 102 106 120 131 128 123 127 137 134 129 135 139 134 142 148 141 140 141 134 141 146 141 138 146
255 255 255 255 255 255 255 255 255 255 255 255 255 255 255 255 255 255 255 255 255 255 255 255 255 255 255 255 255 255 255 255 255 255 255 255 255 255 255 255 153 148 140 136 142 143 141 142 142 145 151 156 150 144 146 152 149 147 142 137 135 129 127 134 135 135 131 125 121 117 110 104 113 121 117 119 119 125 136 130 121 124 137 148 157 153 148 148 146 137 131 143 151 140 140
255 255 255 255 255 255 255 255 255 255 255 255 255 255 255 255 255 255 255 255 255 255 255 255 255 255 255 255 255 255 255 255 255 255 255 255 255 255 255 255 255 141 138 137 143 145 140 141 145 147 148 153 153 148 145 140 132 138 145 144 141 135 131 139 138 134 135 136 132 125 121 123 128 128 130 130 121 121 133 134 125 120 136 156 165 157 156 154 148 147 137 143 145 133 134
255 255 255 255 255 255 255 255 255 255 255 255 255 255 255 255 255 255 255 255 255 255 255 255 255 255 255 255 255 255 255 255 255 255 255 255 255 255 255 255 255 255 150 146 141 137 132 135 143 145 150 155 150 141 139 135 126 134 149 148 142 138 142 155 153 150 150 147 142 136 134 133 131 136 137 131 122 123 136 139 131 130 148 160 166 160 163 156 147 151 149 147 145 138 137
255 255 255 255 255 255 255 255 255 255 255 255 255 255 255 255 255 255 255 255 255 255 255 255 255 255 255 255 255 255 255 255 255 255 255 255 255 255 255 255 255 255 255 145 139 136 134 133 141 148 151 147 140 133 135 139 134 140 147 144 144 151 165 172 165 166 161 148 141 139 137 139 139 139 135 135 141 142 141 137 134 136 144 148 156 162 165 153 145 144 152 156 148 135 132
255 255 255 255 255 255 255 255 255 255 255 255 255 255 255 255 255 255 255 255 255 255 255 255 255 255 255 255 255 255 255 255 255 255 255 255 255 255 255 255 255 255 255 255 146 142 138 135 140 144 140 133 128 124 131 142 143 144 145 143 142 155 170 171 165 167 161 152 148 143 136 137 139 139 147 153 157 154 152 139 120 115 128 142 153 161 161 152 145 143 148 154 151 139 140
