example/E5 - XRays/X-ray-tomography/rastert_juap27.txt
ncols         356
nrows         356
xllcorner     -0.5
yllcorner     -355.5
cellsize      1
NODATA_value  -9999
[rows 126 to 167 of 356, columns 0 to 93 of 356]
255 255 255 255 255 255 255 255 154 149 147 148 144 130 121 135 146 148 146 146 140 138 140 144 153 153 146 147 145 133 131 137 145 143 140 144 145 147 149 150 150 139 135 137 137 138 134 141 137 126 136 144 148 155 148 138 138 143 154 154 151 156 153 154 153 155 151 148 144 138 130 128 132 144 147 140 128 130 139 129 130 135 125 128 135 130 133 136 133 134 130 135 143 138
255 255 255 255 255 255 255 255 153 152 151 151 147 134 123 130 139 139 143 146 141 135 136 135 142 150 149 141 135 134 136 143 150 151 156 156 150 144 147 147 138 135 140 148 142 134 122 118 133 130 131 139 149 159 155 142 139 144 155 156 144 143 147 155 148 149 147 137 140 134 112 112 130 148 152 149 140 135 136 126 124 126 126 137 146 137 133 138 139 137 134 137 146 131
255 255 255 255 255 255 255 152 144 145 147 146 141 133 129 133 140 136 142 138 125 124 132 130 129 138 146 133 129 143 143 137 139 142 149 155 158 143 132 130 123 124 138 152 141 125 122 106 126 133 134 143 148 149 149 146 146 147 152 158 148 142 139 147 141 130 130 128 136 132 113 114 132 142 134 135 150 155 146 128 99 97 111 129 142 140 137 146 138 129 136 143 150 133
255 255 255 255 255 255 255 153 148 144 141 144 143 139 138 141 151 148 141 130 124 127 133 130 121 125 138 126 121 130 140 129 122 136 148 152 155 146 137 134 128 125 134 143 141 134 138 127 131 131 141 150 140 135 142 141 142 144 144 154 156 153 146 146 137 121 122 127 128 122 120 116 123 126 116 128 149 161 160 147 113 99 102 111 121 141 141 139 129 125 144 160 158 136
255 255 255 255 255 255 255 153 151 146 141 142 147 147 143 138 139 144 140 133 134 138 137 130 129 135 142 136 127 123 134 132 131 139 145 148 145 139 136 139 136 136 143 144 144 145 151 147 146 138 136 142 139 136 138 140 142 143 145 150 150 155 149 136 113 104 118 137 134 126 131 134 130 123 130 142 150 156 163 164 143 128 130 130 125 141 140 133 131 133 148 155 155 141
255 255 255 255 255 255 255 152 152 142 133 132 138 133 131 133 128 133 141 140 139 142 143 138 139 146 149 150 141 129 130 134 138 139 134 137 141 140 138 138 134 129 140 155 155 147 149 142 138 142 141 145 144 140 137 141 144 143 152 158 147 145 142 136 112 111 132 145 136 131 140 145 138 128 137 128 145 165 158 159 149 139 144 144 135 137 145 140 140 143 144 143 146 147
255 255 255 255 255 255 153 151 153 146 139 140 135 128 132 139 134 134 141 149 152 148 144 135 134 144 149 153 153 139 132 133 136 140 136 141 146 139 135 135 133 127 134 149 155 156 154 146 135 137 141 145 141 139 142 140 138 137 143 151 146 144 135 139 140 138 141 143 136 138 140 133 131 136 139 113 127 151 144 147 153 162 157 152 139 141 153 152 153 157 152 145 143 143
255 255 255 255 255 255 152 151 149 146 146 146 141 139 142 143 140 140 149 156 158 155 149 134 127 136 142 147 151 144 136 134 132 132 138 141 138 129 130 139 141 137 139 146 152 157 151 148 138 132 138 136 128 128 130 121 114 122 138 136 134 144 139 140 151 153 147 146 144 144 137 135 133 131 132 124 131 143 139 140 151 165 160 165 155 149 153 153 149 149 138 115 121 140
255 255 255 255 255 255 152 154 151 147 148 147 141 130 131 135 134 137 150 154 149 144 140 135 135 139 144 143 138 135 135 139 134 124 129 133 133 129 123 129 128 119 127 147 155 152 143 140 136 136 141 136 129 131 121 109 115 122 139 142 143 149 153 160 164 166 164 157 154 149 137 140 138 120 114 131 140 139 137 139 149 154 159 164 150 143 149 151 143 140 134 109 115 139
255 255 255 255 255 255 154 152 146 144 144 144 142 129 123 126 131 138 149 160 156 141 132 140 147 147 147 148 136 128 140 153 148 135 127 128 139 141 130 121 114 103 113 140 144 140 133 133 140 140 137 135 128 131 122 113 134 138 138 134 137 153 159 167 173 170 168 170 165 154 142 140 142 127 114 124 132 133 132 142 156 159 156 158 152 149 145 148 145 144 144 136 143 154
255 255 255 255 255 152 146 145 139 137 132 128 135 130 124 132 138 140 145 153 152 141 137 146 145 138 142 147 142 133 139 146 143 141 133 132 145 147 134 124 119 114 115 128 116 112 118 121 138 146 143 134 125 136 138 130 137 134 135 128 134 162 166 164 166 170 167 168 160 143 127 121 136 136 130 131 135 142 129 131 140 143 148 146 133 135 140 145 144 139 138 131 134 141
255 255 255 255 255 148 138 137 136 134 128 122 134 141 138 135 139 141 138 136 135 141 145 141 140 142 146 146 148 147 147 149 148 147 139 135 145 141 122 115 124 127 125 133 116 113 126 121 133 146 145 132 128 140 148 148 138 121 129 131 142 159 160 164 168 172 166 158 153 138 110 97 112 127 124 133 137 142 135 135 128 114 129 130 117 120 137 150 139 134 139 131 129 128
255 255 255 255 255 153 141 130 127 132 136 137 142 148 149 144 142 142 136 134 135 142 143 138 142 147 146 142 142 140 143 141 136 138 138 136 140 143 133 118 132 140 140 149 139 139 144 135 133 136 138 133 133 143 149 148 143 132 131 122 130 153 155 160 154 150 151 145 142 132 116 112 124 123 108 133 144 132 119 126 133 128 129 127 128 138 142 148 141 139 138 137 145 138
255 255 255 255 255 160 150 135 129 129 132 140 143 141 142 140 139 145 145 140 136 139 140 140 144 142 141 139 137 136 136 135 125 128 141 144 144 148 151 143 146 145 144 147 146 144 145 147 143 138 137 136 127 135 148 142 134 140 131 122 123 149 162 153 131 126 133 130 126 122 126 127 146 149 136 150 153 137 113 118 130 127 130 129 136 149 150 153 150 138 131 133 142 139
255 255 255 255 163 163 156 143 126 115 122 140 145 137 133 130 129 135 142 138 134 135 134 133 138 135 137 135 132 135 138 142 140 133 133 134 143 149 150 151 157 160 155 146 148 149 149 146 139 132 135 138 123 119 125 124 124 131 124 133 134 138 148 144 129 128 128 125 132 144 152 145 146 158 160 157 148 147 139 138 142 129 131 142 144 150 153 153 142 123 130 135 134 127
255 255 255 255 161 162 163 156 140 127 127 136 141 137 128 126 130 129 130 128 128 133 127 125 134 134 135 138 137 136 138 140 140 136 129 128 131 135 139 151 155 156 160 153 152 157 160 156 137 128 128 116 111 122 120 119 129 118 111 132 130 122 134 143 135 128 133 137 144 155 157 155 149 150 154 153 143 147 149 147 153 150 134 136 142 149 146 143 140 134 148 149 136 123
255 255 255 255 159 160 161 159 155 148 142 140 142 144 133 128 131 136 134 129 127 129 125 129 139 142 141 139 142 137 131 139 143 144 143 144 148 145 138 147 146 148 159 155 155 159 162 161 135 130 132 106 99 123 128 124 131 124 117 120 125 122 140 147 137 132 142 150 156 163 158 162 161 157 149 153 157 159 154 148 154 159 148 148 149 145 143 139 137 148 155 155 142 134
255 255 255 255 160 155 154 155 154 151 148 141 135 137 138 137 137 142 145 140 133 125 122 131 143 145 136 130 137 134 126 140 146 142 147 144 143 146 136 143 151 153 158 165 162 159 157 155 140 133 130 121 120 132 133 129 129 123 118 123 131 129 140 150 149 143 146 152 159 160 157 165 163 162 157 152 156 163 158 136 131 152 151 147 152 152 141 150 156 148 145 144 126 141
255 255 255 255 159 157 158 156 149 140 144 143 136 135 130 128 134 142 144 140 130 126 127 129 142 147 140 132 130 134 141 150 150 139 145 149 137 139 139 145 156 166 162 164 161 159 153 144 148 144 134 136 137 135 138 141 140 125 124 140 141 140 148 148 153 149 148 156 162 164 160 158 160 164 162 155 150 153 151 138 134 143 142 149 151 150 129 134 152 148 144 144 117 124
255 255 255 163 162 160 155 155 148 132 138 147 148 145 138 135 139 141 138 134 119 120 133 127 129 136 140 140 135 137 157 170 165 145 140 143 137 143 149 149 148 155 156 160 162 165 144 134 154 150 136 137 132 131 139 144 143 132 137 149 150 146 148 148 157 156 152 156 154 159 164 166 165 165 166 163 151 148 145 145 152 153 146 146 144 152 135 124 134 144 138 136 127 125
255 255 255 162 152 139 137 141 137 135 138 146 142 136 140 142 141 137 134 133 126 131 141 132 132 137 136 138 142 140 149 164 163 151 140 141 146 155 158 149 137 143 148 153 154 154 133 131 149 145 142 144 135 133 139 140 143 147 149 148 155 160 149 148 152 156 156 158 155 152 154 161 164 162 168 171 158 147 143 153 155 148 145 143 141 150 147 139 134 139 131 121 118 125
255 255 255 159 141 125 132 139 138 147 149 149 144 136 141 142 134 131 122 128 137 145 148 141 138 139 142 142 141 135 124 133 152 162 158 157 158 156 158 158 142 139 146 147 147 143 134 138 144 141 142 139 133 135 142 144 140 143 143 147 156 168 161 154 149 151 156 161 160 153 153 154 161 163 159 161 153 148 148 152 156 151 152 153 144 137 142 147 136 135 133 129 105 96
255 255 255 161 152 142 143 150 152 153 150 146 146 141 140 137 129 132 118 114 127 135 143 141 133 129 137 138 130 131 126 129 143 154 158 156 157 154 147 149 148 134 130 138 139 144 145 146 140 139 139 122 119 133 138 135 132 130 123 143 154 154 152 153 156 156 155 156 154 160 157 154 160 167 165 160 160 157 156 150 156 152 149 148 145 144 138 139 134 126 126 135 113 88
255 255 255 158 162 162 160 160 157 150 145 141 138 139 140 139 133 132 118 116 130 133 139 138 132 133 134 141 138 136 137 146 155 153 155 152 148 153 149 142 146 139 127 127 120 130 144 148 146 137 137 127 122 128 134 125 124 133 124 129 138 141 150 152 147 151 154 155 154 155 156 163 163 157 158 161 160 156 152 146 153 156 151 146 143 151 147 139 132 117 127 141 132 114
255 255 255 156 159 165 162 158 159 157 151 140 136 145 146 139 133 123 111 120 134 137 139 142 143 147 137 133 138 134 130 134 147 152 153 150 139 143 139 134 141 147 140 131 128 134 149 149 144 139 139 144 142 133 139 136 129 135 131 131 133 138 150 150 145 150 152 156 160 150 148 163 167 164 158 155 153 149 146 146 148 149 148 145 151 155 152 137 136 135 134 139 137 134
255 255 162 158 157 159 152 148 156 161 158 142 133 139 141 133 122 113 104 113 114 118 136 152 156 152 137 113 119 130 134 131 136 142 144 146 142 143 134 131 144 155 148 142 147 147 145 142 135 138 146 146 144 136 131 139 135 139 139 134 129 135 142 139 135 149 150 150 148 156 159 157 159 168 159 155 161 160 156 152 148 141 148 145 144 152 154 140 147 157 150 145 130 121
255 255 153 151 153 156 153 149 149 154 155 147 138 137 140 138 128 126 117 113 108 113 137 150 145 141 135 114 121 141 151 143 136 136 131 132 138 139 133 129 143 154 148 143 147 144 134 128 125 138 149 146 141 132 127 136 136 131 137 136 129 125 129 134 136 136 146 147 125 138 159 161 159 158 158 155 163 169 157 147 152 151 155 149 141 143 139 138 148 153 154 150 125 115
255 255 149 142 141 149 149 144 143 143 142 139 136 139 139 138 130 128 123 125 130 133 138 136 133 139 139 129 134 147 150 142 138 140 137 132 129 115 117 120 137 148 142 139 140 136 131 114 123 144 149 155 156 140 138 139 133 118 124 140 136 121 132 137 139 144 155 159 139 146 161 168 172 157 158 161 161 160 153 158 159 156 150 149 147 147 141 143 146 141 141 144 137 132
255 255 148 138 136 141 143 142 143 138 133 132 134 141 138 136 128 124 131 141 143 142 138 131 128 139 142 139 141 143 141 132 139 139 132 131 129 123 131 128 129 128 135 135 137 139 132 121 135 153 157 160 163 153 139 136 141 142 140 143 132 127 145 148 139 145 145 152 158 161 162 159 168 165 169 180 167 154 154 157 151 150 142 139 147 151 147 148 147 138 138 138 140 137
255 255 144 139 142 148 152 152 149 139 133 137 140 141 137 138 132 126 134 138 138 143 142 134 122 137 149 144 140 140 135 121 130 134 130 124 124 133 134 129 117 112 131 136 141 143 140 140 152 161 164 162 162 159 146 138 148 161 152 138 118 118 142 149 144 154 145 134 139 148 161 162 155 157 157 167 164 157 151 145 149 150 141 138 144 148 152 149 143 137 137 140 143 139
255 255 144 138 142 152 159 160 158 145 129 136 141 139 143 140 139 140 136 132 132 140 144 144 130 132 146 149 145 141 135 134 139 144 143 136 137 140 128 122 112 109 125 128 138 134 126 137 158 167 167 167 162 155 155 152 147 153 144 131 123 130 142 142 141 148 149 142 145 148 154 165 165 165 154 159 170 164 150 148 153 143 131 141 150 143 144 145 141 140 137 140 144 143
255 255 146 140 148 157 158 153 150 148 135 135 138 137 146 143 139 144 143 138 135 137 143 142 129 122 129 139 139 135 134 141 142 146 149 144 145 144 137 131 121 121 124 109 107 109 114 141 161 170 168 162 158 149 143 145 140 146 145 133 130 135 142 151 150 139 143 139 144 158 153 153 158 165 167 164 164 157 147 147 156 141 130 136 144 142 142 146 150 147 141 140 144 139
255 255 147 141 138 140 143 136 133 138 136 132 137 152 153 141 135 137 142 145 150 151 144 120 110 117 126 142 147 140 142 146 144 147 151 147 146 145 149 147 136 133 135 120 110 123 133 145 159 165 166 162 157 148 134 136 141 146 149 144 136 136 138 151 152 136 130 127 136 153 159 164 157 160 169 174 169 160 148 139 148 149 140 141 154 156 148 141 145 153 150 146 148 138
255 150 146 143 133 123 128 131 135 140 142 134 134 152 155 141 140 139 142 148 148 147 137 115 107 120 135 150 159 157 153 152 149 148 159 162 163 159 159 155 147 141 143 138 133 146 145 137 154 160 156 151 145 140 131 131 137 138 136 134 138 143 139 142 146 132 119 126 142 154 158 163 167 175 164 165 164 158 151 140 143 153 149 151 159 152 143 146 148 150 156 148 143 142
255 151 145 143 133 120 119 130 142 143 147 142 136 140 146 145 153 147 137 141 144 141 133 127 115 119 139 154 153 153 147 144 148 147 150 156 162 161 154 149 148 144 143 138 140 154 154 144 155 159 156 146 137 123 119 131 140 141 135 131 135 137 136 133 129 126 127 138 151 157 158 157 159 166 156 153 148 142 151 149 139 141 144 144 143 147 149 153 158 148 160 149 142 156
255 146 137 134 131 123 120 121 133 138 142 145 141 139 141 147 151 140 135 141 146 142 138 130 116 117 138 157 151 148 152 147 147 154 150 149 150 155 157 160 153 137 134 135 142 154 159 148 144 149 155 144 142 133 127 144 148 147 143 134 135 138 140 132 126 136 143 144 151 158 161 167 153 146 149 145 142 144 151 151 143 146 153 156 146 146 146 144 155 155 154 135 129 146
255 143 124 124 135 130 134 134 140 143 141 144 146 147 145 144 142 139 136 136 143 142 142 133 120 124 139 152 146 142 153 154 150 152 154 158 157 159 161 157 152 131 130 146 152 144 134 137 149 159 158 138 143 151 137 136 138 146 152 142 136 135 138 133 132 141 146 149 151 150 150 156 151 153 156 144 143 152 150 150 142 147 150 154 154 145 146 154 159 162 147 130 123 123
255 150 136 137 146 138 137 144 147 148 147 145 145 150 155 153 146 142 142 139 144 142 140 139 135 135 138 144 148 147 150 150 152 151 150 151 149 149 152 146 143 125 127 143 147 142 129 130 151 160 144 126 133 141 136 141 144 152 154 146 128 120 130 138 131 136 141 141 149 151 143 141 145 154 152 146 146 149 150 152 145 151 154 151 158 152 153 153 150 154 147 138 133 126
255 155 154 156 159 147 134 139 139 143 151 144 135 136 146 148 145 141 145 148 142 132 136 144 147 144 138 141 145 152 154 149 152 157 162 157 152 151 150 146 142 125 128 139 144 146 140 131 138 149 142 130 127 132 134 139 140 144 140 119 111 114 113 128 136 139 142 138 141 137 137 146 156 151 142 152 148 140 150 154 146 150 151 148 151 153 162 154 143 150 152 146 139 143
255 153 157 158 155 152 141 137 134 137 146 146 141 132 139 143 150 149 147 144 137 126 126 135 139 139 136 142 145 150 152 153 153 151 154 153 152 158 148 138 143 139 144 149 144 132 129 131 140 151 146 134 139 148 139 135 136 125 117 106 119 128 124 128 133 136 143 149 141 123 124 140 156 152 142 146 143 141 148 148 146 151 151 142 136 148 161 153 151 161 160 154 148 153
255 151 151 146 136 138 141 138 139 138 135 142 145 128 121 128 144 150 147 140 136 140 133 128 128 133 135 140 141 144 142 140 140 141 141 145 146 150 144 134 131 134 143 144 122 109 122 120 135 150 145 137 144 148 143 142 131 117 116 117 130 131 131 138 136 135 137 149 147 140 139 142 151 153 154 152 149 151 152 150 155 152 154 149 143 154 152 139 142 154 155 156 151 153
255 149 149 144 130 131 140 139 145 144 138 138 143 136 122 113 125 140 143 143 141 143 143 141 138 136 136 138 141 143 134 128 133 136 134 145 142 136 134 127 124 138 140 130 110 119 131 118 125 142 138 129 132 139 143 132 117 117 127 132 133 127 131 142 142 135 131 136 130 135 148 149 146 147 153 156 156 157 155 154 157 155 157 147 134 136 143 136 138 142 150 157 153 151
