example/E5 - XRays/X-ray-tomography/rastert_juap40.txt
ncols         356
nrows         356
xllcorner     -0.5
yllcorner     -355.5
cellsize      1
NODATA_value  -9999
[rows 294 to 335 of 356, columns 94 to 187 of 356]
134 136 140 142 146 152 152 150 142 143 150 155 153 159 161 137 127 131 121 124 135 143 149 145 140 151 148 142 137 126 127 127 115 128 147 155 163 163 156 155 144 122 111 110 119 126 130 135 127 126 147 149 142 138 135 139 139 141 144 135 125 129 148 148 156 167 165 165 165 163 163 144 127 124 126 130 146 152 148 151 147 138 135 141 142 141 147 147 149 149 148 155 155 145
138 136 135 134 145 150 148 141 142 152 154 154 153 154 145 120 111 120 121 116 121 143 154 151 147 151 149 147 136 125 129 129 127 140 157 159 155 156 159 154 141 109 99 119 139 147 144 136 120 117 134 140 140 139 131 134 138 141 138 129 125 135 152 152 158 165 169 168 164 162 168 153 140 136 128 131 143 144 136 137 143 146 131 129 130 128 145 151 147 143 147 158 156 140
145 138 123 120 138 143 143 136 141 153 153 153 153 144 134 119 109 114 124 128 136 147 144 147 150 146 145 142 131 115 110 117 131 144 153 156 153 154 156 152 149 123 103 120 141 150 149 137 111 104 118 127 132 137 142 140 136 134 138 141 143 149 154 155 159 170 174 166 164 163 170 158 146 143 136 136 137 135 136 140 145 148 134 125 118 102 112 135 135 131 141 145 151 147
153 141 124 119 133 138 137 136 143 146 145 147 144 133 129 127 124 129 138 141 144 140 127 140 155 150 150 148 149 138 122 118 134 144 146 150 159 158 152 152 151 131 104 113 143 150 141 117 88 101 128 126 127 137 154 156 146 135 140 150 150 149 160 164 164 173 171 168 170 166 171 160 144 140 136 133 132 132 137 141 142 137 133 129 115 80 71 97 112 129 142 146 154 159
149 139 129 138 147 146 139 137 143 142 141 140 140 134 131 129 129 142 150 143 131 129 128 136 155 160 154 155 160 153 142 134 144 141 140 142 148 148 146 144 142 131 107 108 137 147 127 93 82 114 139 138 137 145 161 163 151 141 142 147 139 143 159 160 164 167 168 173 166 165 171 166 161 148 125 123 136 137 141 141 138 132 135 133 121 94 84 93 104 117 127 141 151 159
140 139 132 151 157 146 137 136 138 138 137 138 141 135 133 131 133 145 149 139 122 129 146 151 162 163 157 167 164 153 146 142 144 135 133 134 133 141 149 142 143 139 125 120 138 144 123 99 107 129 143 154 158 159 165 164 151 144 140 137 129 134 137 139 156 161 167 176 167 165 163 165 166 157 137 133 138 140 150 150 143 136 141 134 127 128 129 122 120 102 96 125 148 158
134 143 140 152 150 147 146 145 143 143 142 143 139 130 132 136 128 133 143 135 122 129 145 157 162 164 164 168 157 147 139 137 137 133 135 137 143 153 157 147 138 136 139 139 142 134 119 108 129 146 148 154 157 162 157 154 150 146 141 134 133 129 102 99 129 146 163 173 166 160 161 158 158 166 152 139 141 139 148 154 146 147 158 158 157 155 154 153 149 121 95 109 143 158
128 145 152 149 143 150 154 152 148 148 145 137 135 131 130 134 120 115 129 133 131 130 138 150 155 158 161 160 149 144 137 132 125 125 129 134 150 155 156 148 132 122 127 139 133 115 117 118 133 151 152 152 155 159 146 141 142 152 152 138 126 122 99 85 99 118 156 170 162 151 147 144 152 163 150 138 139 131 148 158 153 159 164 167 169 166 165 161 152 138 113 114 140 152
130 148 150 144 142 142 150 155 149 147 138 128 132 128 125 132 127 118 126 129 131 123 124 141 151 154 156 151 141 127 114 111 110 116 122 130 147 158 153 138 127 118 117 133 131 118 127 129 133 141 143 151 154 144 133 130 136 147 146 136 118 119 122 111 94 97 141 156 140 132 130 131 143 147 142 135 135 137 155 162 164 170 167 168 165 164 166 162 157 151 136 134 143 143
141 150 140 140 149 143 147 155 152 148 144 139 137 131 130 140 143 137 141 129 113 104 115 134 148 153 148 137 127 109 89 92 112 132 143 144 146 153 138 116 119 123 128 141 143 136 137 131 128 127 131 144 147 137 134 138 145 143 140 143 129 128 132 129 99 77 111 124 102 105 128 140 141 134 137 139 139 144 157 163 164 173 172 170 162 163 170 166 157 151 150 142 138 137
141 148 140 148 162 154 144 149 152 148 145 137 132 135 140 145 142 139 147 139 112 91 100 119 141 141 132 117 105 99 82 91 130 147 152 151 144 146 128 107 115 132 143 141 141 144 147 143 145 134 131 142 140 133 144 149 148 141 144 153 140 136 140 139 107 88 113 108 79 87 125 143 147 138 136 139 143 149 159 164 166 170 171 175 170 168 173 165 155 153 158 150 140 139
121 135 147 156 161 156 146 143 148 147 141 129 124 133 143 142 135 136 141 140 119 96 102 126 144 143 137 117 104 103 87 86 125 146 153 154 146 145 133 120 122 134 135 130 136 142 148 150 152 142 136 139 125 120 141 150 144 135 140 144 128 134 149 143 116 119 136 121 94 103 130 139 143 132 121 124 139 155 160 164 170 171 170 172 169 166 166 161 154 153 157 150 146 143
110 132 153 158 158 158 147 135 138 142 139 126 115 118 126 135 142 144 141 145 134 121 125 135 144 154 152 142 135 123 99 94 128 147 146 144 142 143 142 140 132 132 122 104 111 130 144 148 145 140 140 136 112 108 131 145 133 122 126 130 130 141 147 138 135 149 152 135 122 129 139 138 142 132 111 114 132 145 152 161 167 168 166 168 171 165 154 149 147 148 157 158 151 149
116 132 145 148 151 150 136 125 133 146 141 122 100 95 112 138 151 151 142 142 134 127 126 134 147 156 154 157 152 127 112 121 137 142 142 143 143 140 137 139 130 129 125 106 107 126 140 147 144 139 141 134 104 96 121 139 126 123 125 128 127 127 130 130 144 151 152 144 137 137 134 126 132 131 116 119 132 136 146 156 161 161 158 163 170 163 144 135 140 142 152 158 153 158
125 131 130 126 130 133 130 132 135 143 141 133 117 104 118 139 148 144 142 139 130 127 124 132 145 149 146 150 147 132 134 141 137 138 142 143 142 138 132 128 133 142 142 142 141 134 137 147 152 144 136 132 108 100 122 130 123 125 127 133 131 127 123 126 137 142 148 145 140 140 133 122 125 133 130 129 134 133 141 150 160 160 152 153 153 145 138 140 148 146 150 147 144 155
126 139 138 126 122 131 137 145 137 135 136 141 141 127 125 135 151 152 152 146 135 128 129 134 137 136 127 120 127 143 149 141 139 142 144 140 140 140 132 129 142 154 158 157 148 137 136 145 153 149 135 128 116 114 124 124 119 119 123 135 139 138 128 128 131 133 141 144 142 146 143 138 135 136 139 134 134 138 148 153 164 161 153 149 136 128 133 143 148 144 146 138 133 142
127 146 146 140 135 137 143 145 134 128 129 134 140 139 131 136 148 147 149 144 130 126 125 117 126 129 108 93 113 150 153 136 135 145 149 142 139 137 130 130 142 149 152 146 137 130 133 149 153 148 145 135 126 126 134 132 127 122 128 138 140 140 138 146 149 146 141 143 142 138 138 147 146 143 148 140 129 133 151 160 162 160 157 155 143 135 136 139 141 138 143 134 126 132
133 137 133 141 143 141 144 146 135 122 116 122 138 149 143 145 145 136 139 137 123 126 121 103 111 121 114 113 129 152 153 142 132 137 147 146 142 140 136 134 137 142 146 140 134 132 131 143 152 153 156 148 141 134 137 143 143 140 146 152 151 151 151 161 172 171 153 143 139 133 133 143 150 148 148 143 128 125 147 160 162 164 162 157 148 141 140 137 133 137 146 136 121 123
140 133 130 143 149 143 140 141 130 116 112 123 139 146 139 136 131 114 115 125 120 122 120 107 97 105 127 143 147 152 153 154 146 134 135 141 146 145 135 131 132 136 136 129 130 138 140 146 148 153 156 151 151 147 147 152 152 155 162 161 159 163 163 168 178 174 156 146 141 140 139 138 142 141 146 138 119 119 138 149 152 154 158 153 143 147 140 135 131 137 145 139 127 131
134 132 137 141 144 146 139 136 130 124 118 123 132 131 128 128 118 102 105 122 131 132 123 102 77 83 121 143 143 144 144 148 149 134 125 131 139 131 123 126 129 130 134 132 129 136 149 154 151 150 149 148 152 158 159 156 155 161 166 162 158 166 163 170 177 171 163 155 148 154 147 129 125 132 137 133 125 126 130 134 136 140 151 150 146 154 148 141 135 139 146 140 139 147
135 136 141 140 141 149 147 144 142 142 135 134 126 117 121 123 126 120 113 126 144 143 129 106 86 80 101 125 137 143 140 135 135 131 127 133 136 130 125 123 130 137 138 131 126 135 146 148 153 147 144 144 145 153 158 161 166 165 165 167 164 168 166 173 166 155 158 156 153 163 154 125 115 127 132 137 137 124 115 122 132 137 144 149 152 155 156 156 143 139 140 132 138 149
140 138 141 144 150 158 151 143 146 152 155 150 132 121 121 119 122 117 111 123 141 146 138 128 114 92 95 121 136 142 140 129 124 129 136 137 136 136 132 135 143 144 135 129 128 131 134 134 145 146 143 140 139 146 150 158 167 165 165 167 166 168 165 167 149 127 136 152 160 166 153 130 121 129 128 132 139 122 106 118 136 143 141 143 153 152 151 153 143 130 127 121 125 138
131 130 141 149 152 157 152 144 149 153 153 145 133 128 124 111 111 123 128 134 144 150 146 150 145 129 130 144 150 156 154 143 130 126 132 135 136 133 127 134 143 142 126 127 131 119 108 112 124 142 150 142 139 143 144 155 162 162 164 169 169 169 165 161 136 114 123 144 161 165 152 134 124 129 124 126 140 132 120 132 143 140 134 134 138 140 143 145 142 137 131 116 117 132
118 126 144 152 148 156 163 154 150 146 149 144 128 123 122 117 128 146 156 158 156 159 160 171 171 162 159 160 163 164 159 157 152 139 128 131 135 132 131 136 148 148 129 128 132 120 107 105 116 144 152 141 140 140 140 151 158 160 168 173 168 166 164 159 148 139 138 149 155 150 141 130 128 129 128 133 147 157 158 150 138 123 123 133 130 124 133 142 143 153 153 135 132 133
122 132 143 143 142 157 160 157 153 136 136 137 120 112 127 140 152 160 170 171 165 166 169 176 175 167 164 164 167 168 161 163 167 155 139 134 133 131 127 128 143 151 140 135 135 134 127 118 129 150 143 134 137 134 132 142 145 144 158 169 165 161 164 162 165 159 157 162 155 143 132 126 131 135 139 141 149 162 167 153 132 116 122 136 138 129 140 154 151 156 158 149 141 135
137 135 135 125 125 141 142 149 148 134 129 131 118 120 142 152 160 167 174 169 171 175 176 178 175 163 159 165 167 165 160 163 170 161 145 135 133 125 119 111 120 142 144 141 140 133 125 126 135 142 133 128 133 130 130 138 131 127 151 163 160 156 158 160 168 166 165 168 158 143 131 126 129 133 137 146 155 160 163 152 134 120 123 134 140 139 150 161 158 157 154 148 138 138
139 126 121 112 110 122 130 135 134 137 130 119 127 146 155 161 166 171 170 170 178 174 172 171 167 166 165 172 168 165 162 165 168 160 148 135 134 137 136 115 108 128 135 135 141 138 137 141 141 140 137 134 138 137 134 131 123 127 150 156 152 147 148 154 163 165 165 162 157 150 136 132 138 139 133 137 147 154 154 148 140 126 124 132 139 146 152 162 164 161 149 135 132 139
131 114 115 115 109 118 135 136 132 135 118 101 125 154 160 165 170 172 171 178 181 172 170 166 164 170 173 175 168 166 163 167 166 160 151 139 138 151 153 135 122 124 139 153 157 159 159 156 150 146 140 138 143 135 130 130 122 137 151 145 142 142 139 143 153 158 160 156 157 152 136 130 139 147 142 133 135 143 144 142 139 133 129 126 135 147 146 154 158 153 140 128 136 141
136 125 125 124 120 130 147 142 128 121 113 99 121 153 163 168 172 172 176 178 170 170 171 169 170 171 176 174 170 168 167 163 159 153 145 140 140 146 145 149 150 142 153 166 160 162 165 153 141 134 133 134 138 140 138 141 141 155 153 141 142 148 136 134 140 139 143 147 148 150 143 135 139 145 148 139 132 135 136 136 139 145 138 134 145 147 144 148 152 149 141 133 141 147
139 138 135 126 128 140 151 144 122 108 112 109 125 148 164 172 174 175 177 173 167 173 178 173 169 167 170 167 168 172 169 159 158 149 144 143 143 138 139 148 157 153 160 166 155 157 161 145 129 125 131 135 146 152 143 146 153 158 156 151 147 153 140 132 127 125 135 137 139 146 140 135 139 141 149 142 137 140 139 137 146 158 153 149 151 147 145 142 144 144 143 141 142 150
138 140 139 130 129 139 145 145 135 116 120 132 142 148 158 166 170 173 174 169 167 174 176 168 170 172 172 167 172 174 167 167 168 153 144 140 135 130 132 130 137 147 156 157 147 150 149 129 123 127 134 142 152 154 138 137 145 146 150 152 144 147 143 138 128 119 126 132 141 141 133 127 134 137 141 140 142 145 142 139 147 155 155 151 150 152 147 134 134 138 138 138 140 142
132 140 146 142 138 138 138 139 140 134 138 149 156 154 157 164 171 171 174 171 170 175 175 169 175 176 176 172 176 173 172 178 169 154 145 135 130 131 128 121 126 140 146 146 137 133 127 107 117 132 139 143 145 148 129 123 132 139 145 147 141 144 142 143 141 130 125 129 137 133 131 125 132 136 139 140 140 143 142 140 144 146 149 153 149 149 141 125 126 130 135 137 135 130
122 136 151 153 151 140 132 129 130 136 142 150 158 164 165 167 167 166 171 171 171 175 172 171 177 177 177 174 173 171 170 173 165 155 147 135 131 130 129 129 128 134 139 136 126 119 117 100 111 134 143 148 144 138 125 124 128 129 140 143 135 137 138 149 151 136 123 123 132 128 132 134 138 135 137 138 140 148 147 146 142 143 145 153 146 146 143 131 132 132 137 137 136 128
117 128 144 148 148 142 139 133 123 127 138 150 160 168 167 167 166 165 168 167 168 174 170 169 173 173 176 174 171 169 167 165 169 162 149 140 129 121 123 123 127 135 135 136 131 122 116 104 111 137 147 149 148 137 126 127 126 125 137 136 125 128 132 141 143 136 125 121 124 120 128 137 142 139 136 138 143 152 151 151 147 146 142 145 145 146 141 134 139 137 137 134 140 129
118 121 134 139 139 140 145 138 132 135 145 151 157 167 168 169 168 164 165 166 172 176 172 171 175 178 177 169 170 171 169 163 167 161 149 143 133 122 123 125 135 144 145 144 140 128 127 133 131 141 148 143 144 140 133 131 125 127 129 124 121 124 120 116 122 133 132 122 116 118 130 138 143 138 131 131 143 152 147 145 146 148 140 134 142 142 136 132 140 138 127 128 139 126
126 122 133 138 137 138 144 143 145 150 153 145 152 162 163 168 168 162 160 167 177 176 174 177 179 180 174 164 170 171 168 167 165 157 150 144 140 134 128 132 147 153 150 139 138 135 138 147 142 138 134 125 125 132 136 135 129 127 128 128 127 132 122 106 108 131 134 119 116 128 140 143 145 140 130 126 138 143 137 139 145 149 139 134 140 134 127 125 139 139 121 123 133 117
135 129 137 142 139 139 147 150 149 153 154 144 153 158 157 165 161 156 155 165 172 174 180 179 178 175 172 170 174 170 166 168 160 149 145 142 144 140 125 126 144 151 145 139 140 141 139 147 140 125 119 111 109 119 127 136 138 131 136 145 143 142 136 126 125 132 136 129 133 143 144 142 141 139 135 132 139 139 132 132 144 150 144 142 141 132 123 116 132 137 123 122 124 107
144 140 142 138 134 142 157 156 152 153 145 145 155 158 154 161 157 157 163 169 172 179 181 175 175 170 172 179 174 169 167 158 140 133 140 144 147 144 129 126 142 151 142 142 144 144 145 149 140 124 119 115 115 121 130 141 141 136 145 157 152 143 136 136 133 135 138 142 146 144 139 136 130 134 141 139 139 135 131 134 147 155 153 149 138 128 128 123 133 139 126 118 110 93
147 147 142 137 140 155 159 154 151 151 138 139 153 157 154 156 154 157 164 163 169 177 175 172 170 169 175 178 170 166 163 148 126 122 135 146 146 143 142 146 154 150 139 144 146 144 148 147 143 139 138 133 127 131 139 142 144 150 148 143 136 137 136 133 123 125 127 140 148 144 143 138 131 140 150 146 139 139 138 141 148 156 157 146 131 128 141 144 150 153 137 122 105 91
144 144 143 143 150 161 154 150 149 151 143 142 149 150 147 146 150 157 158 160 165 168 172 172 168 171 175 172 171 160 151 139 127 124 132 139 136 135 146 154 153 146 141 142 140 138 145 145 144 146 150 144 132 138 143 142 149 158 142 120 114 124 136 135 125 117 121 137 145 144 150 148 144 145 148 145 141 140 139 138 140 152 158 144 132 137 148 156 163 165 152 136 114 104
255 255 147 149 155 157 149 148 151 156 156 155 148 145 144 142 149 151 147 150 151 160 169 169 168 172 170 162 159 138 128 133 137 133 135 137 130 133 141 144 144 145 146 139 132 134 142 141 137 135 140 143 139 145 143 139 146 151 133 108 100 109 127 137 133 126 132 146 150 147 149 148 145 145 144 142 139 136 136 128 128 138 144 133 135 147 151 160 168 169 159 149 127 111
255 255 255 255 154 150 149 149 153 157 161 159 149 142 142 142 145 140 137 140 141 151 155 159 168 163 158 155 145 118 112 123 137 136 136 140 133 134 140 139 140 142 147 146 143 142 138 131 131 123 125 138 145 147 141 134 137 149 135 106 94 96 114 133 137 138 142 152 158 155 153 145 140 146 147 144 137 136 134 128 123 117 120 116 132 148 155 161 171 169 164 158 135 114
