example/E5 - XRays/X-ray-tomography/rastert_juap33.txt
ncols         356
nrows         356
xllcorner     -0.5
yllcorner     -355.5
cellsize      1
NODATA_value  -9999
[rows 126 to 167 of 356, columns 0 to 93 of 356]
255 255 255 255 255 255 255 255 153 140 139 142 149 152 150 147 141 133 127 129 131 142 146 138 130 134 137 133 132 138 133 137 148 146 149 149 152 155 147 152 152 146 145 143 142 143 143 142 142 141 137 134 145 138 126 136 141 147 153 148 142 138 140 143 146 138 133 135 144 150 151 135 123 139 143 135 134 132 132 140 129 123 132 137 135 141 139 148 159 147 141 147 135 131
255 255 255 255 255 255 255 255 149 141 142 140 138 141 147 143 143 148 141 134 134 137 143 145 141 142 142 142 149 152 139 137 143 142 144 139 149 160 145 147 153 146 134 136 143 150 145 136 129 129 136 132 138 136 130 137 141 144 148 152 155 149 138 140 137 136 141 136 138 143 143 141 136 139 138 135 135 130 137 148 145 137 135 134 137 135 142 146 156 154 139 135 139 143
255 255 255 255 255 255 255 155 142 138 148 148 144 137 144 147 146 150 143 140 141 135 132 141 148 155 151 150 173 181 160 143 143 138 143 143 148 155 154 150 149 144 129 127 137 151 145 134 130 135 146 139 137 137 135 135 134 143 152 149 151 156 143 143 137 137 140 143 144 144 144 141 143 128 114 117 132 132 141 145 145 145 135 127 143 144 155 147 133 145 150 137 138 141
255 255 255 255 255 255 255 152 141 134 134 134 139 137 138 144 145 149 146 142 144 141 131 135 142 147 144 138 162 178 162 138 138 132 129 140 154 157 164 159 141 131 127 126 132 148 148 139 143 150 149 147 148 148 140 134 134 141 157 158 151 155 150 141 138 149 144 143 145 148 149 143 138 118 98 106 122 131 139 142 141 138 136 128 139 148 154 142 121 131 144 148 145 143
255 255 255 255 255 255 255 143 141 142 138 134 132 135 134 134 138 145 148 138 133 136 135 130 129 136 142 141 145 148 146 136 133 132 129 133 150 159 166 165 141 130 129 133 139 143 142 140 150 152 147 148 145 147 147 146 139 138 156 160 153 149 146 144 138 147 141 133 143 150 140 133 129 122 113 119 116 118 131 136 142 142 150 148 141 139 133 134 129 131 134 138 144 145
255 255 255 255 255 255 255 144 148 154 150 144 138 139 137 131 136 141 147 142 136 134 137 129 124 136 145 151 153 146 143 144 141 143 148 136 132 138 148 154 149 138 132 134 143 145 142 141 145 143 139 131 133 139 141 151 153 150 152 153 147 145 140 139 136 133 131 131 144 146 136 144 130 114 112 121 117 107 121 128 134 133 142 149 141 136 125 131 136 140 137 135 138 135
255 255 255 255 255 255 143 139 152 159 156 152 142 135 131 124 132 140 141 142 142 137 139 136 131 138 153 153 150 145 142 144 147 150 152 147 135 126 136 145 146 141 140 138 141 148 145 137 134 135 133 127 134 136 137 145 155 153 145 144 142 143 136 128 126 132 132 136 146 143 136 152 138 124 117 118 125 117 116 125 144 144 135 140 137 148 150 152 153 156 155 148 140 134
255 255 255 255 255 255 145 138 147 152 149 150 140 130 132 129 127 134 140 141 142 139 139 139 134 134 152 162 156 148 139 137 145 148 143 148 148 136 135 142 144 138 144 143 140 145 137 126 127 129 133 133 139 138 136 139 146 151 145 141 138 143 138 137 138 151 145 131 146 147 130 139 137 137 131 118 123 131 121 117 144 149 135 136 136 151 155 159 166 166 162 149 149 145
255 255 255 255 255 255 145 143 149 155 150 146 139 135 138 142 141 144 147 144 142 141 137 133 131 131 139 149 150 141 134 141 148 152 149 149 152 152 144 137 139 135 136 142 146 148 144 135 141 143 142 143 138 136 134 136 136 143 146 150 147 145 140 137 134 145 145 131 150 155 137 126 131 143 144 137 135 137 128 120 139 147 140 139 143 144 146 159 162 158 159 148 149 145
255 255 255 255 255 255 143 141 149 160 161 156 150 148 148 154 156 151 143 138 137 135 129 121 120 128 137 141 141 132 130 138 148 157 158 154 153 158 156 142 137 132 134 135 134 136 143 139 148 158 158 157 144 137 137 139 141 138 139 143 140 139 142 145 145 143 138 141 160 157 143 128 126 136 137 140 144 136 134 137 137 146 149 141 147 144 147 162 156 148 154 143 138 127
255 255 255 255 255 151 147 147 147 150 158 154 153 146 138 143 149 150 146 149 146 139 132 128 123 122 131 142 147 142 134 139 158 156 155 158 151 141 144 145 145 141 142 138 131 133 138 133 136 147 144 142 148 145 140 131 136 134 143 149 142 141 140 145 153 146 141 141 149 149 141 133 127 123 130 140 142 139 140 151 152 155 155 143 144 145 150 158 154 148 128 109 133 133
255 255 255 255 255 147 143 147 144 143 148 138 137 141 129 132 146 149 142 145 148 146 141 141 138 130 134 144 147 141 133 135 151 153 152 155 149 132 131 146 156 149 146 143 138 139 136 128 125 134 132 134 153 151 139 130 136 129 138 149 144 141 140 143 145 133 132 130 137 145 139 133 135 135 140 140 142 144 145 152 147 142 150 150 138 138 138 146 151 153 124 103 126 133
255 255 255 255 255 151 147 147 143 143 140 131 134 150 144 136 141 144 143 139 137 142 139 141 144 138 136 145 148 144 145 138 140 149 149 143 135 128 129 138 147 146 146 149 142 137 136 138 138 138 141 141 142 137 127 126 143 144 136 139 140 134 133 142 147 144 143 141 137 136 138 140 144 148 147 143 141 146 145 145 139 133 142 149 152 148 137 136 145 152 142 125 125 124
255 255 255 255 255 152 151 151 144 141 138 136 137 145 151 145 140 136 144 146 138 139 136 134 136 143 144 144 145 144 144 144 148 148 143 142 134 135 136 134 138 143 146 146 144 145 145 141 143 139 138 136 125 132 130 128 146 148 138 137 144 141 132 137 147 147 143 152 156 148 141 143 148 151 148 151 142 141 136 134 138 137 137 138 152 149 138 138 135 140 144 140 139 134
255 255 255 255 162 158 155 153 150 147 144 140 138 139 146 149 144 145 152 147 143 145 139 138 135 139 140 139 143 148 144 141 144 143 139 144 140 139 137 137 139 142 149 150 149 152 154 152 144 134 133 137 125 125 126 133 150 146 135 131 133 135 126 131 140 141 137 141 154 155 147 152 152 149 149 151 152 151 140 132 128 130 136 134 141 152 146 137 130 132 141 146 143 138
255 255 255 255 157 157 157 154 149 146 146 141 138 136 136 137 134 140 150 148 141 149 145 144 142 136 134 137 138 144 148 144 141 145 144 138 128 134 141 138 134 139 151 164 169 161 156 159 149 136 141 145 135 128 134 136 150 152 141 142 138 135 125 124 122 129 142 142 146 151 154 162 159 156 161 159 158 153 143 138 131 142 151 147 139 154 147 126 131 130 133 143 138 138
255 255 255 255 157 158 156 159 158 152 148 146 143 138 137 135 130 136 142 143 137 143 145 145 142 136 137 137 136 141 145 145 139 138 139 135 130 132 143 140 128 143 159 164 169 172 166 160 150 142 144 137 135 137 140 137 148 148 146 136 127 136 135 130 123 123 131 132 137 145 150 157 154 154 157 161 158 144 141 140 139 155 158 157 152 153 147 138 152 149 140 140 134 138
255 255 255 255 159 159 159 163 163 155 152 152 144 135 136 132 130 141 147 144 146 149 146 148 148 147 150 143 141 147 141 136 140 139 130 135 142 140 135 131 134 154 163 165 162 166 167 163 149 140 141 135 136 138 124 125 144 143 142 120 112 125 125 123 122 124 121 120 131 142 139 146 150 148 147 162 166 147 149 153 152 158 159 164 165 162 149 146 157 152 148 134 129 134
255 255 255 255 163 161 160 160 157 154 151 153 145 127 127 131 135 137 142 144 143 148 150 146 140 139 144 149 147 145 136 130 134 142 140 140 140 141 139 137 146 160 163 169 171 173 168 152 141 136 135 135 140 139 126 124 138 134 120 107 113 127 136 135 120 116 123 134 140 141 143 152 153 152 149 152 160 153 152 159 161 161 156 159 158 163 160 149 153 155 145 126 133 138
255 255 255 164 164 164 163 161 157 152 149 150 143 130 126 130 139 142 142 144 139 140 144 144 142 136 131 139 147 142 138 138 134 138 144 142 135 134 135 150 159 163 165 169 174 177 165 143 134 134 128 121 129 135 134 127 132 124 107 107 110 118 132 133 128 133 134 140 144 139 137 145 153 155 158 157 154 155 155 156 165 162 166 168 157 157 159 148 147 151 132 116 134 142
255 255 255 164 160 158 156 160 161 157 150 146 132 122 121 119 123 134 141 142 144 143 140 141 140 142 137 134 147 146 141 146 143 146 144 140 143 136 128 145 160 163 164 167 167 159 151 146 136 131 129 122 123 133 139 134 133 126 110 115 121 128 130 130 147 157 145 127 129 146 141 152 158 149 152 159 156 157 164 160 165 163 169 167 160 160 157 151 146 146 134 119 135 141
255 255 255 159 158 155 153 160 162 158 150 146 132 109 103 108 112 122 132 137 138 139 142 143 144 149 148 145 149 145 146 153 147 145 144 137 144 145 135 139 150 145 151 161 154 147 139 133 138 142 138 131 134 138 143 146 143 130 108 113 122 133 142 148 157 158 147 124 121 144 146 148 142 138 146 153 155 160 166 158 156 160 165 164 154 153 146 144 144 147 151 140 142 141
255 255 255 153 155 158 156 159 159 159 154 148 131 108 104 113 112 110 117 126 130 134 141 147 151 147 145 150 150 148 149 148 145 145 148 143 144 152 153 148 137 127 135 145 136 135 140 125 117 132 138 120 123 127 133 145 149 151 136 131 136 142 143 142 140 146 144 129 127 140 143 146 142 140 146 151 154 153 154 158 165 162 159 163 156 141 130 129 138 146 151 148 138 141
255 255 255 150 152 154 155 158 158 156 152 144 129 105 100 111 111 106 112 120 118 121 129 142 153 149 143 151 160 157 150 141 137 139 145 149 159 156 148 143 132 134 132 132 133 133 141 131 113 124 136 130 130 128 131 146 152 155 142 138 139 142 142 137 126 124 132 136 134 125 129 147 145 141 143 145 156 151 154 166 172 166 163 165 162 147 140 136 137 145 145 144 141 143
255 255 255 149 145 145 145 151 153 145 142 138 124 100 91 100 105 106 111 113 111 110 121 134 146 150 146 148 150 148 144 136 135 135 131 135 148 149 143 139 135 143 139 141 139 131 131 130 133 133 137 145 146 144 143 153 156 148 140 143 139 135 139 137 128 125 121 120 131 123 122 134 140 145 144 146 156 158 153 159 167 163 161 165 165 160 156 147 135 141 148 147 138 140
255 255 153 150 148 148 144 142 144 143 140 136 114 96 95 101 101 105 106 104 104 96 111 136 141 144 142 139 139 135 133 135 138 136 130 134 145 148 140 132 131 139 140 139 139 134 127 128 139 132 134 140 142 145 144 151 150 147 144 146 140 131 133 133 136 140 134 118 126 128 132 135 144 153 153 155 153 150 148 157 168 162 162 165 170 168 159 150 130 138 147 146 142 142
255 255 152 145 140 144 146 147 149 149 144 141 121 105 110 115 114 104 99 99 104 95 104 132 142 147 139 130 140 141 135 130 129 131 131 130 142 150 143 135 141 147 145 141 146 151 144 142 138 129 140 146 151 150 148 149 147 151 150 150 145 140 135 118 128 137 129 121 135 137 139 137 139 147 146 149 155 159 159 162 165 162 163 161 170 173 160 153 140 141 145 149 153 150
255 255 157 149 139 136 140 149 150 148 144 139 125 115 118 119 128 119 105 97 98 91 97 127 141 147 147 142 137 135 131 131 132 130 131 123 126 135 139 143 149 147 139 139 147 149 153 154 136 129 142 148 152 150 155 161 154 150 146 148 147 141 133 113 123 132 130 134 144 141 134 134 142 154 157 150 153 164 164 166 167 166 160 159 163 173 166 159 157 151 145 143 149 145
255 255 154 148 138 131 134 138 141 145 145 138 122 114 115 114 125 125 116 104 100 91 88 117 141 142 141 147 139 131 129 133 141 138 136 132 137 140 138 142 148 147 136 131 141 146 150 151 142 142 143 143 153 155 155 165 162 152 148 152 146 135 127 123 135 142 147 146 148 149 138 141 147 149 153 156 150 154 160 163 163 168 171 175 173 176 176 173 165 155 146 141 143 135
255 255 153 153 147 142 142 146 148 144 139 138 127 114 110 113 127 127 127 124 117 99 79 94 123 135 136 140 139 137 139 140 146 147 142 138 143 154 152 144 139 144 137 130 139 147 149 149 141 137 146 149 160 167 158 161 164 165 164 166 152 135 135 131 137 148 160 158 151 155 149 149 136 131 144 162 155 152 160 165 154 157 164 169 174 179 180 180 169 154 153 152 137 130
255 255 158 159 157 156 152 148 145 142 138 142 138 124 117 126 134 129 128 132 130 110 95 101 122 136 139 124 123 132 134 138 139 140 137 138 144 150 151 151 141 132 133 135 138 139 139 143 132 122 138 151 159 168 164 165 164 167 166 160 151 143 144 142 142 145 145 156 149 147 144 148 138 134 146 157 157 152 151 162 158 157 167 168 162 168 173 177 166 155 152 159 156 142
255 255 159 156 156 155 151 144 145 149 145 142 139 131 129 137 132 126 132 137 137 132 134 138 142 147 144 123 115 122 127 132 139 135 135 145 149 148 144 148 141 131 138 140 136 132 133 141 136 133 149 158 156 162 168 171 163 160 167 160 145 135 135 146 148 146 143 158 152 143 140 150 145 132 144 148 155 158 153 164 167 155 165 164 158 166 174 173 167 165 155 159 158 145
255 255 164 161 159 154 152 148 148 151 147 143 141 135 137 145 140 132 140 147 147 146 147 149 148 151 147 135 125 118 117 123 139 133 143 156 156 158 155 146 135 130 135 141 134 136 145 156 152 139 146 161 162 161 160 161 154 151 153 149 146 140 138 140 138 132 137 147 148 148 150 151 149 134 131 136 146 154 156 166 164 153 163 161 162 161 164 166 167 167 160 159 151 151
255 156 157 159 158 150 147 150 144 138 140 143 145 137 143 155 155 146 138 144 152 154 151 150 148 155 155 142 140 134 125 122 134 133 146 156 162 153 147 146 136 133 139 142 134 131 140 155 162 146 131 146 167 169 159 156 156 152 145 139 142 130 125 130 135 137 144 141 143 154 162 161 160 155 146 147 153 154 160 161 152 157 174 172 175 166 159 163 160 153 150 150 148 149
255 147 144 149 150 145 142 147 145 138 137 136 141 141 141 144 148 148 142 134 138 149 147 146 141 145 152 146 146 144 142 143 141 138 145 152 162 144 135 147 145 145 148 139 134 133 130 131 147 148 132 130 150 158 157 151 151 156 156 144 129 113 117 132 136 142 144 145 149 152 154 156 154 156 155 152 156 161 162 151 152 163 171 169 175 175 166 165 164 154 146 145 149 147
255 143 141 148 150 146 142 144 144 143 141 135 139 141 141 143 144 145 147 133 131 144 141 139 137 135 139 148 153 150 146 143 137 137 153 156 159 152 142 143 147 146 146 142 140 146 144 137 138 138 135 135 138 146 154 155 146 147 150 142 124 113 124 135 139 143 139 142 146 158 159 159 159 159 154 150 151 158 155 143 150 159 160 157 160 162 159 154 166 161 147 150 154 160
255 142 139 147 147 139 138 141 140 143 145 139 134 136 138 142 137 135 136 132 139 147 142 144 139 134 131 142 147 143 133 132 138 129 140 145 141 142 142 139 139 133 132 138 145 145 146 144 139 140 139 133 125 130 142 157 150 143 140 137 134 130 134 142 150 147 133 138 140 151 161 166 162 159 157 156 152 152 147 141 152 166 167 157 159 155 159 163 161 160 155 156 154 146
255 143 136 141 140 136 138 141 133 137 146 149 144 146 146 146 140 130 121 127 143 146 142 145 140 133 128 131 135 140 138 128 132 131 133 132 128 130 134 142 146 140 133 139 146 144 143 143 136 139 139 128 123 123 126 133 137 149 144 133 132 132 129 138 147 138 129 136 143 154 163 167 163 169 169 168 164 154 140 144 154 164 168 161 163 153 158 165 158 151 143 140 144 137
255 151 139 141 147 144 143 143 136 140 145 142 142 141 141 145 138 124 115 133 154 151 146 142 136 135 129 123 122 129 138 129 116 123 134 134 131 138 142 142 144 144 140 143 148 147 144 146 145 141 135 129 138 135 132 130 134 142 137 123 114 106 101 114 128 130 126 128 141 153 158 160 161 163 155 159 160 154 140 148 156 161 166 166 163 157 158 160 160 157 150 140 135 123
255 161 151 151 155 150 147 149 149 149 142 132 135 137 129 125 124 124 122 133 147 148 145 143 138 134 119 116 119 117 119 120 118 130 133 134 132 150 160 152 140 137 139 138 145 150 150 146 139 135 137 134 139 137 134 135 137 134 133 118 107 108 113 122 127 126 121 122 133 139 143 146 153 159 154 157 158 155 151 154 154 161 168 168 164 168 165 160 162 153 138 138 131 115
255 157 150 150 154 158 159 159 160 159 151 141 137 136 126 109 113 133 141 139 141 145 139 143 142 128 107 104 118 126 125 124 131 146 143 134 134 153 157 152 140 144 153 145 144 146 142 137 126 121 130 134 134 130 128 133 138 146 149 139 126 131 140 132 130 131 130 129 136 143 143 142 144 151 158 162 163 158 160 165 162 166 161 160 164 167 159 157 157 139 130 131 123 127
255 152 151 149 151 154 158 159 161 161 154 146 138 124 110 110 125 138 145 149 152 152 140 140 140 124 113 117 130 137 135 133 134 145 143 136 148 159 156 148 142 150 158 156 151 143 133 124 124 119 125 133 132 134 138 134 135 152 158 151 139 136 141 134 133 127 137 144 146 146 144 143 146 144 156 162 165 159 157 163 168 172 163 161 163 159 151 158 153 137 137 130 118 127
