example/E5 - XRays/X-ray-tomography/rastert_juap28.txt
ncols         356
nrows         356
xllcorner     -0.5
yllcorner     -355.5
cellsize      1
NODATA_value  -9999
[rows 210 to 251 of 356, columns 188 to 281 of 356]
147 141 150 152 151 155 157 154 150 138 142 153 164 170 163 160 152 155 164 160 158 162 156 159 155 165 174 159 163 170 164 160 159 166 163 152 151 152 157 147 146 154 156 157 161 172 167 172 162 170 173 166 171 163 169 167 155 149 148 142 146 143 145 152 144 138 124 101 114 134 139 142 134 119 128 135 123 111 96 92 113 140 127 129 143 143 140 131 136 144 151 163 160 161
152 148 160 154 153 163 161 151 151 139 137 150 165 175 172 166 162 158 163 164 154 162 167 163 160 157 166 167 162 159 163 167 160 157 153 152 153 149 163 156 158 160 156 161 159 165 161 162 162 171 173 165 162 158 164 167 164 155 146 144 152 151 145 147 146 135 109 83 105 139 142 134 131 126 127 136 135 131 115 106 112 126 112 110 129 133 133 130 137 148 150 159 160 161
148 142 159 159 152 155 154 145 159 159 151 159 163 174 172 165 167 158 161 163 144 162 170 161 158 148 164 174 166 156 154 159 157 150 150 155 159 155 163 158 164 154 149 161 158 157 165 156 153 164 167 164 161 157 159 166 169 158 152 148 142 142 143 138 144 133 121 106 107 129 140 137 131 118 105 124 136 144 132 115 109 126 117 106 111 107 115 128 134 145 151 161 169 167
153 146 161 165 160 154 156 155 165 164 161 169 163 157 149 151 159 150 152 161 156 162 156 160 158 157 174 173 167 168 157 149 158 156 147 152 158 160 156 150 160 150 142 149 157 160 159 149 142 155 159 161 163 161 160 158 163 156 144 127 126 138 146 138 136 126 126 120 114 121 134 144 133 113 98 120 147 152 142 129 121 137 131 112 105 94 107 132 141 147 149 155 163 171
163 154 157 161 166 155 159 162 162 159 160 163 162 153 148 149 149 149 148 154 157 159 156 160 166 172 169 161 162 165 164 158 160 155 148 153 153 159 159 151 159 154 150 147 152 158 154 141 133 152 157 153 161 160 155 153 159 158 143 129 134 141 153 151 135 129 130 124 128 136 139 150 143 121 103 124 150 151 152 150 137 132 135 130 121 115 131 149 157 152 144 146 153 161
156 146 153 153 164 159 157 155 160 169 157 149 150 154 157 149 148 151 141 140 146 157 162 158 158 163 157 161 165 160 161 164 164 152 147 147 140 142 151 150 155 155 152 140 145 156 154 138 129 152 154 147 147 141 146 152 147 146 150 149 147 140 143 138 126 137 147 143 144 153 156 158 148 129 111 123 142 153 157 156 144 133 136 136 130 131 149 156 156 147 141 144 150 153
144 142 158 149 158 158 149 150 160 166 157 162 158 152 149 145 143 141 138 129 131 149 155 158 158 157 156 158 158 159 153 157 153 140 139 134 123 131 149 144 140 142 146 143 148 155 148 146 143 147 151 156 145 129 131 138 142 144 149 147 138 140 140 133 127 140 151 156 148 155 159 159 151 137 126 132 144 149 143 141 136 141 138 127 130 132 140 145 145 144 142 144 149 148
152 148 149 146 153 152 150 144 159 164 154 158 154 148 138 134 126 131 141 127 128 144 152 154 155 158 158 153 154 155 141 149 157 152 144 132 130 134 148 145 136 135 137 148 153 154 142 136 137 127 141 153 144 131 125 130 143 145 141 137 134 140 143 147 143 150 155 159 153 152 155 160 146 137 141 144 151 148 141 137 139 146 137 117 121 132 142 142 144 148 146 143 147 146
148 143 133 137 149 151 148 138 148 161 154 151 142 141 146 149 141 138 146 142 147 152 158 155 149 154 160 154 152 151 140 147 154 153 139 140 143 132 134 138 133 127 118 134 142 143 139 127 115 103 121 139 146 146 143 142 146 141 138 137 146 150 145 148 143 154 159 153 155 148 147 147 136 131 132 131 143 150 147 140 142 147 143 129 129 142 149 145 144 143 147 147 147 155
140 136 135 139 157 152 146 147 134 145 155 155 135 133 155 159 151 142 141 139 146 155 165 164 149 148 156 155 158 144 132 140 143 153 150 150 141 130 127 129 130 124 121 137 140 148 154 153 143 130 134 137 143 156 161 156 166 154 143 128 136 150 153 152 140 147 150 145 154 153 147 136 127 122 124 126 139 152 148 135 131 143 151 148 144 147 147 145 139 142 151 154 147 154
150 136 135 148 155 142 139 127 108 123 139 153 142 144 160 159 152 141 135 128 134 146 157 156 150 147 148 153 154 153 150 147 141 144 149 147 139 130 123 124 126 124 135 141 141 160 165 168 167 162 158 146 150 163 173 169 169 161 154 139 137 150 159 151 131 123 123 124 140 150 142 126 111 94 101 118 131 144 143 138 134 140 144 139 141 145 141 140 140 147 151 152 149 148
147 140 149 158 152 137 135 110 98 117 133 147 147 152 149 150 150 133 127 119 120 144 148 144 152 157 162 165 158 165 162 154 146 136 133 142 140 127 113 119 121 119 138 144 147 158 163 170 171 163 156 151 161 166 169 168 157 163 164 156 156 166 163 147 129 101 90 100 119 132 129 123 97 54 64 106 134 139 135 143 142 139 144 140 141 144 143 147 142 139 145 152 148 141
142 145 162 162 149 152 157 133 126 145 142 142 139 139 139 136 137 133 131 110 95 126 145 150 163 169 161 162 162 167 168 160 153 149 140 146 147 138 134 147 138 130 143 149 146 152 174 180 178 165 155 154 156 160 161 171 162 160 168 164 163 166 159 151 140 107 92 98 108 114 114 114 91 45 51 99 137 139 124 129 142 142 141 142 137 135 138 147 144 137 143 149 146 141
140 142 160 157 145 157 157 142 147 147 139 154 155 145 141 134 132 135 132 118 94 97 130 147 164 174 165 170 170 175 172 169 160 163 157 154 154 156 159 166 157 146 142 133 127 142 165 169 174 168 170 168 158 164 162 169 170 167 168 172 170 164 157 157 147 122 110 119 123 124 120 113 89 54 51 87 127 133 119 115 134 139 137 132 126 129 134 145 149 142 135 136 141 148
144 136 153 154 140 149 142 139 153 137 137 158 156 150 139 126 124 132 132 127 102 94 126 149 165 175 175 179 167 168 171 182 173 165 161 156 156 160 157 160 162 160 145 119 107 131 159 162 165 168 170 165 153 154 165 172 167 172 167 171 171 163 160 166 157 144 127 138 142 138 131 125 103 78 82 101 116 120 116 119 127 124 131 133 134 135 133 133 141 140 131 129 140 142
150 145 156 142 137 152 139 138 150 149 144 148 146 145 142 139 136 133 133 128 107 118 149 160 173 182 173 175 165 166 172 180 165 157 166 163 158 163 154 151 156 164 154 125 96 114 157 160 159 165 157 145 149 138 155 180 173 176 167 168 169 165 166 169 168 161 142 139 133 128 132 136 117 99 112 123 112 106 113 126 133 129 129 136 135 123 110 114 137 138 132 129 134 130
144 143 149 135 141 151 138 136 144 153 143 141 145 139 145 156 144 123 126 137 132 137 160 171 173 178 175 171 171 176 176 170 154 153 161 165 164 160 156 159 158 162 158 146 109 106 147 159 159 164 152 133 141 123 130 162 164 169 162 167 169 170 173 169 167 170 165 148 128 119 127 136 128 123 131 133 126 122 127 137 145 142 128 131 127 115 105 122 137 122 108 111 125 136
155 152 152 148 145 135 124 134 143 154 148 144 143 134 134 138 131 109 120 136 143 145 157 170 170 178 176 171 177 186 184 168 160 160 158 168 171 154 156 168 166 160 150 150 115 96 142 162 162 159 145 125 126 128 133 152 159 166 168 166 168 171 177 183 175 175 174 154 132 119 118 125 129 131 137 136 138 139 140 145 146 145 138 143 129 118 122 139 135 107 88 100 121 143
154 149 149 148 146 138 127 128 131 141 150 146 144 142 137 128 121 95 110 135 146 158 164 162 160 170 174 175 176 175 182 172 167 169 167 171 172 160 165 170 161 159 147 142 113 94 138 153 155 150 136 121 119 142 153 164 169 169 161 152 159 171 185 207 200 178 162 147 127 115 118 120 121 122 137 148 151 145 142 152 149 144 141 142 132 132 137 139 130 100 81 102 123 138
148 151 155 144 137 147 135 125 134 136 143 150 140 131 132 129 111 83 101 133 147 160 165 162 158 171 177 180 175 165 173 170 171 170 171 174 164 162 168 165 156 160 156 144 128 114 137 148 152 151 139 133 135 139 157 167 171 176 162 145 152 169 185 201 199 186 169 152 122 110 129 131 123 122 141 152 152 141 141 153 154 145 145 146 142 152 147 138 127 103 90 114 133 139
147 161 164 149 137 147 139 135 143 130 131 154 141 124 130 138 123 99 114 140 153 162 165 161 166 176 173 173 168 170 176 168 176 171 172 171 163 163 164 165 167 168 157 146 133 100 108 142 154 153 144 143 153 156 167 168 164 170 168 156 153 164 175 192 196 183 173 153 133 121 132 125 113 123 144 141 140 139 143 150 158 152 148 151 143 145 149 145 129 115 114 134 148 148
152 156 157 159 146 137 134 135 142 129 138 161 147 134 140 151 141 123 132 157 171 180 175 174 182 172 165 169 161 164 172 167 168 161 163 166 166 169 166 167 171 167 157 152 129 73 74 125 145 138 145 149 158 165 169 171 170 168 161 158 152 157 163 177 180 166 164 152 148 144 134 102 87 110 139 144 138 144 149 148 157 161 151 144 136 137 143 136 123 114 129 148 149 138
144 154 155 163 150 132 125 122 128 130 139 148 145 138 140 152 139 137 152 166 172 176 173 176 176 165 164 172 166 166 168 167 169 160 156 161 166 171 163 167 167 168 163 148 107 54 67 122 149 140 150 155 160 169 172 176 174 165 162 166 162 163 166 164 161 162 170 162 157 157 146 117 95 94 118 140 141 142 154 158 153 155 150 140 134 140 143 135 123 109 121 143 138 121
145 159 155 154 148 132 125 124 133 133 129 133 140 144 140 150 139 149 161 166 171 166 163 161 160 167 167 163 172 171 161 160 154 150 150 154 166 165 154 164 170 169 152 123 73 40 82 129 143 137 146 162 163 171 175 179 172 172 170 170 173 167 164 160 159 167 165 162 158 155 147 139 121 90 104 129 137 134 146 161 155 151 150 148 145 151 149 140 119 90 99 125 129 112
132 161 165 151 143 133 126 120 129 138 138 146 151 151 143 145 144 153 154 163 164 166 174 162 155 158 163 161 168 170 168 162 153 145 142 146 161 163 159 159 163 162 141 99 68 63 108 138 144 137 150 164 157 165 171 169 168 178 173 167 166 163 164 165 169 173 160 166 159 151 151 152 138 100 108 125 127 119 129 150 158 153 149 149 148 147 143 130 101 66 66 92 112 113
120 155 164 152 141 135 135 125 120 130 131 145 152 150 145 145 143 151 152 160 152 159 165 159 164 162 161 160 161 167 164 159 162 148 123 127 146 158 160 158 157 153 126 79 63 83 122 142 153 157 166 172 163 166 168 176 185 180 174 168 172 172 171 170 168 168 161 166 153 140 152 157 142 122 125 129 122 123 132 141 147 147 145 148 149 142 130 118 96 71 63 74 100 122
152 162 156 156 153 141 140 135 127 135 128 136 151 154 151 149 151 155 150 152 145 146 142 144 156 167 164 161 159 156 156 164 166 151 126 120 139 153 152 151 151 139 101 60 54 85 131 149 154 162 168 177 168 164 170 174 182 175 172 170 176 175 167 161 164 171 161 156 147 133 138 154 147 134 132 136 138 149 151 143 146 152 151 147 144 141 130 127 125 109 92 77 92 129
162 163 161 159 159 148 144 132 121 124 118 132 156 157 157 159 159 150 145 146 133 130 127 130 144 160 159 158 163 157 157 172 163 148 131 119 124 139 148 147 142 124 87 61 80 109 138 147 149 158 170 184 174 171 176 171 168 171 180 174 167 171 169 163 168 173 157 150 147 123 107 124 141 141 142 150 154 157 158 148 147 155 160 153 150 151 145 140 141 129 106 86 92 127
157 157 159 161 146 137 140 128 117 119 113 132 154 156 159 164 157 144 150 154 134 123 134 139 152 155 147 154 164 162 166 173 160 147 141 142 134 137 146 142 135 127 107 90 104 118 129 134 158 166 165 174 174 173 176 178 169 172 184 174 165 167 171 169 163 162 156 152 140 107 77 105 139 144 139 145 147 148 150 139 130 134 149 159 165 165 159 147 138 127 110 104 112 130
141 139 142 145 135 138 147 146 129 134 129 141 149 156 159 155 153 147 148 154 140 115 128 142 151 152 153 159 165 166 168 170 161 147 144 152 141 137 146 144 134 140 137 122 108 108 119 131 159 166 164 170 175 168 165 175 172 166 173 176 174 177 172 169 160 159 161 154 123 77 67 106 135 145 140 144 141 141 137 126 107 107 130 147 160 167 166 159 145 131 126 126 131 140
107 129 145 139 136 142 139 142 130 135 129 129 140 148 152 154 157 152 143 155 154 121 121 140 147 146 150 154 160 168 169 162 156 149 134 141 129 121 131 137 135 141 134 128 111 105 119 132 147 162 170 169 171 172 172 175 173 165 170 173 172 177 165 161 155 158 159 153 121 75 99 145 161 161 155 153 146 138 137 139 118 102 115 135 156 163 164 161 150 138 138 139 140 146
99 133 149 140 142 141 131 142 140 138 135 131 145 150 144 147 160 167 149 149 156 136 129 145 147 148 154 158 161 167 172 161 146 136 127 136 133 123 129 122 120 126 118 129 133 128 126 128 140 159 168 167 172 170 168 172 180 172 164 167 171 175 171 168 155 154 148 143 128 106 141 185 193 182 164 158 148 138 146 163 145 117 113 124 151 160 155 153 148 136 142 149 151 154
136 153 161 154 158 150 140 144 148 147 138 130 142 155 156 145 145 151 148 142 151 142 132 144 152 157 166 164 161 167 167 162 148 139 139 147 132 118 128 108 109 121 107 110 123 132 129 124 130 150 163 166 177 177 171 173 174 170 165 168 169 172 177 172 164 157 155 151 149 139 158 187 188 174 155 150 147 141 147 154 148 134 129 134 149 160 158 151 148 144 145 147 151 155
166 157 154 158 167 157 140 145 158 148 129 130 140 145 150 147 139 139 147 147 152 150 146 151 158 151 153 160 167 176 173 167 163 160 162 163 136 113 110 89 113 131 105 91 104 124 134 128 135 158 168 167 177 181 171 174 173 172 164 162 159 165 178 174 166 158 158 159 164 161 163 171 166 155 144 143 144 138 140 142 140 142 150 153 153 156 156 147 141 140 147 152 156 155
157 152 147 153 157 155 144 145 150 142 133 136 148 150 152 157 137 134 145 148 144 142 154 160 163 154 153 165 169 164 168 172 169 158 156 158 137 114 96 83 110 133 125 110 119 132 130 134 150 165 167 170 175 180 170 166 175 174 163 168 172 171 173 168 160 152 150 161 161 157 147 145 142 143 146 153 149 136 133 138 136 139 145 152 156 152 149 142 139 137 147 155 151 147
150 147 147 152 155 156 156 146 133 133 136 135 141 143 141 153 148 145 150 157 154 143 156 164 161 155 151 162 166 157 158 173 171 152 151 151 130 107 95 97 103 115 135 129 138 153 138 145 163 170 172 170 164 180 186 176 179 173 168 174 174 169 169 163 157 151 153 159 152 148 132 128 137 144 149 150 148 138 128 122 132 141 139 139 149 154 149 140 140 141 139 142 142 139
147 141 143 143 146 151 161 156 143 146 135 129 136 147 136 136 143 151 162 180 174 155 158 155 157 158 147 159 171 174 160 162 162 150 146 147 136 115 98 97 97 101 122 133 140 153 152 151 157 162 172 173 162 172 186 177 174 174 178 170 165 163 164 159 162 159 163 163 156 157 150 138 142 144 145 147 148 144 132 118 124 129 132 135 145 150 147 137 138 143 131 131 132 133
140 138 135 141 142 153 172 166 150 142 130 132 141 151 152 150 139 142 152 168 162 161 167 153 152 154 151 160 162 167 166 170 168 158 148 147 136 124 107 100 100 99 115 140 150 156 156 154 155 163 175 180 174 174 176 175 175 176 178 165 160 160 161 165 169 165 167 167 167 167 155 135 135 140 145 145 142 143 140 132 137 133 128 136 149 153 148 140 142 142 134 130 127 128
146 148 148 153 149 153 168 170 157 142 138 135 136 146 155 162 157 154 152 157 156 164 160 142 137 141 154 163 166 160 160 168 168 164 159 156 148 136 117 100 99 101 116 141 145 143 153 165 165 168 175 178 177 177 180 175 173 175 173 169 166 160 162 171 173 166 165 162 160 163 159 149 146 150 149 143 136 141 148 145 142 139 131 132 143 147 152 150 154 150 146 139 132 124
158 161 159 150 154 150 155 165 157 153 148 137 142 152 143 153 166 168 164 166 162 170 157 135 133 143 161 160 162 162 159 170 169 165 160 156 153 140 126 102 96 102 108 125 125 122 141 160 163 170 177 177 174 174 179 175 175 177 172 168 167 160 164 170 167 159 169 169 159 157 161 168 162 161 153 134 122 137 147 142 139 133 119 111 126 135 147 150 159 161 154 140 128 122
141 155 160 151 159 147 149 156 147 149 144 136 137 147 144 145 153 167 174 176 166 176 162 145 141 128 144 151 145 153 155 162 165 163 157 156 156 145 127 103 104 120 119 121 119 117 135 150 163 174 175 180 174 165 167 178 183 178 167 166 164 159 162 163 160 153 162 169 164 159 160 165 163 157 138 109 100 123 138 134 136 138 118 105 125 140 144 144 149 151 146 138 124 121
133 144 147 141 157 149 139 145 149 147 147 150 148 147 147 146 154 163 169 178 170 170 158 153 141 115 133 146 145 145 146 153 167 166 154 156 158 153 139 132 138 141 124 116 127 131 142 157 169 174 178 184 182 172 171 175 175 172 167 163 163 159 163 163 164 162 167 170 165 162 164 163 160 148 125 87 77 106 135 134 132 144 137 123 133 142 144 146 147 145 140 141 136 132
