example/E5 - XRays/X-ray-tomography/rastert_juap09.txt
ncols         356
nrows         356
xllcorner     -0.5
yllcorner     -355.5
cellsize      1
NODATA_value  -9999
[rows 210 to 251 of 356, columns 0 to 93 of 356]
255 255 255 255 149 154 155 142 139 153 163 166 161 159 157 157 153 148 156 161 165 169 165 164 168 161 160 159 162 162 155 156 157 151 144 143 148 143 140 146 147 145 144 124 90 94 115 136 141 138 143 146 137 117 114 123 127 126 135 133 129 126 128 138 155 166 156 151 147 150 151 146 148 159 158 160 168 164 163 164 157 157 144 135 137 142 145 145 137 142 140 129 129 137
255 255 255 255 158 158 157 149 151 159 162 163 161 158 155 158 155 155 166 171 171 170 170 169 167 159 156 156 162 163 161 164 156 149 152 150 148 135 118 121 140 150 147 129 103 110 134 147 148 148 149 149 144 136 133 133 133 130 144 150 147 148 151 158 166 167 158 159 153 149 150 143 146 153 158 165 161 162 167 161 153 152 144 135 134 135 132 139 138 132 123 124 130 141
255 255 255 255 161 160 159 158 158 153 151 152 153 154 154 155 155 160 168 173 173 172 174 171 167 165 161 160 161 161 167 174 159 153 158 153 145 135 117 119 147 160 151 135 121 129 137 141 154 158 152 144 139 142 144 145 148 145 142 141 142 143 147 152 156 156 158 159 156 161 160 147 150 153 157 157 146 146 150 143 139 130 128 133 128 118 114 122 127 104 94 108 123 133
255 255 255 255 164 158 153 153 154 151 148 146 151 152 156 162 163 161 162 165 163 164 165 170 175 175 175 175 168 159 159 164 162 161 158 151 146 143 141 143 148 149 147 147 143 144 130 135 153 154 144 122 121 141 145 139 132 130 119 111 116 125 133 142 150 151 158 158 152 154 153 149 150 145 148 142 134 125 119 107 93 84 100 117 127 123 109 92 83 65 70 89 108 117
255 255 255 255 166 156 153 151 150 153 158 158 160 154 156 168 171 166 165 166 162 164 165 166 168 170 174 172 168 165 157 156 161 164 163 157 151 148 148 149 147 149 154 162 155 148 131 133 147 150 146 128 132 144 144 132 114 115 107 93 92 107 117 125 136 142 149 146 146 146 138 139 129 113 115 102 93 86 81 65 49 49 80 101 118 119 101 76 58 54 66 88 127 135
255 255 255 255 255 155 153 151 151 149 154 162 166 160 162 168 170 168 168 168 169 170 166 166 164 163 160 161 169 167 156 159 163 165 160 152 145 151 149 147 156 163 163 160 145 145 146 147 149 153 153 147 149 150 148 135 120 132 137 124 104 107 126 132 132 136 143 137 135 142 128 121 107 88 72 55 65 72 70 65 57 50 76 88 100 107 80 57 49 52 77 108 142 154
255 255 255 255 255 158 157 156 157 155 154 154 155 152 156 159 160 161 165 170 175 173 168 170 166 165 163 166 175 171 164 164 164 167 156 154 150 149 150 151 158 168 163 159 150 149 144 143 146 149 143 137 141 139 138 130 117 135 155 151 127 122 146 155 151 145 140 114 92 104 111 106 86 69 57 61 86 99 104 111 106 92 104 113 122 126 104 89 89 100 123 139 150 165
255 255 255 255 255 160 160 157 156 159 154 151 152 154 155 156 159 159 163 167 171 174 177 175 168 173 177 174 174 167 169 169 162 158 147 145 140 139 149 154 155 159 154 156 153 147 133 129 132 132 135 141 143 137 143 143 136 152 153 150 133 130 146 145 142 140 112 83 69 72 83 83 68 57 65 90 120 133 140 141 138 137 139 148 157 147 147 153 155 156 157 158 160 168
255 255 255 255 255 159 160 160 155 152 151 151 153 156 164 168 168 166 165 162 163 164 167 169 169 176 174 165 162 160 164 166 161 158 149 139 131 135 150 151 149 148 147 148 142 139 132 127 121 127 144 150 147 138 143 145 149 160 153 145 123 125 143 138 135 126 87 64 72 90 95 83 81 84 99 119 137 144 151 151 149 158 155 155 156 151 165 172 166 166 170 167 161 168
255 255 255 255 255 255 154 158 159 156 153 153 157 157 162 166 169 167 162 161 162 161 161 166 171 162 160 166 165 167 169 170 169 166 157 143 135 139 149 142 144 146 132 132 141 141 142 146 136 134 143 141 143 146 146 142 136 133 137 143 134 138 142 136 131 123 99 92 112 134 123 105 110 113 125 135 139 145 153 157 159 167 162 166 165 164 172 168 172 180 179 167 154 161
255 255 255 255 255 255 151 157 159 152 146 144 149 150 154 158 157 158 156 159 161 167 169 168 166 154 155 163 168 171 172 172 165 160 156 146 131 125 137 136 144 157 139 134 142 140 143 147 145 147 143 135 142 148 145 141 140 143 145 148 148 146 139 143 142 135 117 118 143 151 145 129 112 110 125 139 143 154 153 151 150 155 154 164 164 156 157 165 176 178 171 159 160 164
255 255 255 255 255 255 160 162 157 145 139 139 143 146 154 159 161 164 165 167 166 165 166 167 163 162 163 163 165 167 164 161 164 172 171 159 137 125 130 124 132 150 150 147 134 132 146 145 138 149 150 139 138 144 145 145 144 149 143 139 147 146 144 154 144 124 109 114 138 142 147 145 134 132 142 154 156 151 147 149 151 156 164 171 164 156 161 171 171 162 159 162 175 168
255 255 255 255 255 255 160 158 156 152 150 145 148 158 166 171 169 171 171 170 171 172 167 167 161 162 167 167 169 167 163 164 174 180 173 164 148 136 137 129 136 145 149 155 141 141 153 154 153 151 146 138 135 140 141 147 141 140 138 142 145 145 149 150 129 107 97 110 133 144 143 140 137 138 150 148 158 157 156 155 162 166 164 168 164 157 159 165 169 161 160 166 180 172
255 255 255 255 255 255 255 153 152 159 162 154 149 158 168 170 171 172 165 165 169 167 163 166 164 166 168 167 172 167 166 175 176 173 168 165 156 148 149 143 151 154 148 148 147 153 153 155 161 148 141 140 137 138 139 147 147 148 152 151 144 140 137 139 133 122 107 109 124 135 117 123 133 140 152 152 157 156 164 166 169 166 159 159 158 163 171 173 179 177 174 170 168 167
255 255 255 255 255 255 255 153 156 164 162 155 148 154 163 167 169 170 162 164 165 162 161 164 165 168 169 171 174 170 169 171 164 166 174 168 162 161 152 149 150 146 140 143 151 152 152 156 156 147 145 141 137 143 146 151 154 151 148 141 134 127 116 120 130 125 107 100 113 125 99 112 141 155 156 164 163 159 164 168 167 162 165 165 156 163 173 175 180 177 168 165 168 166
255 255 255 255 255 255 255 154 162 169 167 161 155 155 161 167 165 167 166 168 167 165 165 167 165 166 168 170 168 169 168 169 164 167 170 163 160 161 152 149 151 150 151 151 148 147 151 152 149 146 147 152 147 148 148 152 144 140 146 151 146 138 122 109 99 80 68 80 103 115 111 128 152 159 152 163 161 154 155 157 160 160 168 170 161 158 170 169 165 168 159 161 173 169
255 255 255 255 255 255 255 159 160 165 163 155 155 158 164 167 168 164 161 163 166 164 163 169 167 167 170 169 170 169 167 169 173 172 170 167 167 163 156 153 153 153 152 146 144 143 146 148 146 142 138 144 144 144 146 145 129 133 143 150 152 150 141 121 88 60 67 91 115 129 136 144 150 150 148 159 156 152 152 154 158 155 160 162 160 162 171 162 151 154 156 162 161 158
255 255 255 255 255 255 255 255 155 155 149 140 150 154 158 164 164 163 165 164 165 164 167 172 167 168 170 168 169 169 170 174 173 172 173 170 170 166 160 152 147 148 147 137 131 129 135 136 127 120 121 137 147 155 156 144 136 137 135 144 156 155 145 131 103 82 106 124 137 148 148 143 151 156 162 167 163 169 170 162 160 159 160 162 164 163 162 157 156 158 159 161 158 161
255 255 255 255 255 255 255 255 150 152 147 141 150 152 157 162 163 166 168 163 162 168 171 168 164 167 169 168 170 170 175 178 178 176 174 167 167 167 161 149 143 139 139 138 128 131 150 149 139 124 122 143 143 137 140 138 140 140 136 139 148 152 141 132 125 115 131 135 133 142 146 138 152 160 164 166 172 173 164 159 161 160 163 162 164 165 158 159 158 155 152 162 168 166
255 255 255 255 255 255 255 255 150 149 148 150 151 153 161 160 159 165 167 166 167 169 168 165 168 174 170 167 169 171 173 172 174 171 168 166 170 173 167 155 140 117 122 136 134 135 148 147 145 139 132 140 138 131 128 131 135 138 138 136 132 138 142 141 143 139 143 140 137 145 145 140 154 165 165 157 159 158 151 154 163 164 169 166 159 163 163 162 152 152 156 162 164 162
255 255 255 255 255 255 255 255 255 152 154 154 151 150 156 160 165 166 171 177 180 174 170 169 170 175 175 171 172 175 176 175 175 172 172 171 169 167 162 156 141 111 121 139 144 144 138 136 138 147 148 142 137 142 137 135 136 145 147 144 146 151 146 138 132 135 141 137 133 133 133 147 160 159 160 159 160 158 157 166 165 166 171 166 160 164 158 158 153 157 166 164 161 154
255 255 255 255 255 255 255 255 255 158 159 159 157 151 150 157 164 170 174 173 171 172 175 173 174 176 176 171 174 177 176 178 173 170 177 174 165 158 160 161 150 136 140 144 148 148 142 143 144 154 159 153 144 146 143 139 138 144 148 153 155 153 151 144 127 137 151 135 126 129 136 149 153 153 167 172 166 160 163 171 167 173 170 161 167 171 163 163 162 165 161 157 159 155
255 255 255 255 255 255 255 255 255 161 162 159 159 156 154 152 153 156 166 168 167 172 174 171 172 174 173 170 172 179 180 176 170 166 167 166 164 160 161 161 154 151 149 147 154 156 152 153 147 151 153 154 146 144 153 148 144 143 141 144 142 143 151 155 153 152 144 139 139 142 146 146 151 163 171 160 155 159 165 170 169 174 165 165 174 165 159 167 162 164 160 153 150 143
255 255 255 255 255 255 255 255 255 255 162 162 160 155 156 154 157 160 165 167 167 168 164 164 169 172 172 171 173 174 170 168 166 164 165 163 161 152 144 148 150 153 153 154 156 155 151 151 149 151 150 150 141 139 149 147 151 151 143 147 153 156 153 154 166 166 153 151 152 151 151 152 156 155 153 148 154 158 159 171 171 169 166 171 173 158 149 161 157 163 156 146 144 132
255 255 255 255 255 255 255 255 255 255 156 158 158 153 152 150 151 155 163 165 163 168 166 161 159 164 167 169 175 173 166 158 149 147 152 151 146 136 132 141 150 156 157 153 152 155 152 149 148 147 146 145 140 144 152 153 159 150 143 154 160 158 158 164 173 173 168 171 165 155 145 139 142 146 151 151 153 151 156 168 165 163 167 167 156 154 160 159 146 156 146 134 129 118
255 255 255 255 255 255 255 255 255 255 161 164 156 151 152 150 140 146 163 166 167 170 161 154 153 161 166 171 172 170 164 153 137 127 129 130 126 123 134 153 163 164 154 143 154 165 160 152 144 143 143 145 149 150 146 143 151 142 141 152 160 162 167 172 170 164 168 176 167 152 144 137 142 146 155 152 150 147 157 163 164 161 160 170 157 153 164 163 155 160 147 132 119 111
255 255 255 255 255 255 255 255 255 255 255 166 164 161 153 145 136 142 154 153 150 145 141 148 156 163 157 156 155 138 135 141 128 118 119 122 125 128 140 152 160 159 147 148 163 165 157 151 152 158 154 156 160 151 145 136 135 131 138 158 168 173 168 168 164 165 170 167 161 160 164 158 148 143 150 153 153 145 152 160 167 167 168 176 165 162 168 164 159 162 151 142 127 113
255 255 255 255 255 255 255 255 255 255 255 162 160 160 152 141 140 147 150 143 132 124 127 141 155 160 153 147 138 118 123 135 130 134 132 131 138 137 139 140 149 158 155 155 157 149 146 150 159 159 151 154 152 144 147 141 140 139 146 159 163 169 168 171 165 168 170 161 163 171 172 158 141 139 146 148 150 145 152 156 151 158 167 163 155 156 159 159 155 157 150 142 124 103
255 255 255 255 255 255 255 255 255 255 255 159 155 151 147 146 153 160 160 147 125 114 120 132 149 157 157 151 143 139 143 147 148 148 142 145 150 144 142 141 151 158 155 148 146 146 149 155 153 150 148 155 156 157 158 150 144 143 148 158 165 165 163 165 157 161 166 163 171 171 164 161 151 147 145 140 144 144 144 140 128 139 154 157 157 151 146 151 158 155 147 141 127 100
255 255 255 255 255 255 255 255 255 255 255 255 155 151 144 143 151 151 154 151 134 119 124 135 152 158 158 156 155 153 150 156 156 147 151 160 158 154 145 142 149 143 143 145 140 145 155 156 144 145 151 150 148 153 149 148 150 150 151 161 167 164 164 167 163 163 161 158 163 166 168 176 168 154 142 138 136 133 135 128 115 118 136 157 162 157 151 150 150 150 147 137 122 108
255 255 255 255 255 255 255 255 255 255 255 255 160 148 135 136 141 135 144 149 143 140 145 151 155 154 160 163 162 156 153 157 157 159 165 163 162 165 162 154 147 137 144 151 149 148 154 153 141 148 157 151 145 146 142 147 155 154 145 150 157 163 165 165 161 158 158 154 162 169 171 174 164 155 147 145 137 130 136 133 116 105 119 142 148 150 151 147 141 148 152 132 111 115
255 255 255 255 255 255 255 255 255 255 255 255 159 146 142 143 140 138 143 141 141 153 161 163 159 159 163 165 163 164 163 158 157 162 167 169 168 168 168 162 154 152 154 155 157 155 154 150 148 151 150 146 144 145 148 152 154 148 137 145 161 166 165 163 160 163 162 157 165 165 168 175 170 175 163 151 149 135 128 132 131 119 124 139 140 146 148 143 142 143 137 115 110 125
255 255 255 255 255 255 255 255 255 255 255 255 255 147 153 154 150 152 146 137 142 152 157 156 158 159 156 157 155 153 155 157 160 161 165 167 162 162 161 158 156 159 157 153 154 159 154 153 158 155 149 140 142 148 151 151 148 135 123 133 149 145 144 149 156 158 158 163 168 164 165 169 167 169 158 152 153 129 124 139 147 140 139 139 144 150 142 139 145 143 134 119 128 143
255 255 255 255 255 255 255 255 255 255 255 255 255 151 151 152 152 155 150 145 151 155 151 150 158 158 151 156 157 154 156 161 164 158 157 157 155 157 158 153 153 160 165 164 156 159 154 153 156 152 144 130 139 152 154 149 143 128 120 133 142 144 143 144 153 155 159 158 157 160 157 153 156 160 153 153 148 130 135 150 158 155 141 130 144 144 137 140 144 140 141 141 138 139
255 255 255 255 255 255 255 255 255 255 255 255 255 255 161 161 158 152 151 158 160 155 149 151 157 155 154 158 156 156 155 157 163 159 163 161 157 151 145 149 158 164 170 163 151 154 156 158 157 155 147 134 140 145 148 149 143 137 134 138 143 150 154 153 161 166 165 152 146 153 141 134 138 141 151 150 147 143 145 156 156 151 148 142 147 147 143 144 151 150 147 145 140 129
255 255 255 255 255 255 255 255 255 255 255 255 255 255 155 156 159 156 153 150 147 146 146 151 155 155 160 161 152 150 157 157 154 151 153 154 154 154 148 155 162 164 163 161 159 160 158 161 166 167 153 146 154 150 142 149 152 153 151 152 145 143 152 156 161 164 161 156 150 149 140 137 132 127 139 141 144 150 152 156 151 152 157 155 152 152 152 149 149 147 156 158 145 129
255 255 255 255 255 255 255 255 255 255 255 255 255 255 255 148 150 150 149 139 139 140 146 155 158 159 158 154 150 154 161 158 154 153 155 162 165 167 160 163 166 160 158 158 164 166 158 162 168 162 148 146 153 146 144 154 150 148 151 155 149 145 152 149 143 153 156 154 156 159 154 148 139 136 142 145 146 152 148 141 137 144 150 151 143 133 138 140 140 141 152 152 136 118
255 255 255 255 255 255 255 255 255 255 255 255 255 255 255 146 147 150 151 144 145 144 147 150 151 155 155 149 149 156 156 151 152 151 148 154 161 163 152 149 155 156 159 159 159 159 157 158 156 145 140 146 153 158 164 157 147 148 145 143 146 151 148 143 147 155 156 159 163 163 154 145 143 149 151 151 150 155 149 141 144 148 147 141 127 124 137 151 157 153 146 141 137 117
255 255 255 255 255 255 255 255 255 255 255 255 255 255 255 154 153 150 148 146 145 137 130 133 146 157 155 147 146 148 148 145 141 141 149 157 158 152 142 141 152 156 155 148 149 159 162 160 157 151 146 147 150 154 159 154 158 158 141 141 157 160 150 144 148 147 150 160 168 162 155 157 157 157 144 138 146 151 136 127 139 149 147 138 135 145 152 162 162 157 148 145 142 129
255 255 255 255 255 255 255 255 255 255 255 255 255 255 255 255 151 148 150 150 146 139 137 144 150 150 147 145 142 141 148 157 156 156 163 166 156 145 140 145 152 148 143 145 156 160 155 154 154 157 158 154 152 153 155 157 166 158 146 149 155 150 142 144 149 152 151 149 154 154 163 170 165 157 144 143 146 138 124 115 127 141 143 145 152 162 163 163 161 155 148 148 147 134
255 255 255 255 255 255 255 255 255 255 255 255 255 255 255 255 150 146 147 149 148 145 149 149 142 141 148 154 154 155 160 162 155 152 150 147 147 143 142 143 136 130 138 154 160 153 146 145 147 152 155 155 160 161 160 156 157 155 154 155 151 143 131 138 144 147 139 138 154 160 162 163 160 155 153 155 137 128 130 124 138 150 149 142 142 151 153 158 160 153 154 151 151 135
255 255 255 255 255 255 255 255 255 255 255 255 255 255 255 255 255 148 150 147 146 145 148 147 142 149 159 161 162 165 166 162 156 149 147 150 152 145 146 137 123 130 150 156 150 145 142 142 147 151 150 155 162 163 164 162 156 152 155 155 144 133 121 120 131 141 138 141 155 152 143 147 149 152 156 156 142 138 147 134 140 148 144 116 104 122 138 147 149 145 145 138 145 144
