example/E5 - XRays/X-ray-tomography/rastert_juap38.txt
ncols         356
nrows         356
xllcorner     -0.5
yllcorner     -355.5
cellsize      1
NODATA_value  -9999
[rows 210 to 251 of 356, columns 188 to 281 of 356]
108 151 156 166 175 170 166 161 161 159 165 155 165 169 170 178 177 166 175 169 173 177 177 171 159 163 174 174 170 171 171 171 170 173 173 174 173 174 171 169 171 172 171 175 168 166 172 170 170 180 185 183 179 179 172 172 173 166 167 170 174 182 181 179 179 169 171 171 171 169 159 141 134 140 149 158 155 162 158 147 148 140 137 138 143 141 141 139 126 128 138 127 135 146
91 130 157 166 175 174 161 154 164 165 150 141 164 173 170 171 178 184 186 182 182 172 169 173 170 176 181 176 169 167 169 175 171 171 171 172 167 172 179 168 166 179 177 172 171 174 175 166 170 181 183 181 180 180 180 182 180 171 175 174 173 175 173 174 173 171 172 171 165 163 147 132 131 132 135 144 147 154 156 144 147 149 136 133 140 144 146 147 144 134 146 145 143 152
97 128 149 156 160 156 157 164 160 159 152 131 153 170 170 167 179 194 181 181 180 170 173 170 172 184 176 175 172 171 178 184 179 173 175 175 179 172 172 169 164 176 175 167 168 171 169 168 171 171 177 176 178 182 179 173 178 178 172 172 168 167 173 174 172 173 170 165 162 162 140 132 140 135 130 133 137 149 154 147 143 143 137 133 139 147 151 146 148 146 155 155 146 143
99 121 127 151 155 157 162 168 172 165 155 128 138 169 181 174 174 181 176 182 177 176 175 169 174 181 179 180 177 166 173 179 185 183 179 176 189 169 164 175 176 177 169 168 180 176 169 178 184 176 182 179 175 173 174 170 171 180 177 173 167 168 171 180 173 168 166 151 146 150 140 140 147 141 134 133 135 143 142 142 138 135 132 126 136 154 161 147 144 136 135 140 143 145
86 115 125 153 159 163 167 170 178 164 157 145 134 155 171 172 171 166 166 173 179 173 167 174 178 170 175 175 170 160 165 169 176 177 172 175 182 164 161 172 174 173 168 162 174 175 169 172 178 180 180 175 175 171 176 173 170 176 181 178 171 171 166 172 164 153 152 144 145 145 145 145 148 145 137 135 134 140 148 145 147 148 133 120 129 149 156 147 146 135 124 122 128 142
72 119 147 157 158 161 163 171 173 169 173 166 143 147 164 171 174 166 168 168 182 177 170 177 179 173 176 175 171 169 173 168 165 174 175 170 176 169 168 168 164 172 181 167 167 177 174 173 170 168 177 178 181 180 180 171 173 174 166 173 171 159 147 147 150 145 141 151 152 144 143 138 141 138 129 130 136 144 153 149 150 155 144 130 132 147 150 141 138 135 132 124 114 123
75 125 149 154 154 159 162 170 173 174 174 169 157 158 161 164 177 174 174 172 179 176 173 181 176 170 176 177 172 175 185 177 163 171 181 178 177 176 175 180 172 172 185 171 171 180 173 167 167 168 178 176 172 173 176 174 177 178 174 163 151 146 142 133 140 145 142 149 144 144 145 140 139 127 128 143 146 149 150 146 144 146 140 132 132 138 147 146 134 131 133 125 108 112
78 122 144 162 162 168 172 171 167 172 181 174 172 170 160 159 171 176 174 178 185 180 172 181 180 163 171 179 169 163 179 174 165 172 179 178 172 172 174 178 172 165 169 163 169 172 168 168 175 171 169 171 169 170 177 177 171 173 169 155 148 153 148 132 135 134 121 119 123 140 151 154 148 138 144 149 146 146 144 142 142 141 133 130 131 130 140 148 138 138 135 124 113 114
98 133 157 172 163 171 170 174 174 171 175 169 169 171 169 168 167 179 175 168 168 175 173 181 179 170 175 175 168 167 172 170 174 173 172 172 174 172 177 176 171 165 166 171 175 170 172 174 176 170 171 176 178 176 174 168 162 167 164 156 147 142 139 135 137 129 117 120 128 138 151 156 149 145 149 148 145 149 144 135 137 139 138 136 136 136 138 139 136 137 129 128 138 137
123 157 167 161 153 171 169 175 183 175 167 171 172 173 168 168 164 168 169 178 178 173 176 189 175 167 166 171 176 174 174 177 177 174 179 173 171 175 177 173 172 168 165 165 174 168 173 173 170 169 167 170 167 164 168 164 159 166 163 152 134 124 130 137 143 137 125 130 139 143 146 152 150 146 150 154 150 155 153 141 137 137 144 144 140 135 139 132 119 119 122 134 149 149
136 160 165 163 159 173 167 166 170 169 168 174 178 164 159 164 168 172 164 173 185 181 184 188 169 155 148 158 176 171 171 171 168 166 170 169 167 173 169 167 176 179 166 158 168 164 167 167 163 162 160 164 161 155 160 161 167 167 156 152 142 137 130 127 135 136 131 139 142 144 145 143 147 148 147 147 145 152 152 146 135 125 134 144 146 140 142 130 110 109 127 134 143 148
155 156 161 164 164 177 167 166 165 161 164 170 166 154 166 169 169 171 168 169 169 171 180 181 172 162 139 132 163 164 166 167 170 165 158 163 167 170 158 155 164 179 166 153 154 161 168 164 161 167 165 162 155 149 156 157 169 168 162 162 151 147 135 128 136 139 136 143 144 146 150 143 147 151 151 150 145 145 139 129 118 114 127 139 152 152 142 130 115 108 119 123 144 154
163 164 168 166 166 167 158 163 166 171 172 166 164 167 179 166 162 167 169 169 160 170 175 168 174 182 150 123 150 159 169 174 176 173 163 165 170 164 154 152 151 164 162 151 153 163 159 154 163 170 155 154 154 154 165 165 172 168 161 161 155 150 141 140 147 141 146 148 142 143 151 149 146 148 148 149 143 121 107 100 104 116 131 141 145 150 142 136 128 118 113 116 143 150
152 162 164 162 164 171 167 163 165 177 176 173 176 175 177 172 166 170 166 161 162 173 173 164 167 174 156 129 144 157 163 170 173 172 162 161 156 150 154 149 150 160 157 151 158 159 145 155 169 164 156 159 155 158 164 161 163 165 158 155 157 152 146 149 150 137 144 145 137 142 149 154 154 148 139 128 113 88 82 94 115 130 146 153 147 151 153 153 140 121 99 108 144 148
131 158 156 153 159 166 159 166 170 170 166 176 173 166 171 179 176 172 163 157 169 180 183 168 163 161 163 149 150 155 150 157 156 157 152 150 145 147 162 150 144 155 159 154 160 163 151 157 165 160 161 160 149 153 162 168 158 161 161 159 149 147 153 155 152 147 139 138 137 144 148 153 156 156 144 122 97 80 99 118 125 131 137 146 152 152 152 156 146 118 77 97 149 153
111 153 150 142 159 159 143 153 157 161 166 174 173 168 171 166 169 169 164 166 171 176 180 163 163 164 162 154 155 156 148 156 158 158 153 153 154 151 159 152 143 137 150 157 159 161 157 155 163 165 164 155 146 153 165 181 175 165 161 161 154 145 149 151 152 158 149 144 143 148 147 154 153 156 147 127 108 96 112 124 119 125 134 138 145 150 146 147 141 111 72 93 144 152
109 133 148 155 165 155 145 154 157 169 178 172 167 167 176 166 164 165 173 173 164 161 177 166 160 165 158 155 159 162 151 153 152 157 156 157 158 147 141 148 147 130 148 163 163 166 163 152 153 151 155 162 158 155 158 170 175 168 157 143 139 138 144 145 141 144 152 156 152 146 143 158 152 146 139 133 125 113 120 121 114 125 142 133 131 134 137 142 140 125 107 115 140 142
129 128 145 158 162 156 157 153 154 164 174 176 164 158 170 173 172 171 178 174 172 162 170 167 166 167 159 162 155 155 147 149 148 151 147 153 154 139 133 141 151 143 154 156 156 163 155 136 139 142 156 170 166 156 157 160 169 174 160 131 120 126 137 146 132 125 138 157 153 142 144 156 155 147 134 126 122 110 106 103 104 120 140 136 138 143 148 152 148 147 149 146 147 143
147 142 147 151 153 148 154 158 152 160 162 165 166 164 167 167 166 161 167 170 169 158 161 162 164 166 160 162 151 156 144 137 144 151 150 153 153 139 133 141 151 141 141 145 149 158 154 129 134 144 157 164 165 166 167 160 158 163 157 141 140 140 134 140 137 127 128 140 135 130 141 150 151 150 142 124 107 92 96 104 112 134 151 148 151 157 164 167 161 164 163 159 162 151
150 150 141 136 147 150 159 161 155 162 160 148 158 171 167 160 161 163 164 163 153 142 150 151 155 161 159 156 151 159 145 134 145 157 154 149 144 137 141 143 140 133 133 136 139 143 148 129 129 139 156 161 164 169 166 164 154 154 146 132 137 148 142 141 142 135 126 125 120 122 148 155 158 158 156 135 112 104 119 126 133 151 158 153 155 160 167 171 169 169 165 166 166 160
142 132 127 129 139 150 159 160 163 160 154 146 152 154 158 164 158 163 156 151 138 123 128 128 133 138 143 146 149 155 150 149 152 162 153 149 142 141 148 148 139 133 128 121 130 136 140 137 142 145 151 158 163 166 163 162 151 152 152 143 130 132 131 134 136 129 115 97 90 111 150 165 170 164 158 140 125 129 131 131 140 147 153 161 162 162 170 176 175 171 170 175 169 162
136 114 136 150 130 135 145 150 155 152 151 146 146 146 146 143 141 147 134 135 113 95 101 112 126 136 141 146 152 161 156 155 152 161 156 157 151 153 154 151 144 141 135 130 137 146 150 150 151 149 145 153 155 153 157 153 133 132 148 156 138 113 98 97 107 109 89 68 73 119 156 157 164 163 154 144 129 126 124 127 145 156 158 168 168 162 162 167 170 170 175 180 170 156
143 125 133 139 114 110 132 143 139 139 140 134 130 145 136 115 120 125 114 123 115 115 131 144 145 149 146 135 145 161 158 158 156 158 160 165 160 161 165 159 147 145 143 146 150 159 158 147 141 141 140 153 146 135 144 143 125 131 142 145 143 114 79 54 56 74 80 72 89 137 160 154 154 153 156 150 134 126 123 127 148 162 168 172 170 167 170 172 172 172 172 176 168 145
141 140 137 134 110 93 115 141 146 144 134 130 128 141 133 106 84 83 108 131 138 150 158 159 148 150 144 134 152 162 167 167 157 160 159 162 164 166 166 161 155 153 158 162 159 168 168 149 139 138 143 158 148 140 146 150 139 147 143 138 146 133 99 58 59 82 100 96 113 144 150 155 156 151 152 145 142 137 131 131 151 166 174 177 171 170 172 175 175 171 167 166 160 138
140 143 133 142 131 97 99 128 145 151 139 132 134 142 148 123 86 86 123 143 145 154 161 150 134 141 148 148 167 167 169 170 166 176 163 162 167 168 165 162 154 156 157 157 153 158 160 146 142 146 156 157 151 148 144 151 146 147 142 138 152 150 131 103 111 126 133 124 140 156 148 155 162 160 156 143 130 121 126 137 154 161 166 172 173 175 172 171 172 167 162 159 145 123
146 146 136 151 149 106 89 108 130 138 136 139 138 138 138 116 104 121 143 150 148 150 156 148 138 134 147 154 166 168 162 166 168 179 168 170 165 160 157 156 159 165 165 164 158 158 152 136 129 134 154 148 144 138 135 143 143 146 147 140 149 150 145 137 141 142 146 136 147 156 158 161 162 166 163 143 111 85 98 132 160 164 163 169 176 177 171 172 175 175 168 158 134 113
143 149 143 145 149 127 108 113 124 110 103 121 138 139 136 131 127 137 146 153 149 152 148 135 141 132 141 156 167 170 159 165 171 176 171 175 170 171 161 158 161 163 167 163 155 166 164 136 121 123 152 152 140 129 133 136 138 150 157 145 145 149 144 143 136 128 126 124 136 147 162 163 154 158 152 128 85 46 63 110 146 157 157 158 170 175 173 177 173 172 167 155 133 118
133 148 135 138 153 150 138 135 123 95 81 104 139 145 138 136 145 155 150 150 150 151 138 117 121 129 145 161 168 177 167 172 174 181 173 177 178 170 162 163 159 157 162 163 156 163 160 146 129 126 145 147 142 131 131 138 143 142 154 147 145 143 136 142 134 120 110 112 129 141 158 165 159 157 134 95 46 18 40 93 140 157 159 160 167 172 174 176 174 174 158 139 124 123
141 152 143 136 142 150 148 148 132 115 101 114 136 142 128 121 139 151 151 148 151 155 132 112 124 147 163 168 168 173 176 175 166 174 166 168 171 168 168 168 163 166 163 159 159 161 156 159 144 131 126 116 123 119 113 124 136 129 146 152 150 144 141 140 128 121 117 119 136 145 154 161 163 151 120 84 54 42 58 90 134 153 160 162 161 170 174 170 170 168 136 106 104 122
138 150 149 124 115 136 138 140 135 124 115 125 128 130 124 125 137 147 155 159 159 157 138 126 138 156 167 167 166 163 175 177 163 165 168 176 181 170 168 168 165 170 163 158 153 150 148 153 142 128 117 107 96 88 102 111 130 137 151 154 150 151 153 136 124 132 145 150 155 157 161 159 158 149 123 103 101 98 102 106 130 140 144 149 151 164 170 168 164 160 124 75 83 122
124 143 143 111 101 126 133 143 146 132 119 122 126 128 118 118 135 146 154 164 166 160 146 145 148 157 166 169 170 171 172 172 171 173 169 172 175 169 177 168 163 157 159 160 147 136 143 144 129 113 101 92 67 66 95 101 121 152 159 152 142 142 138 128 127 137 160 166 163 158 159 164 157 145 130 132 143 143 142 136 139 134 131 137 146 159 169 167 159 155 123 64 65 108
114 133 136 108 111 127 133 142 147 139 127 131 128 127 129 127 132 135 153 165 168 159 144 151 153 151 156 164 166 172 169 171 176 175 168 169 173 177 179 173 165 151 157 161 153 143 149 141 114 104 89 67 44 51 80 93 119 157 158 150 148 150 142 134 130 135 155 163 164 163 165 169 156 138 133 138 152 157 155 147 141 133 128 130 139 150 162 166 161 153 125 70 61 101
97 116 132 120 128 129 130 134 138 138 139 144 120 106 134 138 126 126 153 163 155 140 134 153 159 157 153 168 173 173 167 172 180 180 176 168 172 177 171 174 169 156 157 159 152 141 137 130 102 92 85 53 37 43 64 84 113 143 156 156 152 150 147 140 135 138 151 161 161 169 175 166 147 132 133 137 141 147 145 141 135 132 132 130 133 144 154 161 159 143 110 68 68 106
84 103 124 126 142 141 125 129 135 129 139 148 124 97 114 119 126 134 147 155 144 136 138 151 163 170 154 169 172 173 171 170 178 177 176 173 166 170 175 171 168 170 158 152 150 129 124 127 98 79 69 41 33 37 53 75 100 130 161 157 139 136 147 148 141 146 152 156 154 160 169 161 139 128 128 129 132 133 127 117 112 114 122 125 129 136 148 154 154 145 104 74 81 109
88 115 139 145 149 142 117 112 120 121 134 142 125 107 113 127 141 141 148 157 148 158 156 148 162 175 163 166 163 172 178 167 173 171 169 181 173 172 180 175 168 173 155 145 156 146 141 133 109 91 76 53 47 44 50 73 97 133 160 156 141 137 144 148 145 146 146 149 148 148 148 139 134 131 121 112 118 108 88 79 88 95 108 116 126 131 138 149 147 135 105 92 108 128
111 134 149 162 153 142 121 113 125 131 128 129 129 120 121 142 151 150 156 159 155 167 167 157 161 166 166 174 175 172 179 176 178 176 171 179 176 173 175 170 162 170 163 147 157 157 153 138 127 120 108 88 73 61 55 73 103 141 156 154 150 145 142 140 140 138 140 148 147 140 143 138 129 127 131 120 113 93 55 40 66 77 84 92 113 133 143 150 141 119 109 117 131 141
135 150 151 160 158 144 122 112 124 125 106 106 132 132 131 145 148 154 168 174 161 164 165 166 168 168 167 177 181 170 173 178 181 177 172 171 178 179 176 173 169 168 161 150 155 157 158 137 130 126 120 99 73 63 70 91 123 159 162 156 154 153 145 136 134 138 145 145 143 142 151 152 140 125 139 141 131 112 71 55 78 85 82 87 104 118 132 145 131 103 105 128 134 133
145 161 159 162 168 156 139 123 128 114 96 96 123 128 131 139 138 138 164 174 162 170 175 177 168 166 169 170 177 170 166 168 179 176 168 163 168 171 174 172 172 171 165 162 163 163 154 128 107 95 99 92 61 54 85 122 137 157 159 164 164 160 148 138 135 136 143 142 144 149 150 158 152 124 127 134 133 127 98 87 105 104 91 97 113 114 116 131 122 92 96 129 133 136
157 173 166 163 169 162 151 114 113 124 127 120 124 132 134 134 141 144 160 169 175 183 178 176 175 172 178 174 177 173 170 168 167 170 180 176 167 165 171 170 176 176 166 161 155 158 151 129 92 59 65 92 87 80 104 134 139 156 158 163 165 162 155 150 146 135 139 148 150 146 139 144 137 119 119 131 131 132 120 111 126 130 116 118 136 135 123 112 105 87 95 130 147 150
160 166 159 157 161 161 153 101 77 90 113 127 123 133 144 138 146 160 162 165 175 178 174 176 175 168 175 178 174 170 166 169 166 166 178 179 176 169 167 173 178 172 163 153 149 158 159 138 100 66 72 110 125 115 121 131 134 149 156 160 164 163 158 153 147 136 135 145 142 135 134 136 134 121 120 135 134 134 136 132 137 136 135 131 136 139 127 102 77 62 87 122 142 150
166 160 158 167 172 165 158 125 83 60 71 110 126 124 137 141 152 168 166 166 168 177 177 171 170 168 168 178 180 169 156 162 170 166 170 170 169 164 165 171 169 166 164 157 153 159 162 144 114 101 116 136 144 137 136 131 133 146 157 158 159 164 159 152 147 141 137 146 137 127 128 135 136 122 122 136 128 119 125 135 144 144 145 138 129 129 114 85 59 34 54 95 121 141
161 167 172 175 174 172 167 141 92 52 58 100 126 128 136 135 152 174 177 175 170 180 176 167 176 179 170 171 185 180 166 166 169 163 172 179 175 165 165 172 171 163 163 165 163 161 155 142 125 127 145 150 151 148 145 145 151 154 158 157 160 167 165 158 152 153 146 148 141 124 124 133 132 123 124 135 132 112 108 125 142 149 153 152 138 116 87 60 47 31 38 71 109 137
