example/E5 - XRays/X-ray-tomography/rastert_juap05.txt
ncols         356
nrows         356
xllcorner     -0.5
yllcorner     -355.5
cellsize      1
NODATA_value  -9999
[rows 0 to 41 of 356, columns 188 to 281 of 356]
255 255 255 255 255 255 255 255 255 255 255 255 255 255 255 255 255 255 255 255 255 255 255 255 255 255 255 255 255 255 255 255 255 255 255 255 255 255 255 255 255 255 255 255 255 255 255 255 255 255 255 255 255 255 255 255 255 255 255 255 255 255 255 255 255 255 255 255 255 255 255 255 255 255 255 255 255 255 255 255 255 255 255 255 255 255 255 255 255 255 255 255 255 255
157 159 157 156 159 155 155 164 255 255 255 255 255 255 255 255 255 255 255 255 255 255 255 255 255 255 255 255 255 255 255 255 255 255 255 255 255 255 255 255 255 255 255 255 255 255 255 255 255 255 255 255 255 255 255 255 255 255 255 255 255 255 255 255 255 255 255 255 255 255 255 255 255 255 255 255 255 255 255 255 255 255 255 255 255 255 255 255 255 255 255 255 255 255
158 157 160 159 160 153 153 159 158 157 152 150 153 159 158 158 255 255 255 255 255 255 255 255 255 255 255 255 255 255 255 255 255 255 255 255 255 255 255 255 255 255 255 255 255 255 255 255 255 255 255 255 255 255 255 255 255 255 255 255 255 255 255 255 255 255 255 255 255 255 255 255 255 255 255 255 255 255 255 255 255 255 255 255 255 255 255 255 255 255 255 255 255 255
155 156 161 156 154 154 153 153 152 154 146 143 149 155 156 157 161 157 162 160 155 159 255 255 255 255 255 255 255 255 255 255 255 255 255 255 255 255 255 255 255 255 255 255 255 255 255 255 255 255 255 255 255 255 255 255 255 255 255 255 255 255 255 255 255 255 255 255 255 255 255 255 255 255 255 255 255 255 255 255 255 255 255 255 255 255 255 255 255 255 255 255 255 255
156 150 153 151 152 153 151 146 144 150 144 149 150 157 159 156 160 159 167 158 151 158 158 154 154 166 166 255 255 255 255 255 255 255 255 255 255 255 255 255 255 255 255 255 255 255 255 255 255 255 255 255 255 255 255 255 255 255 255 255 255 255 255 255 255 255 255 255 255 255 255 255 255 255 255 255 255 255 255 255 255 255 255 255 255 255 255 255 255 255 255 255 255 255
160 147 144 146 144 149 150 140 141 150 148 154 153 154 162 156 157 163 168 158 152 161 162 155 159 167 165 156 161 166 158 255 255 255 255 255 255 255 255 255 255 255 255 255 255 255 255 255 255 255 255 255 255 255 255 255 255 255 255 255 255 255 255 255 255 255 255 255 255 255 255 255 255 255 255 255 255 255 255 255 255 255 255 255 255 255 255 255 255 255 255 255 255 255
161 147 140 140 138 147 150 145 144 150 150 151 152 153 162 159 155 164 166 160 158 158 159 158 165 168 163 158 165 167 158 155 157 153 157 255 255 255 255 255 255 255 255 255 255 255 255 255 255 255 255 255 255 255 255 255 255 255 255 255 255 255 255 255 255 255 255 255 255 255 255 255 255 255 255 255 255 255 255 255 255 255 255 255 255 255 255 255 255 255 255 255 255 255
159 151 147 141 140 147 144 145 150 151 147 146 149 152 161 161 158 166 164 158 159 158 155 162 166 167 160 159 161 165 159 158 161 153 156 165 141 102 85 255 255 255 255 255 255 255 255 255 255 255 255 255 255 255 255 255 255 255 255 255 255 255 255 255 255 255 255 255 255 255 255 255 255 255 255 255 255 255 255 255 255 255 255 255 255 255 255 255 255 255 255 255 255 255
157 155 156 151 149 148 144 154 155 154 149 146 153 152 159 164 162 169 161 153 160 157 156 162 164 163 160 161 159 163 153 157 163 154 158 162 127 80 65 94 133 153 255 255 255 255 255 255 255 255 255 255 255 255 255 255 255 255 255 255 255 255 255 255 255 255 255 255 255 255 255 255 255 255 255 255 255 255 255 255 255 255 255 255 255 255 255 255 255 255 255 255 255 255
158 160 158 160 157 149 148 156 155 156 154 150 156 156 163 168 164 170 158 156 162 154 156 162 159 157 163 160 161 163 151 155 161 153 163 163 131 92 89 127 156 158 164 167 171 255 255 255 255 255 255 255 255 255 255 255 255 255 255 255 255 255 255 255 255 255 255 255 255 255 255 255 255 255 255 255 255 255 255 255 255 255 255 255 255 255 255 255 255 255 255 255 255 255
162 160 156 160 160 154 149 150 153 158 153 148 157 161 164 169 165 164 153 158 158 148 149 161 156 153 160 160 161 161 150 148 155 153 167 167 148 128 137 169 178 162 159 165 169 165 163 165 255 255 255 255 255 255 255 255 255 255 255 255 255 255 255 255 255 255 255 255 255 255 255 255 255 255 255 255 255 255 255 255 255 255 255 255 255 255 255 255 255 255 255 255 255 255
163 161 161 159 160 161 155 150 154 158 148 145 152 158 162 169 167 162 146 146 147 143 152 158 154 153 155 157 156 156 144 145 153 153 167 163 155 156 164 188 185 161 159 166 165 168 164 164 160 160 163 255 255 255 255 255 255 255 255 255 255 255 255 255 255 255 255 255 255 255 255 255 255 255 255 255 255 255 255 255 255 255 255 255 255 255 255 255 255 255 255 255 255 255
163 161 163 158 156 159 159 153 152 157 151 144 146 154 162 168 169 164 143 142 147 146 157 149 151 155 154 155 155 156 148 156 156 153 165 158 153 161 163 175 170 160 168 166 165 171 165 165 157 157 162 169 168 168 255 255 255 255 255 255 255 255 255 255 255 255 255 255 255 255 255 255 255 255 255 255 255 255 255 255 255 255 255 255 255 255 255 255 255 255 255 255 255 255
166 158 161 158 155 160 165 159 154 152 148 139 143 158 165 165 164 161 151 152 148 141 153 146 152 160 158 155 153 158 157 163 158 155 161 155 154 162 157 162 160 164 171 162 166 171 166 171 165 161 163 165 172 164 163 161 255 255 255 255 255 255 255 255 255 255 255 255 255 255 255 255 255 255 255 255 255 255 255 255 255 255 255 255 255 255 255 255 255 255 255 255 255 255
161 159 156 157 156 162 168 159 155 146 146 143 150 162 166 163 162 161 154 148 133 131 144 150 155 160 158 152 150 158 162 166 165 159 161 157 155 161 154 159 161 163 168 161 163 170 167 175 170 160 162 167 170 161 164 166 164 163 255 255 255 255 255 255 255 255 255 255 255 255 255 255 255 255 255 255 255 255 255 255 255 255 255 255 255 255 255 255 255 255 255 255 255 255
154 158 153 158 157 163 166 156 153 148 150 153 157 163 167 166 162 153 148 129 108 117 135 152 156 157 158 153 156 161 163 166 169 163 161 158 159 161 155 160 159 162 167 164 162 165 169 175 166 160 164 166 162 163 166 168 164 163 159 158 160 255 255 255 255 255 255 255 255 255 255 255 255 255 255 255 255 255 255 255 255 255 255 255 255 255 255 255 255 255 255 255 255 255
149 155 157 160 157 167 169 157 151 153 158 164 160 160 163 163 158 149 144 123 106 114 133 150 155 154 157 160 158 159 163 163 162 159 157 158 166 157 151 159 158 157 163 161 158 159 169 172 166 162 163 168 163 163 164 165 162 159 157 158 160 164 172 255 255 255 255 255 255 255 255 255 255 255 255 255 255 255 255 255 255 255 255 255 255 255 255 255 255 255 255 255 255 255
151 159 158 157 155 165 171 161 154 162 168 166 161 156 156 155 150 152 149 134 124 127 138 147 148 153 158 164 158 158 161 159 157 157 159 155 161 152 151 157 155 153 160 163 161 158 167 170 169 163 166 170 162 164 166 163 164 162 160 159 162 167 171 163 162 255 255 255 255 255 255 255 255 255 255 255 255 255 255 255 255 255 255 255 255 255 255 255 255 255 255 255 255 255
156 162 157 155 158 161 170 164 156 162 167 166 160 154 155 151 148 158 158 154 143 143 150 152 150 157 156 163 161 160 159 158 154 157 160 153 157 154 154 155 153 154 163 169 161 157 164 169 169 164 169 166 164 166 160 161 165 160 159 161 163 167 168 164 165 163 163 255 255 255 255 255 255 255 255 255 255 255 255 255 255 255 255 255 255 255 255 255 255 255 255 255 255 255
155 162 161 156 156 161 169 167 156 160 165 165 162 156 156 155 148 153 161 162 153 156 157 155 154 155 154 162 162 165 162 157 148 158 159 154 156 158 151 151 152 156 165 165 154 158 168 167 164 166 168 162 165 163 155 160 160 152 157 163 165 167 165 165 169 164 158 163 168 255 255 255 255 255 255 255 255 255 255 255 255 255 255 255 255 255 255 255 255 255 255 255 255 255
154 158 163 156 153 161 167 166 156 161 167 163 160 155 153 154 146 147 156 154 156 164 160 159 158 155 152 153 156 163 162 154 147 159 161 155 146 151 149 151 156 155 162 160 155 163 169 162 158 159 160 159 160 157 158 157 156 152 159 165 168 173 168 169 163 160 162 164 166 162 163 255 255 255 255 255 255 255 255 255 255 255 255 255 255 255 255 255 255 255 255 255 255 255
147 151 158 156 153 159 165 166 164 163 166 162 156 154 153 151 144 144 154 151 160 169 161 162 160 154 144 146 153 161 160 156 152 158 165 154 140 149 156 158 162 157 161 160 161 163 161 155 151 152 159 156 153 153 157 158 155 156 164 165 170 176 171 168 158 161 165 162 163 163 169 176 166 255 255 255 255 255 255 255 255 255 255 255 255 255 255 255 255 255 255 255 255 255
150 157 158 154 157 159 166 165 164 160 161 163 159 160 153 145 143 145 160 154 160 167 159 159 157 150 144 157 157 160 159 160 162 163 164 151 140 146 158 160 165 159 156 154 163 162 156 155 153 153 158 155 147 150 157 159 153 159 162 163 167 170 173 162 153 163 165 159 164 167 168 162 156 162 166 255 255 255 255 255 255 255 255 255 255 255 255 255 255 255 255 255 255 255
154 161 159 156 162 158 164 163 157 158 163 164 159 160 152 145 149 152 160 156 156 166 164 157 154 150 153 167 161 161 165 166 163 164 161 152 141 143 155 157 162 160 153 150 165 163 159 162 163 155 152 153 144 148 152 151 153 159 161 165 164 169 173 154 152 163 164 161 165 163 159 154 156 163 161 154 157 255 255 255 255 255 255 255 255 255 255 255 255 255 255 255 255 255
151 154 154 157 165 162 165 163 160 160 166 165 157 159 155 151 151 153 154 157 156 162 162 156 152 152 153 161 159 158 162 168 165 162 157 152 143 149 156 161 156 163 157 151 168 164 161 167 164 157 154 152 142 142 140 139 149 155 159 166 168 171 170 153 157 161 166 165 163 160 158 158 162 161 158 155 155 155 255 255 255 255 255 255 255 255 255 255 255 255 255 255 255 255
148 153 157 158 162 160 164 160 163 165 167 169 157 155 155 156 154 152 156 160 155 156 159 155 149 148 148 151 155 152 154 169 167 156 152 149 146 151 154 161 152 161 156 155 164 164 160 166 165 159 153 148 139 136 133 136 145 149 157 165 166 167 170 161 160 160 166 164 162 158 163 164 162 159 158 152 157 163 163 157 255 255 255 255 255 255 255 255 255 255 255 255 255 255
151 160 160 159 163 158 161 159 167 165 161 163 159 157 156 158 160 154 159 158 154 156 157 149 147 148 146 150 152 149 152 167 164 158 155 147 148 151 150 154 153 156 156 160 162 164 158 160 162 156 154 149 145 143 145 150 152 154 163 168 164 166 169 161 160 160 166 164 163 161 166 164 160 160 158 157 163 162 156 152 152 152 255 255 255 255 255 255 255 255 255 255 255 255
156 161 159 161 159 154 155 158 165 161 158 159 158 158 160 159 159 157 163 162 161 161 155 150 152 149 146 150 148 149 159 170 165 163 160 150 151 154 147 147 152 151 159 163 159 165 159 154 153 158 161 155 153 154 155 159 158 160 167 166 162 165 163 158 162 166 168 162 160 161 166 160 162 160 157 161 157 153 148 148 149 150 144 255 255 255 255 255 255 255 255 255 255 255
162 162 160 160 151 151 154 156 155 156 164 159 155 156 166 164 156 155 165 168 160 162 159 155 149 151 152 149 148 147 162 172 163 160 165 155 153 156 148 140 146 147 159 158 158 161 154 152 151 160 161 153 155 159 157 161 156 163 168 161 164 160 156 160 166 167 164 161 158 160 161 160 159 158 160 160 154 151 144 146 146 149 141 132 137 255 255 255 255 255 255 255 255 255
169 162 164 163 154 145 140 136 125 137 158 153 153 159 165 162 160 154 161 167 159 164 170 159 148 159 159 156 155 155 167 171 164 165 168 156 153 160 156 144 142 148 155 152 164 161 154 158 159 159 160 157 159 163 158 160 156 168 169 167 163 156 160 167 163 163 164 166 161 161 161 159 154 162 162 159 158 152 146 147 148 152 149 142 145 149 150 255 255 255 255 255 255 255
169 161 163 166 155 140 126 105 95 105 132 147 156 159 155 161 167 158 160 165 162 164 174 167 159 162 159 159 162 164 166 167 164 169 166 156 155 159 156 146 142 150 148 151 161 160 160 167 169 159 163 160 156 162 157 158 159 168 170 169 157 158 168 161 157 164 168 168 163 158 156 154 159 170 164 162 165 157 154 155 155 165 175 164 161 153 149 153 255 255 255 255 255 255
166 161 161 164 149 134 117 94 89 95 122 151 160 154 151 162 169 160 157 162 164 163 166 170 161 158 162 159 165 169 164 166 164 171 167 161 159 150 151 150 151 152 149 158 156 157 166 169 168 159 161 159 157 158 154 160 166 165 168 167 157 160 167 157 159 168 168 162 161 154 154 159 170 171 163 161 166 157 156 157 156 176 191 180 167 154 156 159 164 160 255 255 255 255
161 160 159 162 152 140 115 90 95 116 139 161 160 158 161 164 167 164 159 162 167 161 165 171 159 161 167 159 166 169 162 167 167 169 166 169 162 151 153 153 157 153 158 155 142 155 166 163 162 159 162 159 157 151 155 164 163 157 161 160 158 162 164 161 165 170 164 160 165 158 161 168 169 166 160 161 166 159 159 154 152 172 178 172 163 157 162 169 173 168 162 255 255 255
156 162 158 156 151 142 118 87 101 137 157 159 154 159 167 165 166 165 163 164 163 156 168 171 159 164 169 161 167 163 162 169 166 168 167 169 165 160 157 153 150 156 160 148 142 154 164 164 162 159 159 156 155 149 156 158 158 156 160 162 163 162 159 163 170 167 161 161 165 165 167 164 162 164 160 164 165 157 157 150 149 160 166 166 163 161 164 172 173 170 160 157 255 255
152 157 155 154 154 148 133 108 115 142 157 156 153 157 168 171 166 164 163 164 159 157 168 168 159 162 167 163 166 157 161 167 168 169 167 166 168 157 149 149 150 165 159 148 152 160 161 164 164 160 158 158 161 154 153 149 158 163 162 160 162 162 157 162 167 162 163 165 168 169 165 162 165 163 168 169 162 152 158 152 149 156 164 167 165 160 164 173 172 170 166 168 167 166
152 145 156 158 159 151 144 137 131 140 148 159 162 156 164 168 162 166 164 161 160 158 167 167 163 166 167 164 165 162 164 169 168 166 165 169 170 158 151 152 160 166 157 152 158 159 155 160 164 158 153 154 155 150 148 144 157 161 158 160 164 165 160 159 166 165 169 171 172 170 166 168 162 159 167 168 165 160 166 158 150 157 163 166 157 159 167 174 171 170 169 165 168 172
155 142 159 157 150 146 149 153 143 141 143 159 157 147 156 163 159 162 168 165 156 155 161 162 165 166 166 159 164 168 165 166 163 163 167 166 166 162 153 153 165 164 160 158 160 158 157 159 165 157 150 155 154 152 150 144 155 152 158 168 168 164 157 160 170 167 170 175 176 168 166 167 156 157 165 173 168 165 165 155 148 154 158 156 156 161 166 171 169 168 162 161 168 169
158 150 161 157 148 146 153 149 145 152 149 154 138 133 151 164 163 165 174 172 158 154 157 158 165 161 162 155 162 165 161 156 160 165 172 170 165 161 151 154 166 162 159 165 161 160 159 157 162 166 155 154 156 158 156 148 152 150 159 167 159 161 161 165 170 165 169 172 171 165 165 166 160 159 167 172 165 160 154 148 148 147 150 152 160 164 166 171 167 170 162 163 164 164
150 152 160 162 155 151 157 147 142 153 155 149 138 145 154 162 162 166 175 174 163 152 154 159 161 158 159 158 157 153 155 147 158 173 177 171 159 158 154 158 164 162 166 172 162 161 162 157 162 172 161 154 155 163 165 155 154 156 157 162 162 163 164 168 171 169 167 167 166 163 162 168 162 164 169 170 165 156 152 148 145 141 142 147 159 163 162 166 165 166 158 157 161 160
149 154 156 157 159 152 148 145 144 153 159 153 151 158 154 157 163 162 165 170 164 152 150 159 161 162 159 161 151 151 158 151 158 170 173 168 160 161 156 161 164 159 165 170 161 163 161 157 163 163 157 155 154 164 166 159 163 157 153 166 172 163 166 172 170 165 166 168 163 158 162 173 169 173 170 167 163 154 153 146 142 136 131 137 155 163 164 164 162 158 154 156 161 155
147 145 150 156 157 157 151 149 151 152 154 158 161 161 158 159 165 163 160 160 157 150 154 166 167 169 164 158 155 153 155 152 156 166 164 162 162 157 155 162 161 156 161 166 164 164 164 162 161 155 155 156 153 158 163 165 167 154 158 167 164 162 169 168 162 161 162 167 163 162 170 172 173 174 164 160 155 154 153 150 144 133 126 136 154 162 163 164 162 158 159 162 157 150
148 141 148 159 153 157 158 151 151 149 150 160 160 157 157 157 163 168 165 157 155 155 157 167 162 164 165 158 161 152 159 157 153 162 156 159 159 143 150 162 159 156 163 163 167 168 160 163 161 157 156 158 153 155 162 171 167 160 165 165 158 163 169 161 162 162 164 167 162 167 173 173 174 169 154 152 153 152 147 148 144 139 139 142 155 154 156 163 164 162 160 156 151 153
