example/E5 - XRays/X-ray-tomography/rastert_juap54.txt
ncols         356
nrows         356
xllcorner     -0.5
yllcorner     -355.5
cellsize      1
NODATA_value  -9999
[rows 210 to 251 of 356, columns 95 to 189 of 356]
149 143 147 144 138 136 136 146 139 125 123 130 138 138 137 142 139 145 152 138 144 150 146 136 154 156 133 125 137 152 144 132 144 158 160 156 162 158 140 142 145 147 145 141 145 153 150 144 145 152 146 147 158 167 177 167 170 186 184 180 182 177 165 171 177 162 145 140 141 151 155 147 138 139 146 154 157 156 142 138 140 122 119 154 160 160 161 157 165 168 162 154 138 123 130
138 131 139 146 145 143 136 135 133 127 126 127 129 137 138 142 141 146 145 135 150 158 160 158 165 155 144 140 150 153 135 133 149 156 159 161 166 146 131 136 138 146 142 129 130 130 126 143 153 159 151 147 150 160 169 171 177 184 187 180 177 177 174 169 166 161 153 146 133 146 155 139 130 140 142 143 140 136 132 141 143 135 134 152 151 162 164 161 168 164 162 158 149 136 136
143 143 137 143 146 138 140 142 134 129 128 132 140 144 146 156 151 131 133 136 149 161 165 158 162 160 157 148 140 145 144 148 154 152 158 158 154 135 129 134 135 140 136 130 141 136 131 144 154 163 157 147 149 164 174 182 183 181 182 175 171 171 182 174 169 161 146 143 136 141 144 129 130 150 139 134 132 133 141 147 153 152 143 146 148 155 163 161 160 162 161 149 146 141 142
141 153 159 156 147 134 143 145 138 125 119 130 144 146 149 154 155 137 135 137 146 160 160 149 151 162 155 142 132 144 151 147 150 147 149 135 132 128 121 130 139 143 139 135 145 153 153 146 144 150 152 153 153 163 174 179 176 175 180 178 176 171 181 173 163 160 150 153 154 146 141 134 136 146 127 118 136 141 153 157 149 144 142 144 154 149 148 147 152 157 152 140 144 138 133
136 148 161 154 144 133 142 149 145 131 123 126 140 141 150 141 147 155 141 133 141 151 153 149 148 154 142 130 126 135 141 141 154 151 138 127 130 139 144 139 134 145 146 143 146 147 145 140 130 132 141 150 149 160 178 178 176 179 179 179 176 170 173 166 161 154 149 150 146 143 135 128 132 130 119 116 137 141 152 155 149 144 144 142 153 142 133 140 148 144 144 146 155 153 140
138 154 155 146 151 139 133 138 129 133 141 143 150 144 152 143 153 158 135 128 137 138 139 142 143 147 133 131 131 131 143 146 145 140 131 131 140 150 155 133 123 146 161 158 153 145 130 132 133 142 144 145 156 165 175 176 174 171 169 181 181 171 177 175 160 151 144 131 129 140 142 127 135 141 129 126 144 148 147 138 139 145 143 146 147 134 139 146 145 140 145 151 154 160 153
137 148 150 143 146 137 136 143 144 156 161 162 161 158 162 155 152 154 147 142 133 134 143 135 136 149 138 135 139 141 143 137 129 142 149 149 145 145 141 124 135 162 176 167 162 154 136 130 131 146 147 142 151 165 169 172 174 178 172 167 172 170 179 169 144 143 148 139 138 144 148 126 125 147 144 136 144 139 144 137 134 141 134 148 152 136 132 139 149 146 143 139 146 160 147
135 137 148 144 135 131 135 143 154 162 163 170 168 167 168 168 159 151 151 135 125 137 138 122 122 146 150 143 138 143 138 141 140 148 154 151 152 156 140 134 153 168 173 160 158 157 150 139 132 138 148 146 146 171 173 165 173 182 171 163 172 162 165 150 133 140 143 134 133 136 136 124 126 135 135 124 127 131 144 135 132 141 139 139 146 140 122 125 139 141 140 135 149 155 146
143 136 138 140 132 132 138 143 152 160 161 168 166 168 168 172 165 161 156 133 128 146 136 130 140 155 154 149 142 140 134 141 146 141 139 135 142 139 143 163 169 178 167 161 170 158 153 147 146 149 147 146 145 168 173 168 177 180 169 168 170 151 152 143 132 139 137 132 125 124 140 144 148 142 132 118 124 133 137 140 136 133 132 129 141 141 128 136 138 138 145 151 154 140 141
147 137 133 141 148 155 157 146 145 155 161 168 175 177 175 169 164 169 163 144 132 155 155 153 154 151 147 146 144 132 126 135 141 136 134 133 141 144 157 171 165 176 167 163 165 160 160 145 138 139 135 144 146 160 165 160 170 173 170 163 159 150 135 123 125 133 122 131 132 118 129 145 155 154 145 124 120 135 136 140 141 138 134 127 137 147 137 138 137 138 147 155 145 117 132
143 134 137 143 137 144 147 139 150 158 153 164 175 171 173 160 156 158 159 152 133 150 161 148 146 145 148 144 129 114 116 127 139 138 139 139 143 158 166 168 168 174 167 163 161 166 161 147 126 118 119 131 140 150 158 163 171 173 172 169 155 136 117 123 131 133 127 134 135 124 131 141 152 156 161 141 128 136 135 139 146 141 136 139 138 154 148 142 137 145 155 153 139 116 121
138 129 134 149 140 140 147 153 163 159 143 153 165 165 159 146 145 154 155 148 137 138 149 144 142 145 152 137 113 107 125 133 135 132 130 135 141 154 165 167 170 168 162 169 164 161 155 144 130 121 121 125 134 151 158 170 179 173 163 158 137 119 110 113 126 133 138 134 130 131 138 143 157 161 158 141 123 126 133 135 135 131 138 146 142 152 150 148 131 129 143 145 143 140 133
139 127 131 148 143 137 147 156 154 149 139 146 152 158 155 143 144 148 142 148 153 151 146 139 137 137 130 116 110 110 119 124 129 124 129 137 143 153 153 155 158 162 169 169 161 151 144 137 136 129 125 127 134 149 149 157 167 160 151 142 132 125 114 115 128 125 131 134 128 126 131 141 159 163 147 132 123 126 129 129 134 142 147 143 146 150 149 141 125 127 141 148 158 160 142
139 132 140 147 144 141 146 153 147 144 141 142 142 144 149 140 137 134 139 148 141 144 148 136 138 141 118 113 117 110 107 122 138 141 146 145 134 142 149 147 144 159 162 145 148 144 130 130 137 136 120 109 135 152 154 154 150 147 144 128 126 137 133 135 145 134 137 150 138 131 136 141 149 153 151 141 135 129 121 123 135 147 151 142 150 148 149 137 110 125 144 143 154 155 138
137 134 142 143 141 147 147 152 147 147 151 151 146 142 152 144 139 146 154 154 140 136 141 135 145 154 140 134 131 119 131 145 145 154 155 149 139 145 155 147 138 129 134 137 143 137 125 132 135 137 128 118 135 140 143 142 140 151 154 150 144 141 137 141 152 143 146 151 144 135 140 149 148 143 143 137 125 130 136 135 129 124 138 140 147 143 146 142 120 127 142 145 150 152 142
139 144 144 136 140 155 151 149 150 152 153 159 154 143 146 140 143 151 145 141 143 135 139 149 156 160 158 152 145 132 134 153 153 156 165 153 145 142 134 134 129 114 131 140 138 135 127 138 142 144 141 137 140 135 132 133 139 148 154 168 170 156 141 140 142 136 143 144 145 151 153 155 144 136 126 128 121 142 157 159 143 135 148 139 140 140 147 144 133 129 133 142 153 158 156
139 142 144 135 141 141 132 143 153 149 146 158 155 143 144 143 145 145 137 136 142 136 145 159 169 172 167 172 166 145 135 150 160 164 160 153 143 128 125 125 117 125 142 131 130 131 135 151 160 156 146 149 144 139 126 121 140 153 154 155 161 161 146 137 135 140 148 148 152 166 159 158 152 137 120 128 137 155 160 166 154 147 155 152 153 148 151 142 136 129 125 133 149 154 157
136 130 137 136 134 130 138 152 143 130 140 157 146 138 144 151 151 140 134 135 146 151 156 160 170 170 172 179 160 147 146 144 153 163 159 160 155 141 135 132 118 128 143 134 134 135 142 156 158 157 156 152 138 139 136 130 143 164 171 151 142 154 149 135 131 135 135 141 161 173 160 175 171 139 126 140 148 157 161 167 159 147 147 155 157 152 153 146 143 141 143 142 143 150 156
140 133 131 130 128 124 134 152 140 126 136 146 136 133 143 144 143 141 141 138 139 153 162 157 164 168 177 168 144 143 140 149 160 151 150 142 143 132 128 132 130 145 146 136 135 132 145 158 149 150 161 156 141 143 144 132 133 153 169 158 137 144 154 138 131 138 137 136 159 176 170 175 161 139 134 144 157 163 168 165 148 131 143 157 149 139 152 150 144 143 137 133 142 154 148
144 135 120 123 120 112 123 141 136 138 144 146 127 127 140 142 141 142 141 136 140 149 152 151 161 161 164 154 146 152 146 147 156 139 128 112 123 120 109 116 135 149 139 132 134 122 126 145 150 153 156 149 149 139 134 137 139 144 156 160 139 132 146 136 126 133 136 135 150 163 165 161 154 152 138 150 166 165 161 157 154 140 145 158 153 135 152 160 147 135 115 111 130 152 158
136 142 128 127 126 126 143 147 141 145 141 141 125 122 131 142 142 138 136 140 139 132 136 147 157 154 157 153 135 135 142 150 149 134 122 109 128 129 109 112 140 147 138 136 125 108 115 136 139 133 133 138 147 137 128 144 145 138 142 154 151 146 146 141 142 140 131 139 143 139 149 154 157 157 138 145 159 157 158 149 150 147 143 150 153 145 150 153 141 131 125 124 127 143 156
128 144 147 143 147 152 154 147 149 151 140 140 137 127 128 133 136 137 131 135 138 135 137 138 139 148 151 142 129 127 136 150 145 143 141 122 123 120 109 113 136 146 138 136 136 125 125 128 120 120 124 128 138 140 131 133 136 139 145 157 154 155 153 146 144 136 121 132 137 136 146 141 141 144 145 144 156 154 156 136 139 154 147 140 139 142 144 148 147 135 142 145 143 151 157
129 142 150 150 158 159 148 144 151 152 148 141 144 151 141 125 126 139 138 138 137 143 141 142 146 143 130 126 127 128 140 143 143 144 145 139 132 129 133 126 133 143 133 126 140 136 128 131 125 125 122 119 126 140 151 141 141 145 148 150 151 149 155 158 157 150 139 131 131 143 141 130 139 143 154 152 154 154 157 147 140 148 139 138 135 137 144 152 156 149 155 163 157 161 169
139 143 149 154 147 145 150 153 155 144 136 136 138 145 141 137 138 150 144 143 131 135 144 147 150 143 134 141 134 136 145 148 155 145 140 145 138 145 139 124 133 141 136 137 145 136 133 140 133 132 123 107 112 128 144 142 153 150 145 137 126 134 148 144 155 160 152 140 124 132 138 142 146 153 156 151 159 159 154 155 145 141 136 138 137 148 150 151 153 152 154 157 155 162 169
140 140 138 147 148 149 155 151 147 137 133 136 137 144 146 146 145 154 148 148 134 135 146 153 147 138 144 150 143 150 151 152 151 142 143 152 148 151 138 135 144 137 140 147 138 131 138 145 139 141 130 114 123 120 116 123 134 135 141 132 117 124 117 118 136 144 149 147 133 132 133 134 125 129 150 153 157 160 152 154 142 143 143 140 137 146 148 156 165 161 154 157 157 159 159
134 145 139 135 143 141 137 139 139 132 137 146 149 158 158 155 151 160 158 146 135 139 147 151 142 128 139 145 135 133 133 142 140 141 159 158 147 151 150 158 156 143 148 153 144 142 142 142 144 133 132 131 134 131 125 126 120 126 133 120 119 127 117 123 122 122 142 149 146 147 133 125 133 138 157 158 153 161 159 159 139 138 142 140 145 148 151 164 166 157 152 155 157 157 162
133 149 151 142 136 136 138 143 137 135 146 153 146 154 161 165 161 153 157 145 133 132 138 145 145 137 134 135 130 129 140 150 138 131 158 152 137 153 158 163 143 136 146 151 153 146 144 141 140 122 125 139 131 136 144 134 118 128 140 136 133 130 130 137 134 131 138 139 142 145 140 137 150 148 154 154 151 155 157 158 146 147 149 144 151 155 156 157 152 153 137 134 150 160 172
140 144 154 153 145 143 141 136 137 148 154 161 157 156 157 163 173 156 157 152 143 139 131 138 144 145 141 132 142 158 161 151 137 139 163 159 140 147 155 156 147 142 135 140 149 140 134 136 140 131 131 146 136 136 147 134 123 139 156 150 146 136 141 147 148 158 149 138 145 144 150 146 147 144 151 159 156 151 154 154 157 164 161 150 144 146 155 150 145 149 137 135 141 152 161
155 155 158 155 156 148 134 132 135 149 159 158 159 170 163 157 161 148 157 161 150 143 137 140 145 146 143 140 158 171 160 151 149 154 167 158 139 144 149 146 147 146 138 138 140 142 138 140 150 150 152 160 149 145 143 130 137 141 138 140 152 151 155 156 140 154 156 148 145 143 150 143 140 141 152 158 154 152 150 151 161 155 147 151 140 136 146 154 145 130 139 144 140 150 149
162 169 166 161 158 153 143 145 149 157 166 162 165 180 165 151 144 139 148 154 157 150 144 142 140 137 143 152 166 170 166 160 153 154 162 149 149 153 150 153 144 138 131 131 135 141 143 143 147 151 154 157 153 145 133 131 138 130 135 146 156 149 149 156 144 149 152 148 143 137 137 148 150 148 151 142 143 150 153 164 160 149 146 146 134 140 146 158 144 122 137 151 150 158 154
154 161 161 155 153 147 137 139 155 163 171 169 166 168 160 160 158 146 146 150 157 153 152 143 133 133 138 143 147 148 160 159 159 155 158 147 153 149 138 145 141 133 138 138 140 139 142 144 148 149 150 154 155 145 137 148 142 135 141 143 148 143 142 154 157 144 140 141 151 148 144 159 156 156 161 145 145 149 146 159 155 149 154 152 134 151 155 159 147 132 142 149 140 143 151
152 155 145 146 158 145 135 141 160 163 169 173 169 160 151 148 148 145 152 157 157 150 145 128 118 121 119 121 127 139 155 156 158 154 148 147 156 149 142 147 142 138 141 146 152 145 136 144 152 150 146 143 150 144 133 146 148 146 138 135 142 144 146 148 144 133 132 136 146 148 151 154 142 147 154 148 151 151 147 155 158 153 152 150 135 151 164 164 152 142 144 145 146 142 143
156 153 147 149 150 144 142 146 162 160 161 170 174 167 157 150 142 153 163 160 153 142 131 125 131 125 116 128 137 140 146 145 144 141 144 145 149 141 134 135 138 146 140 140 144 143 146 149 143 143 142 133 133 120 104 122 142 145 138 138 146 142 145 146 136 142 143 140 137 144 147 140 135 142 156 161 160 156 152 155 155 152 150 149 146 156 163 156 151 145 143 136 142 142 146
144 143 143 146 146 151 144 139 148 153 166 169 167 164 167 164 150 141 144 150 141 127 119 128 132 129 129 146 151 141 138 139 140 141 147 143 143 137 134 130 137 145 140 138 143 147 153 149 149 152 147 140 124 105 98 114 131 132 132 134 133 125 135 143 131 138 141 142 133 139 145 140 138 147 151 149 153 151 153 155 145 138 143 148 152 165 165 152 153 149 147 146 142 139 147
142 140 139 142 151 154 154 154 154 145 146 150 155 165 158 145 141 131 131 130 129 127 134 145 132 129 134 142 143 139 144 145 137 140 144 144 147 143 145 141 129 127 128 135 155 154 149 143 150 148 140 149 132 118 124 129 138 134 139 138 136 130 139 141 127 131 134 140 142 140 146 147 141 150 148 140 147 148 150 146 140 145 150 146 149 157 147 136 141 144 145 145 144 139 142
143 132 129 137 145 138 150 164 155 139 143 146 152 156 142 137 144 147 155 152 141 129 137 144 143 139 125 128 134 142 153 148 142 142 137 140 138 132 140 150 136 133 132 139 155 148 139 139 136 134 132 150 136 129 142 152 158 150 152 145 148 135 134 135 134 139 139 143 142 141 151 157 146 145 149 141 146 149 151 152 152 161 154 141 150 154 138 128 137 153 146 137 141 148 152
153 141 138 142 135 126 139 150 145 139 152 148 148 154 152 154 159 158 157 155 144 130 135 132 141 137 120 131 136 144 154 152 152 141 138 148 142 129 127 140 139 139 132 133 141 136 132 144 135 128 129 148 142 134 141 152 158 155 158 156 148 133 139 143 137 125 131 141 140 148 153 156 141 127 134 148 158 159 160 156 155 158 160 155 153 151 144 142 141 156 149 142 132 147 150
160 147 145 144 132 118 124 131 137 138 149 147 151 161 161 166 170 166 157 155 144 138 144 139 146 145 139 139 143 144 144 148 142 144 153 151 149 137 135 135 129 137 135 138 150 141 141 147 137 131 126 146 144 126 138 152 161 154 150 146 139 140 150 153 146 124 116 130 148 158 149 150 140 107 121 149 143 159 170 163 162 158 156 150 139 145 153 150 138 144 146 147 133 143 148
147 130 135 141 143 135 138 140 139 145 161 161 158 160 155 153 156 153 148 156 150 141 139 149 154 149 151 153 153 139 135 141 141 150 153 146 150 139 136 134 136 144 140 144 139 139 149 144 143 145 132 138 133 121 135 143 149 137 130 132 133 137 149 155 150 135 126 131 137 147 144 144 138 113 126 145 145 165 172 168 164 162 149 140 138 149 156 151 149 156 148 151 156 157 161
132 131 136 140 150 144 140 145 143 147 160 158 156 158 154 148 146 143 150 164 159 160 152 149 152 155 161 157 146 133 137 146 146 147 148 145 148 139 135 143 142 142 136 137 136 153 157 150 155 155 144 141 137 132 133 135 130 117 115 126 120 120 137 150 141 135 147 142 127 147 150 146 142 130 131 139 150 160 165 163 158 163 151 146 151 151 149 148 151 160 163 164 164 156 159
137 142 139 134 144 143 140 143 148 156 154 144 151 154 151 151 151 152 153 155 151 155 149 145 152 152 150 144 137 140 154 148 135 140 143 144 150 151 148 155 149 145 143 140 145 158 160 166 165 156 156 158 156 141 123 127 122 117 123 135 124 122 138 145 142 147 160 145 127 148 147 146 144 140 132 142 151 151 158 156 152 157 148 150 149 151 150 141 138 140 156 166 168 161 156
135 135 141 133 136 141 146 150 154 162 154 146 152 142 140 143 145 141 146 149 149 147 146 148 148 144 148 151 145 141 146 143 130 139 138 141 146 145 138 135 149 151 146 139 134 139 145 161 168 160 164 175 169 153 129 107 113 130 129 136 132 138 144 137 160 165 161 146 127 150 158 147 134 130 128 144 149 143 150 155 140 137 142 149 146 150 151 148 146 143 155 163 167 160 163
