example/E5 - XRays/X-ray-tomography/rastert_juap51.txt
ncols         356
nrows         356
xllcorner     -0.5
yllcorner     -355.5
cellsize      1
NODATA_value  -9999
[rows 84 to 125 of 356, columns 190 to 284 of 356]
146 141 132 111 110 111 114 131 140 144 145 143 146 149 139 127 116 109 140 153 155 168 172 173 175 174 167 169 170 169 169 166 168 170 159 153 144 125 119 124 136 150 148 150 148 147 148 143 132 132 141 144 146 142 138 137 144 136 114 105 114 130 133 124 128 129 135 137 136 136 137 146 141 136 128 118 111 126 137 133 128 139 148 149 144 137 134 142 158 167 162 149 146 145 147
162 155 141 119 105 110 133 153 157 156 155 149 147 142 133 124 104 95 131 152 159 167 172 170 172 169 164 169 173 165 160 167 169 169 159 155 147 141 146 149 150 158 151 154 156 155 152 145 132 130 139 145 150 147 144 137 135 137 126 115 114 124 128 125 128 134 143 143 138 135 139 138 131 128 117 112 121 129 134 136 138 142 145 148 147 139 136 147 160 161 149 139 143 148 148
165 159 145 124 104 113 143 157 165 169 161 153 150 147 146 141 127 117 139 158 160 158 167 171 175 173 166 170 169 163 159 161 166 155 152 152 144 141 146 154 152 149 147 156 158 153 149 139 132 137 139 143 149 151 151 147 143 150 145 137 129 129 132 129 135 139 141 138 134 136 138 134 134 128 118 120 130 135 138 144 149 144 145 151 149 135 138 149 153 152 142 132 139 148 151
169 160 148 132 120 125 151 162 164 173 166 156 148 149 149 140 150 150 149 152 163 164 169 173 175 173 167 169 167 165 167 163 164 147 148 147 146 144 140 147 155 152 149 148 149 146 140 127 122 133 136 138 146 150 152 148 149 156 153 150 145 139 138 135 143 141 139 140 138 139 140 141 139 132 137 135 133 138 138 150 150 144 145 146 144 136 141 144 144 148 138 127 135 149 149
158 153 148 141 134 130 158 170 160 164 154 143 137 137 139 137 155 153 144 144 160 167 169 169 172 173 172 177 168 162 169 165 163 149 143 136 145 145 140 141 152 155 143 127 133 140 125 108 98 107 120 128 135 137 137 135 139 145 151 147 149 143 139 138 140 135 137 143 143 143 143 140 139 140 149 140 131 134 136 150 151 148 146 141 144 143 144 140 139 141 136 128 135 145 142
150 149 141 138 142 134 144 156 160 160 146 131 132 134 139 141 154 147 138 137 146 159 168 169 170 174 179 174 164 160 168 160 156 154 143 132 127 121 139 148 146 149 142 113 114 129 122 98 85 94 108 115 112 111 111 115 122 133 142 136 138 136 141 137 136 135 136 141 142 142 145 146 146 146 147 139 140 139 142 151 148 148 153 144 141 143 138 131 138 142 139 138 144 143 142
155 148 136 141 144 133 134 149 165 153 134 132 136 137 137 125 127 129 131 128 136 157 157 163 169 175 185 170 159 155 159 156 148 151 147 138 122 111 140 154 147 150 150 133 131 127 126 113 101 99 104 104 99 91 89 87 93 100 104 104 110 113 126 131 133 133 131 139 145 141 142 147 145 142 139 137 141 144 146 153 147 142 152 149 146 142 132 132 143 140 141 145 146 145 145
145 148 146 149 137 133 137 140 142 140 139 142 131 123 127 112 101 119 134 124 129 147 153 167 164 169 173 162 156 147 140 146 140 139 145 142 123 119 137 141 132 144 153 150 146 126 115 114 114 109 106 99 100 92 89 79 80 79 76 74 78 84 94 102 112 122 128 133 142 144 139 141 141 141 140 137 133 127 132 148 148 145 146 142 141 138 138 145 146 137 141 145 142 140 143
133 145 137 132 123 130 136 143 138 137 137 133 125 118 124 109 101 119 127 125 127 135 155 173 163 163 154 146 146 134 127 137 140 142 151 146 126 116 114 105 101 133 153 143 131 117 106 109 112 111 115 106 104 103 98 88 83 84 74 59 57 66 70 67 78 92 104 116 130 142 139 137 140 148 149 146 135 119 128 146 147 144 141 135 131 131 140 148 143 137 144 149 147 145 148
132 150 138 125 116 123 137 143 144 141 134 121 126 126 127 118 113 112 117 132 136 135 146 152 149 149 132 130 133 132 136 137 143 144 141 144 140 124 115 102 99 132 145 131 118 110 107 110 116 113 115 103 99 97 95 85 85 89 79 69 62 63 56 45 54 60 68 88 106 122 131 136 140 146 149 146 131 127 145 152 146 139 140 140 135 133 140 142 138 137 140 147 151 151 147
135 143 143 130 118 125 143 148 152 153 146 125 125 126 130 131 126 116 122 139 141 142 138 132 138 135 132 145 144 144 142 129 130 133 128 136 144 134 131 130 133 149 140 121 107 92 92 99 114 113 110 102 97 86 76 73 76 73 71 77 77 68 49 37 41 43 45 59 70 85 97 109 120 128 133 135 124 133 155 153 144 140 141 145 141 142 144 141 140 143 142 149 152 147 145
133 131 138 124 123 137 150 154 155 158 150 144 140 132 130 127 129 132 130 123 129 141 135 134 133 134 140 146 134 127 134 128 123 121 119 132 146 144 143 138 152 155 136 116 90 72 75 82 91 95 102 101 93 83 73 68 63 65 57 54 61 57 41 43 41 42 42 44 48 57 62 73 82 97 110 123 130 139 150 150 147 150 150 150 150 150 148 149 150 153 149 155 152 140 131
133 133 137 124 134 155 160 159 160 161 154 151 146 141 132 126 140 151 148 128 132 142 142 139 128 138 133 132 131 124 138 137 134 126 125 125 128 136 136 126 147 151 138 133 110 101 103 92 81 81 83 82 81 79 82 79 62 66 56 47 56 62 60 69 65 58 56 53 55 53 51 57 66 78 90 105 116 120 129 139 147 152 152 142 137 150 154 154 150 143 145 149 139 126 117
139 134 133 130 144 165 167 167 166 162 157 145 136 138 130 126 140 145 143 138 143 149 151 138 129 142 135 127 130 138 145 137 137 139 136 112 114 126 120 118 141 151 145 143 130 127 135 125 108 96 77 73 76 79 86 85 66 64 58 61 82 89 81 93 96 89 84 83 75 67 65 64 65 76 84 90 95 103 114 120 131 146 148 131 129 150 155 151 141 132 136 142 129 118 115
143 141 138 145 156 164 165 168 161 153 154 153 147 137 132 126 129 136 138 133 140 150 156 142 137 138 143 136 134 145 147 145 147 151 147 124 139 141 126 129 145 149 148 145 132 132 144 134 129 123 106 97 99 106 104 90 78 76 72 79 99 108 97 104 114 111 109 113 104 98 100 93 83 86 93 89 95 107 112 111 118 139 140 133 139 150 150 149 142 142 143 141 128 123 127
131 137 142 161 166 167 165 159 158 152 151 145 147 131 127 130 137 142 142 144 150 152 149 134 133 136 150 146 142 153 153 154 154 148 132 116 141 149 137 134 147 149 146 140 136 139 142 134 135 139 131 126 131 133 126 116 103 101 105 107 109 113 115 121 126 120 118 117 114 112 119 119 109 106 105 98 105 116 110 103 117 139 137 133 140 143 144 147 146 147 146 138 128 121 128
132 127 146 163 167 170 163 152 160 158 152 144 145 127 120 133 154 152 142 147 145 144 147 137 136 137 145 147 140 144 145 151 148 140 113 92 122 139 139 145 147 144 143 139 141 135 141 140 134 141 145 138 138 144 147 145 129 126 136 131 126 123 126 134 134 121 113 109 109 115 126 130 124 119 117 119 125 126 114 113 127 136 137 135 138 139 140 143 144 140 137 136 132 127 130
139 130 147 166 161 156 157 151 149 147 141 144 145 129 130 137 147 151 151 149 141 136 141 138 141 136 134 138 138 140 137 141 132 119 104 102 129 134 144 154 144 145 146 139 144 139 147 138 126 139 147 134 137 144 150 155 141 138 145 137 139 140 137 143 137 123 114 112 114 119 130 130 125 122 124 131 136 135 127 130 142 142 140 142 144 143 139 140 143 139 140 138 143 143 138
134 129 144 162 153 149 153 145 139 142 140 137 125 126 139 139 137 149 152 146 147 140 140 137 135 134 127 131 138 145 139 138 126 115 113 119 141 145 149 146 145 150 140 133 141 145 141 130 127 145 143 128 134 140 145 150 138 131 141 141 143 145 144 140 132 129 124 119 127 127 128 130 125 120 125 132 138 140 134 142 155 153 150 148 144 146 147 142 142 144 146 146 151 148 137
133 134 147 150 141 150 145 143 142 141 144 135 119 128 134 135 137 152 156 157 162 146 142 139 127 131 127 129 138 143 131 138 137 129 126 124 144 154 145 143 143 147 144 138 136 143 137 132 136 137 135 135 139 144 147 141 130 134 151 152 147 143 138 134 129 130 132 125 125 125 129 138 128 121 129 134 135 134 133 142 149 151 148 146 144 146 144 141 146 147 144 149 148 143 135
133 139 145 138 142 152 134 143 147 139 143 139 128 126 128 136 144 162 165 166 171 158 152 147 126 128 122 119 129 140 135 140 146 142 137 136 147 149 140 133 119 128 140 132 123 132 140 139 144 135 131 141 142 140 144 142 134 140 154 153 148 147 142 139 132 130 133 126 124 132 134 136 130 135 134 127 126 129 131 132 138 141 138 141 144 146 140 137 141 146 146 149 142 137 135
136 140 137 128 144 152 140 146 141 138 144 144 141 133 130 144 151 161 165 168 170 170 160 155 136 122 115 119 123 125 128 128 138 144 137 141 151 148 134 110 99 112 128 123 123 133 141 144 145 136 129 142 146 137 139 146 140 137 143 142 142 152 150 136 136 139 138 131 138 149 142 132 131 147 146 135 136 142 143 133 132 139 138 143 147 145 143 145 145 146 148 143 141 137 134
143 138 132 132 138 140 144 145 137 142 143 136 144 142 133 146 158 170 171 176 174 172 161 158 149 131 115 123 124 122 129 123 135 145 135 139 144 128 117 104 110 120 137 140 135 141 144 143 133 123 121 137 152 147 142 145 147 144 146 143 142 150 150 135 136 144 140 144 150 156 153 141 124 127 143 147 146 145 142 136 135 140 143 146 145 143 144 150 147 140 139 136 140 140 141
139 129 130 139 140 135 137 138 134 135 132 129 131 128 135 147 163 172 169 173 179 177 165 158 152 141 123 137 141 132 141 133 129 133 128 128 127 110 111 119 131 135 141 148 137 144 152 145 133 122 127 144 150 145 141 144 147 146 145 146 143 142 144 138 138 144 141 153 155 161 167 157 133 121 126 134 135 129 128 136 143 142 142 145 144 143 144 151 145 132 134 135 137 145 147
138 131 131 135 138 132 136 143 133 135 137 134 128 127 131 132 153 170 170 170 177 175 163 158 157 155 150 150 142 138 141 131 128 127 126 115 119 122 129 132 133 138 142 143 136 137 140 137 134 133 145 146 135 136 144 146 140 136 137 141 146 144 140 135 140 148 150 163 167 172 171 156 143 133 130 131 132 127 132 144 146 148 153 148 144 148 144 145 138 129 137 138 139 151 150
137 131 130 133 139 137 143 154 144 146 146 137 131 139 139 130 140 154 166 167 168 171 167 163 162 165 163 151 137 139 135 130 145 148 137 117 132 137 136 131 132 137 139 135 134 129 131 129 131 137 144 140 135 141 145 149 148 138 137 145 148 145 138 134 135 147 164 177 179 178 163 137 135 143 146 142 139 140 148 150 147 147 153 150 147 151 148 147 135 128 139 138 139 147 147
137 129 139 143 142 142 149 156 147 146 142 134 134 139 138 132 125 130 151 159 162 162 162 163 166 165 158 147 128 128 136 137 158 163 140 122 136 127 130 134 142 140 144 144 138 128 133 127 134 143 148 143 138 141 142 147 148 143 139 138 139 135 132 134 137 153 170 180 174 164 134 111 126 145 149 147 143 144 151 144 145 148 153 150 145 143 150 153 134 132 143 140 134 138 139
133 130 143 139 133 137 148 150 143 141 140 140 141 143 139 142 143 137 142 147 147 140 145 157 161 166 152 145 127 117 130 139 156 165 143 125 130 129 136 139 144 141 148 150 143 136 136 132 145 148 147 141 136 138 142 143 144 149 147 143 141 126 123 127 134 157 168 173 166 148 106 98 135 152 151 155 156 147 148 148 154 154 153 150 142 137 149 151 142 144 150 140 129 130 132
134 134 137 127 129 144 139 134 140 147 144 142 148 152 150 147 148 144 143 138 129 125 137 141 144 156 137 140 128 116 130 139 147 168 152 130 130 136 141 139 144 141 144 141 142 149 148 144 147 144 140 138 142 138 141 143 146 147 147 146 141 133 129 125 131 155 168 169 157 134 96 95 138 156 157 166 162 146 146 153 153 144 137 141 144 150 156 153 145 142 142 137 125 123 129
149 138 141 135 135 147 133 130 131 139 143 141 151 154 149 139 136 134 141 139 137 138 145 136 129 135 123 124 116 124 144 140 141 159 157 140 138 132 133 138 148 150 150 140 145 155 157 148 144 145 139 144 139 135 144 144 148 146 141 147 145 148 143 127 129 149 166 168 154 127 93 95 140 162 162 165 149 144 151 155 146 139 136 142 156 167 164 155 139 133 129 127 116 113 128
151 144 138 129 129 138 137 135 126 130 142 141 142 147 136 131 130 127 137 145 141 136 144 132 120 132 123 118 118 130 150 151 151 148 160 155 147 132 138 152 152 153 150 147 150 151 152 145 139 144 136 147 139 138 145 143 145 147 147 149 146 150 143 129 136 148 157 155 148 137 114 116 147 164 166 164 149 151 152 145 143 140 140 139 148 160 154 145 137 134 130 125 115 114 127
144 144 142 138 133 137 138 130 128 136 142 136 130 137 130 130 131 122 130 142 143 135 138 125 120 135 129 135 129 114 133 151 152 135 137 145 142 144 157 164 158 146 137 141 148 147 152 149 140 146 142 146 149 152 147 143 136 140 146 143 137 138 133 119 132 141 143 142 138 144 140 143 154 156 156 160 151 145 143 139 143 141 139 130 119 131 133 130 133 131 131 132 130 129 133
135 138 141 144 134 131 138 126 125 139 141 125 116 121 129 139 138 123 131 143 146 133 129 127 136 127 124 138 131 110 122 144 149 131 117 125 143 165 165 162 166 150 140 142 144 142 148 150 152 153 146 141 148 149 147 150 141 143 146 143 136 128 130 126 134 140 144 140 137 147 149 147 147 140 138 146 141 138 141 141 136 137 139 123 112 126 128 131 139 136 136 143 139 134 134
129 140 143 137 132 135 143 137 138 140 137 127 129 131 139 140 139 134 147 144 139 138 133 133 140 118 115 143 144 131 134 142 144 131 131 141 162 172 167 164 171 163 153 152 151 147 147 146 156 153 141 138 142 143 154 153 143 143 139 133 135 126 126 129 139 152 150 137 135 148 155 148 144 142 140 142 139 140 146 145 135 130 124 113 118 131 125 125 134 139 140 133 128 131 137
137 142 144 133 135 145 140 137 144 141 144 141 142 144 141 138 147 139 134 129 136 143 136 141 142 121 122 152 152 145 158 147 139 130 143 160 172 167 164 170 173 161 152 147 149 146 144 143 145 144 139 140 143 139 150 142 135 136 134 128 130 127 118 117 135 153 145 136 149 164 162 150 151 150 146 142 139 133 140 146 142 136 123 118 122 127 127 127 132 140 138 127 129 138 146
145 142 154 147 146 150 140 128 134 139 143 133 137 144 136 138 142 126 117 119 140 149 146 146 132 120 120 140 154 158 167 147 144 145 150 159 166 164 152 156 150 133 137 145 150 144 138 136 140 142 132 136 139 136 145 138 135 136 127 128 137 137 128 123 130 144 144 153 170 174 161 151 154 146 139 139 139 137 134 141 146 145 130 127 127 124 125 131 137 146 147 143 137 140 149
148 146 158 147 143 146 138 120 113 129 138 132 143 150 145 146 141 134 131 124 143 153 148 137 116 105 111 125 148 152 149 137 141 151 150 147 151 158 145 139 134 129 144 159 154 145 135 129 133 132 131 144 143 140 146 146 145 142 118 122 141 139 139 137 135 144 146 162 173 169 156 149 150 142 138 140 136 140 133 132 143 148 136 135 136 130 127 134 141 152 156 150 142 145 151
148 150 143 134 141 142 138 127 123 133 141 141 142 143 148 148 138 141 139 130 142 148 143 135 125 117 121 125 140 151 148 142 143 155 149 141 143 147 134 137 149 142 142 152 146 141 132 130 139 133 142 150 143 146 145 152 155 146 127 132 143 136 142 142 144 146 147 158 156 158 159 152 148 144 141 143 138 133 126 132 138 141 139 142 141 132 129 137 142 155 162 158 150 151 153
137 147 141 135 137 136 137 137 145 140 132 139 139 136 138 145 133 137 136 138 140 130 137 141 140 130 125 135 149 160 162 166 163 163 143 126 134 142 133 144 160 153 140 142 141 136 132 132 145 142 148 142 137 147 141 149 157 149 129 130 133 131 136 139 143 141 145 151 147 149 153 146 137 135 137 146 141 126 117 127 137 152 158 158 149 135 128 128 138 155 160 156 148 145 148
131 139 143 142 130 133 140 141 144 140 131 133 136 135 131 134 134 144 137 146 145 136 150 152 149 139 133 150 157 164 166 171 169 162 146 134 137 145 145 147 150 147 140 142 135 124 132 143 147 139 140 136 139 145 135 144 146 140 123 128 135 129 131 138 144 139 140 143 142 143 144 137 135 139 141 150 145 119 102 120 146 166 170 165 159 155 149 137 145 151 148 141 135 136 140
140 134 140 146 123 130 140 137 132 138 143 143 137 132 135 136 139 152 144 138 129 139 150 149 144 138 141 152 156 167 165 165 164 164 157 142 130 133 146 149 147 140 133 144 138 127 136 149 151 140 133 138 140 136 133 140 141 141 136 137 135 129 142 148 149 137 136 138 141 144 142 135 135 138 142 151 143 107 93 120 152 170 171 165 165 172 170 161 155 143 137 135 135 138 134
141 133 136 147 137 135 125 115 116 127 146 149 135 131 142 137 143 156 138 124 120 129 139 135 134 130 143 162 171 174 163 161 165 167 153 134 121 117 143 156 146 140 136 139 134 133 138 135 141 136 131 135 142 138 138 139 143 147 143 138 132 135 148 144 139 130 132 133 142 143 141 139 138 137 137 146 142 112 107 127 147 162 172 174 173 177 173 165 158 149 145 144 145 145 138
